0.000000000000000000e+00 0.000000000000000000e+00
1.000000000000000021e-03 1.049662928020656860e+00
2.000000000000000042e-03 1.597620903057713093e+00
3.000000000000000062e-03 2.027429971058563929e+00
4.000000000000000083e-03 2.390469575100889532e+00
5.000000000000000104e-03 2.708289184791129234e+00
6.000000000000000125e-03 2.992574943988835834e+00
7.000000000000000146e-03 3.250582788921021038e+00
8.000000000000000167e-03 3.487219031437230665e+00
9.000000000000001055e-03 3.706003126774212397e+00
1.000000000000000021e-02 3.909571894896798572e+00
1.099999999999999936e-02 4.099967964334942039e+00
1.200000000000000025e-02 4.278816125498510203e+00
1.300000000000000114e-02 4.447436914361285965e+00
1.400000000000000029e-02 4.606922901685466698e+00
1.499999999999999944e-02 4.758191734594891642e+00
1.600000000000000033e-02 4.902024099186808925e+00
1.700000000000000122e-02 5.039091569576527263e+00
1.800000000000000211e-02 5.169977476794455740e+00
1.899999999999999953e-02 5.295192839422628417e+00
2.000000000000000042e-02 5.415188724163980005e+00
2.100000000000000130e-02 5.530365975782844501e+00
2.199999999999999872e-02 5.641082975534016164e+00
2.299999999999999961e-02 5.747661899495010829e+00
2.400000000000000050e-02 5.850393819825906228e+00
2.500000000000000139e-02 5.949542902464818539e+00
2.600000000000000228e-02 6.045349891267022713e+00
2.699999999999999969e-02 6.138035022838884913e+00
2.800000000000000058e-02 6.227800482871396426e+00
2.900000000000000147e-02 6.314832490007512789e+00
2.999999999999999889e-02 6.399303074710536166e+00
3.099999999999999978e-02 6.481371606527833507e+00
3.200000000000000067e-02 6.561186112367494161e+00
3.300000000000000155e-02 6.638884420073964954e+00
3.400000000000000244e-02 6.714595155089771339e+00
3.500000000000000333e-02 6.788438612879196477e+00
3.600000000000000422e-02 6.860527525738193688e+00
3.699999999999999817e-02 6.930967739380207604e+00
3.799999999999999906e-02 6.999858812087337512e+00
3.899999999999999994e-02 7.067294547112275893e+00
4.000000000000000083e-02 7.133363467304275396e+00
4.100000000000000172e-02 7.198149239530344801e+00
4.200000000000000261e-02 7.261731055309139649e+00
4.300000000000000350e-02 7.324183973120351077e+00
4.399999999999999745e-02 7.385579227058843621e+00
4.499999999999999833e-02 7.445984505840038459e+00
4.599999999999999922e-02 7.505464205606824812e+00
4.700000000000000011e-02 7.564079659520271726e+00
4.800000000000000100e-02 7.621889346719891378e+00
4.900000000000000189e-02 7.678949082903169909e+00
5.000000000000000278e-02 7.735312194487418580e+00
5.100000000000000366e-02 7.791029678071947018e+00
5.200000000000000455e-02 7.846150346708382628e+00
5.299999999999999850e-02 7.900720964306099603e+00
5.399999999999999939e-02 7.954786369343443297e+00
5.500000000000000028e-02 8.008389588920127977e+00
5.600000000000000117e-02 8.061571944069058304e+00
5.700000000000000205e-02 8.114373147143288278e+00
5.800000000000000294e-02 8.166831392004640477e+00
5.900000000000000383e-02 8.218983437662680913e+00
5.999999999999999778e-02 8.270864685943669414e+00
6.099999999999999867e-02 8.322509253709574395e+00
6.199999999999999956e-02 8.373950040093461666e+00
6.300000000000000044e-02 8.425218789171157852e+00
6.400000000000000133e-02 8.476346148447287732e+00
6.500000000000000222e-02 8.527361723497161705e+00
6.600000000000000311e-02 8.578294129073078977e+00
6.700000000000000400e-02 8.629171036954712548e+00
6.800000000000000488e-02 8.680019220796975077e+00
6.900000000000000577e-02 8.730864598205922533e+00
7.000000000000000666e-02 8.781732270251957573e+00
7.100000000000000755e-02 8.832646558611635612e+00
7.200000000000000844e-02 8.883631040511765775e+00
7.299999999999999545e-02 8.934708581635387503e+00
7.399999999999999634e-02 8.985901367134903950e+00
7.499999999999999722e-02 9.037230930885808533e+00
7.599999999999999811e-02 9.088718183103054571e+00
7.699999999999999900e-02 9.140383436432756525e+00
7.799999999999999989e-02 9.192246430621814568e+00
7.900000000000000078e-02 9.244326355860952305e+00
8.000000000000000167e-02 9.296641874888265988e+00
8.100000000000000255e-02 9.349211143934187618e+00
8.200000000000000344e-02 9.402051832582181135e+00
8.300000000000000433e-02 9.455181142614172529e+00
8.400000000000000522e-02 9.508615825904271901e+00
8.500000000000000611e-02 9.562372201419755413e+00
8.600000000000000699e-02 9.616466171384068673e+00
8.700000000000000788e-02 9.670913236652459943e+00
8.799999999999999489e-02 9.725728511347263350e+00
8.899999999999999578e-02 9.780926736796956789e+00
8.999999999999999667e-02 9.836522294819005197e+00
9.099999999999999756e-02 9.892529220385249289e+00
9.199999999999999845e-02 9.948961213704386353e+00
9.299999999999999933e-02 1.000583165175497413e+01
9.400000000000000022e-02 1.006315359929936903e+01
9.500000000000000111e-02 1.012093981940753906e+01
9.600000000000000200e-02 1.017920278351736130e+01
9.700000000000000289e-02 1.023795468105673478e+01
9.800000000000000377e-02 1.029720742865061567e+01
9.900000000000000466e-02 1.035697267893542772e+01
1.000000000000000056e-01 1.041726182900104192e+01
1.010000000000000064e-01 1.047808602848004256e+01
1.020000000000000073e-01 1.053945618730208622e+01
1.030000000000000082e-01 1.060138298313056282e+01
1.040000000000000091e-01 1.066387686849763838e+01
1.049999999999999961e-01 1.072694807765266489e+01
1.059999999999999970e-01 1.079060663313794777e+01
1.069999999999999979e-01 1.085486235210564132e+01
1.079999999999999988e-01 1.091972485238792956e+01
1.089999999999999997e-01 1.098520355833260709e+01
1.100000000000000006e-01 1.105130770641501670e+01
1.110000000000000014e-01 1.111804635063710123e+01
1.120000000000000023e-01 1.118542836772330418e+01
1.130000000000000032e-01 1.125346246212306767e+01
1.140000000000000041e-01 1.132215717082830508e+01
1.150000000000000050e-01 1.139152086801477282e+01
1.160000000000000059e-01 1.146156176951490124e+01
1.170000000000000068e-01 1.153228793712989386e+01
1.180000000000000077e-01 1.160370728278795127e+01
1.190000000000000085e-01 1.167582757255573256e+01
1.199999999999999956e-01 1.174865643050900132e+01
1.209999999999999964e-01 1.182220134246895782e+01
1.219999999999999973e-01 1.189646965960973546e+01
1.229999999999999982e-01 1.197146860194267504e+01
1.239999999999999991e-01 1.204720526168246408e+01
1.250000000000000000e-01 1.212368660650027152e+01
1.260000000000000009e-01 1.220091948266822612e+01
1.270000000000000018e-01 1.227891061809998519e+01
1.280000000000000027e-01 1.235766662529172777e+01
1.290000000000000036e-01 1.243719400416699727e+01
1.300000000000000044e-01 1.251749914483026771e+01
1.310000000000000053e-01 1.259858833023166369e+01
1.320000000000000062e-01 1.268046773874750954e+01
1.330000000000000071e-01 1.276314344667903811e+01
1.340000000000000080e-01 1.284662143067316720e+01
1.350000000000000089e-01 1.293090757006777380e+01
1.360000000000000098e-01 1.301600764916497610e+01
1.370000000000000107e-01 1.310192735943471121e+01
1.380000000000000115e-01 1.318867230165106719e+01
1.390000000000000124e-01 1.327624798796466621e+01
1.400000000000000133e-01 1.336465984391259099e+01
1.410000000000000142e-01 1.345391321036895249e+01
1.420000000000000151e-01 1.354401334543739210e+01
1.430000000000000160e-01 1.363496542628880093e+01
1.440000000000000169e-01 1.372677455094493837e+01
1.449999999999999900e-01 1.381944574001073534e+01
1.459999999999999909e-01 1.391298393835729996e+01
1.469999999999999918e-01 1.400739401675627960e+01
1.479999999999999927e-01 1.410268077346852067e+01
1.489999999999999936e-01 1.419884893578796436e+01
1.499999999999999944e-01 1.429590316154229868e+01
1.509999999999999953e-01 1.439384804055211475e+01
1.519999999999999962e-01 1.449268809605005970e+01
1.529999999999999971e-01 1.459242778606082425e+01
1.539999999999999980e-01 1.469307150474394064e+01
1.549999999999999989e-01 1.479462358370021491e+01
1.559999999999999998e-01 1.489708829324305839e+01
1.570000000000000007e-01 1.500046984363622471e+01
1.580000000000000016e-01 1.510477238629837871e+01
1.590000000000000024e-01 1.521000001497634457e+01
1.600000000000000033e-01 1.531615676688753069e+01
1.610000000000000042e-01 1.542324662383258271e+01
1.620000000000000051e-01 1.553127351327962913e+01
1.630000000000000060e-01 1.564024130942058832e+01
1.640000000000000069e-01 1.575015383420019077e+01
1.650000000000000078e-01 1.586101485831967750e+01
1.660000000000000087e-01 1.597282810221453531e+01
1.670000000000000095e-01 1.608559723700825828e+01
1.680000000000000104e-01 1.619932588544202190e+01
1.690000000000000113e-01 1.631401762278163403e+01
1.700000000000000122e-01 1.642967597770223165e+01
1.710000000000000131e-01 1.654630443315107868e+01
1.720000000000000140e-01 1.666390642718948811e+01
1.730000000000000149e-01 1.678248535381516149e+01
1.740000000000000158e-01 1.690204456376326903e+01
1.750000000000000167e-01 1.702258736529006455e+01
1.759999999999999898e-01 1.714411702493663370e+01
1.769999999999999907e-01 1.726663676827573113e+01
1.779999999999999916e-01 1.739014978063997319e+01
1.789999999999999925e-01 1.751465920783388697e+01
1.799999999999999933e-01 1.764016815682924744e+01
1.809999999999999942e-01 1.776667969644418577e+01
1.819999999999999951e-01 1.789419685800703519e+01
1.829999999999999960e-01 1.802272263600468705e+01
1.839999999999999969e-01 1.815225998871645174e+01
1.849999999999999978e-01 1.828281183883379413e+01
1.859999999999999987e-01 1.841438107406580116e+01
1.869999999999999996e-01 1.854697054773146192e+01
1.880000000000000004e-01 1.868058307933870310e+01
1.890000000000000013e-01 1.881522145515040734e+01
1.900000000000000022e-01 1.895088842873846602e+01
1.910000000000000031e-01 1.908758672152546865e+01
1.920000000000000040e-01 1.922531902331456877e+01
1.930000000000000049e-01 1.936408799280806647e+01
1.940000000000000058e-01 1.950389625811487804e+01
1.950000000000000067e-01 1.964474641724669368e+01
1.960000000000000075e-01 1.978664103860464252e+01
1.970000000000000084e-01 1.992958266145430457e+01
1.980000000000000093e-01 2.007357379639168471e+01
1.990000000000000102e-01 2.021861692579918213e+01
2.000000000000000111e-01 2.036471450429189645e+01
2.010000000000000120e-01 2.051186895915495256e+01
2.020000000000000129e-01 2.066008269077153159e+01
2.030000000000000138e-01 2.080935807304231844e+01
2.040000000000000147e-01 2.095969745379630922e+01
2.050000000000000155e-01 2.111110315519314895e+01
2.060000000000000164e-01 2.126357747411779542e+01
2.070000000000000173e-01 2.141712268256645757e+01
2.080000000000000182e-01 2.157174102802576954e+01
2.089999999999999913e-01 2.172743473384318236e+01
2.099999999999999922e-01 2.188420599959169977e+01
2.109999999999999931e-01 2.204205700142549063e+01
2.119999999999999940e-01 2.220098989243012966e+01
2.129999999999999949e-01 2.236100680296502219e+01
2.139999999999999958e-01 2.252210984099943403e+01
2.149999999999999967e-01 2.268430109244241066e+01
2.159999999999999976e-01 2.284758262146561947e+01
2.169999999999999984e-01 2.301195647082045070e+01
2.179999999999999993e-01 2.317742466214917840e+01
2.190000000000000002e-01 2.334398919628972635e+01
2.200000000000000011e-01 2.351165205357523291e+01
2.210000000000000020e-01 2.368041519412750517e+01
2.220000000000000029e-01 2.385028055814495929e+01
2.230000000000000038e-01 2.402125006618621228e+01
2.240000000000000047e-01 2.419332561944631266e+01
2.250000000000000056e-01 2.436650910003044146e+01
2.260000000000000064e-01 2.454080237122033736e+01
2.270000000000000073e-01 2.471620727773702697e+01
2.280000000000000082e-01 2.489272564599886550e+01
2.290000000000000091e-01 2.507035928437400685e+01
2.300000000000000100e-01 2.524910998342900825e+01
2.310000000000000109e-01 2.542897951617297281e+01
2.320000000000000118e-01 2.560996963829691708e+01
2.330000000000000127e-01 2.579208208840898919e+01
2.340000000000000135e-01 2.597531858826584994e+01
2.350000000000000144e-01 2.615968084299953489e+01
2.360000000000000153e-01 2.634517054134025216e+01
2.370000000000000162e-01 2.653178935583633802e+01
2.380000000000000171e-01 2.671953894306807342e+01
2.390000000000000180e-01 2.690842094386070471e+01
2.399999999999999911e-01 2.709843698349163787e+01
2.409999999999999920e-01 2.728958867189450643e+01
2.419999999999999929e-01 2.748187760386039713e+01
2.429999999999999938e-01 2.767530535923475554e+01
2.439999999999999947e-01 2.786987350311210321e+01
2.449999999999999956e-01 2.806558358602546832e+01
2.459999999999999964e-01 2.826243714413544694e+01
2.469999999999999973e-01 2.846043569941289775e+01
2.479999999999999982e-01 2.865958075982155151e+01
2.489999999999999991e-01 2.885987381949499309e+01
2.500000000000000000e-01 2.906131635891284759e+01
2.510000000000000009e-01 2.926390984507270332e+01
2.520000000000000018e-01 2.946765573165930618e+01
2.530000000000000027e-01 2.967255545921210569e+01
2.540000000000000036e-01 2.987861045528808290e+01
2.550000000000000044e-01 3.008582213462403843e+01
2.560000000000000053e-01 3.029419189929473077e+01
2.570000000000000062e-01 3.050372113886919578e+01
2.580000000000000071e-01 3.071441123056433753e+01
2.590000000000000080e-01 3.092626353939596129e+01
2.600000000000000089e-01 3.113927941832753277e+01
2.610000000000000098e-01 3.135346020841654990e+01
2.620000000000000107e-01 3.156880723895852725e+01
2.630000000000000115e-01 3.178532182762893399e+01
2.640000000000000124e-01 3.200300528062234662e+01
2.650000000000000133e-01 3.222185889279023741e+01
2.660000000000000142e-01 3.244188394777563644e+01
2.670000000000000151e-01 3.266308171814682737e+01
2.680000000000000160e-01 3.288545346552791671e+01
2.690000000000000169e-01 3.310900044072786841e+01
2.700000000000000178e-01 3.333372388386766261e+01
2.710000000000000187e-01 3.355962502450546481e+01
2.720000000000000195e-01 3.378670508175929399e+01
2.730000000000000204e-01 3.401496526442895174e+01
2.740000000000000213e-01 3.424440677111522291e+01
2.750000000000000222e-01 3.447503079033685935e+01
2.760000000000000231e-01 3.470683850064773424e+01
2.770000000000000240e-01 3.493983107074967620e+01
2.780000000000000249e-01 3.517400965960570147e+01
2.790000000000000258e-01 3.540937541655085852e+01
2.800000000000000266e-01 3.564592948140045792e+01
2.810000000000000275e-01 3.588367298455830223e+01
2.820000000000000284e-01 3.612260704712258530e+01
2.830000000000000293e-01 3.636273278098997253e+01
2.840000000000000302e-01 3.660405128895831695e+01
2.850000000000000311e-01 3.684656366482857948e+01
2.860000000000000320e-01 3.709027099350390699e+01
2.870000000000000329e-01 3.733517435108871041e+01
2.880000000000000338e-01 3.758127480498535533e+01
2.889999999999999791e-01 3.782857341398960216e+01
2.899999999999999800e-01 3.807707122838519354e+01
2.909999999999999809e-01 3.832676929003656596e+01
2.919999999999999818e-01 3.857766863248053824e+01
2.929999999999999827e-01 3.882977028101601036e+01
2.939999999999999836e-01 3.908307525279371930e+01
2.949999999999999845e-01 3.933758455690394840e+01
2.959999999999999853e-01 3.959329919446190615e+01
2.969999999999999862e-01 3.985022015869458301e+01
2.979999999999999871e-01 4.010834843502385638e+01
2.989999999999999880e-01 4.036768500114993685e+01
2.999999999999999889e-01 4.062823082713214262e+01
3.009999999999999898e-01 4.088998687547132249e+01
3.019999999999999907e-01 4.115295410118801556e+01
3.029999999999999916e-01 4.141713345190095197e+01
3.039999999999999925e-01 4.168252586790549685e+01
3.049999999999999933e-01 4.194913228224868362e+01
3.059999999999999942e-01 4.221695362080538416e+01
3.069999999999999951e-01 4.248599080235237579e+01
3.079999999999999960e-01 4.275624473864172614e+01
3.089999999999999969e-01 4.302771633447224531e+01
3.099999999999999978e-01 4.330040648776230228e+01
3.109999999999999987e-01 4.357431608961911707e+01
3.119999999999999996e-01 4.384944602440810968e+01
3.130000000000000004e-01 4.412579716982224909e+01
3.140000000000000013e-01 4.440337039694907162e+01
3.150000000000000022e-01 4.468216657033735828e+01
3.160000000000000031e-01 4.496218654806324366e+01
3.170000000000000040e-01 4.524343118179507428e+01
3.180000000000000049e-01 4.552590131685764163e+01
3.190000000000000058e-01 4.580959779229493734e+01
3.200000000000000067e-01 4.609452144093364723e+01
3.210000000000000075e-01 4.638067308944374645e+01
3.220000000000000084e-01 4.666805355840023140e+01
3.230000000000000093e-01 4.695666366234257794e+01
3.240000000000000102e-01 4.724650420983408594e+01
3.250000000000000111e-01 4.753757600352128065e+01
3.260000000000000120e-01 4.782987984019075611e+01
3.270000000000000129e-01 4.812341651082613225e+01
3.280000000000000138e-01 4.841818680066558045e+01
3.290000000000000147e-01 4.871419148925633635e+01
3.300000000000000155e-01 4.901143135051023592e+01
3.310000000000000164e-01 4.930990715275754610e+01
3.320000000000000173e-01 4.960961965880102298e+01
3.330000000000000182e-01 4.991056962596849189e+01
3.340000000000000191e-01 5.021275780616485918e+01
3.350000000000000200e-01 5.051618494592457864e+01
3.360000000000000209e-01 5.082085178646173063e+01
3.370000000000000218e-01 5.112675906372027157e+01
3.380000000000000226e-01 5.143390750842513626e+01
3.390000000000000235e-01 5.174229784612953154e+01
3.400000000000000244e-01 5.205193079726456062e+01
3.410000000000000253e-01 5.236280707718663052e+01
3.420000000000000262e-01 5.267492739622559839e+01
3.430000000000000271e-01 5.298829245973013258e+01
3.440000000000000280e-01 5.330290296811517692e+01
3.450000000000000289e-01 5.361875961690697068e+01
3.460000000000000298e-01 5.393586309678823909e+01
3.470000000000000306e-01 5.425421409364309966e+01
3.480000000000000315e-01 5.457381328860049052e+01
3.490000000000000324e-01 5.489466135807765568e+01
3.500000000000000333e-01 5.521675897382385756e+01
3.510000000000000342e-01 5.554010680296244118e+01
3.519999999999999796e-01 5.586470550803238666e+01
3.529999999999999805e-01 5.619055574703025968e+01
3.539999999999999813e-01 5.651765817345096821e+01
3.549999999999999822e-01 5.684601343632920134e+01
3.559999999999999831e-01 5.717562218027728704e+01
3.569999999999999840e-01 5.750648504552725626e+01
3.579999999999999849e-01 5.783860266796824590e+01
3.589999999999999858e-01 5.817197567918566392e+01
3.599999999999999867e-01 5.850660470650035450e+01
3.609999999999999876e-01 5.884249037300423879e+01
3.619999999999999885e-01 5.917963329759930957e+01
3.629999999999999893e-01 5.951803409503463627e+01
3.639999999999999902e-01 5.985769337594177841e+01
3.649999999999999911e-01 6.019861174687144967e+01
3.659999999999999920e-01 6.054078981032961337e+01
3.669999999999999929e-01 6.088422816481164546e+01
3.679999999999999938e-01 6.122892740483814578e+01
3.689999999999999947e-01 6.157488812098881681e+01
3.699999999999999956e-01 6.192211089993753603e+01
3.709999999999999964e-01 6.227059632448452930e+01
3.719999999999999973e-01 6.262034497359087482e+01
3.729999999999999982e-01 6.297135742241073331e+01
3.739999999999999991e-01 6.332363424232471516e+01
3.750000000000000000e-01 6.367717600097137165e+01
3.760000000000000009e-01 6.403198326227948201e+01
3.770000000000000018e-01 6.438805658649948782e+01
3.780000000000000027e-01 6.474539653023407482e+01
3.790000000000000036e-01 6.510400364647057359e+01
3.800000000000000044e-01 6.546387848460926762e+01
3.810000000000000053e-01 6.582502159049522561e+01
3.820000000000000062e-01 6.618743350644808743e+01
3.830000000000000071e-01 6.655111477129014474e+01
3.840000000000000080e-01 6.691606592037703649e+01
3.850000000000000089e-01 6.728228748562571582e+01
3.860000000000000098e-01 6.764977999554412236e+01
3.870000000000000107e-01 6.801854397525733020e+01
3.880000000000000115e-01 6.838857994653801597e+01
3.890000000000000124e-01 6.875988842783226573e+01
3.900000000000000133e-01 6.913246993428788301e+01
3.910000000000000142e-01 6.950632497778099150e+01
3.920000000000000151e-01 6.988145406694297890e+01
3.930000000000000160e-01 7.025785770718698586e+01
3.940000000000000169e-01 7.063553640073405404e+01
3.950000000000000178e-01 7.101449064663972877e+01
3.960000000000000187e-01 7.139472094081816067e+01
3.970000000000000195e-01 7.177622777606893578e+01
3.980000000000000204e-01 7.215901164210231400e+01
3.990000000000000213e-01 7.254307302556230752e+01
4.000000000000000222e-01 7.292841241005328357e+01
4.010000000000000231e-01 7.331503027616395229e+01
4.020000000000000240e-01 7.370292710149010418e+01
4.030000000000000249e-01 7.409210336066007585e+01
4.040000000000000258e-01 7.448255952535737379e+01
4.050000000000000266e-01 7.487429606434466223e+01
4.060000000000000275e-01 7.526731344348684161e+01
4.070000000000000284e-01 7.566161212577287642e+01
4.080000000000000293e-01 7.605719257134023792e+01
4.090000000000000302e-01 7.645405523749548138e+01
4.100000000000000311e-01 7.685220057873823407e+01
4.110000000000000320e-01 7.725162904678154518e+01
4.120000000000000329e-01 7.765234109057485057e+01
4.130000000000000338e-01 7.805433715632511849e+01
4.140000000000000346e-01 7.845761768751754062e+01
4.150000000000000355e-01 7.886218312493770100e+01
4.160000000000000364e-01 7.926803390669158489e+01
4.169999999999999818e-01 7.967517046822672455e+01
4.179999999999999827e-01 8.008359324235289023e+01
4.189999999999999836e-01 8.049330265926198535e+01
4.199999999999999845e-01 8.090429914654771437e+01
4.209999999999999853e-01 8.131658312922627374e+01
4.219999999999999862e-01 8.173015502975579238e+01
4.229999999999999871e-01 8.214501526805543108e+01
4.239999999999999880e-01 8.256116426152539134e+01
4.249999999999999889e-01 8.297860242506510531e+01
4.259999999999999898e-01 8.339733017109267621e+01
4.269999999999999907e-01 8.381734790956454617e+01
4.279999999999999916e-01 8.423865604799175344e+01
4.289999999999999925e-01 8.466125499146028233e+01
4.299999999999999933e-01 8.508514514264834361e+01
4.309999999999999942e-01 8.551032690184524654e+01
4.319999999999999951e-01 8.593680066696811082e+01
4.329999999999999960e-01 8.636456683358028386e+01
4.339999999999999969e-01 8.679362579490828011e+01
4.349999999999999978e-01 8.722397794186019837e+01
4.359999999999999987e-01 8.765562366304163788e+01
4.369999999999999996e-01 8.808856334477354721e+01
4.380000000000000004e-01 8.852279737110802671e+01
4.390000000000000013e-01 8.895832612384708682e+01
4.400000000000000022e-01 8.939514998255685896e+01
4.410000000000000031e-01 8.983326932458487590e+01
4.420000000000000040e-01 9.027268452507712482e+01
4.430000000000000049e-01 9.071339595699259917e+01
4.440000000000000058e-01 9.115540399112012437e+01
4.450000000000000067e-01 9.159870899609472872e+01
4.460000000000000075e-01 9.204331133841151313e+01
4.470000000000000084e-01 9.248921138244236317e+01
4.480000000000000093e-01 9.293640949045106936e+01
4.490000000000000102e-01 9.338490602260878859e+01
4.500000000000000111e-01 9.383470133700848237e+01
4.510000000000000120e-01 9.428579578968003716e+01
4.520000000000000129e-01 9.473818973460504367e+01
4.530000000000000138e-01 9.519188352373168982e+01
4.540000000000000147e-01 9.564687750698908530e+01
4.550000000000000155e-01 9.610317203230147243e+01
4.560000000000000164e-01 9.656076744560277803e+01
4.570000000000000173e-01 9.701966409084991483e+01
4.580000000000000182e-01 9.747986231003824287e+01
4.590000000000000191e-01 9.794136244321373397e+01
4.600000000000000200e-01 9.840416482848866053e+01
4.610000000000000209e-01 9.886826980205228210e+01
4.620000000000000218e-01 9.933367769818767101e+01
4.630000000000000226e-01 9.980038884928262632e+01
4.640000000000000235e-01 1.002684035858445668e+02
4.650000000000000244e-01 1.007377222365116722e+02
4.660000000000000253e-01 1.012083451280677764e+02
4.670000000000000262e-01 1.016802725854547589e+02
4.680000000000000271e-01 1.021535049317845960e+02
4.690000000000000280e-01 1.026280424883523210e+02
4.700000000000000289e-01 1.031038855746495528e+02
4.710000000000000298e-01 1.035810345083757511e+02
4.720000000000000306e-01 1.040594896054503806e+02
4.730000000000000315e-01 1.045392511800263264e+02
4.740000000000000324e-01 1.050203195445010351e+02
4.750000000000000333e-01 1.055026950095289067e+02
4.760000000000000342e-01 1.059863778840333453e+02
4.770000000000000351e-01 1.064713684752174458e+02
4.780000000000000360e-01 1.069576670885777503e+02
4.790000000000000369e-01 1.074452740279134559e+02
4.799999999999999822e-01 1.079341895953396033e+02
4.809999999999999831e-01 1.084244140912978764e+02
4.819999999999999840e-01 1.089159478145681987e+02
4.829999999999999849e-01 1.094087910622791924e+02
4.839999999999999858e-01 1.099029441299202290e+02
4.849999999999999867e-01 1.103984073113510931e+02
4.859999999999999876e-01 1.108951808988143739e+02
4.869999999999999885e-01 1.113932651829461520e+02
4.879999999999999893e-01 1.118926604527844120e+02
4.889999999999999902e-01 1.123933669957831398e+02
4.899999999999999911e-01 1.128953850978206219e+02
4.909999999999999920e-01 1.133987150432108137e+02
4.919999999999999929e-01 1.139033571147119801e+02
4.929999999999999938e-01 1.144093115935398828e+02
4.939999999999999947e-01 1.149165787593753976e+02
4.949999999999999956e-01 1.154251588903758829e+02
4.959999999999999964e-01 1.159350522631849572e+02
4.969999999999999973e-01 1.164462591529421616e+02
4.979999999999999982e-01 1.169587798332934199e+02
4.989999999999999991e-01 1.174726145763999057e+02
5.000000000000000000e-01 1.179877636529487290e+02
5.010000000000000009e-01 1.185042273321615767e+02
5.020000000000000018e-01 1.190220058818043753e+02
5.030000000000000027e-01 1.195410995681982058e+02
5.040000000000000036e-01 1.200615086562260103e+02
5.050000000000000044e-01 1.205832334093443023e+02
5.060000000000000053e-01 1.211062740895913521e+02
5.070000000000000062e-01 1.216306309575961677e+02
5.080000000000000071e-01 1.221563042725875903e+02
5.090000000000000080e-01 1.226832942924040708e+02
5.100000000000000089e-01 1.232116012735012873e+02
5.110000000000000098e-01 1.237412254709615809e+02
5.120000000000000107e-01 1.242721671385040736e+02
5.130000000000000115e-01 1.248044265284909216e+02
5.140000000000000124e-01 1.253380038919372055e+02
5.150000000000000133e-01 1.258728994785195709e+02
5.160000000000000142e-01 1.264091135365844139e+02
5.170000000000000151e-01 1.269466463131566343e+02
5.180000000000000160e-01 1.274854980539473672e+02
5.190000000000000169e-01 1.280256690033636460e+02
5.200000000000000178e-01 1.285671594045140864e+02
5.210000000000000187e-01 1.291099694992193463e+02
5.220000000000000195e-01 1.296540995280201969e+02
5.230000000000000204e-01 1.301995497301832074e+02
5.240000000000000213e-01 1.307463203437113179e+02
5.250000000000000222e-01 1.312944116053503194e+02
5.260000000000000231e-01 1.318438237505968118e+02
5.270000000000000240e-01 1.323945570137070717e+02
5.280000000000000249e-01 1.329466116277028505e+02
5.290000000000000258e-01 1.334999878243802414e+02
5.300000000000000266e-01 1.340546858343178656e+02
5.310000000000000275e-01 1.346107058868822151e+02
5.320000000000000284e-01 1.351680482102375436e+02
5.330000000000000293e-01 1.357267130313522330e+02
5.340000000000000302e-01 1.362867005760053871e+02
5.350000000000000311e-01 1.368480110687953584e+02
5.360000000000000320e-01 1.374106447331462277e+02
5.370000000000000329e-01 1.379746017913154219e+02
5.380000000000000338e-01 1.385398824644008755e+02
5.390000000000000346e-01 1.391064869723469428e+02
5.400000000000000355e-01 1.396744155339531517e+02
5.410000000000000364e-01 1.402436683668804562e+02
5.420000000000000373e-01 1.408142456876571487e+02
5.430000000000000382e-01 1.413861477116871583e+02
5.440000000000000391e-01 1.419593746532566456e+02
5.450000000000000400e-01 1.425339267255390041e+02
5.460000000000000409e-01 1.431098041406044103e+02
5.470000000000000417e-01 1.436870071094242576e+02
5.480000000000000426e-01 1.442655358418783180e+02
5.490000000000000435e-01 1.448453905467617915e+02
5.500000000000000444e-01 1.454265714317911034e+02
5.510000000000000453e-01 1.460090787036111806e+02
5.520000000000000462e-01 1.465929125678003402e+02
5.530000000000000471e-01 1.471780732288781337e+02
5.540000000000000480e-01 1.477645608903117136e+02
5.550000000000000488e-01 1.483523757545209492e+02
5.560000000000000497e-01 1.489415180228851341e+02
5.570000000000000506e-01 1.495319878957488982e+02
5.580000000000000515e-01 1.501237855724290284e+02
5.590000000000000524e-01 1.507169112512200400e+02
5.600000000000000533e-01 1.513113651294007695e+02
5.610000000000000542e-01 1.519071474032384685e+02
5.620000000000000551e-01 1.525042582679968746e+02
5.630000000000000560e-01 1.531026979179416685e+02
5.640000000000000568e-01 1.537024665463454767e+02
5.650000000000000577e-01 1.543035643454943511e+02
5.660000000000000586e-01 1.549059915066932263e+02
5.670000000000000595e-01 1.555097482202713763e+02
5.680000000000000604e-01 1.561148346755890088e+02
5.690000000000000613e-01 1.567212510610420395e+02
5.700000000000000622e-01 1.573289975640675493e+02
5.710000000000000631e-01 1.579380743711506057e+02
5.720000000000000639e-01 1.585484816678283551e+02
5.730000000000000648e-01 1.591602196386959349e+02
5.740000000000000657e-01 1.597732884674117031e+02
5.750000000000000666e-01 1.603876883367042865e+02
5.760000000000000675e-01 1.610034194283748548e+02
5.769999999999999574e-01 1.616204819233043963e+02
5.779999999999999583e-01 1.622388760014600848e+02
5.789999999999999591e-01 1.628586018418975527e+02
5.799999999999999600e-01 1.634796596227681675e+02
5.809999999999999609e-01 1.641020495213244885e+02
5.819999999999999618e-01 1.647257717139227680e+02
5.829999999999999627e-01 1.653508263760311365e+02
5.839999999999999636e-01 1.659772136822336961e+02
5.849999999999999645e-01 1.666049338062334755e+02
5.859999999999999654e-01 1.672339869208612981e+02
5.869999999999999662e-01 1.678643731980762368e+02
5.879999999999999671e-01 1.684960928089747085e+02
5.889999999999999680e-01 1.691291459237920662e+02
5.899999999999999689e-01 1.697635327119098747e+02
5.909999999999999698e-01 1.703992533418586390e+02
5.919999999999999707e-01 1.710363079813237164e+02
5.929999999999999716e-01 1.716746967971512277e+02
5.939999999999999725e-01 1.723144199553494218e+02
5.949999999999999734e-01 1.729554776210964064e+02
5.959999999999999742e-01 1.735978699587433312e+02
5.969999999999999751e-01 1.742415971318198444e+02
5.979999999999999760e-01 1.748866593030375043e+02
5.989999999999999769e-01 1.755330566342952352e+02
5.999999999999999778e-01 1.761807892866838756e+02
6.009999999999999787e-01 1.768298574204895885e+02
6.019999999999999796e-01 1.774802611951990912e+02
6.029999999999999805e-01 1.781320007695053391e+02
6.039999999999999813e-01 1.787850763013091182e+02
6.049999999999999822e-01 1.794394879477254108e+02
6.059999999999999831e-01 1.800952358650865790e+02
6.069999999999999840e-01 1.807523202089487313e+02
6.079999999999999849e-01 1.814107411340919498e+02
6.089999999999999858e-01 1.820704987945296125e+02
6.099999999999999867e-01 1.827315933435088482e+02
6.109999999999999876e-01 1.833940249335150838e+02
6.119999999999999885e-01 1.840577937162786384e+02
6.129999999999999893e-01 1.847228998427756324e+02
6.139999999999999902e-01 1.853893434632350363e+02
6.149999999999999911e-01 1.860571247271398079e+02
6.159999999999999920e-01 1.867262437832330306e+02
6.169999999999999929e-01 1.873967007795226891e+02
6.179999999999999938e-01 1.880684958632814414e+02
6.189999999999999947e-01 1.887416291810552593e+02
6.199999999999999956e-01 1.894161008786654747e+02
6.209999999999999964e-01 1.900919111012117355e+02
6.219999999999999973e-01 1.907690599930783719e+02
6.229999999999999982e-01 1.914475476979334871e+02
6.239999999999999991e-01 1.921273743587403260e+02
6.250000000000000000e-01 1.928085401177522726e+02
6.260000000000000009e-01 1.934910451165244467e+02
6.270000000000000018e-01 1.941748894959125664e+02
6.280000000000000027e-01 1.948600733960777234e+02
6.290000000000000036e-01 1.955465969564913848e+02
6.300000000000000044e-01 1.962344603159376675e+02
6.310000000000000053e-01 1.969236636125172026e+02
6.320000000000000062e-01 1.976142069836514565e+02
6.330000000000000071e-01 1.983060905660856861e+02
6.340000000000000080e-01 1.989993144958923494e+02
6.350000000000000089e-01 1.996938789084751988e+02
6.360000000000000098e-01 2.003897839385733732e+02
6.370000000000000107e-01 2.010870297202627626e+02
6.380000000000000115e-01 2.017856163869614647e+02
6.390000000000000124e-01 2.024855440714325141e+02
6.400000000000000133e-01 2.031868129057875194e+02
6.410000000000000142e-01 2.038894230214898471e+02
6.420000000000000151e-01 2.045933745493578044e+02
6.430000000000000160e-01 2.052986676195687323e+02
6.440000000000000169e-01 2.060053023616617338e+02
6.450000000000000178e-01 2.067132789045408572e+02
6.460000000000000187e-01 2.074225973764794162e+02
6.470000000000000195e-01 2.081332579051213543e+02
6.480000000000000204e-01 2.088452606174871562e+02
6.490000000000000213e-01 2.095586056399745303e+02
6.500000000000000222e-01 2.102732930983627284e+02
6.510000000000000231e-01 2.109893231178164115e+02
6.520000000000000240e-01 2.117066958228874682e+02
6.530000000000000249e-01 2.124254113375188808e+02
6.540000000000000258e-01 2.131454697850481352e+02
6.550000000000000266e-01 2.138668712882097225e+02
6.560000000000000275e-01 2.145896159691383218e+02
6.570000000000000284e-01 2.153137039493719840e+02
6.580000000000000293e-01 2.160391353498562239e+02
6.590000000000000302e-01 2.167659102909444755e+02
6.600000000000000311e-01 2.174940288924033212e+02
6.610000000000000320e-01 2.182234912734154477e+02
6.620000000000000329e-01 2.189542975525816928e+02
6.630000000000000338e-01 2.196864478479233185e+02
6.640000000000000346e-01 2.204199422768872410e+02
6.650000000000000355e-01 2.211547809563471674e+02
6.660000000000000364e-01 2.218909640026063244e+02
6.670000000000000373e-01 2.226284915314024602e+02
6.680000000000000382e-01 2.233673636579076174e+02
6.690000000000000391e-01 2.241075804967335898e+02
6.700000000000000400e-01 2.248491421619335142e+02
6.710000000000000409e-01 2.255920487670045986e+02
6.720000000000000417e-01 2.263363004248915331e+02
6.730000000000000426e-01 2.270818972479883087e+02
6.740000000000000435e-01 2.278288393481432195e+02
6.750000000000000444e-01 2.285771268366579534e+02
6.760000000000000453e-01 2.293267598242941858e+02
6.770000000000000462e-01 2.300777384212724428e+02
6.780000000000000471e-01 2.308300627372782401e+02
6.790000000000000480e-01 2.315837328814634475e+02
6.800000000000000488e-01 2.323387489624474256e+02
6.810000000000000497e-01 2.330951110883224828e+02
6.820000000000000506e-01 2.338528193666541029e+02
6.830000000000000515e-01 2.346118739044850372e+02
6.840000000000000524e-01 2.353722748083368970e+02
6.850000000000000533e-01 2.361340221842133360e+02
6.860000000000000542e-01 2.368971161376023247e+02
6.870000000000000551e-01 2.376615567734788783e+02
6.880000000000000560e-01 2.384273441963082405e+02
6.890000000000000568e-01 2.391944785100465651e+02
6.900000000000000577e-01 2.399629598181445544e+02
6.910000000000000586e-01 2.407327882235504148e+02
6.920000000000000595e-01 2.415039638287114485e+02
6.930000000000000604e-01 2.422764867355776914e+02
6.940000000000000613e-01 2.430503570456023681e+02
6.950000000000000622e-01 2.438255748597455295e+02
6.960000000000000631e-01 2.446021402784767815e+02
6.970000000000000639e-01 2.453800534017775590e+02
6.980000000000000648e-01 2.461593143291427168e+02
6.990000000000000657e-01 2.469399231595834863e+02
7.000000000000000666e-01 2.477218799916292937e+02
7.010000000000000675e-01 2.485051849233313987e+02
7.020000000000000684e-01 2.492898380522633488e+02
7.030000000000000693e-01 2.500758394755252993e+02
7.039999999999999591e-01 2.508631892897433318e+02
7.049999999999999600e-01 2.516518875910771840e+02
7.059999999999999609e-01 2.524419344752150209e+02
7.069999999999999618e-01 2.532333300373820748e+02
7.079999999999999627e-01 2.540260743723397354e+02
7.089999999999999636e-01 2.548201675743891883e+02
7.099999999999999645e-01 2.556156097373707325e+02
7.109999999999999654e-01 2.564124009546712841e+02
7.119999999999999662e-01 2.572105413192209653e+02
7.129999999999999671e-01 2.580100309234987890e+02
7.139999999999999680e-01 2.588108698595337955e+02
7.149999999999999689e-01 2.596130582189075540e+02
7.159999999999999698e-01 2.604165960927543892e+02
7.169999999999999707e-01 2.612214835717663846e+02
7.179999999999999716e-01 2.620277207461942908e+02
7.189999999999999725e-01 2.628353077058479812e+02
7.199999999999999734e-01 2.636442445401019086e+02
7.209999999999999742e-01 2.644545313378941955e+02
7.219999999999999751e-01 2.652661681877298179e+02
7.229999999999999760e-01 2.660791551776824235e+02
7.239999999999999769e-01 2.668934923953968337e+02
7.249999999999999778e-01 2.677091799280910891e+02
7.259999999999999787e-01 2.685262178625584966e+02
7.269999999999999796e-01 2.693446062851671741e+02
7.279999999999999805e-01 2.701643452818659625e+02
7.289999999999999813e-01 2.709854349381855627e+02
7.299999999999999822e-01 2.718078753392369435e+02
7.309999999999999831e-01 2.726316665697172539e+02
7.319999999999999840e-01 2.734568087139102772e+02
7.329999999999999849e-01 2.742833018556884781e+02
7.339999999999999858e-01 2.751111460785148211e+02
7.349999999999999867e-01 2.759403414654448170e+02
7.359999999999999876e-01 2.767708880991281148e+02
7.369999999999999885e-01 2.776027860618107752e+02
7.379999999999999893e-01 2.784360354353368621e+02
7.389999999999999902e-01 2.792706363011511712e+02
7.399999999999999911e-01 2.801065887402992303e+02
7.409999999999999920e-01 2.809438928334304819e+02
7.419999999999999929e-01 2.817825486608014671e+02
7.429999999999999938e-01 2.826225563022737788e+02
7.439999999999999947e-01 2.834639158373199734e+02
7.449999999999999956e-01 2.843066273450217523e+02
7.459999999999999964e-01 2.851506909040756454e+02
7.469999999999999973e-01 2.859961065927909658e+02
7.479999999999999982e-01 2.868428744890948110e+02
7.489999999999999991e-01 2.876909946705311540e+02
7.500000000000000000e-01 2.885404672142644813e+02
7.510000000000000009e-01 2.893912921970800198e+02
7.520000000000000018e-01 2.902434696953866933e+02
7.530000000000000027e-01 2.910969997852193956e+02
7.540000000000000036e-01 2.919518825422383088e+02
7.550000000000000044e-01 2.928081180417325413e+02
7.560000000000000053e-01 2.936657063586212644e+02
7.570000000000000062e-01 2.945246475674557587e+02
7.580000000000000071e-01 2.953849417424207786e+02
7.590000000000000080e-01 2.962465889573347795e+02
7.600000000000000089e-01 2.971095892856553746e+02
7.610000000000000098e-01 2.979739428004768342e+02
7.620000000000000107e-01 2.988396495745337234e+02
7.630000000000000115e-01 2.997067096802031756e+02
7.640000000000000124e-01 3.005751231895044384e+02
7.650000000000000133e-01 3.014448901741025111e+02
7.660000000000000142e-01 3.023160107053083721e+02
7.670000000000000151e-01 3.031884848540810253e+02
7.680000000000000160e-01 3.040623126910293195e+02
7.690000000000000169e-01 3.049374942864146760e+02
7.700000000000000178e-01 3.058140297101490432e+02
7.710000000000000187e-01 3.066919190318001256e+02
7.720000000000000195e-01 3.075711623205907017e+02
7.730000000000000204e-01 3.084517596454018076e+02
7.740000000000000213e-01 3.093337110747731913e+02
7.750000000000000222e-01 3.102170166769046773e+02
7.760000000000000231e-01 3.111016765196593497e+02
7.770000000000000240e-01 3.119876906705624151e+02
7.780000000000000249e-01 3.128750591968041590e+02
7.790000000000000258e-01 3.137637821652422190e+02
7.800000000000000266e-01 3.146538596424013576e+02
7.810000000000000275e-01 3.155452916944775552e+02
7.820000000000000284e-01 3.164380783873343717e+02
7.830000000000000293e-01 3.173322197865118142e+02
7.840000000000000302e-01 3.182277159572197434e+02
7.850000000000000311e-01 3.191245669643462861e+02
7.860000000000000320e-01 3.200227728724553344e+02
7.870000000000000329e-01 3.209223337457876823e+02
7.880000000000000338e-01 3.218232496482658007e+02
7.890000000000000346e-01 3.227255206434908814e+02
7.900000000000000355e-01 3.236291467947489764e+02
7.910000000000000364e-01 3.245341281650064502e+02
7.920000000000000373e-01 3.254404648169190750e+02
7.930000000000000382e-01 3.263481568128258914e+02
7.940000000000000391e-01 3.272572042147539833e+02
7.950000000000000400e-01 3.281676070844225706e+02
7.960000000000000409e-01 3.290793654832364155e+02
7.970000000000000417e-01 3.299924794722974184e+02
7.980000000000000426e-01 3.309069491123982516e+02
7.990000000000000435e-01 3.318227744640255423e+02
8.000000000000000444e-01 3.327399555873639656e+02
8.010000000000000453e-01 3.336584925422937431e+02
8.020000000000000462e-01 3.345783853883949632e+02
8.030000000000000471e-01 3.354996341849455348e+02
8.040000000000000480e-01 3.364222389909268713e+02
8.050000000000000488e-01 3.373461998650220721e+02
8.060000000000000497e-01 3.382715168656179685e+02
8.070000000000000506e-01 3.391981900508051240e+02
8.080000000000000515e-01 3.401262194783837458e+02
8.090000000000000524e-01 3.410556052058582281e+02
8.100000000000000533e-01 3.419863472904430637e+02
8.110000000000000542e-01 3.429184457890639806e+02
8.120000000000000551e-01 3.438519007583561233e+02
8.130000000000000560e-01 3.447867122546690553e+02
8.140000000000000568e-01 3.457228803340640297e+02
8.150000000000000577e-01 3.466604050523189926e+02
8.160000000000000586e-01 3.475992864649281273e+02
8.170000000000000595e-01 3.485395246271027645e+02
8.180000000000000604e-01 3.494811195937716093e+02
8.190000000000000613e-01 3.504240714195864257e+02
8.200000000000000622e-01 3.513683801589172617e+02
8.210000000000000631e-01 3.523140458658569969e+02
8.220000000000000639e-01 3.532610685942236159e+02
8.230000000000000648e-01 3.542094483975567982e+02
8.240000000000000657e-01 3.551591853291254210e+02
8.250000000000000666e-01 3.561102794419216480e+02
8.260000000000000675e-01 3.570627307886693416e+02
8.270000000000000684e-01 3.580165394218195161e+02
8.280000000000000693e-01 3.589717053935542026e+02
8.290000000000000702e-01 3.599282287557873588e+02
8.300000000000000711e-01 3.608861095601639590e+02
8.310000000000000719e-01 3.618453478580643150e+02
8.320000000000000728e-01 3.628059437006052121e+02
8.329999999999999627e-01 3.637678971386355897e+02
8.339999999999999636e-01 3.647312082227449537e+02
8.349999999999999645e-01 3.656958770032595112e+02
8.359999999999999654e-01 3.666619035302460361e+02
8.369999999999999662e-01 3.676292878535098225e+02
8.379999999999999671e-01 3.685980300225992323e+02
8.389999999999999680e-01 3.695681300868052404e+02
8.399999999999999689e-01 3.705395880951623440e+02
8.409999999999999698e-01 3.715124040964492451e+02
8.419999999999999707e-01 3.724865781391902146e+02
8.429999999999999716e-01 3.734621102716600944e+02
8.439999999999999725e-01 3.744390005418763394e+02
8.449999999999999734e-01 3.754172489976090219e+02
8.459999999999999742e-01 3.763968556863765116e+02
8.469999999999999751e-01 3.773778206554497956e+02
8.479999999999999760e-01 3.783601439518511143e+02
8.489999999999999769e-01 3.793438256223566896e+02
8.499999999999999778e-01 3.803288657134953610e+02
8.509999999999999787e-01 3.813152642715517686e+02
8.519999999999999796e-01 3.823030213425681723e+02
8.529999999999999805e-01 3.832921369723439966e+02
8.539999999999999813e-01 3.842826112064335575e+02
8.549999999999999822e-01 3.852744440901542475e+02
8.559999999999999831e-01 3.862676356685838073e+02
8.569999999999999840e-01 3.872621859865566876e+02
8.579999999999999849e-01 3.882580950886758728e+02
8.589999999999999858e-01 3.892553630193015124e+02
8.599999999999999867e-01 3.902539898225636534e+02
8.609999999999999876e-01 3.912539755423517818e+02
8.619999999999999885e-01 3.922553202223261906e+02
8.629999999999999893e-01 3.932580239059111591e+02
8.639999999999999902e-01 3.942620866363008645e+02
8.649999999999999911e-01 3.952675084564580175e+02
8.659999999999999920e-01 3.962742894091134076e+02
8.669999999999999929e-01 3.972824295367727245e+02
8.679999999999999938e-01 3.982919288817088272e+02
8.689999999999999947e-01 3.993027874859703843e+02
8.699999999999999956e-01 4.003150053913791453e+02
8.709999999999999964e-01 4.013285826395313052e+02
8.719999999999999973e-01 4.023435192717970494e+02
8.729999999999999982e-01 4.033598153293246469e+02
8.739999999999999991e-01 4.043774708530404496e+02
8.750000000000000000e-01 4.053964858836466192e+02
8.760000000000000009e-01 4.064168604616256744e+02
8.770000000000000018e-01 4.074385946272414003e+02
8.780000000000000027e-01 4.084616884205356655e+02
8.790000000000000036e-01 4.094861418813347882e+02
8.800000000000000044e-01 4.105119550492468079e+02
8.810000000000000053e-01 4.115391279636623949e+02
8.820000000000000062e-01 4.125676606637571240e+02
8.830000000000000071e-01 4.135975531884937482e+02
8.840000000000000080e-01 4.146288055766181060e+02
8.850000000000000089e-01 4.156614178666654880e+02
8.860000000000000098e-01 4.166953900969579081e+02
8.870000000000000107e-01 4.177307223056050134e+02
8.880000000000000115e-01 4.187674145305090860e+02
8.890000000000000124e-01 4.198054668093600412e+02
8.900000000000000133e-01 4.208448791796408841e+02
8.910000000000000142e-01 4.218856516786245265e+02
8.920000000000000151e-01 4.229277843433806083e+02
8.930000000000000160e-01 4.239712772107682213e+02
8.940000000000000169e-01 4.250161303174427303e+02
8.950000000000000178e-01 4.260623436998557736e+02
8.960000000000000187e-01 4.271099173942543530e+02
8.970000000000000195e-01 4.281588514366835625e+02
8.980000000000000204e-01 4.292091458629843146e+02
8.990000000000000213e-01 4.302608007087969781e+02
9.000000000000000222e-01 4.313138160095631974e+02
9.010000000000000231e-01 4.323681918005222542e+02
9.020000000000000240e-01 4.334239281167160698e+02
9.030000000000000249e-01 4.344810249929873862e+02
9.040000000000000258e-01 4.355394824639815852e+02
9.050000000000000266e-01 4.365993005641489617e+02
9.060000000000000275e-01 4.376604793277433600e+02
9.070000000000000284e-01 4.387230187888217188e+02
9.080000000000000293e-01 4.397869189812477089e+02
9.090000000000000302e-01 4.408521799386940074e+02
9.100000000000000311e-01 4.419188016946354765e+02
9.110000000000000320e-01 4.429867842823605315e+02
9.120000000000000329e-01 4.440561277349625016e+02
9.130000000000000338e-01 4.451268320853446312e+02
9.140000000000000346e-01 4.461988973662232638e+02
9.150000000000000355e-01 4.472723236101214752e+02
9.160000000000000364e-01 4.483471108493777137e+02
9.170000000000000373e-01 4.494232591161412529e+02
9.180000000000000382e-01 4.505007684423749197e+02
9.190000000000000391e-01 4.515796388598541853e+02
9.200000000000000400e-01 4.526598704001717124e+02
9.210000000000000409e-01 4.537414630947341720e+02
9.220000000000000417e-01 4.548244169747640626e+02
9.230000000000000426e-01 4.559087320713010740e+02
9.240000000000000435e-01 4.569944084152020878e+02
9.250000000000000444e-01 4.580814460371434507e+02
9.260000000000000453e-01 4.591698449676200653e+02
9.270000000000000462e-01 4.602596052369440258e+02
9.280000000000000471e-01 4.613507268752523487e+02
9.290000000000000480e-01 4.624432099124996967e+02
9.300000000000000488e-01 4.635370543784638357e+02
9.310000000000000497e-01 4.646322603027438163e+02
9.320000000000000506e-01 4.657288277147631561e+02
9.330000000000000515e-01 4.668267566437689311e+02
9.340000000000000524e-01 4.679260471188322299e+02
9.350000000000000533e-01 4.690266991688499729e+02
9.360000000000000542e-01 4.701287128225453671e+02
9.370000000000000551e-01 4.712320881084656321e+02
9.380000000000000560e-01 4.723368250549874574e+02
9.390000000000000568e-01 4.734429236903170022e+02
9.400000000000000577e-01 4.745503840424839836e+02
9.410000000000000586e-01 4.756592061393525910e+02
9.420000000000000595e-01 4.767693900086137546e+02
9.430000000000000604e-01 4.778809356777896937e+02
9.440000000000000613e-01 4.789938431742343710e+02
9.450000000000000622e-01 4.801081125251316735e+02
9.460000000000000631e-01 4.812237437575004151e+02
9.470000000000000639e-01 4.823407368981911532e+02
9.480000000000000648e-01 4.834590919738884622e+02
9.490000000000000657e-01 4.845788090111109341e+02
9.500000000000000666e-01 4.856998880362143609e+02
9.510000000000000675e-01 4.868223290753849142e+02
9.520000000000000684e-01 4.879461321546518775e+02
9.530000000000000693e-01 4.890712972998758232e+02
9.540000000000000702e-01 4.901978245367590716e+02
9.550000000000000711e-01 4.913257138908375055e+02
9.560000000000000719e-01 4.924549653874892101e+02
9.570000000000000728e-01 4.935855790519317452e+02
9.580000000000000737e-01 4.947175549092212350e+02
9.590000000000000746e-01 4.958508929842541875e+02
9.599999999999999645e-01 4.969855933017688585e+02
9.609999999999999654e-01 4.981216558863470709e+02
9.619999999999999662e-01 4.992590807624087574e+02
9.629999999999999671e-01 5.003978679542206010e+02
9.639999999999999680e-01 5.015380174858923965e+02
9.649999999999999689e-01 5.026795293813756871e+02
9.659999999999999698e-01 5.038224036644710395e+02
9.669999999999999707e-01 5.049666403588189496e+02
9.679999999999999716e-01 5.061122394879103012e+02
9.689999999999999725e-01 5.072592010750809095e+02
9.699999999999999734e-01 5.084075251435133396e+02
9.709999999999999742e-01 5.095572117162378163e+02
9.719999999999999751e-01 5.107082608161349526e+02
9.729999999999999760e-01 5.118606724659307474e+02
9.739999999999999769e-01 5.130144466882020424e+02
9.749999999999999778e-01 5.141695835053760675e+02
9.759999999999999787e-01 5.153260829397318048e+02
9.769999999999999796e-01 5.164839450133958962e+02
9.779999999999999805e-01 5.176431697483494645e+02
9.789999999999999813e-01 5.188037571664249299e+02
9.799999999999999822e-01 5.199657072893064651e+02
9.809999999999999831e-01 5.211290201385345426e+02
9.819999999999999840e-01 5.222936957355000231e+02
9.829999999999999849e-01 5.234597341014500671e+02
9.839999999999999858e-01 5.246271352574858611e+02
9.849999999999999867e-01 5.257958992245639820e+02
9.859999999999999876e-01 5.269660260234995803e+02
9.869999999999999885e-01 5.281375156749604685e+02
9.879999999999999893e-01 5.293103681994725775e+02
9.889999999999999902e-01 5.304845836174235956e+02
9.899999999999999911e-01 5.316601619490525081e+02
9.909999999999999920e-01 5.328371032144623314e+02
9.919999999999999929e-01 5.340154074336123813e+02
9.929999999999999938e-01 5.351950746263241854e+02
9.939999999999999947e-01 5.363761048122760258e+02
9.949999999999999956e-01 5.375584980110115794e+02
9.959999999999999964e-01 5.387422542419312776e+02
9.969999999999999973e-01 5.399273735242995826e+02
9.979999999999999982e-01 5.411138558772436227e+02
9.989999999999999991e-01 5.423017013197509186e+02
1.000000000000000000e+00 5.434909098706748409e+02
