0.000000000000000000e+00 0.000000000000000000e+00
1.000000000000000021e-03 1.049777445471699933e+00
2.000000000000000042e-03 1.600578688826423512e+00
3.000000000000000062e-03 2.035493041415708415e+00
4.000000000000000083e-03 2.405474863639469607e+00
5.000000000000000104e-03 2.731768958510667478e+00
6.000000000000000125e-03 3.025829919652547773e+00
7.000000000000000146e-03 3.294729710923433252e+00
8.000000000000000167e-03 3.543223663012363911e+00
9.000000000000001055e-03 3.774704268675950214e+00
1.000000000000000021e-02 3.991699541412356833e+00
1.099999999999999936e-02 4.196157440877015254e+00
1.200000000000000025e-02 4.389619364074546226e+00
1.300000000000000114e-02 4.573331625567739422e+00
1.400000000000000029e-02 4.748320159994348977e+00
1.499999999999999944e-02 4.915442340168246993e+00
1.600000000000000033e-02 5.075423978433714289e+00
1.700000000000000122e-02 5.228886408124466811e+00
1.800000000000000211e-02 5.376366730791475312e+00
1.899999999999999953e-02 5.518333237036816108e+00
2.000000000000000042e-02 5.655197344370859192e+00
2.100000000000000130e-02 5.787322973176279639e+00
2.199999999999999872e-02 5.915034006077905637e+00
2.299999999999999961e-02 6.038620291579370303e+00
2.400000000000000050e-02 6.158342526824991836e+00
2.500000000000000139e-02 6.274436266601575163e+00
2.600000000000000228e-02 6.387115243528564079e+00
2.699999999999999969e-02 6.496574139643977119e+00
2.800000000000000058e-02 6.602990916929764253e+00
2.900000000000000147e-02 6.706528790158929887e+00
2.999999999999999889e-02 6.807337907358268048e+00
3.099999999999999978e-02 6.905556789487294900e+00
3.200000000000000067e-02 7.001313570460600211e+00
3.300000000000000155e-02 7.094727070553607184e+00
3.400000000000000244e-02 7.185907729931089172e+00
3.500000000000000333e-02 7.274958424088454834e+00
3.600000000000000422e-02 7.361975179077278497e+00
3.699999999999999817e-02 7.447047801262036693e+00
3.799999999999999906e-02 7.530260433846049928e+00
3.899999999999999994e-02 7.611692050377236285e+00
4.000000000000000083e-02 7.691416893796209742e+00
4.100000000000000172e-02 7.769504868241233098e+00
4.200000000000000261e-02 7.846021889716957354e+00
4.300000000000000350e-02 7.921030200817925859e+00
4.399999999999999745e-02 7.994588653937949374e+00
4.499999999999999833e-02 8.066752966762098964e+00
4.599999999999999922e-02 8.137575953306592780e+00
4.700000000000000011e-02 8.207107733325090138e+00
4.800000000000000100e-02 8.275395922521781245e+00
4.900000000000000189e-02 8.342485805691753242e+00
5.000000000000000278e-02 8.408420494636281717e+00
5.100000000000000366e-02 8.473241072468029600e+00
5.200000000000000455e-02 8.536986725721515512e+00
5.299999999999999850e-02 8.599694865512912401e+00
5.399999999999999939e-02 8.661401238845087391e+00
5.500000000000000028e-02 8.722140031026121676e+00
5.600000000000000117e-02 8.781943960058541165e+00
5.700000000000000205e-02 8.840844363759986280e+00
5.800000000000000294e-02 8.898871280291999142e+00
5.900000000000000383e-02 8.956053522700056391e+00
5.999999999999999778e-02 9.012418748003478086e+00
6.099999999999999867e-02 9.067993521317433192e+00
6.199999999999999956e-02 9.122803375439215046e+00
6.300000000000000044e-02 9.176872866287137498e+00
6.400000000000000133e-02 9.230225624541606777e+00
6.500000000000000222e-02 9.282884403803274509e+00
6.600000000000000311e-02 9.334871125552922422e+00
6.700000000000000400e-02 9.386206921170243689e+00
6.800000000000000488e-02 9.436912171244676628e+00
6.900000000000000577e-02 9.487006542389842423e+00
7.000000000000000666e-02 9.536509021753564852e+00
7.100000000000000755e-02 9.585437949398512458e+00
7.200000000000000844e-02 9.633811048712605185e+00
7.299999999999999545e-02 9.681645454994654898e+00
7.399999999999999634e-02 9.728957742347978055e+00
7.499999999999999722e-02 9.775763949003481557e+00
7.599999999999999811e-02 9.822079601183473230e+00
7.699999999999999900e-02 9.867919735608202458e+00
7.799999999999999989e-02 9.913298920738865760e+00
7.900000000000000078e-02 9.958231276843076074e+00
8.000000000000000167e-02 1.000273049496207634e+01
8.100000000000000255e-02 1.004680985485264522e+01
8.200000000000000344e-02 1.009048224197097277e+01
8.300000000000000433e-02 1.013376016356061982e+01
8.400000000000000522e-02 1.017665576390193927e+01
8.500000000000000611e-02 1.021918083877604566e+01
8.600000000000000699e-02 1.026134684919244577e+01
8.700000000000000788e-02 1.030316493442587422e+01
8.799999999999999489e-02 1.034464592440455100e+01
8.899999999999999578e-02 1.038580035148905978e+01
8.999999999999999667e-02 1.042663846167823039e+01
9.099999999999999756e-02 1.046717022527598218e+01
9.199999999999999845e-02 1.050740534705050777e+01
9.299999999999999933e-02 1.054735327591525618e+01
9.400000000000000022e-02 1.058702321415900371e+01
9.500000000000000111e-02 1.062642412625058341e+01
9.600000000000000200e-02 1.066556474724207604e+01
9.700000000000000289e-02 1.070445359079269210e+01
9.800000000000000377e-02 1.074309895683421523e+01
9.900000000000000466e-02 1.078150893889738882e+01
1.000000000000000056e-01 1.081969143111757958e+01
1.010000000000000064e-01 1.085765413493667531e+01
1.020000000000000073e-01 1.089540456551735659e+01
1.030000000000000082e-01 1.093295005788455398e+01
1.040000000000000091e-01 1.097029777280850560e+01
1.049999999999999961e-01 1.100745470244225999e+01
1.059999999999999970e-01 1.104442767572640349e+01
1.069999999999999979e-01 1.108122336357253523e+01
1.079999999999999988e-01 1.111784828383655110e+01
1.089999999999999997e-01 1.115430880609207875e+01
1.100000000000000006e-01 1.119061115621384772e+01
1.110000000000000014e-01 1.122676142078022110e+01
1.120000000000000023e-01 1.126276555130348100e+01
1.130000000000000032e-01 1.129862936829622022e+01
1.140000000000000041e-01 1.133435856518135054e+01
1.150000000000000050e-01 1.136995871205325770e+01
1.160000000000000059e-01 1.140543525929684066e+01
1.170000000000000068e-01 1.144079354107100954e+01
1.180000000000000077e-01 1.147603877866290745e+01
1.190000000000000085e-01 1.151117608371849776e+01
1.199999999999999956e-01 1.154621046135529028e+01
1.209999999999999964e-01 1.158114681316225258e+01
1.219999999999999973e-01 1.161598994009194108e+01
1.229999999999999982e-01 1.165074454524964764e+01
1.239999999999999991e-01 1.168541523658386083e+01
1.250000000000000000e-01 1.172000652948240784e+01
1.260000000000000009e-01 1.175452284927829893e+01
1.270000000000000018e-01 1.178896853366896202e+01
1.280000000000000027e-01 1.182334783505278786e+01
1.290000000000000036e-01 1.185766492278601625e+01
1.300000000000000044e-01 1.189192388536370437e+01
1.310000000000000053e-01 1.192612873252752514e+01
1.320000000000000062e-01 1.196028339730364110e+01
1.330000000000000071e-01 1.199439173797327740e+01
1.340000000000000080e-01 1.202845753997883449e+01
1.350000000000000089e-01 1.206248451776811415e+01
1.360000000000000098e-01 1.209647631657888134e+01
1.370000000000000107e-01 1.213043651416644764e+01
1.380000000000000115e-01 1.216436862247625150e+01
1.390000000000000124e-01 1.219827608926360618e+01
1.400000000000000133e-01 1.223216229966268465e+01
1.410000000000000142e-01 1.226603057770672223e+01
1.420000000000000151e-01 1.229988418780110671e+01
1.430000000000000160e-01 1.233372633615140579e+01
1.440000000000000169e-01 1.236756017214767489e+01
1.449999999999999900e-01 1.240138878970697611e+01
1.459999999999999909e-01 1.243521522857549755e+01
1.469999999999999918e-01 1.246904247559169576e+01
1.479999999999999927e-01 1.250287346591207793e+01
1.489999999999999936e-01 1.253671108420070901e+01
1.499999999999999944e-01 1.257055816578402130e+01
1.509999999999999953e-01 1.260441749777190346e+01
1.519999999999999962e-01 1.263829182014647934e+01
1.529999999999999971e-01 1.267218382681955546e+01
1.539999999999999980e-01 1.270609616665989883e+01
1.549999999999999989e-01 1.274003144449142688e+01
1.559999999999999998e-01 1.277399222206323692e+01
1.570000000000000007e-01 1.280798101899247321e+01
1.580000000000000016e-01 1.284200031368100348e+01
1.590000000000000024e-01 1.287605254420664913e+01
1.600000000000000033e-01 1.291014010919007227e+01
1.610000000000000042e-01 1.294426536863780086e+01
1.620000000000000051e-01 1.297843064476255215e+01
1.630000000000000060e-01 1.301263822278125915e+01
1.640000000000000069e-01 1.304689035169179334e+01
1.650000000000000078e-01 1.308118924502895730e+01
1.660000000000000087e-01 1.311553708160039200e+01
1.670000000000000095e-01 1.314993600620314673e+01
1.680000000000000104e-01 1.318438813032146761e+01
1.690000000000000113e-01 1.321889553280636420e+01
1.700000000000000122e-01 1.325346026053761861e+01
1.710000000000000131e-01 1.328808432906883930e+01
1.720000000000000140e-01 1.332276972325577091e+01
1.730000000000000149e-01 1.335751839786884965e+01
1.740000000000000158e-01 1.339233227819012839e+01
1.750000000000000167e-01 1.342721326059519882e+01
1.759999999999999898e-01 1.346216321312056152e+01
1.769999999999999907e-01 1.349718397601689368e+01
1.779999999999999916e-01 1.353227736228854461e+01
1.789999999999999925e-01 1.356744515821984187e+01
1.799999999999999933e-01 1.360268912388847617e+01
1.809999999999999942e-01 1.363801099366635761e+01
1.819999999999999951e-01 1.367341247670836424e+01
1.829999999999999960e-01 1.370889525742935255e+01
1.839999999999999969e-01 1.374446099596964999e+01
1.849999999999999978e-01 1.378011132864955179e+01
1.859999999999999987e-01 1.381584786841293067e+01
1.869999999999999996e-01 1.385167220526051324e+01
1.880000000000000004e-01 1.388758590667288928e+01
1.890000000000000013e-01 1.392359051802363368e+01
1.900000000000000022e-01 1.395968756298297464e+01
1.910000000000000031e-01 1.399587854391198505e+01
1.920000000000000040e-01 1.403216494224774635e+01
1.930000000000000049e-01 1.406854821887974794e+01
1.940000000000000058e-01 1.410502981451772087e+01
1.950000000000000067e-01 1.414161115005108371e+01
1.960000000000000075e-01 1.417829362690035566e+01
1.970000000000000084e-01 1.421507862736059735e+01
1.980000000000000093e-01 1.425196751493739100e+01
1.990000000000000102e-01 1.428896163467505076e+01
2.000000000000000111e-01 1.432606231347790171e+01
2.010000000000000120e-01 1.436327086042429002e+01
2.020000000000000129e-01 1.440058856707380386e+01
2.030000000000000138e-01 1.443801670776776191e+01
2.040000000000000147e-01 1.447555653992325020e+01
2.050000000000000155e-01 1.451320930432078171e+01
2.060000000000000164e-01 1.455097622538577085e+01
2.070000000000000173e-01 1.458885851146400370e+01
2.080000000000000182e-01 1.462685735509127483e+01
2.089999999999999913e-01 1.466497393325729348e+01
2.099999999999999922e-01 1.470320940766404050e+01
2.109999999999999931e-01 1.474156492497869664e+01
2.119999999999999940e-01 1.478004161708127029e+01
2.129999999999999949e-01 1.481864060130718386e+01
2.139999999999999958e-01 1.485736298068468386e+01
2.149999999999999967e-01 1.489620984416747262e+01
2.159999999999999976e-01 1.493518226686261130e+01
2.169999999999999984e-01 1.497428131025356990e+01
2.179999999999999993e-01 1.501350802241902826e+01
2.190000000000000002e-01 1.505286343824699458e+01
2.200000000000000011e-01 1.509234857964477072e+01
2.210000000000000020e-01 1.513196445574465798e+01
2.220000000000000029e-01 1.517171206310558418e+01
2.230000000000000038e-01 1.521159238591061680e+01
2.240000000000000047e-01 1.525160639616073865e+01
2.250000000000000056e-01 1.529175505386467648e+01
2.260000000000000064e-01 1.533203930722508801e+01
2.270000000000000073e-01 1.537246009282095116e+01
2.280000000000000082e-01 1.541301833578669189e+01
2.290000000000000091e-01 1.545371494998753548e+01
2.300000000000000100e-01 1.549455083819171364e+01
2.310000000000000109e-01 1.553552689223918648e+01
2.320000000000000118e-01 1.557664399320727000e+01
2.330000000000000127e-01 1.561790301157305905e+01
2.340000000000000135e-01 1.565930480737270258e+01
2.350000000000000144e-01 1.570085023035781546e+01
2.360000000000000153e-01 1.574254012014879223e+01
2.370000000000000162e-01 1.578437530638535335e+01
2.380000000000000171e-01 1.582635660887432394e+01
2.390000000000000180e-01 1.586848483773439256e+01
2.399999999999999911e-01 1.591076079353862127e+01
2.409999999999999920e-01 1.595318526745395005e+01
2.419999999999999929e-01 1.599575904137830662e+01
2.429999999999999938e-01 1.603848288807525080e+01
2.439999999999999947e-01 1.608135757130602173e+01
2.449999999999999956e-01 1.612438384595932206e+01
2.459999999999999964e-01 1.616756245817869342e+01
2.469999999999999973e-01 1.621089414548760388e+01
2.479999999999999982e-01 1.625437963691228305e+01
2.489999999999999991e-01 1.629801965310240419e+01
2.500000000000000000e-01 1.634181490644957435e+01
2.510000000000000009e-01 1.638576610120374966e+01
2.520000000000000018e-01 1.642987393358756876e+01
2.530000000000000027e-01 1.647413909190870029e+01
2.540000000000000036e-01 1.651856225667022215e+01
2.550000000000000044e-01 1.656314410067905740e+01
2.560000000000000053e-01 1.660788528915251661e+01
2.570000000000000062e-01 1.665278647982301052e+01
2.580000000000000071e-01 1.669784832304097932e+01
2.590000000000000080e-01 1.674307146187596729e+01
2.600000000000000089e-01 1.678845653221607748e+01
2.610000000000000098e-01 1.683400416286562873e+01
2.620000000000000107e-01 1.687971497564124590e+01
2.630000000000000115e-01 1.692558958546618086e+01
2.640000000000000124e-01 1.697162860046322308e+01
2.650000000000000133e-01 1.701783262204589064e+01
2.660000000000000142e-01 1.706420224500818250e+01
2.670000000000000151e-01 1.711073805761278877e+01
2.680000000000000160e-01 1.715744064167783023e+01
2.690000000000000169e-01 1.720431057266223362e+01
2.700000000000000178e-01 1.725134841974956501e+01
2.710000000000000187e-01 1.729855474593058418e+01
2.720000000000000195e-01 1.734593010808444546e+01
2.730000000000000204e-01 1.739347505705846331e+01
2.740000000000000213e-01 1.744119013774672666e+01
2.750000000000000222e-01 1.748907588916732792e+01
2.760000000000000231e-01 1.753713284453835186e+01
2.770000000000000240e-01 1.758536153135273139e+01
2.780000000000000249e-01 1.763376247145176379e+01
2.790000000000000258e-01 1.768233618109756478e+01
2.800000000000000266e-01 1.773108317104428266e+01
2.810000000000000275e-01 1.778000394660821826e+01
2.820000000000000284e-01 1.782909900773690737e+01
2.830000000000000293e-01 1.787836884907689949e+01
2.840000000000000302e-01 1.792781396004065186e+01
2.850000000000000311e-01 1.797743482487244648e+01
2.860000000000000320e-01 1.802723192271295716e+01
2.870000000000000329e-01 1.807720572766314149e+01
2.880000000000000338e-01 1.812735670884698180e+01
2.889999999999999791e-01 1.817768533047318869e+01
2.899999999999999800e-01 1.822819205189617264e+01
2.909999999999999809e-01 1.827887732767588602e+01
2.919999999999999818e-01 1.832974160763674831e+01
2.929999999999999827e-01 1.838078533692585381e+01
2.939999999999999836e-01 1.843200895607001399e+01
2.949999999999999845e-01 1.848341290103223145e+01
2.959999999999999853e-01 1.853499760326705825e+01
2.969999999999999862e-01 1.858676348977532200e+01
2.979999999999999871e-01 1.863871098315787833e+01
2.989999999999999880e-01 1.869084050166860322e+01
2.999999999999999889e-01 1.874315245926672446e+01
3.009999999999999898e-01 1.879564726566811572e+01
3.019999999999999907e-01 1.884832532639601510e+01
3.029999999999999916e-01 1.890118704283103312e+01
3.039999999999999925e-01 1.895423281226020151e+01
3.049999999999999933e-01 1.900746302792551035e+01
3.059999999999999942e-01 1.906087807907165654e+01
3.069999999999999951e-01 1.911447835099311732e+01
3.079999999999999960e-01 1.916826422508038519e+01
3.089999999999999969e-01 1.922223607886584062e+01
3.099999999999999978e-01 1.927639428606866545e+01
3.109999999999999987e-01 1.933073921663925177e+01
3.119999999999999996e-01 1.938527123680293585e+01
3.130000000000000004e-01 1.943999070910312810e+01
3.140000000000000013e-01 1.949489799244375376e+01
3.150000000000000022e-01 1.954999344213122470e+01
3.160000000000000031e-01 1.960527740991562951e+01
3.170000000000000040e-01 1.966075024403153293e+01
3.180000000000000049e-01 1.971641228923803624e+01
3.190000000000000058e-01 1.977226388685838288e+01
3.200000000000000067e-01 1.982830537481886779e+01
3.210000000000000075e-01 1.988453708768751937e+01
3.220000000000000084e-01 1.994095935671175113e+01
3.230000000000000093e-01 1.999757250985591384e+01
3.240000000000000102e-01 2.005437687183815854e+01
3.250000000000000111e-01 2.011137276416671682e+01
3.260000000000000120e-01 2.016856050517585430e+01
3.270000000000000129e-01 2.022594041006117749e+01
3.280000000000000138e-01 2.028351279091457116e+01
3.290000000000000147e-01 2.034127795675848915e+01
3.300000000000000155e-01 2.039923621357999650e+01
3.310000000000000164e-01 2.045738786436416490e+01
3.320000000000000173e-01 2.051573320912715559e+01
3.330000000000000182e-01 2.057427254494873381e+01
3.340000000000000191e-01 2.063300616600438531e+01
3.350000000000000200e-01 2.069193436359703497e+01
3.360000000000000209e-01 2.075105742618831073e+01
3.370000000000000218e-01 2.081037563942944502e+01
3.380000000000000226e-01 2.086988928619156525e+01
3.390000000000000235e-01 2.092959864659590608e+01
3.400000000000000244e-01 2.098950399804332534e+01
3.410000000000000253e-01 2.104960561524353579e+01
3.420000000000000262e-01 2.110990377024402420e+01
3.430000000000000271e-01 2.117039873245852988e+01
3.440000000000000280e-01 2.123109076869506850e+01
3.450000000000000289e-01 2.129198014318369303e+01
3.460000000000000298e-01 2.135306711760387799e+01
3.470000000000000306e-01 2.141435195111158407e+01
3.480000000000000315e-01 2.147583490036577558e+01
3.490000000000000324e-01 2.153751621955485263e+01
3.500000000000000333e-01 2.159939616042262855e+01
3.510000000000000342e-01 2.166147497229384555e+01
3.519999999999999796e-01 2.172375290209967602e+01
3.529999999999999805e-01 2.178623019440252051e+01
3.539999999999999813e-01 2.184890709142077725e+01
3.549999999999999822e-01 2.191178383305318533e+01
3.559999999999999831e-01 2.197486065690283397e+01
3.569999999999999840e-01 2.203813779830089459e+01
3.579999999999999849e-01 2.210161549033018247e+01
3.589999999999999858e-01 2.216529396384802908e+01
3.599999999999999867e-01 2.222917344750939606e+01
3.609999999999999876e-01 2.229325416778927149e+01
3.619999999999999885e-01 2.235753634900507336e+01
3.629999999999999893e-01 2.242202021333850581e+01
3.639999999999999902e-01 2.248670598085739414e+01
3.649999999999999911e-01 2.255159386953712186e+01
3.659999999999999920e-01 2.261668409528174806e+01
3.669999999999999929e-01 2.268197687194506074e+01
3.679999999999999938e-01 2.274747241135107600e+01
3.689999999999999947e-01 2.281317092331467933e+01
3.699999999999999956e-01 2.287907261566154205e+01
3.709999999999999964e-01 2.294517769424818709e+01
3.719999999999999973e-01 2.301148636298164973e+01
3.729999999999999982e-01 2.307799882383888956e+01
3.739999999999999991e-01 2.314471527688597519e+01
3.750000000000000000e-01 2.321163592029707701e+01
3.760000000000000009e-01 2.327876095037314030e+01
3.770000000000000018e-01 2.334609056156050855e+01
3.780000000000000027e-01 2.341362494646907066e+01
3.790000000000000036e-01 2.348136429589047225e+01
3.800000000000000044e-01 2.354930879881585071e+01
3.810000000000000053e-01 2.361745864245349935e+01
3.820000000000000062e-01 2.368581401224636096e+01
3.830000000000000071e-01 2.375437509188913054e+01
3.840000000000000080e-01 2.382314206334537943e+01
3.850000000000000089e-01 2.389211510686429563e+01
3.860000000000000098e-01 2.396129440099735319e+01
3.870000000000000107e-01 2.403068012261468311e+01
3.880000000000000115e-01 2.410027244692133053e+01
3.890000000000000124e-01 2.417007154747325615e+01
3.900000000000000133e-01 2.424007759619328795e+01
3.910000000000000142e-01 2.431029076338662520e+01
3.920000000000000151e-01 2.438071121775642780e+01
3.930000000000000160e-01 2.445133912641912133e+01
3.940000000000000169e-01 2.452217465491944637e+01
3.950000000000000178e-01 2.459321796724552911e+01
3.960000000000000187e-01 2.466446922584345458e+01
3.970000000000000195e-01 2.473592859163216673e+01
3.980000000000000204e-01 2.480759622401762954e+01
3.990000000000000213e-01 2.487947228090723684e+01
4.000000000000000222e-01 2.495155691872395209e+01
4.010000000000000231e-01 2.502385029242014269e+01
4.020000000000000240e-01 2.509635255549149946e+01
4.030000000000000249e-01 2.516906385999056539e+01
4.040000000000000258e-01 2.524198435654029282e+01
4.050000000000000266e-01 2.531511419434730215e+01
4.060000000000000275e-01 2.538845352121517607e+01
4.070000000000000284e-01 2.546200248355731333e+01
4.080000000000000293e-01 2.553576122641000268e+01
4.090000000000000302e-01 2.560972989344499950e+01
4.100000000000000311e-01 2.568390862698226584e+01
4.110000000000000320e-01 2.575829756800227699e+01
4.120000000000000329e-01 2.583289685615845599e+01
4.130000000000000338e-01 2.590770662978937366e+01
4.140000000000000346e-01 2.598272702593061467e+01
4.150000000000000355e-01 2.605795818032698463e+01
4.160000000000000364e-01 2.613340022744398539e+01
4.169999999999999818e-01 2.620905330047965975e+01
4.179999999999999827e-01 2.628491753137605258e+01
4.189999999999999836e-01 2.636099305083066469e+01
4.199999999999999845e-01 2.643727998830760129e+01
4.209999999999999853e-01 2.651377847204889804e+01
4.219999999999999862e-01 2.659048862908540656e+01
4.229999999999999871e-01 2.666741058524776520e+01
4.239999999999999880e-01 2.674454446517718509e+01
4.249999999999999889e-01 2.682189039233609407e+01
4.259999999999999898e-01 2.689944848901880903e+01
4.269999999999999907e-01 2.697721887636182458e+01
4.279999999999999916e-01 2.705520167435423673e+01
4.289999999999999925e-01 2.713339700184793202e+01
4.299999999999999933e-01 2.721180497656783359e+01
4.309999999999999942e-01 2.729042571512160720e+01
4.319999999999999951e-01 2.736925933300994984e+01
4.329999999999999960e-01 2.744830594463601159e+01
4.339999999999999969e-01 2.752756566331540711e+01
4.349999999999999978e-01 2.760703860128552378e+01
4.359999999999999987e-01 2.768672486971524194e+01
4.369999999999999996e-01 2.776662457871417189e+01
4.380000000000000004e-01 2.784673783734200470e+01
4.390000000000000013e-01 2.792706475361767104e+01
4.400000000000000022e-01 2.800760543452846463e+01
4.410000000000000031e-01 2.808835998603903050e+01
4.420000000000000040e-01 2.816932851310025399e+01
4.430000000000000049e-01 2.825051111965811401e+01
4.440000000000000058e-01 2.833190790866242281e+01
4.450000000000000067e-01 2.841351898207526716e+01
4.460000000000000075e-01 2.849534444087981200e+01
4.470000000000000084e-01 2.857738438508867773e+01
4.480000000000000093e-01 2.865963891375210437e+01
4.490000000000000102e-01 2.874210812496654910e+01
4.500000000000000111e-01 2.882479211588265144e+01
4.510000000000000120e-01 2.890769098271342585e+01
4.520000000000000129e-01 2.899080482074232634e+01
4.530000000000000138e-01 2.907413372433102694e+01
4.540000000000000147e-01 2.915767778692758583e+01
4.550000000000000155e-01 2.924143710107389893e+01
4.560000000000000164e-01 2.932541175841362247e+01
4.570000000000000173e-01 2.940960184969979707e+01
4.580000000000000182e-01 2.949400746480222324e+01
4.590000000000000191e-01 2.957862869271510675e+01
4.600000000000000200e-01 2.966346562156448385e+01
4.610000000000000209e-01 2.974851833861533379e+01
4.620000000000000218e-01 2.983378693027908213e+01
4.630000000000000226e-01 2.991927148212060672e+01
4.640000000000000235e-01 3.000497207886539996e+01
4.650000000000000244e-01 3.009088880440663871e+01
4.660000000000000253e-01 3.017702174181214048e+01
4.670000000000000262e-01 3.026337097333118464e+01
4.680000000000000271e-01 3.034993658040139763e+01
4.690000000000000280e-01 3.043671864365563096e+01
4.700000000000000289e-01 3.052371724292839872e+01
4.710000000000000298e-01 3.061093245726276990e+01
4.720000000000000306e-01 3.069836436491672771e+01
4.730000000000000315e-01 3.078601304336986288e+01
4.740000000000000324e-01 3.087387856932953412e+01
4.750000000000000333e-01 3.096196101873759687e+01
4.760000000000000342e-01 3.105026046677638618e+01
4.770000000000000351e-01 3.113877698787521098e+01
4.780000000000000360e-01 3.122751065571632267e+01
4.790000000000000369e-01 3.131646154324128872e+01
4.799999999999999822e-01 3.140562972265686881e+01
4.809999999999999831e-01 3.149501526544107577e+01
4.819999999999999840e-01 3.158461824234918680e+01
4.829999999999999849e-01 3.167443872341951305e+01
4.839999999999999858e-01 3.176447677797942504e+01
4.849999999999999867e-01 3.185473247465095170e+01
4.859999999999999876e-01 3.194520588135663530e+01
4.869999999999999885e-01 3.203589706532505943e+01
4.879999999999999893e-01 3.212680609309671809e+01
4.889999999999999902e-01 3.221793303052928081e+01
4.899999999999999911e-01 3.230927794280327703e+01
4.909999999999999920e-01 3.240084089442758142e+01
4.919999999999999929e-01 3.249262194924470037e+01
4.929999999999999938e-01 3.258462117043621475e+01
4.939999999999999947e-01 3.267683862052810184e+01
4.949999999999999956e-01 3.276927436139581573e+01
4.959999999999999964e-01 3.286192845426980824e+01
4.969999999999999973e-01 3.295480095974043167e+01
4.979999999999999982e-01 3.304789193776304046e+01
4.989999999999999991e-01 3.314120144766329190e+01
5.000000000000000000e-01 3.323472954814184988e+01
5.010000000000000009e-01 3.332847629727962868e+01
5.020000000000000018e-01 3.342244175254248262e+01
5.030000000000000027e-01 3.351662597078632189e+01
5.040000000000000036e-01 3.361102900826168138e+01
5.050000000000000044e-01 3.370565092061864476e+01
5.060000000000000053e-01 3.380049176291171165e+01
5.070000000000000062e-01 3.389555158960412484e+01
5.080000000000000071e-01 3.399083045457301466e+01
5.090000000000000080e-01 3.408632841111353429e+01
5.100000000000000089e-01 3.418204551194379093e+01
5.110000000000000098e-01 3.427798180920913751e+01
5.120000000000000107e-01 3.437413735448677699e+01
5.130000000000000115e-01 3.447051219879019612e+01
5.140000000000000124e-01 3.456710639257352824e+01
5.150000000000000133e-01 3.466391998573595146e+01
5.160000000000000142e-01 3.476095302762598749e+01
5.170000000000000151e-01 3.485820556704578621e+01
5.180000000000000160e-01 3.495567765225542445e+01
5.190000000000000169e-01 3.505336933097706975e+01
5.200000000000000178e-01 3.515128065039905891e+01
5.210000000000000187e-01 3.524941165718027491e+01
5.220000000000000195e-01 3.534776239745398385e+01
5.230000000000000204e-01 3.544633291683206977e+01
5.240000000000000213e-01 3.554512326040887160e+01
5.250000000000000222e-01 3.564413347276541799e+01
5.260000000000000231e-01 3.574336359797316476e+01
5.270000000000000240e-01 3.584281367959800235e+01
5.280000000000000249e-01 3.594248376070416384e+01
5.290000000000000258e-01 3.604237388385793395e+01
5.300000000000000266e-01 3.614248409113169203e+01
5.310000000000000275e-01 3.624281442410737242e+01
5.320000000000000284e-01 3.634336492388060691e+01
5.330000000000000293e-01 3.644413563106392928e+01
5.340000000000000302e-01 3.654512658579105278e+01
5.350000000000000311e-01 3.664633782771995385e+01
5.360000000000000320e-01 3.674776939603687964e+01
5.370000000000000329e-01 3.684942132945975857e+01
5.380000000000000338e-01 3.695129366624171041e+01
5.390000000000000346e-01 3.705338644417469851e+01
5.400000000000000355e-01 3.715569970059294036e+01
5.410000000000000364e-01 3.725823347237635375e+01
5.420000000000000373e-01 3.736098779595404551e+01
5.430000000000000382e-01 3.746396270730762978e+01
5.440000000000000391e-01 3.756715824197467413e+01
5.450000000000000400e-01 3.767057443505203906e+01
5.460000000000000409e-01 3.777421132119904712e+01
5.470000000000000417e-01 3.787806893464095026e+01
5.480000000000000426e-01 3.798214730917211313e+01
5.490000000000000435e-01 3.808644647815921047e+01
5.500000000000000444e-01 3.819096647454441040e+01
5.510000000000000453e-01 3.829570733084861445e+01
5.520000000000000462e-01 3.840066907917463368e+01
5.530000000000000471e-01 3.850585175121009485e+01
5.540000000000000480e-01 3.861125537823081544e+01
5.550000000000000488e-01 3.871687999110362455e+01
5.560000000000000497e-01 3.882272562028951768e+01
5.570000000000000506e-01 3.892879229584670497e+01
5.580000000000000515e-01 3.903508004743351023e+01
5.590000000000000524e-01 3.914158890431133386e+01
5.600000000000000533e-01 3.924831889534769402e+01
5.610000000000000542e-01 3.935527004901896930e+01
5.620000000000000551e-01 3.946244239341345406e+01
5.630000000000000560e-01 3.956983595623411532e+01
5.640000000000000568e-01 3.967745076480144917e+01
5.650000000000000577e-01 3.978528684605630872e+01
5.660000000000000586e-01 3.989334422656268941e+01
5.670000000000000595e-01 4.000162293251048595e+01
5.680000000000000604e-01 4.011012298971832024e+01
5.690000000000000613e-01 4.021884442363609935e+01
5.700000000000000622e-01 4.032778725934777242e+01
5.710000000000000631e-01 4.043695152157414441e+01
5.720000000000000639e-01 4.054633723467533457e+01
5.730000000000000648e-01 4.065594442265363284e+01
5.740000000000000657e-01 4.076577310915573094e+01
5.750000000000000666e-01 4.087582331747573505e+01
5.760000000000000675e-01 4.098609507055749646e+01
5.769999999999999574e-01 4.109658839099718364e+01
5.779999999999999583e-01 4.120730330104588290e+01
5.789999999999999591e-01 4.131823982261198580e+01
5.799999999999999600e-01 4.142939797726376128e+01
5.809999999999999609e-01 4.154077778623178574e+01
5.819999999999999618e-01 4.165237927041140154e+01
5.829999999999999627e-01 4.176420245036514700e+01
5.839999999999999636e-01 4.187624734632505863e+01
5.849999999999999645e-01 4.198851397819528586e+01
5.859999999999999654e-01 4.210100236555409481e+01
5.869999999999999662e-01 4.221371252765661097e+01
5.879999999999999671e-01 4.232664448343682295e+01
5.889999999999999680e-01 4.243979825151009777e+01
5.899999999999999689e-01 4.255317385017541199e+01
5.909999999999999698e-01 4.266677129741751173e+01
5.919999999999999707e-01 4.278059061090931436e+01
5.929999999999999716e-01 4.289463180801404008e+01
5.939999999999999725e-01 4.300889490578749985e+01
5.949999999999999734e-01 4.312337992098025552e+01
5.959999999999999742e-01 4.323808687003977980e+01
5.969999999999999751e-01 4.335301576911263055e+01
5.979999999999999760e-01 4.346816663404663927e+01
5.989999999999999769e-01 4.358353948039294323e+01
5.999999999999999778e-01 4.369913432340821657e+01
6.009999999999999787e-01 4.381495117805665984e+01
6.019999999999999796e-01 4.393099005901220266e+01
6.029999999999999805e-01 4.404725098066029432e+01
6.039999999999999813e-01 4.416373395710031957e+01
6.049999999999999822e-01 4.428043900214731821e+01
6.059999999999999831e-01 4.439736612933418769e+01
6.069999999999999840e-01 4.451451535191364428e+01
6.079999999999999849e-01 4.463188668285999938e+01
6.089999999999999858e-01 4.474948013487144749e+01
6.099999999999999867e-01 4.486729572037175728e+01
6.109999999999999876e-01 4.498533345151246010e+01
6.119999999999999885e-01 4.510359334017437050e+01
6.129999999999999893e-01 4.522207539796997366e+01
6.139999999999999902e-01 4.534077963624488916e+01
6.149999999999999911e-01 4.545970606608003095e+01
6.159999999999999920e-01 4.557885469829336955e+01
6.169999999999999929e-01 4.569822554344163734e+01
6.179999999999999938e-01 4.581781861182244597e+01
6.189999999999999947e-01 4.593763391347590641e+01
6.199999999999999956e-01 4.605767145818634845e+01
6.209999999999999964e-01 4.617793125548440969e+01
6.219999999999999973e-01 4.629841331464851351e+01
6.229999999999999982e-01 4.641911764470670221e+01
6.239999999999999991e-01 4.654004425443859816e+01
6.250000000000000000e-01 4.666119315237681064e+01
6.260000000000000009e-01 4.678256434680885434e+01
6.270000000000000018e-01 4.690415784577876934e+01
6.280000000000000027e-01 4.702597365708894017e+01
6.290000000000000036e-01 4.714801178830160211e+01
6.300000000000000044e-01 4.727027224674063177e+01
6.310000000000000053e-01 4.739275503949313872e+01
6.320000000000000062e-01 4.751546017341118500e+01
6.330000000000000071e-01 4.763838765511330564e+01
6.340000000000000080e-01 4.776153749098624246e+01
6.350000000000000089e-01 4.788490968718640772e+01
6.360000000000000098e-01 4.800850424964156105e+01
6.370000000000000107e-01 4.813232118405245785e+01
6.380000000000000115e-01 4.825636049589431309e+01
6.390000000000000124e-01 4.838062219041835021e+01
6.400000000000000133e-01 4.850510627265337860e+01
6.410000000000000142e-01 4.862981274740738513e+01
6.420000000000000151e-01 4.875474161926895533e+01
6.430000000000000160e-01 4.887989289260882231e+01
6.440000000000000169e-01 4.900526657158145838e+01
6.450000000000000178e-01 4.913086266012626879e+01
6.460000000000000187e-01 4.925668116196952440e+01
6.470000000000000195e-01 4.938272208062535640e+01
6.480000000000000204e-01 4.950898541939754693e+01
6.490000000000000213e-01 4.963547118138085068e+01
6.500000000000000222e-01 4.976217936946237330e+01
6.510000000000000231e-01 4.988910998632304938e+01
6.520000000000000240e-01 5.001626303443907773e+01
6.530000000000000249e-01 5.014363851608331402e+01
6.540000000000000258e-01 5.027123643332657821e+01
6.550000000000000266e-01 5.039905678803914668e+01
6.560000000000000275e-01 5.052709958189204542e+01
6.570000000000000284e-01 5.065536481635838584e+01
6.580000000000000293e-01 5.078385249271485691e+01
6.590000000000000302e-01 5.091256261204294731e+01
6.600000000000000311e-01 5.104149517523023860e+01
6.610000000000000320e-01 5.117065018297179790e+01
6.620000000000000329e-01 5.130002763577142844e+01
6.630000000000000338e-01 5.142962753394313324e+01
6.640000000000000346e-01 5.155944987761220943e+01
6.650000000000000355e-01 5.168949466671654136e+01
6.660000000000000364e-01 5.181976190100805013e+01
6.670000000000000373e-01 5.195025158005378785e+01
6.680000000000000382e-01 5.208096370323718816e+01
6.690000000000000391e-01 5.221189826975938786e+01
6.700000000000000400e-01 5.234305527864046326e+01
6.710000000000000409e-01 5.247443472872065229e+01
6.720000000000000417e-01 5.260603661866142033e+01
6.730000000000000426e-01 5.273786094694699500e+01
6.740000000000000435e-01 5.286990771188511928e+01
6.750000000000000444e-01 5.300217691160868583e+01
6.760000000000000453e-01 5.313466854407661799e+01
6.770000000000000462e-01 5.326738260707516304e+01
6.780000000000000471e-01 5.340031909821907163e+01
6.790000000000000480e-01 5.353347801495263525e+01
6.800000000000000488e-01 5.366685935455097933e+01
6.810000000000000497e-01 5.380046311412112914e+01
6.820000000000000506e-01 5.393428929060318922e+01
6.830000000000000515e-01 5.406833788077130976e+01
6.840000000000000524e-01 5.420260888123502241e+01
6.850000000000000533e-01 5.433710228844030610e+01
6.860000000000000542e-01 5.447181809867045388e+01
6.870000000000000551e-01 5.460675630804743719e+01
6.880000000000000560e-01 5.474191691253282954e+01
6.890000000000000568e-01 5.487729990792907131e+01
6.900000000000000577e-01 5.501290528988023709e+01
6.910000000000000586e-01 5.514873305387339997e+01
6.920000000000000595e-01 5.528478319523946993e+01
6.930000000000000604e-01 5.542105570915434498e+01
6.940000000000000613e-01 5.555755059063987744e+01
6.950000000000000622e-01 5.569426783456503927e+01
6.960000000000000631e-01 5.583120743564684574e+01
6.970000000000000639e-01 5.596836938845123655e+01
6.980000000000000648e-01 5.610575368739439739e+01
6.990000000000000657e-01 5.624336032674349894e+01
7.000000000000000666e-01 5.638118930061787637e+01
7.010000000000000675e-01 5.651924060298978247e+01
7.020000000000000684e-01 5.665751422768563828e+01
7.030000000000000693e-01 5.679601016838680039e+01
7.039999999999999591e-01 5.693472841863065526e+01
7.049999999999999600e-01 5.707366897181152865e+01
7.059999999999999609e-01 5.721283182118163779e+01
7.069999999999999618e-01 5.735221695985195822e+01
7.079999999999999627e-01 5.749182438079341750e+01
7.089999999999999636e-01 5.763165407683743524e+01
7.099999999999999645e-01 5.777170604067728732e+01
7.109999999999999654e-01 5.791198026486870276e+01
7.119999999999999662e-01 5.805247674183087270e+01
7.129999999999999671e-01 5.819319546384743091e+01
7.139999999999999680e-01 5.833413642306719282e+01
7.149999999999999689e-01 5.847529961150532074e+01
7.159999999999999698e-01 5.861668502104392076e+01
7.169999999999999707e-01 5.875829264343303748e+01
7.179999999999999716e-01 5.890012247029153514e+01
7.189999999999999725e-01 5.904217449310819177e+01
7.199999999999999734e-01 5.918444870324199769e+01
7.209999999999999742e-01 5.932694509192367605e+01
7.219999999999999751e-01 5.946966365025595280e+01
7.229999999999999760e-01 5.961260436921492101e+01
7.239999999999999769e-01 5.975576723965049553e+01
7.249999999999999778e-01 5.989915225228740780e+01
7.259999999999999787e-01 6.004275939772597326e+01
7.269999999999999796e-01 6.018658866644308603e+01
7.279999999999999805e-01 6.033064004879280162e+01
7.289999999999999813e-01 6.047491353500721800e+01
7.299999999999999822e-01 6.061940911519742770e+01
7.309999999999999831e-01 6.076412677935410045e+01
7.319999999999999840e-01 6.090906651734853483e+01
7.329999999999999849e-01 6.105422831893318403e+01
7.339999999999999858e-01 6.119961217374248008e+01
7.349999999999999867e-01 6.134521807129395654e+01
7.359999999999999876e-01 6.149104600098849005e+01
7.369999999999999885e-01 6.163709595211155090e+01
7.379999999999999893e-01 6.178336791383357252e+01
7.389999999999999902e-01 6.192986187521107411e+01
7.399999999999999911e-01 6.207657782518695910e+01
7.409999999999999920e-01 6.222351575259189360e+01
7.419999999999999929e-01 6.237067564614436321e+01
7.429999999999999938e-01 6.251805749445202309e+01
7.439999999999999947e-01 6.266566128601185426e+01
7.449999999999999956e-01 6.281348700921157047e+01
7.459999999999999964e-01 6.296153465232951874e+01
7.469999999999999973e-01 6.310980420353617149e+01
7.479999999999999982e-01 6.325829565089432549e+01
7.489999999999999991e-01 6.340700898236013927e+01
7.500000000000000000e-01 6.355594418578350258e+01
7.510000000000000009e-01 6.370510124890915904e+01
7.520000000000000018e-01 6.385448015937691935e+01
7.530000000000000027e-01 6.400408090472271283e+01
7.540000000000000036e-01 6.415390347237931223e+01
7.550000000000000044e-01 6.430394784967657529e+01
7.560000000000000053e-01 6.445421402384252474e+01
7.570000000000000062e-01 6.460470198200397363e+01
7.580000000000000071e-01 6.475541171118707950e+01
7.590000000000000080e-01 6.490634319831801236e+01
7.600000000000000089e-01 6.505749643022363671e+01
7.610000000000000098e-01 6.520887139363229323e+01
7.620000000000000107e-01 6.536046807517428192e+01
7.630000000000000115e-01 6.551228646138247314e+01
7.640000000000000124e-01 6.566432653869311764e+01
7.650000000000000133e-01 6.581658829344640083e+01
7.660000000000000142e-01 6.596907171188705377e+01
7.670000000000000151e-01 6.612177678016507798e+01
7.680000000000000160e-01 6.627470348433627123e+01
7.690000000000000169e-01 6.642785181036272490e+01
7.700000000000000178e-01 6.658122174411380456e+01
7.710000000000000187e-01 6.673481327136643415e+01
7.720000000000000195e-01 6.688862637780592024e+01
7.730000000000000204e-01 6.704266104902626466e+01
7.740000000000000213e-01 6.719691727053114505e+01
7.750000000000000222e-01 6.735139502773422748e+01
7.760000000000000231e-01 6.750609430595993388e+01
7.770000000000000240e-01 6.766101509044379725e+01
7.780000000000000249e-01 6.781615736633338543e+01
7.790000000000000258e-01 6.797152111868862789e+01
7.800000000000000266e-01 6.812710633248237002e+01
7.810000000000000275e-01 6.828291299260114045e+01
7.820000000000000284e-01 6.843894108384562003e+01
7.830000000000000293e-01 6.859519059093116766e+01
7.840000000000000302e-01 6.875166149848840291e+01
7.850000000000000311e-01 6.890835379106385972e+01
7.860000000000000320e-01 6.906526745312041271e+01
7.870000000000000329e-01 6.922240246903787408e+01
7.880000000000000338e-01 6.937975882311359044e+01
7.890000000000000346e-01 6.953733649956291174e+01
7.900000000000000355e-01 6.969513548251973134e+01
7.910000000000000364e-01 6.985315575603726757e+01
7.920000000000000373e-01 7.001139730408802109e+01
7.930000000000000382e-01 7.016986011056499706e+01
7.940000000000000391e-01 7.032854415928179037e+01
7.950000000000000400e-01 7.048744943397321094e+01
7.960000000000000409e-01 7.064657591829582373e+01
7.970000000000000417e-01 7.080592359582850293e+01
7.980000000000000426e-01 7.096549245007287254e+01
7.990000000000000435e-01 7.112528246445384639e+01
8.000000000000000444e-01 7.128529362232018229e+01
8.010000000000000453e-01 7.144552590694483740e+01
8.020000000000000462e-01 7.160597930152572133e+01
8.030000000000000471e-01 7.176665378918593774e+01
8.040000000000000480e-01 7.192754935297443808e+01
8.050000000000000488e-01 7.208866597586633418e+01
8.060000000000000497e-01 7.225000364076385040e+01
8.070000000000000506e-01 7.241156233049603941e+01
8.080000000000000515e-01 7.257334202781997590e+01
8.090000000000000524e-01 7.273534271542081342e+01
8.100000000000000533e-01 7.289756437591263705e+01
8.110000000000000542e-01 7.306000699183837810e+01
8.120000000000000551e-01 7.322267054567076627e+01
8.130000000000000560e-01 7.338555501981269913e+01
8.140000000000000568e-01 7.354866039659759736e+01
8.150000000000000577e-01 7.371198665828978847e+01
8.160000000000000586e-01 7.387553378708530261e+01
8.170000000000000595e-01 7.403930176511188677e+01
8.180000000000000604e-01 7.420329057442990006e+01
8.190000000000000613e-01 7.436750019703241321e+01
8.200000000000000622e-01 7.453193061484579118e+01
8.210000000000000631e-01 7.469658180973020478e+01
8.220000000000000639e-01 7.486145376347998592e+01
8.230000000000000648e-01 7.502654645782392606e+01
8.240000000000000657e-01 7.519185987442612884e+01
8.250000000000000666e-01 7.535739399488603851e+01
8.260000000000000675e-01 7.552314880073890890e+01
8.270000000000000684e-01 7.568912427345658500e+01
8.280000000000000693e-01 7.585532039444736085e+01
8.290000000000000702e-01 7.602173714505701696e+01
8.300000000000000711e-01 7.618837450656884869e+01
8.310000000000000719e-01 7.635523246020400734e+01
8.320000000000000728e-01 7.652231098712228174e+01
8.329999999999999627e-01 7.668961006842214090e+01
8.339999999999999636e-01 7.685712968514151555e+01
8.349999999999999645e-01 7.702486981825778400e+01
8.359999999999999654e-01 7.719283044868858212e+01
8.369999999999999662e-01 7.736101155729183176e+01
8.379999999999999671e-01 7.752941312486647973e+01
8.389999999999999680e-01 7.769803513215265411e+01
8.399999999999999689e-01 7.786687755983207637e+01
8.409999999999999698e-01 7.803594038852865822e+01
8.419999999999999707e-01 7.820522359880868635e+01
8.429999999999999716e-01 7.837472717118117771e+01
8.439999999999999725e-01 7.854445108609856163e+01
8.449999999999999734e-01 7.871439532395660876e+01
8.459999999999999742e-01 7.888455986509529794e+01
8.469999999999999751e-01 7.905494468979877354e+01
8.479999999999999760e-01 7.922554977829598499e+01
8.489999999999999769e-01 7.939637511076094256e+01
8.499999999999999778e-01 7.956742066731317209e+01
8.509999999999999787e-01 7.973868642801795659e+01
8.519999999999999796e-01 7.991017237288680519e+01
8.529999999999999805e-01 8.008187848187787949e+01
8.539999999999999813e-01 8.025380473489613564e+01
8.549999999999999822e-01 8.042595111179377909e+01
8.559999999999999831e-01 8.059831759237080462e+01
8.569999999999999840e-01 8.077090415637512422e+01
8.579999999999999849e-01 8.094371078350296500e+01
8.589999999999999858e-01 8.111673745339929553e+01
8.599999999999999867e-01 8.128998414565802477e+01
8.609999999999999876e-01 8.146345083982264157e+01
8.619999999999999885e-01 8.163713751538624308e+01
8.629999999999999893e-01 8.181104415179203215e+01
8.639999999999999902e-01 8.198517072843354470e+01
8.649999999999999911e-01 8.215951722465516127e+01
8.659999999999999920e-01 8.233408361975230605e+01
8.669999999999999929e-01 8.250886989297188734e+01
8.679999999999999938e-01 8.268387602351251076e+01
8.689999999999999947e-01 8.285910199052486291e+01
8.699999999999999956e-01 8.303454777311200985e+01
8.709999999999999964e-01 8.321021335032989441e+01
8.719999999999999973e-01 8.338609870118730782e+01
8.729999999999999982e-01 8.356220380464665709e+01
8.739999999999999991e-01 8.373852863962376603e+01
8.750000000000000000e-01 8.391507318498878476e+01
8.760000000000000009e-01 8.409183741956594815e+01
8.770000000000000018e-01 8.426882132213432897e+01
8.780000000000000027e-01 8.444602487142770997e+01
8.790000000000000036e-01 8.462344804613556448e+01
8.800000000000000044e-01 8.480109082490244532e+01
8.810000000000000053e-01 8.497895318632907902e+01
8.820000000000000062e-01 8.515703510897239426e+01
8.830000000000000071e-01 8.533533657134566397e+01
8.840000000000000080e-01 8.551385755191907379e+01
8.850000000000000089e-01 8.569259802911989254e+01
8.860000000000000098e-01 8.587155798133269968e+01
8.870000000000000107e-01 8.605073738689983998e+01
8.880000000000000115e-01 8.623013622412159407e+01
8.890000000000000124e-01 8.640975447125651954e+01
8.900000000000000133e-01 8.658959210652170668e+01
8.910000000000000142e-01 8.676964910809320486e+01
8.920000000000000151e-01 8.694992545410602247e+01
8.930000000000000160e-01 8.713042112265475225e+01
8.940000000000000169e-01 8.731113609179359969e+01
8.950000000000000178e-01 8.749207033953680934e+01
8.960000000000000187e-01 8.767322384385886380e+01
8.970000000000000195e-01 8.785459658269471106e+01
8.980000000000000204e-01 8.803618853394027610e+01
8.990000000000000213e-01 8.821799967545254617e+01
9.000000000000000222e-01 8.840002998504974130e+01
9.010000000000000231e-01 8.858227944051182590e+01
9.020000000000000240e-01 8.876474801958076455e+01
9.030000000000000249e-01 8.894743569996049359e+01
9.040000000000000258e-01 8.913034245931754640e+01
9.050000000000000266e-01 8.931346827528116705e+01
9.060000000000000275e-01 8.949681312544348089e+01
9.070000000000000284e-01 8.968037698735994923e+01
9.080000000000000293e-01 8.986415983854948308e+01
9.090000000000000302e-01 9.004816165649478421e+01
9.100000000000000311e-01 9.023238241864240194e+01
9.110000000000000320e-01 9.041682210240352902e+01
9.120000000000000329e-01 9.060148068515348996e+01
9.130000000000000338e-01 9.078635814423265060e+01
9.140000000000000346e-01 9.097145445694630439e+01
9.150000000000000355e-01 9.115676960056501343e+01
9.160000000000000364e-01 9.134230355232486431e+01
9.170000000000000373e-01 9.152805628942780913e+01
9.180000000000000382e-01 9.171402778904169395e+01
9.190000000000000391e-01 9.190021802830079878e+01
9.200000000000000400e-01 9.208662698430575233e+01
9.210000000000000409e-01 9.227325463412395834e+01
9.220000000000000417e-01 9.246010095479002189e+01
9.230000000000000426e-01 9.264716592330540834e+01
9.240000000000000435e-01 9.283444951663938127e+01
9.250000000000000444e-01 9.302195171172871824e+01
9.260000000000000453e-01 9.320967248547827921e+01
9.270000000000000462e-01 9.339761181476086449e+01
9.280000000000000471e-01 9.358576967641792521e+01
9.290000000000000480e-01 9.377414604725944969e+01
9.300000000000000488e-01 9.396274090406421919e+01
9.310000000000000497e-01 9.415155422358026271e+01
9.320000000000000506e-01 9.434058598252471484e+01
9.330000000000000515e-01 9.452983615758446945e+01
9.340000000000000524e-01 9.471930472541600921e+01
9.350000000000000533e-01 9.490899166264591713e+01
9.360000000000000542e-01 9.509889694587093345e+01
9.370000000000000551e-01 9.528902055165821139e+01
9.380000000000000560e-01 9.547936245654562981e+01
9.390000000000000568e-01 9.566992263704176480e+01
9.400000000000000577e-01 9.586070106962657178e+01
9.410000000000000586e-01 9.605169773075090234e+01
9.420000000000000595e-01 9.624291259683744215e+01
9.430000000000000604e-01 9.643434564428048361e+01
9.440000000000000613e-01 9.662599684944618161e+01
9.450000000000000622e-01 9.681786618867303673e+01
9.460000000000000631e-01 9.700995363827161100e+01
9.470000000000000639e-01 9.720225917452526687e+01
9.480000000000000648e-01 9.739478277368999670e+01
9.490000000000000657e-01 9.758752441199482064e+01
9.500000000000000666e-01 9.778048406564187189e+01
9.510000000000000675e-01 9.797366171080685149e+01
9.520000000000000684e-01 9.816705732363865877e+01
9.530000000000000693e-01 9.836067088026032934e+01
9.540000000000000702e-01 9.855450235676869397e+01
9.550000000000000711e-01 9.874855172923489022e+01
9.560000000000000719e-01 9.894281897370424872e+01
9.570000000000000728e-01 9.913730406619683322e+01
9.580000000000000737e-01 9.933200698270735529e+01
9.590000000000000746e-01 9.952692769920554383e+01
9.599999999999999645e-01 9.972206619163614505e+01
9.609999999999999654e-01 9.991742243591951933e+01
9.619999999999999662e-01 1.001129964079513286e+02
9.629999999999999671e-01 1.003087880836030195e+02
9.639999999999999680e-01 1.005047974387218517e+02
9.649999999999999689e-01 1.007010244491312960e+02
9.659999999999999698e-01 1.008974690906311196e+02
9.669999999999999707e-01 1.010941313389974709e+02
9.679999999999999716e-01 1.012910111699832498e+02
9.689999999999999725e-01 1.014881085593180217e+02
9.699999999999999734e-01 1.016854234827084440e+02
9.709999999999999742e-01 1.018829559158384654e+02
9.719999999999999751e-01 1.020807058343692404e+02
9.729999999999999760e-01 1.022786732139395838e+02
9.739999999999999769e-01 1.024768580301659711e+02
9.749999999999999778e-01 1.026752602586428793e+02
9.759999999999999787e-01 1.028738798749428156e+02
9.769999999999999796e-01 1.030727168546164307e+02
9.779999999999999805e-01 1.032717711731929739e+02
9.789999999999999813e-01 1.034710428061802361e+02
9.799999999999999822e-01 1.036705317290646917e+02
9.809999999999999831e-01 1.038702379173118686e+02
9.819999999999999840e-01 1.040701613463664614e+02
9.829999999999999849e-01 1.042703019916521043e+02
9.839999999999999858e-01 1.044706598285724795e+02
9.849999999999999867e-01 1.046712348325102653e+02
9.859999999999999876e-01 1.048720269788283304e+02
9.869999999999999885e-01 1.050730362428692501e+02
9.879999999999999893e-01 1.052742625999559323e+02
9.889999999999999902e-01 1.054757060253913323e+02
9.899999999999999911e-01 1.056773664944589655e+02
9.909999999999999920e-01 1.058792439824229632e+02
9.919999999999999929e-01 1.060813384645281587e+02
9.929999999999999938e-01 1.062836499160002859e+02
9.939999999999999947e-01 1.064861783120461780e+02
9.949999999999999956e-01 1.066889236278539101e+02
9.959999999999999964e-01 1.068918858385929695e+02
9.969999999999999973e-01 1.070950649194143693e+02
9.979999999999999982e-01 1.072984608454507338e+02
9.989999999999999991e-01 1.075020735918166679e+02
1.000000000000000000e+00 1.077059031336087287e+02
