0.000000000000000000e+00 0.000000000000000000e+00
1.000000000000000021e-03 1.036315916568096851e+00
2.000000000000000042e-03 1.582265724990232991e+00
3.000000000000000062e-03 2.016134932291900661e+00
4.000000000000000083e-03 2.387596265101837201e+00
5.000000000000000104e-03 2.717242281025329387e+00
6.000000000000000125e-03 3.016126273882371756e+00
7.000000000000000146e-03 3.291046650314541022e+00
8.000000000000000167e-03 3.546559668073836491e+00
9.000000000000001055e-03 3.785906189764002949e+00
1.000000000000000021e-02 4.011494770372535434e+00
1.099999999999999936e-02 4.225176774587827921e+00
1.200000000000000025e-02 4.428413857321600311e+00
1.300000000000000114e-02 4.622385382581063240e+00
1.400000000000000029e-02 4.808060279505665058e+00
1.499999999999999944e-02 4.986246804277138622e+00
1.600000000000000033e-02 5.157628017995052438e+00
1.700000000000000122e-02 5.322787714682341687e+00
1.800000000000000211e-02 5.482229778765788097e+00
1.899999999999999953e-02 5.636392908322472195e+00
2.000000000000000042e-02 5.785661998123446281e+00
2.100000000000000130e-02 5.930377068699531407e+00
2.199999999999999872e-02 6.070840361633877080e+00
2.299999999999999961e-02 6.207322043556504632e+00
2.400000000000000050e-02 6.340064840014925984e+00
2.500000000000000139e-02 6.469287836004451009e+00
2.600000000000000228e-02 6.595189620205930581e+00
2.699999999999999969e-02 6.717950907024978768e+00
2.800000000000000058e-02 6.837736739194775204e+00
2.900000000000000147e-02 6.954698350547806385e+00
2.999999999999999889e-02 7.068974751239774257e+00
3.099999999999999978e-02 7.180694084606107808e+00
3.200000000000000067e-02 7.289974794817619674e+00
3.300000000000000155e-02 7.396926636775325470e+00
3.400000000000000244e-02 7.501651553669238304e+00
3.500000000000000333e-02 7.604244442904241730e+00
3.600000000000000422e-02 7.704793827360612468e+00
3.699999999999999817e-02 7.803382445980053816e+00
3.799999999999999906e-02 7.900087775279645896e+00
3.899999999999999994e-02 7.994982491467259145e+00
4.000000000000000083e-02 8.088134881265055753e+00
4.100000000000000172e-02 8.179609208266974463e+00
4.200000000000000261e-02 8.269466040604299906e+00
4.300000000000000350e-02 8.357762544824341333e+00
4.399999999999999745e-02 8.444552750166497646e+00
4.499999999999999833e-02 8.529887786818777684e+00
4.599999999999999922e-02 8.613816101234471390e+00
4.700000000000000011e-02 8.696383651165605855e+00
4.800000000000000100e-02 8.777634082712129526e+00
4.900000000000000189e-02 8.857608891383232930e+00
5.000000000000000278e-02 8.936347568909365435e+00
5.100000000000000366e-02 9.013887737323704741e+00
5.200000000000000455e-02 9.090265271643401590e+00
5.299999999999999850e-02 9.165514412319284432e+00
5.399999999999999939e-02 9.239667868482964508e+00
5.500000000000000028e-02 9.312756912899960327e+00
5.600000000000000117e-02 9.384811469432827735e+00
5.700000000000000205e-02 9.455860193727490426e+00
5.800000000000000294e-02 9.525930547756759736e+00
5.900000000000000383e-02 9.595048868785912788e+00
5.999999999999999778e-02 9.663240433264508766e+00
6.099999999999999867e-02 9.730529516095595355e+00
6.199999999999999956e-02 9.796939445686497550e+00
6.300000000000000044e-02 9.862492655144174947e+00
6.400000000000000133e-02 9.927210729941714717e+00
6.500000000000000222e-02 9.991114452350092989e+00
6.600000000000000311e-02 1.005422384290088900e+01
6.700000000000000400e-02 1.011655819911985965e+01
6.800000000000000488e-02 1.017813613174891429e+01
6.900000000000000577e-02 1.023897559865361728e+01
7.000000000000000666e-02 1.029909393659519345e+01
7.100000000000000755e-02 1.035850789102997105e+01
7.200000000000000844e-02 1.041723364408457542e+01
7.299999999999999545e-02 1.047528684084213602e+01
7.399999999999999634e-02 1.053268261406305406e+01
7.499999999999999722e-02 1.058943560745331602e+01
7.599999999999999811e-02 1.064555999758376004e+01
7.699999999999999900e-02 1.070106951455507271e+01
7.799999999999999989e-02 1.075597746149562006e+01
7.900000000000000078e-02 1.081029673297190463e+01
8.000000000000000167e-02 1.086403983238528070e+01
8.100000000000000255e-02 1.091721888842259425e+01
8.200000000000000344e-02 1.096984567062315108e+01
8.300000000000000433e-02 1.102193160411957606e+01
8.400000000000000522e-02 1.107348778360578478e+01
8.500000000000000611e-02 1.112452498658121058e+01
8.600000000000000699e-02 1.117505368591680437e+01
8.700000000000000788e-02 1.122508406178495122e+01
8.799999999999999489e-02 1.127462601299238010e+01
8.899999999999999578e-02 1.132368916775235945e+01
8.999999999999999667e-02 1.137228289392978198e+01
9.099999999999999756e-02 1.142041630879057124e+01
9.199999999999999845e-02 1.146809828828442157e+01
9.299999999999999933e-02 1.151533747588804069e+01
9.400000000000000022e-02 1.156214229103415647e+01
9.500000000000000111e-02 1.160852093714988520e+01
9.600000000000000200e-02 1.165448140932638488e+01
9.700000000000000289e-02 1.170003150164040484e+01
9.800000000000000377e-02 1.174517881414688780e+01
9.900000000000000466e-02 1.178993075956056558e+01
1.000000000000000056e-01 1.183429456964340254e+01
1.010000000000000064e-01 1.187827730131358095e+01
1.020000000000000073e-01 1.192188584249082872e+01
1.030000000000000082e-01 1.196512691769176939e+01
1.040000000000000091e-01 1.200800709338858319e+01
1.049999999999999961e-01 1.205053278314278487e+01
1.059999999999999970e-01 1.209271025252585829e+01
1.069999999999999979e-01 1.213454562383740942e+01
1.079999999999999988e-01 1.217604488063096646e+01
1.089999999999999997e-01 1.221721387205692899e+01
1.100000000000000006e-01 1.225805831703171833e+01
1.110000000000000014e-01 1.229858380824156150e+01
1.120000000000000023e-01 1.233879581598880470e+01
1.130000000000000032e-01 1.237869969188844976e+01
1.140000000000000041e-01 1.241830067242181812e+01
1.150000000000000050e-01 1.245760388235420990e+01
1.160000000000000059e-01 1.249661433802280541e+01
1.170000000000000068e-01 1.253533695050079366e+01
1.180000000000000077e-01 1.257377652864349393e+01
1.190000000000000085e-01 1.261193778202165205e+01
1.199999999999999956e-01 1.264982532374721913e+01
1.209999999999999964e-01 1.268744367319614597e+01
1.219999999999999973e-01 1.272479725863298228e+01
1.229999999999999982e-01 1.276189041974148530e+01
1.239999999999999991e-01 1.279872741006533587e+01
1.250000000000000000e-01 1.283531239936283619e+01
1.260000000000000009e-01 1.287164947587934805e+01
1.270000000000000018e-01 1.290774264854085018e+01
1.280000000000000027e-01 1.294359584907211591e+01
1.290000000000000036e-01 1.297921293404241894e+01
1.300000000000000044e-01 1.301459768684208917e+01
1.310000000000000053e-01 1.304975381959243208e+01
1.320000000000000062e-01 1.308468497499206862e+01
1.330000000000000071e-01 1.311939472810197493e+01
1.340000000000000080e-01 1.315388658807193778e+01
1.350000000000000089e-01 1.318816399981064436e+01
1.360000000000000098e-01 1.322223034560161281e+01
1.370000000000000107e-01 1.325608894666721227e+01
1.380000000000000115e-01 1.328974306468275479e+01
1.390000000000000124e-01 1.332319590324251379e+01
1.400000000000000133e-01 1.335645060927966554e+01
1.410000000000000142e-01 1.338951027444185726e+01
1.420000000000000151e-01 1.342237793642400767e+01
1.430000000000000160e-01 1.345505658026016960e+01
1.440000000000000169e-01 1.348754913957569279e+01
1.449999999999999900e-01 1.351985849780140825e+01
1.459999999999999909e-01 1.355198748935121955e+01
1.469999999999999918e-01 1.358393890076423105e+01
1.479999999999999927e-01 1.361571547181300801e+01
1.489999999999999936e-01 1.364731989657893507e+01
1.499999999999999944e-01 1.367875482449607105e+01
1.509999999999999953e-01 1.371002286136441839e+01
1.519999999999999962e-01 1.374112657033390050e+01
1.529999999999999971e-01 1.377206847285993341e+01
1.539999999999999980e-01 1.380285104963161125e+01
1.549999999999999989e-01 1.383347674147357864e+01
1.559999999999999998e-01 1.386394795022230397e+01
1.570000000000000007e-01 1.389426703957781228e+01
1.580000000000000016e-01 1.392443633593163099e+01
1.590000000000000024e-01 1.395445812917169448e+01
1.600000000000000033e-01 1.398433467346522541e+01
1.610000000000000042e-01 1.401406818801996401e+01
1.620000000000000051e-01 1.404366085782485918e+01
1.630000000000000060e-01 1.407311483437057475e+01
1.640000000000000069e-01 1.410243223635067267e+01
1.650000000000000078e-01 1.413161515034407145e+01
1.660000000000000087e-01 1.416066563147931845e+01
1.670000000000000095e-01 1.418958570408132758e+01
1.680000000000000104e-01 1.421837736230115823e+01
1.690000000000000113e-01 1.424704257072928826e+01
1.700000000000000122e-01 1.427558326499303476e+01
1.710000000000000131e-01 1.430400135233854897e+01
1.720000000000000140e-01 1.433229871219779028e+01
1.730000000000000149e-01 1.436047719674116152e+01
1.740000000000000158e-01 1.438853863141603284e+01
1.750000000000000167e-01 1.441648481547174399e+01
1.759999999999999898e-01 1.444431752247136913e+01
1.769999999999999907e-01 1.447203850079080567e+01
1.779999999999999916e-01 1.449964947410538230e+01
1.789999999999999925e-01 1.452715214186454418e+01
1.799999999999999933e-01 1.455454817975488879e+01
1.809999999999999942e-01 1.458183924015185617e+01
1.819999999999999951e-01 1.460902695256047146e+01
1.829999999999999960e-01 1.463611292404553410e+01
1.839999999999999969e-01 1.466309873965133548e+01
1.849999999999999978e-01 1.468998596281149815e+01
1.859999999999999987e-01 1.471677613574895283e+01
1.869999999999999996e-01 1.474347077986662313e+01
1.880000000000000004e-01 1.477007139612875264e+01
1.890000000000000013e-01 1.479657946543346014e+01
1.900000000000000022e-01 1.482299644897655710e+01
1.910000000000000031e-01 1.484932378860699842e+01
1.920000000000000040e-01 1.487556290717407670e+01
1.930000000000000049e-01 1.490171520886674017e+01
1.940000000000000058e-01 1.492778207954517455e+01
1.950000000000000067e-01 1.495376488706481766e+01
1.960000000000000075e-01 1.497966498159313886e+01
1.970000000000000084e-01 1.500548369591920306e+01
1.980000000000000093e-01 1.503122234575650396e+01
1.990000000000000102e-01 1.505688223003883230e+01
2.000000000000000111e-01 1.508246463120984160e+01
2.010000000000000120e-01 1.510797081550607146e+01
2.020000000000000129e-01 1.513340203323386746e+01
2.030000000000000138e-01 1.515875951904022045e+01
2.040000000000000147e-01 1.518404449217774044e+01
2.050000000000000155e-01 1.520925815676399395e+01
2.060000000000000164e-01 1.523440170203515365e+01
2.070000000000000173e-01 1.525947630259427257e+01
2.080000000000000182e-01 1.528448311865433951e+01
2.089999999999999913e-01 1.530942329627609588e+01
2.099999999999999922e-01 1.533429796760092856e+01
2.109999999999999931e-01 1.535910825107877820e+01
2.119999999999999940e-01 1.538385525169139356e+01
2.129999999999999949e-01 1.540854006117090691e+01
2.139999999999999958e-01 1.543316375821385833e+01
2.149999999999999967e-01 1.545772740869088224e+01
2.159999999999999976e-01 1.548223206585203293e+01
2.169999999999999984e-01 1.550667877052791965e+01
2.179999999999999993e-01 1.553106855132688047e+01
2.190000000000000002e-01 1.555540242482797098e+01
2.200000000000000011e-01 1.557968139577022981e+01
2.210000000000000020e-01 1.560390645723810366e+01
2.220000000000000029e-01 1.562807859084315965e+01
2.230000000000000038e-01 1.565219876690217404e+01
2.240000000000000047e-01 1.567626794461175166e+01
2.250000000000000056e-01 1.570028707221949738e+01
2.260000000000000064e-01 1.572425708719179482e+01
2.270000000000000073e-01 1.574817891637830236e+01
2.280000000000000082e-01 1.577205347617337239e+01
2.290000000000000091e-01 1.579588167267416310e+01
2.300000000000000100e-01 1.581966440183589029e+01
2.310000000000000109e-01 1.584340254962394390e+01
2.320000000000000118e-01 1.586709699216323877e+01
2.330000000000000127e-01 1.589074859588456512e+01
2.340000000000000135e-01 1.591435821766837044e+01
2.350000000000000144e-01 1.593792670498561037e+01
2.360000000000000153e-01 1.596145489603615886e+01
2.370000000000000162e-01 1.598494361988443124e+01
2.380000000000000171e-01 1.600839369659271227e+01
2.390000000000000180e-01 1.603180593735173787e+01
2.399999999999999911e-01 1.605518114460915058e+01
2.409999999999999920e-01 1.607852011219531363e+01
2.419999999999999929e-01 1.610182362544707502e+01
2.429999999999999938e-01 1.612509246132908558e+01
2.439999999999999947e-01 1.614832738855299965e+01
2.449999999999999956e-01 1.617152916769452631e+01
2.459999999999999964e-01 1.619469855130828151e+01
2.469999999999999973e-01 1.621783628404071465e+01
2.479999999999999982e-01 1.624094310274088571e+01
2.489999999999999991e-01 1.626401973656933819e+01
2.500000000000000000e-01 1.628706690710503580e+01
2.510000000000000009e-01 1.631008532845040193e+01
2.520000000000000018e-01 1.633307570733449410e+01
2.530000000000000027e-01 1.635603874321437345e+01
2.540000000000000036e-01 1.637897512837474068e+01
2.550000000000000044e-01 1.640188554802574927e+01
2.560000000000000053e-01 1.642477068039928412e+01
2.570000000000000062e-01 1.644763119684333930e+01
2.580000000000000071e-01 1.647046776191504591e+01
2.590000000000000080e-01 1.649328103347183827e+01
2.600000000000000089e-01 1.651607166276129490e+01
2.610000000000000098e-01 1.653884029450927784e+01
2.620000000000000107e-01 1.656158756700669699e+01
2.630000000000000115e-01 1.658431411219471840e+01
2.640000000000000124e-01 1.660702055574863323e+01
2.650000000000000133e-01 1.662970751716017048e+01
2.660000000000000142e-01 1.665237560981867659e+01
2.670000000000000151e-01 1.667502544109066775e+01
2.680000000000000160e-01 1.669765761239825963e+01
2.690000000000000169e-01 1.672027271929625414e+01
2.700000000000000178e-01 1.674287135154790462e+01
2.710000000000000187e-01 1.676545409319949442e+01
2.720000000000000195e-01 1.678802152265366487e+01
2.730000000000000204e-01 1.681057421274159225e+01
2.740000000000000213e-01 1.683311273079392123e+01
2.750000000000000222e-01 1.685563763871065035e+01
2.760000000000000231e-01 1.687814949302976686e+01
2.770000000000000240e-01 1.690064884499495435e+01
2.780000000000000249e-01 1.692313624062198585e+01
2.790000000000000258e-01 1.694561222076429630e+01
2.800000000000000266e-01 1.696807732117731504e+01
2.810000000000000275e-01 1.699053207258194220e+01
2.820000000000000284e-01 1.701297700072692365e+01
2.830000000000000293e-01 1.703541262645027032e+01
2.840000000000000302e-01 1.705783946573964016e+01
2.850000000000000311e-01 1.708025802979205920e+01
2.860000000000000320e-01 1.710266882507227137e+01
2.870000000000000329e-01 1.712507235337059797e+01
2.880000000000000338e-01 1.714746911185962830e+01
2.889999999999999791e-01 1.716985959315014298e+01
2.899999999999999800e-01 1.719224428534625559e+01
2.909999999999999809e-01 1.721462367209953115e+01
2.919999999999999818e-01 1.723699823266240827e+01
2.929999999999999827e-01 1.725936844194080422e+01
2.939999999999999836e-01 1.728173477054586016e+01
2.949999999999999845e-01 1.730409768484494037e+01
2.959999999999999853e-01 1.732645764701191382e+01
2.969999999999999862e-01 1.734881511507654750e+01
2.979999999999999871e-01 1.737117054297337404e+01
2.989999999999999880e-01 1.739352438058956096e+01
2.999999999999999889e-01 1.741587707381230388e+01
3.009999999999999898e-01 1.743822906457544164e+01
3.019999999999999907e-01 1.746058079090526149e+01
3.029999999999999916e-01 1.748293268696590275e+01
3.039999999999999925e-01 1.750528518310377279e+01
3.049999999999999933e-01 1.752763870589156525e+01
3.059999999999999942e-01 1.754999367817150357e+01
3.069999999999999951e-01 1.757235051909806245e+01
3.079999999999999960e-01 1.759470964417990047e+01
3.089999999999999969e-01 1.761707146532137358e+01
3.099999999999999978e-01 1.763943639086337001e+01
3.109999999999999987e-01 1.766180482562351983e+01
3.119999999999999996e-01 1.768417717093588948e+01
3.130000000000000004e-01 1.770655382469013261e+01
3.140000000000000013e-01 1.772893518136994473e+01
3.150000000000000022e-01 1.775132163209121217e+01
3.160000000000000031e-01 1.777371356463936536e+01
3.170000000000000040e-01 1.779611136350637679e+01
3.180000000000000049e-01 1.781851540992721539e+01
3.190000000000000058e-01 1.784092608191568630e+01
3.200000000000000067e-01 1.786334375429991894e+01
3.210000000000000075e-01 1.788576879875727954e+01
3.220000000000000084e-01 1.790820158384879690e+01
3.230000000000000093e-01 1.793064247505310149e+01
3.240000000000000102e-01 1.795309183480000925e+01
3.250000000000000111e-01 1.797555002250345524e+01
3.260000000000000120e-01 1.799801739459414307e+01
3.270000000000000129e-01 1.802049430455168277e+01
3.280000000000000138e-01 1.804298110293626678e+01
3.290000000000000147e-01 1.806547813741996578e+01
3.300000000000000155e-01 1.808798575281755205e+01
3.310000000000000164e-01 1.811050429111696758e+01
3.320000000000000173e-01 1.813303409150931600e+01
3.330000000000000182e-01 1.815557549041851360e+01
3.340000000000000191e-01 1.817812882153047838e+01
3.350000000000000200e-01 1.820069441582199232e+01
3.360000000000000209e-01 1.822327260158911955e+01
3.370000000000000218e-01 1.824586370447537931e+01
3.380000000000000226e-01 1.826846804749928310e+01
3.390000000000000235e-01 1.829108595108185398e+01
3.400000000000000244e-01 1.831371773307344952e+01
3.410000000000000253e-01 1.833636370878049249e+01
3.420000000000000262e-01 1.835902419099167204e+01
3.430000000000000271e-01 1.838169949000398162e+01
3.440000000000000280e-01 1.840438991364819543e+01
3.450000000000000289e-01 1.842709576731420995e+01
3.460000000000000298e-01 1.844981735397598399e+01
3.470000000000000306e-01 1.847255497421608084e+01
3.480000000000000315e-01 1.849530892625008605e+01
3.490000000000000324e-01 1.851807950595049590e+01
3.500000000000000333e-01 1.854086700687048506e+01
3.510000000000000342e-01 1.856367172026719103e+01
3.519999999999999796e-01 1.858649393512490633e+01
3.529999999999999805e-01 1.860933393817779091e+01
3.539999999999999813e-01 1.863219201393238222e+01
3.549999999999999822e-01 1.865506844468987424e+01
3.559999999999999831e-01 1.867796351056800219e+01
3.569999999999999840e-01 1.870087748952269635e+01
3.579999999999999849e-01 1.872381065736959016e+01
3.589999999999999858e-01 1.874676328780497414e+01
3.599999999999999867e-01 1.876973565242678887e+01
3.609999999999999876e-01 1.879272802075517035e+01
3.619999999999999885e-01 1.881574066025287095e+01
3.629999999999999893e-01 1.883877383634526481e+01
3.639999999999999902e-01 1.886182781244026785e+01
3.649999999999999911e-01 1.888490284994796298e+01
3.659999999999999920e-01 1.890799920829985581e+01
3.669999999999999929e-01 1.893111714496817655e+01
3.679999999999999938e-01 1.895425691548460634e+01
3.689999999999999947e-01 1.897741877345911377e+01
3.699999999999999956e-01 1.900060297059826553e+01
3.709999999999999964e-01 1.902380975672349450e+01
3.719999999999999973e-01 1.904703937978914041e+01
3.729999999999999982e-01 1.907029208590019209e+01
3.739999999999999991e-01 1.909356811932986275e+01
3.750000000000000000e-01 1.911686772253696631e+01
3.760000000000000009e-01 1.914019113618306278e+01
3.770000000000000018e-01 1.916353859914944024e+01
3.780000000000000027e-01 1.918691034855377708e+01
3.790000000000000036e-01 1.921030661976683263e+01
3.800000000000000044e-01 1.923372764642866173e+01
3.810000000000000053e-01 1.925717366046488266e+01
3.820000000000000062e-01 1.928064489210262877e+01
3.830000000000000071e-01 1.930414156988626928e+01
3.840000000000000080e-01 1.932766392069311223e+01
3.850000000000000089e-01 1.935121216974872738e+01
3.860000000000000098e-01 1.937478654064229744e+01
3.870000000000000107e-01 1.939838725534154662e+01
3.880000000000000115e-01 1.942201453420779345e+01
3.890000000000000124e-01 1.944566859601049558e+01
3.900000000000000133e-01 1.946934965794198291e+01
3.910000000000000142e-01 1.949305793563166489e+01
3.920000000000000151e-01 1.951679364316033016e+01
3.930000000000000160e-01 1.954055699307426508e+01
3.940000000000000169e-01 1.956434819639900624e+01
3.950000000000000178e-01 1.958816746265321740e+01
3.960000000000000187e-01 1.961201499986214003e+01
3.970000000000000195e-01 1.963589101457113628e+01
3.980000000000000204e-01 1.965979571185890507e+01
3.990000000000000213e-01 1.968372929535060578e+01
4.000000000000000222e-01 1.970769196723086125e+01
4.010000000000000231e-01 1.973168392825657591e+01
4.020000000000000240e-01 1.975570537776963320e+01
4.030000000000000249e-01 1.977975651370945798e+01
4.040000000000000258e-01 1.980383753262534441e+01
4.050000000000000266e-01 1.982794862968886562e+01
4.060000000000000275e-01 1.985208999870590674e+01
4.070000000000000284e-01 1.987626183212867303e+01
4.080000000000000293e-01 1.990046432106760577e+01
4.090000000000000302e-01 1.992469765530308834e+01
4.100000000000000311e-01 1.994896202329706369e+01
4.110000000000000320e-01 1.997325761220447049e+01
4.120000000000000329e-01 1.999758460788472547e+01
4.130000000000000338e-01 2.002194319491281149e+01
4.140000000000000346e-01 2.004633355659045790e+01
4.150000000000000355e-01 2.007075587495717528e+01
4.160000000000000364e-01 2.009521033080103081e+01
4.169999999999999818e-01 2.011969710366946629e+01
4.179999999999999827e-01 2.014421637187988878e+01
4.189999999999999836e-01 2.016876831253032876e+01
4.199999999999999845e-01 2.019335310150960083e+01
4.209999999999999853e-01 2.021797091350788733e+01
4.219999999999999862e-01 2.024262192202673205e+01
4.229999999999999871e-01 2.026730629938916906e+01
4.239999999999999880e-01 2.029202421674979817e+01
4.249999999999999889e-01 2.031677584410443416e+01
4.259999999999999898e-01 2.034156135030017865e+01
4.269999999999999907e-01 2.036638090304474247e+01
4.279999999999999916e-01 2.039123466891630088e+01
4.289999999999999925e-01 2.041612281337273416e+01
4.299999999999999933e-01 2.044104550076116666e+01
4.309999999999999942e-01 2.046600289432706177e+01
4.319999999999999951e-01 2.049099515622354417e+01
4.329999999999999960e-01 2.051602244752035276e+01
4.339999999999999969e-01 2.054108492821282184e+01
4.349999999999999978e-01 2.056618275723090150e+01
4.359999999999999987e-01 2.059131609244778716e+01
4.369999999999999996e-01 2.061648509068867696e+01
4.380000000000000004e-01 2.064168990773944046e+01
4.390000000000000013e-01 2.066693069835501717e+01
4.400000000000000022e-01 2.069220761626798932e+01
4.410000000000000031e-01 2.071752081419684188e+01
4.420000000000000040e-01 2.074287044385426171e+01
4.430000000000000049e-01 2.076825665595528037e+01
4.440000000000000058e-01 2.079367960022545603e+01
4.450000000000000067e-01 2.081913942540874984e+01
4.460000000000000075e-01 2.084463627927559415e+01
4.470000000000000084e-01 2.087017030863070133e+01
4.480000000000000093e-01 2.089574165932075545e+01
4.490000000000000102e-01 2.092135047624226729e+01
4.500000000000000111e-01 2.094699690334907061e+01
4.510000000000000120e-01 2.097268108365987516e+01
4.520000000000000129e-01 2.099840315926580558e+01
4.530000000000000138e-01 2.102416327133769869e+01
4.540000000000000147e-01 2.104996156013351438e+01
4.550000000000000155e-01 2.107579816500552283e+01
4.560000000000000164e-01 2.110167322440748094e+01
4.570000000000000173e-01 2.112758687590178397e+01
4.580000000000000182e-01 2.115353925616641462e+01
4.590000000000000191e-01 2.117953050100199519e+01
4.600000000000000200e-01 2.120556074533870117e+01
4.610000000000000209e-01 2.123163012324289411e+01
4.620000000000000218e-01 2.125773876792413475e+01
4.630000000000000226e-01 2.128388681174179098e+01
4.640000000000000235e-01 2.131007438621156780e+01
4.650000000000000244e-01 2.133630162201214731e+01
4.660000000000000253e-01 2.136256864899177543e+01
4.670000000000000262e-01 2.138887559617456446e+01
4.680000000000000271e-01 2.141522259176691634e+01
4.690000000000000280e-01 2.144160976316387135e+01
4.700000000000000289e-01 2.146803723695534671e+01
4.710000000000000298e-01 2.149450513893235382e+01
4.720000000000000306e-01 2.152101359409298809e+01
4.730000000000000315e-01 2.154756272664875638e+01
4.740000000000000324e-01 2.157415266003037502e+01
4.750000000000000333e-01 2.160078351689388043e+01
4.760000000000000342e-01 2.162745541912635616e+01
4.770000000000000351e-01 2.165416848785206128e+01
4.780000000000000360e-01 2.168092284343790155e+01
4.790000000000000369e-01 2.170771860549944066e+01
4.799999999999999822e-01 2.173455589290635714e+01
4.809999999999999831e-01 2.176143482378827088e+01
4.819999999999999840e-01 2.178835551554026040e+01
4.829999999999999849e-01 2.181531808482822399e+01
4.839999999999999858e-01 2.184232264759460662e+01
4.849999999999999867e-01 2.186936931906366510e+01
4.859999999999999876e-01 2.189645821374696055e+01
4.869999999999999885e-01 2.192358944544847077e+01
4.879999999999999893e-01 2.195076312727007917e+01
4.889999999999999902e-01 2.197797937161672266e+01
4.899999999999999911e-01 2.200523829020151823e+01
4.909999999999999920e-01 2.203253999405094277e+01
4.919999999999999929e-01 2.205988459350991349e+01
4.929999999999999938e-01 2.208727219824678656e+01
4.939999999999999947e-01 2.211470291725845883e+01
4.949999999999999956e-01 2.214217685887503961e+01
4.959999999999999964e-01 2.216969413076508744e+01
4.969999999999999973e-01 2.219725483994028536e+01
4.979999999999999982e-01 2.222485909276016258e+01
4.989999999999999991e-01 2.225250699493703976e+01
5.000000000000000000e-01 2.228019865154064760e+01
5.010000000000000009e-01 2.230793416700288390e+01
5.020000000000000018e-01 2.233571364512226509e+01
5.030000000000000027e-01 2.236353718906880061e+01
5.040000000000000036e-01 2.239140490138829165e+01
5.050000000000000044e-01 2.241931688400695677e+01
5.060000000000000053e-01 2.244727323823591547e+01
5.070000000000000062e-01 2.247527406477558998e+01
5.080000000000000071e-01 2.250331946372010350e+01
5.090000000000000080e-01 2.253140953456156481e+01
5.100000000000000089e-01 2.255954437619457664e+01
5.110000000000000098e-01 2.258772408692025735e+01
5.120000000000000107e-01 2.261594876445069602e+01
5.130000000000000115e-01 2.264421850591294216e+01
5.140000000000000124e-01 2.267253340785341464e+01
5.150000000000000133e-01 2.270089356624183097e+01
5.160000000000000142e-01 2.272929907647536751e+01
5.170000000000000151e-01 2.275775003338269187e+01
5.180000000000000160e-01 2.278624653122802357e+01
5.190000000000000169e-01 2.281478866371509895e+01
5.200000000000000178e-01 2.284337652399106489e+01
5.210000000000000187e-01 2.287201020465050405e+01
5.220000000000000195e-01 2.290068979773919366e+01
5.230000000000000204e-01 2.292941539475802415e+01
5.240000000000000213e-01 2.295818708666682184e+01
5.250000000000000222e-01 2.298700496388804027e+01
5.260000000000000231e-01 2.301586911631058641e+01
5.270000000000000240e-01 2.304477963329357593e+01
5.280000000000000249e-01 2.307373660366988943e+01
5.290000000000000258e-01 2.310274011574987796e+01
5.300000000000000266e-01 2.313179025732504712e+01
5.310000000000000275e-01 2.316088711567157432e+01
5.320000000000000284e-01 2.319003077755385078e+01
5.330000000000000293e-01 2.321922132922802007e+01
5.340000000000000302e-01 2.324845885644561250e+01
5.350000000000000311e-01 2.327774344445678878e+01
5.360000000000000320e-01 2.330707517801389983e+01
5.370000000000000329e-01 2.333645414137489738e+01
5.380000000000000338e-01 2.336588041830668061e+01
5.390000000000000346e-01 2.339535409208852457e+01
5.400000000000000355e-01 2.342487524551520650e+01
5.410000000000000364e-01 2.345444396090059413e+01
5.420000000000000373e-01 2.348406032008066902e+01
5.430000000000000382e-01 2.351372440441683764e+01
5.440000000000000391e-01 2.354343629479917510e+01
5.450000000000000400e-01 2.357319607164966158e+01
5.460000000000000409e-01 2.360300381492517729e+01
5.470000000000000417e-01 2.363285960412074260e+01
5.480000000000000426e-01 2.366276351827269764e+01
5.490000000000000435e-01 2.369271563596161556e+01
5.500000000000000444e-01 2.372271603531550355e+01
5.510000000000000453e-01 2.375276479401265206e+01
5.520000000000000462e-01 2.378286198928494954e+01
5.530000000000000471e-01 2.381300769792052563e+01
5.540000000000000480e-01 2.384320199626692727e+01
5.550000000000000488e-01 2.387344496023390761e+01
5.560000000000000497e-01 2.390373666529646357e+01
5.570000000000000506e-01 2.393407718649766736e+01
5.580000000000000515e-01 2.396446659845145177e+01
5.590000000000000524e-01 2.399490497534557676e+01
5.600000000000000533e-01 2.402539239094435075e+01
5.610000000000000542e-01 2.405592891859144800e+01
5.620000000000000551e-01 2.408651463121271163e+01
5.630000000000000560e-01 2.411714960131880758e+01
5.640000000000000568e-01 2.414783390100805249e+01
5.650000000000000577e-01 2.417856760196903920e+01
5.660000000000000586e-01 2.420935077548337233e+01
5.670000000000000595e-01 2.424018349242828307e+01
5.680000000000000604e-01 2.427106582327928663e+01
5.690000000000000613e-01 2.430199783811281478e+01
5.700000000000000622e-01 2.433297960660872050e+01
5.710000000000000631e-01 2.436401119805296744e+01
5.720000000000000639e-01 2.439509268134017006e+01
5.730000000000000648e-01 2.442622412497605566e+01
5.740000000000000657e-01 2.445740559707994422e+01
5.750000000000000666e-01 2.448863716538742352e+01
5.760000000000000675e-01 2.451991889725264429e+01
5.769999999999999574e-01 2.455125085965083187e+01
5.779999999999999583e-01 2.458263311918076255e+01
5.789999999999999591e-01 2.461406574206707276e+01
5.799999999999999600e-01 2.464554879416283129e+01
5.809999999999999609e-01 2.467708234095166375e+01
5.819999999999999618e-01 2.470866644755034258e+01
5.829999999999999627e-01 2.474030117871108558e+01
5.839999999999999636e-01 2.477198659882368048e+01
5.849999999999999645e-01 2.480372277191806063e+01
5.859999999999999654e-01 2.483550976166634427e+01
5.869999999999999662e-01 2.486734763138539250e+01
5.879999999999999671e-01 2.489923644403870640e+01
5.889999999999999680e-01 2.493117626223894234e+01
5.899999999999999689e-01 2.496316714825003658e+01
5.909999999999999698e-01 2.499520916398930837e+01
5.919999999999999707e-01 2.502730237102979061e+01
5.929999999999999716e-01 2.505944683060224776e+01
5.939999999999999725e-01 2.509164260359752774e+01
5.949999999999999734e-01 2.512388975056845908e+01
5.959999999999999742e-01 2.515618833173206070e+01
5.969999999999999751e-01 2.518853840697172330e+01
5.979999999999999760e-01 2.522094003583917043e+01
5.989999999999999769e-01 2.525339327755654040e+01
5.999999999999999778e-01 2.528589819101851788e+01
6.009999999999999787e-01 2.531845483479430214e+01
6.019999999999999796e-01 2.535106326712966762e+01
6.029999999999999805e-01 2.538372354594882552e+01
6.039999999999999813e-01 2.541643572885664071e+01
6.049999999999999822e-01 2.544919987314045784e+01
6.059999999999999831e-01 2.548201603577208374e+01
6.069999999999999840e-01 2.551488427340974141e+01
6.079999999999999849e-01 2.554780464239996718e+01
6.089999999999999858e-01 2.558077719877960021e+01
6.099999999999999867e-01 2.561380199827758020e+01
6.109999999999999876e-01 2.564687909631696527e+01
6.119999999999999885e-01 2.568000854801660893e+01
6.129999999999999893e-01 2.571319040819324897e+01
6.139999999999999902e-01 2.574642473136319865e+01
6.149999999999999911e-01 2.577971157174416561e+01
6.159999999999999920e-01 2.581305098325715619e+01
6.169999999999999929e-01 2.584644301952825174e+01
6.179999999999999938e-01 2.587988773389035657e+01
6.189999999999999947e-01 2.591338517938498853e+01
6.199999999999999956e-01 2.594693540876405535e+01
6.209999999999999964e-01 2.598053847449169496e+01
6.219999999999999973e-01 2.601419442874576760e+01
6.229999999999999982e-01 2.604790332341980275e+01
6.239999999999999991e-01 2.608166521012467598e+01
6.250000000000000000e-01 2.611548014019023611e+01
6.260000000000000009e-01 2.614934816466698919e+01
6.270000000000000018e-01 2.618326933432784642e+01
6.280000000000000027e-01 2.621724369966975132e+01
6.290000000000000036e-01 2.625127131091537080e+01
6.300000000000000044e-01 2.628535221801451627e+01
6.310000000000000053e-01 2.631948647064612601e+01
6.320000000000000062e-01 2.635367411821961525e+01
6.330000000000000071e-01 2.638791520987653172e+01
6.340000000000000080e-01 2.642220979449223250e+01
6.350000000000000089e-01 2.645655792067734069e+01
6.360000000000000098e-01 2.649095963677938670e+01
6.370000000000000107e-01 2.652541499088432886e+01
6.380000000000000115e-01 2.655992403081817343e+01
6.390000000000000124e-01 2.659448680414842414e+01
6.400000000000000133e-01 2.662910335818560270e+01
6.410000000000000142e-01 2.666377373998479072e+01
6.420000000000000151e-01 2.669849799634718579e+01
6.430000000000000160e-01 2.673327617382146570e+01
6.440000000000000169e-01 2.676810831870542984e+01
6.450000000000000178e-01 2.680299447704720706e+01
6.460000000000000187e-01 2.683793469464708181e+01
6.470000000000000195e-01 2.687292901705859549e+01
6.480000000000000204e-01 2.690797748959017355e+01
6.490000000000000213e-01 2.694308015730655370e+01
6.500000000000000222e-01 2.697823706503007912e+01
6.510000000000000231e-01 2.701344825734226163e+01
6.520000000000000240e-01 2.704871377858502512e+01
6.530000000000000249e-01 2.708403367286224750e+01
6.540000000000000258e-01 2.711940798404099695e+01
6.550000000000000266e-01 2.715483675575299571e+01
6.560000000000000275e-01 2.719032003139591325e+01
6.570000000000000284e-01 2.722585785413479442e+01
6.580000000000000293e-01 2.726145026690331008e+01
6.590000000000000302e-01 2.729709731240519943e+01
6.600000000000000311e-01 2.733279903311537851e+01
6.610000000000000320e-01 2.736855547128153887e+01
6.620000000000000329e-01 2.740436666892518502e+01
6.630000000000000338e-01 2.744023266784317627e+01
6.640000000000000346e-01 2.747615350960874281e+01
6.650000000000000355e-01 2.751212923557297074e+01
6.660000000000000364e-01 2.754815988686601003e+01
6.670000000000000373e-01 2.758424550439826817e+01
6.680000000000000382e-01 2.762038612886173894e+01
6.690000000000000391e-01 2.765658180073116768e+01
6.700000000000000400e-01 2.769283256026541551e+01
6.710000000000000409e-01 2.772913844750852519e+01
6.720000000000000417e-01 2.776549950229096453e+01
6.730000000000000426e-01 2.780191576423102617e+01
6.740000000000000435e-01 2.783838727273569447e+01
6.750000000000000444e-01 2.787491406700213048e+01
6.760000000000000453e-01 2.791149618601865967e+01
6.770000000000000462e-01 2.794813366856610060e+01
6.780000000000000471e-01 2.798482655321879520e+01
6.790000000000000480e-01 2.802157487834581673e+01
6.800000000000000488e-01 2.805837868211219188e+01
6.810000000000000497e-01 2.809523800247991687e+01
6.820000000000000506e-01 2.813215287720915825e+01
6.830000000000000515e-01 2.816912334385936134e+01
6.840000000000000524e-01 2.820614943979044398e+01
6.850000000000000533e-01 2.824323120216384098e+01
6.860000000000000542e-01 2.828036866794348470e+01
6.870000000000000551e-01 2.831756187389718349e+01
6.880000000000000560e-01 2.835481085659746014e+01
6.890000000000000568e-01 2.839211565242282376e+01
6.900000000000000577e-01 2.842947629755857974e+01
6.910000000000000586e-01 2.846689282799827225e+01
6.920000000000000595e-01 2.850436527954443022e+01
6.930000000000000604e-01 2.854189368780969005e+01
6.940000000000000613e-01 2.857947808821798219e+01
6.950000000000000622e-01 2.861711851600539802e+01
6.960000000000000631e-01 2.865481500622136224e+01
6.970000000000000639e-01 2.869256759372949261e+01
6.980000000000000648e-01 2.873037631320875818e+01
6.990000000000000657e-01 2.876824119915450240e+01
7.000000000000000666e-01 2.880616228587933136e+01
7.010000000000000675e-01 2.884413960751417960e+01
7.020000000000000684e-01 2.888217319800929062e+01
7.030000000000000693e-01 2.892026309113524718e+01
7.039999999999999591e-01 2.895840932048388794e+01
7.049999999999999600e-01 2.899661191946927374e+01
7.059999999999999609e-01 2.903487092132873926e+01
7.069999999999999618e-01 2.907318635912375981e+01
7.079999999999999627e-01 2.911155826574092487e+01
7.089999999999999636e-01 2.914998667389293274e+01
7.099999999999999645e-01 2.918847161611947882e+01
7.109999999999999654e-01 2.922701312478825031e+01
7.119999999999999662e-01 2.926561123209573623e+01
7.129999999999999671e-01 2.930426597006830036e+01
7.139999999999999680e-01 2.934297737056296285e+01
7.149999999999999689e-01 2.938174546526849440e+01
7.159999999999999698e-01 2.942057028570603450e+01
7.169999999999999707e-01 2.945945186323027087e+01
7.179999999999999716e-01 2.949839022903017138e+01
7.189999999999999725e-01 2.953738541412994323e+01
7.199999999999999734e-01 2.957643744938984298e+01
7.209999999999999742e-01 2.961554636550716424e+01
7.219999999999999751e-01 2.965471219301698369e+01
7.229999999999999760e-01 2.969393496229313456e+01
7.239999999999999769e-01 2.973321470354893847e+01
7.249999999999999778e-01 2.977255144683821442e+01
7.259999999999999787e-01 2.981194522205598929e+01
7.269999999999999796e-01 2.985139605893945003e+01
7.279999999999999805e-01 2.989090398706867546e+01
7.289999999999999813e-01 2.993046903586753160e+01
7.299999999999999822e-01 2.997009123460456692e+01
7.309999999999999831e-01 3.000977061239358790e+01
7.319999999999999840e-01 3.004950719819483140e+01
7.329999999999999849e-01 3.008930102081546920e+01
7.339999999999999858e-01 3.012915210891051743e+01
7.349999999999999867e-01 3.016906049098373899e+01
7.359999999999999876e-01 3.020902619538828304e+01
7.369999999999999885e-01 3.024904925032758740e+01
7.379999999999999893e-01 3.028912968385603222e+01
7.389999999999999902e-01 3.032926752387993474e+01
7.399999999999999911e-01 3.036946279815807515e+01
7.409999999999999920e-01 3.040971553430270546e+01
7.419999999999999929e-01 3.045002575978004700e+01
7.429999999999999938e-01 3.049039350191138453e+01
7.439999999999999947e-01 3.053081878787349979e+01
7.449999999999999956e-01 3.057130164469965905e+01
7.459999999999999964e-01 3.061184209928020294e+01
7.469999999999999973e-01 3.065244017836338486e+01
7.479999999999999982e-01 3.069309590855606729e+01
7.489999999999999991e-01 3.073380931632446078e+01
7.500000000000000000e-01 3.077458042799482740e+01
7.510000000000000009e-01 3.081540926975432626e+01
7.520000000000000018e-01 3.085629586765152510e+01
7.530000000000000027e-01 3.089724024759728849e+01
7.540000000000000036e-01 3.093824243536544571e+01
7.550000000000000044e-01 3.097930245659343029e+01
7.560000000000000053e-01 3.102042033678305444e+01
7.570000000000000062e-01 3.106159610130119830e+01
7.580000000000000071e-01 3.110282977538044946e+01
7.590000000000000080e-01 3.114412138411987030e+01
7.600000000000000089e-01 3.118547095248565881e+01
7.610000000000000098e-01 3.122687850531175258e+01
7.620000000000000107e-01 3.126834406730061033e+01
7.630000000000000115e-01 3.130986766302379465e+01
7.640000000000000124e-01 3.135144931692276771e+01
7.650000000000000133e-01 3.139308905330939581e+01
7.660000000000000142e-01 3.143478689636670254e+01
7.670000000000000151e-01 3.147654287014954377e+01
7.680000000000000160e-01 3.151835699858519035e+01
7.690000000000000169e-01 3.156022930547400307e+01
7.700000000000000178e-01 3.160215981449007927e+01
7.710000000000000187e-01 3.164414854918195630e+01
7.720000000000000195e-01 3.168619553297314440e+01
7.730000000000000204e-01 3.172830078916273777e+01
7.740000000000000213e-01 3.177046434092626015e+01
7.750000000000000222e-01 3.181268621131601293e+01
7.760000000000000231e-01 3.185496642326183547e+01
7.770000000000000240e-01 3.189730499957175880e+01
7.780000000000000249e-01 3.193970196293254560e+01
7.790000000000000258e-01 3.198215733591033683e+01
7.800000000000000266e-01 3.202467114095112066e+01
7.810000000000000275e-01 3.206724340038167043e+01
7.820000000000000284e-01 3.210987413640977906e+01
7.830000000000000293e-01 3.215256337112500518e+01
7.840000000000000302e-01 3.219531112649935523e+01
7.850000000000000311e-01 3.223811742438770978e+01
7.860000000000000320e-01 3.228098228652851276e+01
7.870000000000000329e-01 3.232390573454429727e+01
7.880000000000000338e-01 3.236688778994230375e+01
7.890000000000000346e-01 3.240992847411502709e+01
7.900000000000000355e-01 3.245302780834079215e+01
7.910000000000000364e-01 3.249618581378437199e+01
7.920000000000000373e-01 3.253940251149742835e+01
7.930000000000000382e-01 3.258267792241919381e+01
7.940000000000000391e-01 3.262601206737699044e+01
7.950000000000000400e-01 3.266940496708679831e+01
7.960000000000000409e-01 3.271285664215372435e+01
7.970000000000000417e-01 3.275636711307264903e+01
7.980000000000000426e-01 3.279993640022880186e+01
7.990000000000000435e-01 3.284356452389807401e+01
8.000000000000000444e-01 3.288725150424788524e+01
8.010000000000000453e-01 3.293099736133743249e+01
8.020000000000000462e-01 3.297480211511844317e+01
8.030000000000000471e-01 3.301866578543550190e+01
8.040000000000000480e-01 3.306258839202673983e+01
8.050000000000000488e-01 3.310656995452428930e+01
8.060000000000000497e-01 3.315061049245478841e+01
8.070000000000000506e-01 3.319471002523990677e+01
8.080000000000000515e-01 3.323886857219688551e+01
8.090000000000000524e-01 3.328308615253904890e+01
8.100000000000000533e-01 3.332736278537628749e+01
8.110000000000000542e-01 3.337169848971551289e+01
8.120000000000000551e-01 3.341609328446127591e+01
8.130000000000000560e-01 3.346054718841622133e+01
8.140000000000000568e-01 3.350506022028150710e+01
8.150000000000000577e-01 3.354963239865734437e+01
8.160000000000000586e-01 3.359426374204364407e+01
8.170000000000000595e-01 3.363895426884017326e+01
8.180000000000000604e-01 3.368370399734732246e+01
8.190000000000000613e-01 3.372851294576651782e+01
8.200000000000000622e-01 3.377338113220061899e+01
8.210000000000000631e-01 3.381830857465447338e+01
8.220000000000000639e-01 3.386329529103537794e+01
8.230000000000000648e-01 3.390834129915349848e+01
8.240000000000000657e-01 3.395344661672247355e+01
8.250000000000000666e-01 3.399861126135961342e+01
8.260000000000000675e-01 3.404383525058675986e+01
8.270000000000000684e-01 3.408911860183035714e+01
8.280000000000000693e-01 3.413446133242204894e+01
8.290000000000000702e-01 3.417986345959933914e+01
8.300000000000000711e-01 3.422532500050566284e+01
8.310000000000000719e-01 3.427084597219118933e+01
8.320000000000000728e-01 3.431642639161299968e+01
8.329999999999999627e-01 3.436206627563569782e+01
8.339999999999999636e-01 3.440776564103186530e+01
8.349999999999999645e-01 3.445352450448228154e+01
8.359999999999999654e-01 3.449934288257667703e+01
8.369999999999999662e-01 3.454522079181396066e+01
8.379999999999999671e-01 3.459115824860264610e+01
8.389999999999999680e-01 3.463715526926134913e+01
8.399999999999999689e-01 3.468321187001929218e+01
8.409999999999999698e-01 3.472932806701648190e+01
8.419999999999999707e-01 3.477550387630449080e+01
8.429999999999999716e-01 3.482173931384643595e+01
8.439999999999999725e-01 3.486803439551788841e+01
8.449999999999999734e-01 3.491438913710680225e+01
8.459999999999999742e-01 3.496080355431433162e+01
8.469999999999999751e-01 3.500727766275503683e+01
8.479999999999999760e-01 3.505381147795725383e+01
8.489999999999999769e-01 3.510040501536362001e+01
8.499999999999999778e-01 3.514705829033145079e+01
8.509999999999999787e-01 3.519377131813314463e+01
8.519999999999999796e-01 3.524054411395648145e+01
8.529999999999999805e-01 3.528737669290518397e+01
8.539999999999999813e-01 3.533426906999915929e+01
8.549999999999999822e-01 3.538122126017505309e+01
8.559999999999999831e-01 3.542823327828645574e+01
8.569999999999999840e-01 3.547530513910443517e+01
8.579999999999999849e-01 3.552243685731784950e+01
8.589999999999999858e-01 3.556962844753383024e+01
8.599999999999999867e-01 3.561687992427791016e+01
8.609999999999999876e-01 3.566419130199483334e+01
8.619999999999999885e-01 3.571156259504846275e+01
8.629999999999999893e-01 3.575899381772254060e+01
8.639999999999999902e-01 3.580648498422075221e+01
8.649999999999999911e-01 3.585403610866737267e+01
8.659999999999999920e-01 3.590164720510743734e+01
8.669999999999999929e-01 3.594931828750716818e+01
8.679999999999999938e-01 3.599704936975440717e+01
8.689999999999999947e-01 3.604484046565891475e+01
8.699999999999999956e-01 3.609269158895267537e+01
8.709999999999999964e-01 3.614060275329043037e+01
8.719999999999999973e-01 3.618857397224982719e+01
8.729999999999999982e-01 3.623660525933201626e+01
8.739999999999999991e-01 3.628469662796165096e+01
8.750000000000000000e-01 3.633284809148769057e+01
8.760000000000000009e-01 3.638105966318332918e+01
8.770000000000000018e-01 3.642933135624664942e+01
8.780000000000000027e-01 3.647766318380082851e+01
8.790000000000000036e-01 3.652605515889448640e+01
8.800000000000000044e-01 3.657450729450199844e+01
8.810000000000000053e-01 3.662301960352393593e+01
8.820000000000000062e-01 3.667159209878744264e+01
8.830000000000000071e-01 3.672022479304629883e+01
8.840000000000000080e-01 3.676891769898153939e+01
8.850000000000000089e-01 3.681767082920173095e+01
8.860000000000000098e-01 3.686648419624317796e+01
8.870000000000000107e-01 3.691535781257043425e+01
8.880000000000000115e-01 3.696429169057638831e+01
8.890000000000000124e-01 3.701328584258293120e+01
8.900000000000000133e-01 3.706234028084085708e+01
8.910000000000000142e-01 3.711145501753063058e+01
8.920000000000000151e-01 3.716063006476238684e+01
8.930000000000000160e-01 3.720986543457632933e+01
8.940000000000000169e-01 3.725916113894315629e+01
8.950000000000000178e-01 3.730851718976418852e+01
8.960000000000000187e-01 3.735793359887193787e+01
8.970000000000000195e-01 3.740741037803016411e+01
8.980000000000000204e-01 3.745694753893428697e+01
8.990000000000000213e-01 3.750654509321179830e+01
9.000000000000000222e-01 3.755620305242244683e+01
9.010000000000000231e-01 3.760592142805843707e+01
9.020000000000000240e-01 3.765570023154512569e+01
9.030000000000000249e-01 3.770553947424079411e+01
9.040000000000000258e-01 3.775543916743744433e+01
9.050000000000000266e-01 3.780539932236081313e+01
9.060000000000000275e-01 3.785541995017065631e+01
9.070000000000000284e-01 3.790550106196123181e+01
9.080000000000000293e-01 3.795564266876144188e+01
9.090000000000000302e-01 3.800584478153517409e+01
9.100000000000000311e-01 3.805610741118161400e+01
9.110000000000000320e-01 3.810643056853555777e+01
9.120000000000000329e-01 3.815681426436752588e+01
9.130000000000000338e-01 3.820725850938435997e+01
9.140000000000000346e-01 3.825776331422910914e+01
9.150000000000000355e-01 3.830832868948176895e+01
9.160000000000000364e-01 3.835895464565925295e+01
9.170000000000000373e-01 3.840964119321570536e+01
9.180000000000000382e-01 3.846038834254284211e+01
9.190000000000000391e-01 3.851119610397033455e+01
9.200000000000000400e-01 3.856206448776576678e+01
9.210000000000000409e-01 3.861299350413528941e+01
9.220000000000000417e-01 3.866398316322370476e+01
9.230000000000000426e-01 3.871503347511462323e+01
9.240000000000000435e-01 3.876614444983101748e+01
9.250000000000000444e-01 3.881731609733527932e+01
9.260000000000000453e-01 3.886854842752954653e+01
9.270000000000000462e-01 3.891984145025601549e+01
9.280000000000000471e-01 3.897119517529711175e+01
9.290000000000000480e-01 3.902260961237578840e+01
9.300000000000000488e-01 3.907408477115595247e+01
9.310000000000000497e-01 3.912562066124240800e+01
9.320000000000000506e-01 3.917721729218141036e+01
9.330000000000000515e-01 3.922887467346082246e+01
9.340000000000000524e-01 3.928059281451028539e+01
9.350000000000000533e-01 3.933237172470154519e+01
9.360000000000000542e-01 3.938421141334877973e+01
9.370000000000000551e-01 3.943611188970872661e+01
9.380000000000000560e-01 3.948807316298102421e+01
9.390000000000000568e-01 3.954009524230846750e+01
9.400000000000000577e-01 3.959217813677715014e+01
9.410000000000000586e-01 3.964432185541681974e+01
9.420000000000000595e-01 3.969652640720114789e+01
9.430000000000000604e-01 3.974879180104778698e+01
9.440000000000000613e-01 3.980111804581889601e+01
9.450000000000000622e-01 3.985350515032115482e+01
9.460000000000000631e-01 3.990595312330604827e+01
9.470000000000000639e-01 3.995846197347034945e+01
9.480000000000000648e-01 4.001103170945589227e+01
9.490000000000000657e-01 4.006366233985029623e+01
9.500000000000000666e-01 4.011635387318688117e+01
9.510000000000000675e-01 4.016910631794500830e+01
9.520000000000000684e-01 4.022191968255027916e+01
9.530000000000000693e-01 4.027479397537496197e+01
9.540000000000000702e-01 4.032772920473789213e+01
9.550000000000000711e-01 4.038072537890498381e+01
9.560000000000000719e-01 4.043378250608938629e+01
9.570000000000000728e-01 4.048690059445159761e+01
9.580000000000000737e-01 4.054007965209974884e+01
9.590000000000000746e-01 4.059331968708997351e+01
9.599999999999999645e-01 4.064662070742647870e+01
9.609999999999999654e-01 4.069998272106182924e+01
9.619999999999999662e-01 4.075340573589711823e+01
9.629999999999999671e-01 4.080688975978227973e+01
9.639999999999999680e-01 4.086043480051623078e+01
9.649999999999999689e-01 4.091404086584707045e+01
9.659999999999999698e-01 4.096770796347242083e+01
9.669999999999999707e-01 4.102143610103952653e+01
9.679999999999999716e-01 4.107522528614565260e+01
9.689999999999999725e-01 4.112907552633789976e+01
9.699999999999999734e-01 4.118298682911394337e+01
9.709999999999999742e-01 4.123695920192190556e+01
9.719999999999999751e-01 4.129099265216055414e+01
9.729999999999999760e-01 4.134508718717974318e+01
9.739999999999999769e-01 4.139924281428044139e+01
9.749999999999999778e-01 4.145345954071498795e+01
9.759999999999999787e-01 4.150773737368739091e+01
9.769999999999999796e-01 4.156207632035328459e+01
9.779999999999999805e-01 4.161647638782046954e+01
9.789999999999999813e-01 4.167093758314889840e+01
9.799999999999999822e-01 4.172545991335083215e+01
9.809999999999999831e-01 4.178004338539130913e+01
9.819999999999999840e-01 4.183468800618811656e+01
9.829999999999999849e-01 4.188939378261194690e+01
9.839999999999999858e-01 4.194416072148696628e+01
9.849999999999999867e-01 4.199898882959057289e+01
9.859999999999999876e-01 4.205387811365376649e+01
9.869999999999999885e-01 4.210882858036146104e+01
9.879999999999999893e-01 4.216384023635256995e+01
9.889999999999999902e-01 4.221891308822013400e+01
9.899999999999999911e-01 4.227404714251164819e+01
9.909999999999999920e-01 4.232924240572927488e+01
9.919999999999999929e-01 4.238449888432987223e+01
9.929999999999999938e-01 4.243981658472530683e+01
9.939999999999999947e-01 4.249519551328258160e+01
9.949999999999999956e-01 4.255063567632413424e+01
9.959999999999999964e-01 4.260613708012797929e+01
9.969999999999999973e-01 4.266169973092772238e+01
9.979999999999999982e-01 4.271732363491304341e+01
9.989999999999999991e-01 4.277300879822969648e+01
1.000000000000000000e+00 4.282875522697969473e+01
