0.000000000000000000e+00 0.000000000000000000e+00
1.000000000000000021e-03 1.145075810703560570e+00
2.000000000000000042e-03 1.762743688770114003e+00
3.000000000000000062e-03 2.251593536965863507e+00
4.000000000000000083e-03 2.666529274286312923e+00
5.000000000000000104e-03 3.030830294514217815e+00
6.000000000000000125e-03 3.357225004633278775e+00
7.000000000000000146e-03 3.653670238166040640e+00
8.000000000000000167e-03 3.925577706202342032e+00
9.000000000000001055e-03 4.176849426308171687e+00
1.000000000000000021e-02 4.410422368771676815e+00
1.099999999999999936e-02 4.628581243593575145e+00
1.200000000000000025e-02 4.833150416161817731e+00
1.300000000000000114e-02 5.025617917553383940e+00
1.400000000000000029e-02 5.207218988874990906e+00
1.499999999999999944e-02 5.378994331159535847e+00
1.600000000000000033e-02 5.541831906190028079e+00
1.700000000000000122e-02 5.696497677905226986e+00
1.800000000000000211e-02 5.843658703252025077e+00
1.899999999999999953e-02 5.983900798638621232e+00
2.000000000000000042e-02 6.117742276699690507e+00
2.100000000000000130e-02 6.245644781682486268e+00
2.199999999999999872e-02 6.368021946267866440e+00
2.299999999999999961e-02 6.485246387721756989e+00
2.400000000000000050e-02 6.597655420869946497e+00
2.500000000000000139e-02 6.705555767338726270e+00
2.600000000000000228e-02 6.809227470841356933e+00
2.699999999999999969e-02 6.908927178016993409e+00
2.800000000000000058e-02 7.004890907527467014e+00
2.900000000000000147e-02 7.097336402823592572e+00
2.999999999999999889e-02 7.186465143506332254e+00
3.099999999999999978e-02 7.272464074659962030e+00
3.200000000000000067e-02 7.355507101612508869e+00
3.300000000000000155e-02 7.435756388350220902e+00
3.400000000000000244e-02 7.513363490605613038e+00
3.500000000000000333e-02 7.588470348963449297e+00
3.600000000000000422e-02 7.661210162825205394e+00
3.699999999999999817e-02 7.731708162473085899e+00
3.799999999999999906e-02 7.800082293577383474e+00
3.899999999999999994e-02 7.866443826144848828e+00
4.000000000000000083e-02 7.930897897993805401e+00
4.100000000000000172e-02 7.993544001274861976e+00
4.200000000000000261e-02 8.054476419265515830e+00
4.300000000000000350e-02 8.113784619597581127e+00
4.399999999999999745e-02 8.171553609187121481e+00
4.499999999999999833e-02 8.227864255392759674e+00
4.599999999999999922e-02 8.282793577303760202e+00
4.700000000000000011e-02 8.336415010533041681e+00
4.800000000000000100e-02 8.388798648444375061e+00
4.900000000000000189e-02 8.440011462364367389e+00
5.000000000000000278e-02 8.490117503007018840e+00
5.100000000000000366e-02 8.539178085062129497e+00
5.200000000000000455e-02 8.587251956661432928e+00
5.299999999999999850e-02 8.634395455232237282e+00
5.399999999999999939e-02 8.680662651071447300e+00
5.500000000000000028e-02 8.726105479819851851e+00
5.600000000000000117e-02 8.770773864883842919e+00
5.700000000000000205e-02 8.814715830735474711e+00
5.800000000000000294e-02 8.857977607920833663e+00
5.900000000000000383e-02 8.900603730518021450e+00
5.999999999999999778e-02 8.942637126707863260e+00
6.099999999999999867e-02 8.984119203052699731e+00
6.199999999999999956e-02 9.025089923017370452e+00
6.300000000000000044e-02 9.065587880213744398e+00
6.400000000000000133e-02 9.105650366802635176e+00
6.500000000000000222e-02 9.145313437444876570e+00
6.600000000000000311e-02 9.184611969156254219e+00
6.700000000000000400e-02 9.223579717387558219e+00
6.800000000000000488e-02 9.262249368621322532e+00
6.900000000000000577e-02 9.300652589750626476e+00
7.000000000000000666e-02 9.338820074480885580e+00
7.100000000000000755e-02 9.376781586975077687e+00
7.200000000000000844e-02 9.414566002942965639e+00
7.299999999999999545e-02 9.452201348357981203e+00
7.399999999999999634e-02 9.489714835969930817e+00
7.499999999999999722e-02 9.527132899767462249e+00
7.599999999999999811e-02 9.564481227531484109e+00
7.699999999999999900e-02 9.601784791609560443e+00
7.799999999999999989e-02 9.639067878030672887e+00
7.900000000000000078e-02 9.676354114070107926e+00
8.000000000000000167e-02 9.713666494365991610e+00
8.100000000000000255e-02 9.751027405680996907e+00
8.200000000000000344e-02 9.788458650395423177e+00
8.300000000000000433e-02 9.825981468811843200e+00
8.400000000000000522e-02 9.863616560344979689e+00
8.500000000000000611e-02 9.901384103665407110e+00
8.600000000000000699e-02 9.939303775860643952e+00
8.700000000000000788e-02 9.977394770672646018e+00
8.799999999999999489e-02 1.001567581586631661e+01
8.899999999999999578e-02 1.005416518978018559e+01
8.999999999999999667e-02 1.009288073710639111e+01
9.099999999999999756e-02 1.013183988394455781e+01
9.199999999999999845e-02 1.017105965217026409e+01
9.299999999999999933e-02 1.021055667315678761e+01
9.400000000000000022e-02 1.025034720088591200e+01
9.500000000000000111e-02 1.029044712448134646e+01
9.600000000000000200e-02 1.033087198019596542e+01
9.700000000000000289e-02 1.037163696288239834e+01
9.800000000000000377e-02 1.041275693697412663e+01
9.900000000000000466e-02 1.045424644700311489e+01
1.000000000000000056e-01 1.049611972767788615e+01
1.010000000000000064e-01 1.053839071354489931e+01
1.020000000000000073e-01 1.058107304825418993e+01
1.030000000000000082e-01 1.062418009344946768e+01
1.040000000000000091e-01 1.066772493730140781e+01
1.049999999999999961e-01 1.071172040270185732e+01
1.059999999999999970e-01 1.075617905513523453e+01
1.069999999999999979e-01 1.080111321024347149e+01
1.079999999999999988e-01 1.084653494109849703e+01
1.089999999999999997e-01 1.089245608519667741e+01
1.100000000000000006e-01 1.093888825118824570e+01
1.110000000000000014e-01 1.098584282535398415e+01
1.120000000000000023e-01 1.103333097784094008e+01
1.130000000000000032e-01 1.108136366866842337e+01
1.140000000000000041e-01 1.112995165351438942e+01
1.150000000000000050e-01 1.117910548929243930e+01
1.160000000000000059e-01 1.122883553952858904e+01
1.170000000000000068e-01 1.127915197954682469e+01
1.180000000000000077e-01 1.133006480147165007e+01
1.190000000000000085e-01 1.138158381905601857e+01
1.199999999999999956e-01 1.143371867234152717e+01
1.209999999999999964e-01 1.148647883215869570e+01
1.219999999999999973e-01 1.153987360447381150e+01
1.229999999999999982e-01 1.159391213458879122e+01
1.239999999999999991e-01 1.164860341120029830e+01
1.250000000000000000e-01 1.170395627032397101e+01
1.260000000000000009e-01 1.175997939908906176e+01
1.270000000000000018e-01 1.181668133940914345e+01
1.280000000000000027e-01 1.187407049153357264e+01
1.290000000000000036e-01 1.193215511748471158e+01
1.300000000000000044e-01 1.199094334438537146e+01
1.310000000000000053e-01 1.205044316768062629e+01
1.320000000000000062e-01 1.211066245425858767e+01
1.330000000000000071e-01 1.217160894547357941e+01
1.340000000000000080e-01 1.223329026007593257e+01
1.350000000000000089e-01 1.229571389705134266e+01
1.360000000000000098e-01 1.235888723837413750e+01
1.370000000000000107e-01 1.242281755167687152e+01
1.380000000000000115e-01 1.248751199283972824e+01
1.390000000000000124e-01 1.255297760850274358e+01
1.400000000000000133e-01 1.261922133850374905e+01
1.410000000000000142e-01 1.268625001824442222e+01
1.420000000000000151e-01 1.275407038098734347e+01
1.430000000000000160e-01 1.282268906008683018e+01
1.440000000000000169e-01 1.289211259115505470e+01
1.449999999999999900e-01 1.296234741416657243e+01
1.459999999999999909e-01 1.303339987550330648e+01
1.469999999999999918e-01 1.310527622994146668e+01
1.479999999999999927e-01 1.317798264258341590e+01
1.489999999999999936e-01 1.325152519073546387e+01
1.499999999999999944e-01 1.332590986573386260e+01
1.509999999999999953e-01 1.340114257472122006e+01
1.519999999999999962e-01 1.347722914237377267e+01
1.529999999999999971e-01 1.355417531258270003e+01
1.539999999999999980e-01 1.363198675008976579e+01
1.549999999999999989e-01 1.371066904207954451e+01
1.559999999999999998e-01 1.379022769972931428e+01
1.570000000000000007e-01 1.387066815971839162e+01
1.580000000000000016e-01 1.395199578569739174e+01
1.590000000000000024e-01 1.403421586972008583e+01
1.600000000000000033e-01 1.411733363363745752e+01
1.610000000000000042e-01 1.420135423045653056e+01
1.620000000000000051e-01 1.428628274566423784e+01
1.630000000000000060e-01 1.437212419851806544e+01
1.640000000000000069e-01 1.445888354330354275e+01
1.650000000000000078e-01 1.454656567056102290e+01
1.660000000000000087e-01 1.463517540828135566e+01
1.670000000000000095e-01 1.472471752307214388e+01
1.680000000000000104e-01 1.481519672129564924e+01
1.690000000000000113e-01 1.490661765017824791e+01
1.700000000000000122e-01 1.499898489889361031e+01
1.710000000000000131e-01 1.509230299961933497e+01
1.720000000000000140e-01 1.518657642856803136e+01
1.730000000000000149e-01 1.528180960699475577e+01
1.740000000000000158e-01 1.537800690217903821e+01
1.750000000000000167e-01 1.547517262838530883e+01
1.759999999999999898e-01 1.557331104779956377e+01
1.769999999999999907e-01 1.567242637144525474e+01
1.779999999999999916e-01 1.577252276007675391e+01
1.789999999999999925e-01 1.587360432505343510e+01
1.799999999999999933e-01 1.597567512919292199e+01
1.809999999999999942e-01 1.607873918760532206e+01
1.819999999999999951e-01 1.618280046850819076e+01
1.829999999999999960e-01 1.628786289402350462e+01
1.839999999999999969e-01 1.639393034095638768e+01
1.849999999999999978e-01 1.650100664155687014e+01
1.859999999999999987e-01 1.660909558426462240e+01
1.869999999999999996e-01 1.671820091443717615e+01
1.880000000000000004e-01 1.682832633506211550e+01
1.890000000000000013e-01 1.693947550745400576e+01
1.900000000000000022e-01 1.705165205193617339e+01
1.910000000000000031e-01 1.716485954850742246e+01
1.920000000000000040e-01 1.727910153749482447e+01
1.930000000000000049e-01 1.739438152019249628e+01
1.940000000000000058e-01 1.751070295948670719e+01
1.950000000000000067e-01 1.762806928046765620e+01
1.960000000000000075e-01 1.774648387102902802e+01
1.970000000000000084e-01 1.786595008245410554e+01
1.980000000000000093e-01 1.798647122999028625e+01
1.990000000000000102e-01 1.810805059341174683e+01
2.000000000000000111e-01 1.823069141757005696e+01
2.010000000000000120e-01 1.835439691293404962e+01
2.020000000000000129e-01 1.847917025611840813e+01
2.030000000000000138e-01 1.860501459040142436e+01
2.040000000000000147e-01 1.873193302623252521e+01
2.050000000000000155e-01 1.885992864172970940e+01
2.060000000000000164e-01 1.898900448316661027e+01
2.070000000000000173e-01 1.911916356545035001e+01
2.080000000000000182e-01 1.925040887258981570e+01
2.089999999999999913e-01 1.938274335815404470e+01
2.099999999999999922e-01 1.951616994572313502e+01
2.109999999999999931e-01 1.965069152932886709e+01
2.119999999999999940e-01 1.978631097388725379e+01
2.129999999999999949e-01 1.992303111562338813e+01
2.139999999999999958e-01 2.006085476248711075e+01
2.149999999999999967e-01 2.019978469456131620e+01
2.159999999999999976e-01 2.033982366446252854e+01
2.169999999999999984e-01 2.048097439773340511e+01
2.179999999999999993e-01 2.062323959322861811e+01
2.190000000000000002e-01 2.076662192349249381e+01
2.200000000000000011e-01 2.091112403513068330e+01
2.210000000000000020e-01 2.105674854917390348e+01
2.220000000000000029e-01 2.120349806143539695e+01
2.230000000000000038e-01 2.135137514286262217e+01
2.240000000000000047e-01 2.150038233988024672e+01
2.250000000000000056e-01 2.165052217472978668e+01
2.260000000000000064e-01 2.180179714580063433e+01
2.270000000000000073e-01 2.195420972795633929e+01
2.280000000000000082e-01 2.210776237285483603e+01
2.290000000000000091e-01 2.226245750926264577e+01
2.300000000000000100e-01 2.241829754336359315e+01
2.310000000000000109e-01 2.257528485906229321e+01
2.320000000000000118e-01 2.273342181828195407e+01
2.330000000000000127e-01 2.289271076125663740e+01
2.340000000000000135e-01 2.305315400681953975e+01
2.350000000000000144e-01 2.321475385268476543e+01
2.360000000000000153e-01 2.337751257572494978e+01
2.370000000000000162e-01 2.354143243224493176e+01
2.380000000000000171e-01 2.370651565824809381e+01
2.390000000000000180e-01 2.387276446970136590e+01
2.399999999999999911e-01 2.404018106279360723e+01
2.409999999999999920e-01 2.420876761418986689e+01
2.419999999999999929e-01 2.437852628128183596e+01
2.429999999999999938e-01 2.454945920243366686e+01
2.439999999999999947e-01 2.472156849722441052e+01
2.449999999999999956e-01 2.489485626668462714e+01
2.459999999999999964e-01 2.506932459353151899e+01
2.469999999999999973e-01 2.524497554239775354e+01
2.479999999999999982e-01 2.542181116005838248e+01
2.489999999999999991e-01 2.559983347565275835e+01
2.500000000000000000e-01 2.577904450090341015e+01
2.510000000000000009e-01 2.595944623033136622e+01
2.520000000000000018e-01 2.614104064146766859e+01
2.530000000000000027e-01 2.632382969506164727e+01
2.540000000000000036e-01 2.650781533528549971e+01
2.550000000000000044e-01 2.669299948993653970e+01
2.560000000000000053e-01 2.687938407063478508e+01
2.570000000000000062e-01 2.706697097301866961e+01
2.580000000000000071e-01 2.725576207693677588e+01
2.590000000000000080e-01 2.744575924663712385e+01
2.600000000000000089e-01 2.763696433095310567e+01
2.610000000000000098e-01 2.782937916348640783e+01
2.620000000000000107e-01 2.802300556278771637e+01
2.630000000000000115e-01 2.821784533253344307e+01
2.640000000000000124e-01 2.841390026170142846e+01
2.650000000000000133e-01 2.861117212474198368e+01
2.660000000000000142e-01 2.880966268174751121e+01
2.670000000000000151e-01 2.900937367861973826e+01
2.680000000000000160e-01 2.921030684723291415e+01
2.690000000000000169e-01 2.941246390559643942e+01
2.700000000000000178e-01 2.961584655801368626e+01
2.710000000000000187e-01 2.982045649523837483e+01
2.720000000000000195e-01 3.002629539462969888e+01
2.730000000000000204e-01 3.023336492030460931e+01
2.740000000000000213e-01 3.044166672328668710e+01
2.750000000000000222e-01 3.065120244165427721e+01
2.760000000000000231e-01 3.086197370068657619e+01
2.770000000000000240e-01 3.107398211300551338e+01
2.780000000000000249e-01 3.128722927871820048e+01
2.790000000000000258e-01 3.150171678555551580e+01
2.800000000000000266e-01 3.171744620900886957e+01
2.810000000000000275e-01 3.193441911246554810e+01
2.820000000000000284e-01 3.215263704734184103e+01
2.830000000000000293e-01 3.237210155321412230e+01
2.840000000000000302e-01 3.259281415794805525e+01
2.850000000000000311e-01 3.281477637782620604e+01
2.860000000000000320e-01 3.303798971767321291e+01
2.870000000000000329e-01 3.326245567097993217e+01
2.880000000000000338e-01 3.348817572002582210e+01
2.889999999999999791e-01 3.371515133599780256e+01
2.899999999999999800e-01 3.394338397911093352e+01
2.909999999999999809e-01 3.417287509872329565e+01
2.919999999999999818e-01 3.440362613345291720e+01
2.929999999999999827e-01 3.463563851129032400e+01
2.939999999999999836e-01 3.486891364971120311e+01
2.949999999999999845e-01 3.510345295578690639e+01
2.959999999999999853e-01 3.533925782629273726e+01
2.969999999999999862e-01 3.557632964781691953e+01
2.979999999999999871e-01 3.581466979686501872e+01
2.989999999999999880e-01 3.605427963996578455e+01
2.999999999999999889e-01 3.629516053377312801e+01
3.009999999999999898e-01 3.653731382516878057e+01
3.019999999999999907e-01 3.678074085136250915e+01
3.029999999999999916e-01 3.702544293999051206e+01
3.039999999999999925e-01 3.727142140921392865e+01
3.049999999999999933e-01 3.751867756781439311e+01
3.059999999999999942e-01 3.776721271528970192e+01
3.069999999999999951e-01 3.801702814194709390e+01
3.079999999999999960e-01 3.826812512899675767e+01
3.089999999999999969e-01 3.852050494864147367e+01
3.099999999999999978e-01 3.877416886416870057e+01
3.109999999999999987e-01 3.902911813003782981e+01
3.119999999999999996e-01 3.928535399196903199e+01
3.130000000000000004e-01 3.954287768702926087e+01
3.140000000000000013e-01 3.980169044371820064e+01
3.150000000000000022e-01 4.006179348205228052e+01
3.160000000000000031e-01 4.032318801364777983e+01
3.170000000000000040e-01 4.058587524180404671e+01
3.180000000000000049e-01 4.084985636158313582e+01
3.190000000000000058e-01 4.111513255989086701e+01
3.200000000000000067e-01 4.138170501555612191e+01
3.210000000000000075e-01 4.164957489940803725e+01
3.220000000000000084e-01 4.191874337435405096e+01
3.230000000000000093e-01 4.218921159545493538e+01
3.240000000000000102e-01 4.246098071000068330e+01
3.250000000000000111e-01 4.273405185758485914e+01
3.260000000000000120e-01 4.300842617017730163e+01
3.270000000000000129e-01 4.328410477219620134e+01
3.280000000000000138e-01 4.356108878058086020e+01
3.290000000000000147e-01 4.383937930486075629e+01
3.300000000000000155e-01 4.411897744722608650e+01
3.310000000000000164e-01 4.439988430259631969e+01
3.320000000000000173e-01 4.468210095868823828e+01
3.330000000000000182e-01 4.496562849608295664e+01
3.340000000000000191e-01 4.525046798829202999e+01
3.350000000000000200e-01 4.553662050182390431e+01
3.360000000000000209e-01 4.582408709624706944e+01
3.370000000000000218e-01 4.611286882425508793e+01
3.380000000000000226e-01 4.640296673173003228e+01
3.390000000000000235e-01 4.669438185780353479e+01
3.400000000000000244e-01 4.698711523491925846e+01
3.410000000000000253e-01 4.728116788889394684e+01
3.420000000000000262e-01 4.757654083897739383e+01
3.430000000000000271e-01 4.787323509791144716e+01
3.440000000000000280e-01 4.817125167198912550e+01
3.450000000000000289e-01 4.847059156111282618e+01
3.460000000000000298e-01 4.877125575885139597e+01
3.470000000000000306e-01 4.907324525249674707e+01
3.480000000000000315e-01 4.937656102312030271e+01
3.490000000000000324e-01 4.968120404562733938e+01
3.500000000000000333e-01 4.998717528881297767e+01
3.510000000000000342e-01 5.029447571541561501e+01
3.519999999999999796e-01 5.060310628217001749e+01
3.529999999999999805e-01 5.091306793986063894e+01
3.539999999999999813e-01 5.122436163337374637e+01
3.549999999999999822e-01 5.153698830174909062e+01
3.559999999999999831e-01 5.185094887823038334e+01
3.569999999999999840e-01 5.216624429031656973e+01
3.579999999999999849e-01 5.248287545981065705e+01
3.589999999999999858e-01 5.280084330286985050e+01
3.599999999999999867e-01 5.312014873005438176e+01
3.609999999999999876e-01 5.344079264637468896e+01
3.619999999999999885e-01 5.376277595133944942e+01
3.629999999999999893e-01 5.408609953900361234e+01
3.639999999999999902e-01 5.441076429801341874e+01
3.649999999999999911e-01 5.473677111165363840e+01
3.659999999999999920e-01 5.506412085789264665e+01
3.669999999999999929e-01 5.539281440942693280e+01
3.679999999999999938e-01 5.572285263372668851e+01
3.689999999999999947e-01 5.605423639307855410e+01
3.699999999999999956e-01 5.638696654463097957e+01
3.709999999999999964e-01 5.672104394043492448e+01
3.719999999999999973e-01 5.705646942748819583e+01
3.729999999999999982e-01 5.739324384777694377e+01
3.739999999999999991e-01 5.773136803831732777e+01
3.750000000000000000e-01 5.807084283119672818e+01
3.760000000000000009e-01 5.841166905361467343e+01
3.770000000000000018e-01 5.875384752792285781e+01
3.780000000000000027e-01 5.909737907166504556e+01
3.790000000000000036e-01 5.944226449761674758e+01
3.800000000000000044e-01 5.978850461382353387e+01
3.810000000000000053e-01 6.013610022364116503e+01
3.820000000000000062e-01 6.048505212577219936e+01
3.830000000000000071e-01 6.083536111430430537e+01
3.840000000000000080e-01 6.118702797874766475e+01
3.850000000000000089e-01 6.154005350407203423e+01
3.860000000000000098e-01 6.189443847074358018e+01
3.870000000000000107e-01 6.225018365475978044e+01
3.880000000000000115e-01 6.260728982768728201e+01
3.890000000000000124e-01 6.296575775669555242e+01
3.900000000000000133e-01 6.332558820459291837e+01
3.910000000000000142e-01 6.368678192986055819e+01
3.920000000000000151e-01 6.404933968668819944e+01
3.930000000000000160e-01 6.441326222500606491e+01
3.940000000000000169e-01 6.477855029051988822e+01
3.950000000000000178e-01 6.514520462474433771e+01
3.960000000000000187e-01 6.551322596503530349e+01
3.970000000000000195e-01 6.588261504462184348e+01
3.980000000000000204e-01 6.625337259264085787e+01
3.990000000000000213e-01 6.662549933416585191e+01
4.000000000000000222e-01 6.699899599024092822e+01
4.010000000000000231e-01 6.737386327791148233e+01
4.020000000000000240e-01 6.775010191025421591e+01
4.030000000000000249e-01 6.812771259640896915e+01
4.040000000000000258e-01 6.850669604160816561e+01
4.050000000000000266e-01 6.888705294720750771e+01
4.060000000000000275e-01 6.926878401071621738e+01
4.070000000000000284e-01 6.965188992582397987e+01
4.080000000000000293e-01 7.003637138243345817e+01
4.090000000000000302e-01 7.042222906668621363e+01
4.100000000000000311e-01 7.080946366099317402e+01
4.110000000000000320e-01 7.119807584406214573e+01
4.120000000000000329e-01 7.158806629092566709e+01
4.130000000000000338e-01 7.197943567296954370e+01
4.140000000000000346e-01 7.237218465795854172e+01
4.150000000000000355e-01 7.276631391006583272e+01
4.160000000000000364e-01 7.316182408989800479e+01
4.169999999999999818e-01 7.355871585452257477e+01
4.179999999999999827e-01 7.395698985749459098e+01
4.189999999999999836e-01 7.435664674888232639e+01
4.199999999999999845e-01 7.475768717529263085e+01
4.209999999999999853e-01 7.516011177989764747e+01
4.219999999999999862e-01 7.556392120245925526e+01
4.229999999999999871e-01 7.596911607935487609e+01
4.239999999999999880e-01 7.637569704360203104e+01
4.249999999999999889e-01 7.678366472488266936e+01
4.259999999999999898e-01 7.719301974956783852e+01
4.269999999999999907e-01 7.760376274074258163e+01
4.279999999999999916e-01 7.801589431822867482e+01
4.289999999999999925e-01 7.842941509860838778e+01
4.299999999999999933e-01 7.884432569524881274e+01
4.309999999999999942e-01 7.926062671832505657e+01
4.319999999999999951e-01 7.967831877484286451e+01
4.329999999999999960e-01 8.009740246866067537e+01
4.339999999999999969e-01 8.051787840051395051e+01
4.349999999999999978e-01 8.093974716803620595e+01
4.359999999999999987e-01 8.136300936578174969e+01
4.369999999999999996e-01 8.178766558524762331e+01
4.380000000000000004e-01 8.221371641489520243e+01
4.390000000000000013e-01 8.264116244017202462e+01
4.400000000000000022e-01 8.307000424353270773e+01
4.410000000000000031e-01 8.350024240446066415e+01
4.420000000000000040e-01 8.393187749948890541e+01
4.430000000000000049e-01 8.436491010222005116e+01
4.440000000000000058e-01 8.479934078334781589e+01
4.450000000000000067e-01 8.523517011067826843e+01
4.460000000000000075e-01 8.567239864914733971e+01
4.470000000000000084e-01 8.611102696084333274e+01
4.480000000000000093e-01 8.655105560502545359e+01
4.490000000000000102e-01 8.699248513814438866e+01
4.500000000000000111e-01 8.743531611386060831e+01
4.510000000000000120e-01 8.787954908306505786e+01
4.520000000000000129e-01 8.832518459389677901e+01
4.530000000000000138e-01 8.877222319176337351e+01
4.540000000000000147e-01 8.922066541935885198e+01
4.550000000000000155e-01 8.967051181668205118e+01
4.560000000000000164e-01 9.012176292105641551e+01
4.570000000000000173e-01 9.057441926714614056e+01
4.580000000000000182e-01 9.102848138697629565e+01
4.590000000000000191e-01 9.148394980995010428e+01
4.600000000000000200e-01 9.194082506286656553e+01
4.610000000000000209e-01 9.239910766993727975e+01
4.620000000000000218e-01 9.285879815280611638e+01
4.630000000000000226e-01 9.331989703056456165e+01
4.640000000000000235e-01 9.378240481976990850e+01
4.650000000000000244e-01 9.424632203446128642e+01
4.660000000000000253e-01 9.471164918617796502e+01
4.670000000000000262e-01 9.517838678397481544e+01
4.680000000000000271e-01 9.564653533443970446e+01
4.690000000000000280e-01 9.611609534170952429e+01
4.700000000000000289e-01 9.658706730748656355e+01
4.710000000000000298e-01 9.705945173105487811e+01
4.720000000000000306e-01 9.753324910929586622e+01
4.730000000000000315e-01 9.800845993670418466e+01
4.740000000000000324e-01 9.848508470540423332e+01
4.750000000000000333e-01 9.896312390516482083e+01
4.760000000000000342e-01 9.944257802341542174e+01
4.770000000000000351e-01 9.992344754526038741e+01
4.780000000000000360e-01 1.004057329534957717e+02
4.790000000000000369e-01 1.008894347286226321e+02
4.799999999999999822e-01 1.013745533488634010e+02
4.809999999999999831e-01 1.018610892901757552e+02
4.819999999999999840e-01 1.023490430262684185e+02
4.829999999999999849e-01 1.028384150286142358e+02
4.839999999999999858e-01 1.033292057664659751e+02
4.849999999999999867e-01 1.038214157068690611e+02
4.859999999999999876e-01 1.043150453146780592e+02
4.869999999999999885e-01 1.048100950525689541e+02
4.879999999999999893e-01 1.053065653810527920e+02
4.889999999999999902e-01 1.058044567584917104e+02
4.899999999999999911e-01 1.063037696411107618e+02
4.909999999999999920e-01 1.068045044830118968e+02
4.919999999999999929e-01 1.073066617361880617e+02
4.929999999999999938e-01 1.078102418505358173e+02
4.939999999999999947e-01 1.083152452738688680e+02
4.949999999999999956e-01 1.088216724519319314e+02
4.959999999999999964e-01 1.093295238284129027e+02
4.969999999999999973e-01 1.098387998449558154e+02
4.979999999999999982e-01 1.103495009411747105e+02
4.989999999999999991e-01 1.108616275546648922e+02
5.000000000000000000e-01 1.113751801210171379e+02
5.010000000000000009e-01 1.118901590738289542e+02
5.020000000000000018e-01 1.124065648447170815e+02
5.030000000000000027e-01 1.129243978633311372e+02
5.040000000000000036e-01 1.134436585573641878e+02
5.050000000000000044e-01 1.139643473525661648e+02
5.060000000000000053e-01 1.144864646727547779e+02
5.070000000000000062e-01 1.150100109398290442e+02
5.080000000000000071e-01 1.155349865737786104e+02
5.090000000000000080e-01 1.160613919926984181e+02
5.100000000000000089e-01 1.165892276127981404e+02
5.110000000000000098e-01 1.171184938484145732e+02
5.120000000000000107e-01 1.176491911120239138e+02
5.130000000000000115e-01 1.181813198142509691e+02
5.140000000000000124e-01 1.187148803638826848e+02
5.150000000000000133e-01 1.192498731678780359e+02
5.160000000000000142e-01 1.197862986313792817e+02
5.170000000000000151e-01 1.203241571577241302e+02
5.180000000000000160e-01 1.208634491484543787e+02
5.190000000000000169e-01 1.214041750033294420e+02
5.200000000000000178e-01 1.219463351203346519e+02
5.210000000000000187e-01 1.224899298956936491e+02
5.220000000000000195e-01 1.230349597238787283e+02
5.230000000000000204e-01 1.235814249976198198e+02
5.240000000000000213e-01 1.241293261079174499e+02
5.250000000000000222e-01 1.246786634440506987e+02
5.260000000000000231e-01 1.252294373935882277e+02
5.270000000000000240e-01 1.257816483424004446e+02
5.280000000000000249e-01 1.263352966746658694e+02
5.290000000000000258e-01 1.268903827728843225e+02
5.300000000000000266e-01 1.274469070178856782e+02
5.310000000000000275e-01 1.280048697888387323e+02
5.320000000000000284e-01 1.285642714632631396e+02
5.330000000000000293e-01 1.291251124170378262e+02
5.340000000000000302e-01 1.296873930244105395e+02
5.350000000000000311e-01 1.302511136580078528e+02
5.360000000000000320e-01 1.308162746888442598e+02
5.370000000000000329e-01 1.313828764863320657e+02
5.380000000000000338e-01 1.319509194182908232e+02
5.390000000000000346e-01 1.325204038509556312e+02
5.400000000000000355e-01 1.330913301489874812e+02
5.410000000000000364e-01 1.336636986754822374e+02
5.420000000000000373e-01 1.342375097919784821e+02
5.430000000000000382e-01 1.348127638584684291e+02
5.440000000000000391e-01 1.353894612334055410e+02
5.450000000000000400e-01 1.359676022737129415e+02
5.460000000000000409e-01 1.365471873347943301e+02
5.470000000000000417e-01 1.371282167705413713e+02
5.480000000000000426e-01 1.377106909333406293e+02
5.490000000000000435e-01 1.382946101740860740e+02
5.500000000000000444e-01 1.388799748421841969e+02
5.510000000000000453e-01 1.394667852855645833e+02
5.520000000000000462e-01 1.400550418506866208e+02
5.530000000000000471e-01 1.406447448825493893e+02
5.540000000000000480e-01 1.412358947246991647e+02
5.550000000000000488e-01 1.418284917192379453e+02
5.560000000000000497e-01 1.424225362068318645e+02
5.570000000000000506e-01 1.430180285267173304e+02
5.580000000000000515e-01 1.436149690167125073e+02
5.590000000000000524e-01 1.442133580132227735e+02
5.600000000000000533e-01 1.448131958512487927e+02
5.610000000000000542e-01 1.454144828643959499e+02
5.620000000000000551e-01 1.460172193848802635e+02
5.630000000000000560e-01 1.466214057435372524e+02
5.640000000000000568e-01 1.472270422698297807e+02
5.650000000000000577e-01 1.478341292918553336e+02
5.660000000000000586e-01 1.484426671363532932e+02
5.670000000000000595e-01 1.490526561287126697e+02
5.680000000000000604e-01 1.496640965929800586e+02
5.690000000000000613e-01 1.502769888518666903e+02
5.700000000000000622e-01 1.508913332267557053e+02
5.710000000000000631e-01 1.515071300377098851e+02
5.720000000000000639e-01 1.521243796034784737e+02
5.730000000000000648e-01 1.527430822415039984e+02
5.740000000000000657e-01 1.533632382679311377e+02
5.750000000000000666e-01 1.539848479976124054e+02
5.760000000000000675e-01 1.546079117441145172e+02
5.769999999999999574e-01 1.552324298197268035e+02
5.779999999999999583e-01 1.558584025354698497e+02
5.789999999999999591e-01 1.564858302010964053e+02
5.799999999999999600e-01 1.571147131251059363e+02
5.809999999999999609e-01 1.577450516147457620e+02
5.819999999999999618e-01 1.583768459760199221e+02
5.829999999999999627e-01 1.590100965136950890e+02
5.839999999999999636e-01 1.596448035313101173e+02
5.849999999999999645e-01 1.602809673311780898e+02
5.859999999999999654e-01 1.609185882143965500e+02
5.869999999999999662e-01 1.615576664808518217e+02
5.879999999999999671e-01 1.621982024292276492e+02
5.889999999999999680e-01 1.628401963570086082e+02
5.899999999999999689e-01 1.634836485604905647e+02
5.909999999999999698e-01 1.641285593347827216e+02
5.919999999999999707e-01 1.647749289738169409e+02
5.929999999999999716e-01 1.654227577703525185e+02
5.939999999999999725e-01 1.660720460159843697e+02
5.949999999999999734e-01 1.667227940011457576e+02
5.959999999999999742e-01 1.673750020151173885e+02
5.969999999999999751e-01 1.680286703460326407e+02
5.979999999999999760e-01 1.686837992808834770e+02
5.989999999999999769e-01 1.693403891055270378e+02
5.999999999999999778e-01 1.699984401046901894e+02
6.009999999999999787e-01 1.706579525619763444e+02
6.019999999999999796e-01 1.713189267598720562e+02
6.029999999999999805e-01 1.719813629797513386e+02
6.039999999999999813e-01 1.726452615018843062e+02
6.049999999999999822e-01 1.733106226054383114e+02
6.059999999999999831e-01 1.739774465684877214e+02
6.069999999999999840e-01 1.746457336680182379e+02
6.079999999999999849e-01 1.753154841799319001e+02
6.089999999999999858e-01 1.759866983790545873e+02
6.099999999999999867e-01 1.766593765391387478e+02
6.109999999999999876e-01 1.773335189328718116e+02
6.119999999999999885e-01 1.780091258318798282e+02
6.129999999999999893e-01 1.786861975067333788e+02
6.139999999999999902e-01 1.793647342269537148e+02
6.149999999999999911e-01 1.800447362610173059e+02
6.159999999999999920e-01 1.807262038763608416e+02
6.169999999999999929e-01 1.814091373393889626e+02
6.179999999999999938e-01 1.820935369154756245e+02
6.189999999999999947e-01 1.827794028689729657e+02
6.199999999999999956e-01 1.834667354632151728e+02
6.209999999999999964e-01 1.841555349605218908e+02
6.219999999999999973e-01 1.848458016222073184e+02
6.229999999999999982e-01 1.855375357085808901e+02
6.239999999999999991e-01 1.862307374789570531e+02
6.250000000000000000e-01 1.869254071916545854e+02
6.260000000000000009e-01 1.876215451040075095e+02
6.270000000000000018e-01 1.883191514723662294e+02
6.280000000000000027e-01 1.890182265521038971e+02
6.290000000000000036e-01 1.897187705976205052e+02
6.300000000000000044e-01 1.904207838623497082e+02
6.310000000000000053e-01 1.911242665987601868e+02
6.320000000000000062e-01 1.918292190583642878e+02
6.330000000000000071e-01 1.925356414917205257e+02
6.340000000000000080e-01 1.932435341484390392e+02
6.350000000000000089e-01 1.939528972771856843e+02
6.360000000000000098e-01 1.946637311256879457e+02
6.370000000000000107e-01 1.953760359407388023e+02
6.380000000000000115e-01 1.960898119682005927e+02
6.390000000000000124e-01 1.968050594530120634e+02
6.400000000000000133e-01 1.975217786391901882e+02
6.410000000000000142e-01 1.982399697698365344e+02
6.420000000000000151e-01 1.989596330871399914e+02
6.430000000000000160e-01 1.996807688323840466e+02
6.440000000000000169e-01 2.004033772459488318e+02
6.450000000000000178e-01 2.011274585673168076e+02
6.460000000000000187e-01 2.018530130350752643e+02
6.470000000000000195e-01 2.025800408869238254e+02
6.480000000000000204e-01 2.033085423596769488e+02
6.490000000000000213e-01 2.040385176892673371e+02
6.500000000000000222e-01 2.047699671107525319e+02
6.510000000000000231e-01 2.055028908583174143e+02
6.520000000000000240e-01 2.062372891652785256e+02
6.530000000000000249e-01 2.069731622640899786e+02
6.540000000000000258e-01 2.077105103863455042e+02
6.550000000000000266e-01 2.084493337627834535e+02
6.560000000000000275e-01 2.091896326232915726e+02
6.570000000000000284e-01 2.099314071969104134e+02
6.580000000000000293e-01 2.106746577118378809e+02
6.590000000000000302e-01 2.114193843954317344e+02
6.600000000000000311e-01 2.121655874742166361e+02
6.610000000000000320e-01 2.129132671738846057e+02
6.620000000000000329e-01 2.136624237193018416e+02
6.630000000000000338e-01 2.144130573345121320e+02
6.640000000000000346e-01 2.151651682427384458e+02
6.650000000000000355e-01 2.159187566663904363e+02
6.660000000000000364e-01 2.166738228270658055e+02
6.670000000000000373e-01 2.174303669455557610e+02
6.680000000000000382e-01 2.181883892418459254e+02
6.690000000000000391e-01 2.189478899351247492e+02
6.700000000000000400e-01 2.197088692437828286e+02
6.710000000000000409e-01 2.204713273854204090e+02
6.720000000000000417e-01 2.212352645768478396e+02
6.730000000000000426e-01 2.220006810340912580e+02
6.740000000000000435e-01 2.227675769723962276e+02
6.750000000000000444e-01 2.235359526062313762e+02
6.760000000000000453e-01 2.243058081492904421e+02
6.770000000000000462e-01 2.250771438144979584e+02
6.780000000000000471e-01 2.258499598140124363e+02
6.790000000000000480e-01 2.266242563592286388e+02
6.800000000000000488e-01 2.274000336607828103e+02
6.810000000000000497e-01 2.281772919285551779e+02
6.820000000000000506e-01 2.289560313716744986e+02
6.830000000000000515e-01 2.297362521985201056e+02
6.840000000000000524e-01 2.305179546167262288e+02
6.850000000000000533e-01 2.313011388331854050e+02
6.860000000000000542e-01 2.320858050540527984e+02
6.870000000000000551e-01 2.328719534847466548e+02
6.880000000000000560e-01 2.336595843299564876e+02
6.890000000000000568e-01 2.344486977936417134e+02
6.900000000000000577e-01 2.352392940790373359e+02
6.910000000000000586e-01 2.360313733886575847e+02
6.920000000000000595e-01 2.368249359242981882e+02
6.930000000000000604e-01 2.376199818870404670e+02
6.940000000000000613e-01 2.384165114772540619e+02
6.950000000000000622e-01 2.392145248946001175e+02
6.960000000000000631e-01 2.400140223380346924e+02
6.970000000000000639e-01 2.408150040058126251e+02
6.980000000000000648e-01 2.416174700954907166e+02
6.990000000000000657e-01 2.424214208039288678e+02
7.000000000000000666e-01 2.432268563272955362e+02
7.010000000000000675e-01 2.440337768610706917e+02
7.020000000000000684e-01 2.448421826000471810e+02
7.030000000000000693e-01 2.456520737383357300e+02
7.039999999999999591e-01 2.464634504693665349e+02
7.049999999999999600e-01 2.472763129858951743e+02
7.059999999999999609e-01 2.480906614800019270e+02
7.069999999999999618e-01 2.489064961430958647e+02
7.079999999999999627e-01 2.497238171659203090e+02
7.089999999999999636e-01 2.505426247385530587e+02
7.099999999999999645e-01 2.513629190504095732e+02
7.109999999999999654e-01 2.521847002902486565e+02
7.119999999999999662e-01 2.530079686461715482e+02
7.129999999999999671e-01 2.538327243056276075e+02
7.139999999999999680e-01 2.546589674554172689e+02
7.149999999999999689e-01 2.554866982816922700e+02
7.159999999999999698e-01 2.563159169699613358e+02
7.169999999999999707e-01 2.571466237050919972e+02
7.179999999999999716e-01 2.579788186713133200e+02
7.189999999999999725e-01 2.588125020522188606e+02
7.199999999999999734e-01 2.596476740307698492e+02
7.209999999999999742e-01 2.604843347892972361e+02
7.219999999999999751e-01 2.613224845095060118e+02
7.229999999999999760e-01 2.621621233724738431e+02
7.239999999999999769e-01 2.630032515586603949e+02
7.249999999999999778e-01 2.638458692479050569e+02
7.259999999999999787e-01 2.646899766194310359e+02
7.269999999999999796e-01 2.655355738518478574e+02
7.279999999999999805e-01 2.663826611231543211e+02
7.289999999999999813e-01 2.672312386107432758e+02
7.299999999999999822e-01 2.680813064913991184e+02
7.309999999999999831e-01 2.689328649413057519e+02
7.319999999999999840e-01 2.697859141360454487e+02
7.329999999999999849e-01 2.706404542506047619e+02
7.339999999999999858e-01 2.714964854593736163e+02
7.349999999999999867e-01 2.723540079361514472e+02
7.359999999999999876e-01 2.732130218541462909e+02
7.369999999999999885e-01 2.740735273859797871e+02
7.379999999999999893e-01 2.749355247036892251e+02
7.389999999999999902e-01 2.757990139787293629e+02
7.399999999999999911e-01 2.766639953819756101e+02
7.409999999999999920e-01 2.775304690837263024e+02
7.419999999999999929e-01 2.783984352537061113e+02
7.429999999999999938e-01 2.792678940610655900e+02
7.439999999999999947e-01 2.801388456743875395e+02
7.449999999999999956e-01 2.810112902616863266e+02
7.459999999999999964e-01 2.818852279904126590e+02
7.469999999999999973e-01 2.827606590274540395e+02
7.479999999999999982e-01 2.836375835391386317e+02
7.489999999999999991e-01 2.845160016912368519e+02
7.500000000000000000e-01 2.853959136489636421e+02
7.510000000000000009e-01 2.862773195769814265e+02
7.520000000000000018e-01 2.871602196394021576e+02
7.530000000000000027e-01 2.880446139997904993e+02
7.540000000000000036e-01 2.889305028211640547e+02
7.550000000000000044e-01 2.898178862659972310e+02
7.560000000000000053e-01 2.907067644962239683e+02
7.570000000000000062e-01 2.915971376732395584e+02
7.580000000000000071e-01 2.924890059579017816e+02
7.590000000000000080e-01 2.933823695105336355e+02
7.600000000000000089e-01 2.942772284909278824e+02
7.610000000000000098e-01 2.951735830583468214e+02
7.620000000000000107e-01 2.960714333715241082e+02
7.630000000000000115e-01 2.969707795886688473e+02
7.640000000000000124e-01 2.978716218674676384e+02
7.650000000000000133e-01 2.987739603650850313e+02
7.660000000000000142e-01 2.996777952381662544e+02
7.670000000000000151e-01 3.005831266428415347e+02
7.680000000000000160e-01 3.014899547347260977e+02
7.690000000000000169e-01 3.023982796689231236e+02
7.700000000000000178e-01 3.033081016000237469e+02
7.710000000000000187e-01 3.042194206821138778e+02
7.720000000000000195e-01 3.051322370687705643e+02
7.730000000000000204e-01 3.060465509130701776e+02
7.740000000000000213e-01 3.069623623675845465e+02
7.750000000000000222e-01 3.078796715843866423e+02
7.760000000000000231e-01 3.087984787150535340e+02
7.770000000000000240e-01 3.097187839106641150e+02
7.780000000000000249e-01 3.106405873218052420e+02
7.790000000000000258e-01 3.115638890985724174e+02
7.800000000000000266e-01 3.124886893905702436e+02
7.810000000000000275e-01 3.134149883469185625e+02
7.820000000000000284e-01 3.143427861162490444e+02
7.830000000000000293e-01 3.152720828467115552e+02
7.840000000000000302e-01 3.162028786859730189e+02
7.850000000000000311e-01 3.171351737812224201e+02
7.860000000000000320e-01 3.180689682791712585e+02
7.870000000000000329e-01 3.190042623260535493e+02
7.880000000000000338e-01 3.199410560676324167e+02
7.890000000000000346e-01 3.208793496491957740e+02
7.900000000000000355e-01 3.218191432155656457e+02
7.910000000000000364e-01 3.227604369110927109e+02
7.920000000000000373e-01 3.237032308796651705e+02
7.930000000000000382e-01 3.246475252647035177e+02
7.940000000000000391e-01 3.255933202091680414e+02
7.950000000000000400e-01 3.265406158555595084e+02
7.960000000000000409e-01 3.274894123459164348e+02
7.970000000000000417e-01 3.284397098218255451e+02
7.980000000000000426e-01 3.293915084244160880e+02
7.990000000000000435e-01 3.303448082943646114e+02
8.000000000000000444e-01 3.312996095718965535e+02
8.010000000000000453e-01 3.322559123967885171e+02
8.020000000000000462e-01 3.332137169083694062e+02
8.030000000000000471e-01 3.341730232455215628e+02
8.040000000000000480e-01 3.351338315466844051e+02
8.050000000000000488e-01 3.360961419498551095e+02
8.060000000000000497e-01 3.370599545925904295e+02
8.070000000000000506e-01 3.380252696120066958e+02
8.080000000000000515e-01 3.389920871447870923e+02
8.090000000000000524e-01 3.399604073271768812e+02
8.100000000000000533e-01 3.409302302949872683e+02
8.110000000000000542e-01 3.419015561835999506e+02
8.120000000000000551e-01 3.428743851279657520e+02
8.130000000000000560e-01 3.438487172626073516e+02
8.140000000000000568e-01 3.448245527216195114e+02
8.150000000000000577e-01 3.458018916386740784e+02
8.160000000000000586e-01 3.467807341470188476e+02
8.170000000000000595e-01 3.477610803794796084e+02
8.180000000000000604e-01 3.487429304684628733e+02
8.190000000000000613e-01 3.497262845459565597e+02
8.200000000000000622e-01 3.507111427435329460e+02
8.210000000000000631e-01 3.516975051923475348e+02
8.220000000000000639e-01 3.526853720231447369e+02
8.230000000000000648e-01 3.536747433662549156e+02
8.240000000000000657e-01 3.546656193516005260e+02
8.250000000000000666e-01 3.556580001086931588e+02
8.260000000000000675e-01 3.566518857666408167e+02
8.270000000000000684e-01 3.576472764541424567e+02
8.280000000000000693e-01 3.586441722994968586e+02
8.290000000000000702e-01 3.596425734305980768e+02
8.300000000000000711e-01 3.606424799749390786e+02
8.310000000000000719e-01 3.616438920596172011e+02
8.320000000000000728e-01 3.626468098113293763e+02
8.329999999999999627e-01 3.636512333563773609e+02
8.339999999999999636e-01 3.646571628206693276e+02
8.349999999999999645e-01 3.656645983297187286e+02
8.359999999999999654e-01 3.666735400086506615e+02
8.369999999999999662e-01 3.676839879821968680e+02
8.379999999999999671e-01 3.686959423747032361e+02
8.389999999999999680e-01 3.697094033101270725e+02
8.399999999999999689e-01 3.707243709120423318e+02
8.409999999999999698e-01 3.717408453036375704e+02
8.419999999999999707e-01 3.727588266077184471e+02
8.429999999999999716e-01 3.737783149467118164e+02
8.439999999999999725e-01 3.747993104426641366e+02
8.449999999999999734e-01 3.758218132172421519e+02
8.459999999999999742e-01 3.768458233917383495e+02
8.469999999999999751e-01 3.778713410870682310e+02
8.479999999999999760e-01 3.788983664237755420e+02
8.489999999999999769e-01 3.799268995220311353e+02
8.499999999999999778e-01 3.809569405016336532e+02
8.509999999999999787e-01 3.819884894820124828e+02
8.519999999999999796e-01 3.830215465822307124e+02
8.529999999999999805e-01 3.840561119209842218e+02
8.539999999999999813e-01 3.850921856166014550e+02
8.549999999999999822e-01 3.861297677870497864e+02
8.559999999999999831e-01 3.871688585499332476e+02
8.569999999999999840e-01 3.882094580224938909e+02
8.579999999999999849e-01 3.892515663216149733e+02
8.589999999999999858e-01 3.902951835638200464e+02
8.599999999999999867e-01 3.913403098652775043e+02
8.609999999999999876e-01 3.923869453417978548e+02
8.619999999999999885e-01 3.934350901088405408e+02
8.629999999999999893e-01 3.944847442815057548e+02
8.639999999999999902e-01 3.955359079745499002e+02
8.649999999999999911e-01 3.965885813023733135e+02
8.659999999999999920e-01 3.976427643790289039e+02
8.669999999999999929e-01 3.986984573182230633e+02
8.679999999999999938e-01 3.997556602333115734e+02
8.689999999999999947e-01 4.008143732373109742e+02
8.699999999999999956e-01 4.018745964428894695e+02
8.709999999999999964e-01 4.029363299623746570e+02
8.719999999999999973e-01 4.039995739077508006e+02
8.729999999999999982e-01 4.050643283906647412e+02
8.739999999999999991e-01 4.061305935224227142e+02
8.750000000000000000e-01 4.071983694139930776e+02
8.760000000000000009e-01 4.082676561760085860e+02
8.770000000000000018e-01 4.093384539187695736e+02
8.780000000000000027e-01 4.104107627522357689e+02
8.790000000000000036e-01 4.114845827860408463e+02
8.800000000000000044e-01 4.125599141294856054e+02
8.810000000000000053e-01 4.136367568915370612e+02
8.820000000000000062e-01 4.147151111808379937e+02
8.830000000000000071e-01 4.157949771057014914e+02
8.840000000000000080e-01 4.168763547741127695e+02
8.850000000000000089e-01 4.179592442937337182e+02
8.860000000000000098e-01 4.190436457719024474e+02
8.870000000000000107e-01 4.201295593156310133e+02
8.880000000000000115e-01 4.212169850316131487e+02
8.890000000000000124e-01 4.223059230262206256e+02
8.900000000000000133e-01 4.233963734055055284e+02
8.910000000000000142e-01 4.244883362752016183e+02
8.920000000000000151e-01 4.255818117407279715e+02
8.930000000000000160e-01 4.266767999071830673e+02
8.940000000000000169e-01 4.277733008793552472e+02
8.950000000000000178e-01 4.288713147617145296e+02
8.960000000000000187e-01 4.299708416584244333e+02
8.970000000000000195e-01 4.310718816733324275e+02
8.980000000000000204e-01 4.321744349099767533e+02
8.990000000000000213e-01 4.332785014715855141e+02
9.000000000000000222e-01 4.343840814610834968e+02
9.010000000000000231e-01 4.354911749810830770e+02
9.020000000000000240e-01 4.365997821338942231e+02
9.030000000000000249e-01 4.377099030215204039e+02
9.040000000000000258e-01 4.388215377456608621e+02
9.050000000000000266e-01 4.399346864077160717e+02
9.060000000000000275e-01 4.410493491087818256e+02
9.070000000000000284e-01 4.421655259496551480e+02
9.080000000000000293e-01 4.432832170308311106e+02
9.090000000000000302e-01 4.444024224525110185e+02
9.100000000000000311e-01 4.455231423145951339e+02
9.110000000000000320e-01 4.466453767166899524e+02
9.120000000000000329e-01 4.477691257581072932e+02
9.130000000000000338e-01 4.488943895378615707e+02
9.140000000000000346e-01 4.500211681546802538e+02
9.150000000000000355e-01 4.511494617069929518e+02
9.160000000000000364e-01 4.522792702929423285e+02
9.170000000000000373e-01 4.534105940103790999e+02
9.180000000000000382e-01 4.545434329568679459e+02
9.190000000000000391e-01 4.556777872296820533e+02
9.200000000000000400e-01 4.568136569258122108e+02
9.210000000000000409e-01 4.579510421419604427e+02
9.220000000000000417e-01 4.590899429745436464e+02
9.230000000000000426e-01 4.602303595196985952e+02
9.240000000000000435e-01 4.613722918732751168e+02
9.250000000000000444e-01 4.625157401308451881e+02
9.260000000000000453e-01 4.636607043876983880e+02
9.270000000000000462e-01 4.648071847388446258e+02
9.280000000000000471e-01 4.659551812790150507e+02
9.290000000000000480e-01 4.671046941026625063e+02
9.300000000000000488e-01 4.682557233039651692e+02
9.310000000000000497e-01 4.694082689768229102e+02
9.320000000000000506e-01 4.705623312148636614e+02
9.330000000000000515e-01 4.717179101114384139e+02
9.340000000000000524e-01 4.728750057596280385e+02
9.350000000000000533e-01 4.740336182522391937e+02
9.360000000000000542e-01 4.751937476818102368e+02
9.370000000000000551e-01 4.763553941406057675e+02
9.380000000000000560e-01 4.775185577206239032e+02
9.390000000000000568e-01 4.786832385135962795e+02
9.400000000000000577e-01 4.798494366109825933e+02
9.410000000000000586e-01 4.810171521039801519e+02
9.420000000000000595e-01 4.821863850835202356e+02
9.430000000000000604e-01 4.833571356402671881e+02
9.440000000000000613e-01 4.845294038646261470e+02
9.450000000000000622e-01 4.857031898467353130e+02
9.460000000000000631e-01 4.868784936764736813e+02
9.470000000000000639e-01 4.880553154434596763e+02
9.480000000000000648e-01 4.892336552370497884e+02
9.490000000000000657e-01 4.904135131463426660e+02
9.500000000000000666e-01 4.915948892601813895e+02
9.510000000000000675e-01 4.927777836671452860e+02
9.520000000000000684e-01 4.939621964555649356e+02
9.530000000000000693e-01 4.951481277135103483e+02
9.540000000000000702e-01 4.963355775288005134e+02
9.550000000000000711e-01 4.975245459889961239e+02
9.560000000000000719e-01 4.987150331814082165e+02
9.570000000000000728e-01 4.999070391930968071e+02
9.580000000000000737e-01 5.011005641108686177e+02
9.590000000000000746e-01 5.022956080212811685e+02
9.599999999999999645e-01 5.034921710106414139e+02
9.609999999999999654e-01 5.046902531650102901e+02
9.619999999999999662e-01 5.058898545701968033e+02
9.629999999999999671e-01 5.070909753117680339e+02
9.639999999999999680e-01 5.082936154750423157e+02
9.649999999999999689e-01 5.094977751450924188e+02
9.659999999999999698e-01 5.107034544067491879e+02
9.669999999999999707e-01 5.119106533445960849e+02
9.679999999999999716e-01 5.131193720429773748e+02
9.689999999999999725e-01 5.143296105859949421e+02
9.699999999999999734e-01 5.155413690575078363e+02
9.709999999999999742e-01 5.167546475411368192e+02
9.719999999999999751e-01 5.179694461202616367e+02
9.729999999999999760e-01 5.191857648780255658e+02
9.739999999999999769e-01 5.204036038973304130e+02
9.749999999999999778e-01 5.216229632608446991e+02
9.759999999999999787e-01 5.228438430510000217e+02
9.769999999999999796e-01 5.240662433499906001e+02
9.779999999999999805e-01 5.252901642397778232e+02
9.789999999999999813e-01 5.265156058020888850e+02
9.799999999999999822e-01 5.277425681184163295e+02
9.809999999999999831e-01 5.289710512700239633e+02
9.819999999999999840e-01 5.302010553379404882e+02
9.829999999999999849e-01 5.314325804029667779e+02
9.839999999999999858e-01 5.326656265456713299e+02
9.849999999999999867e-01 5.339001938463943588e+02
9.859999999999999876e-01 5.351362823852496149e+02
9.869999999999999885e-01 5.363738922421184725e+02
9.879999999999999893e-01 5.376130234966603894e+02
9.889999999999999902e-01 5.388536762283069947e+02
9.899999999999999911e-01 5.400958505162616348e+02
9.909999999999999920e-01 5.413395464395089220e+02
9.919999999999999929e-01 5.425847640768033671e+02
9.929999999999999938e-01 5.438315035066812015e+02
9.939999999999999947e-01 5.450797648074535573e+02
9.949999999999999956e-01 5.463295480572105589e+02
9.959999999999999964e-01 5.475808533338199595e+02
9.969999999999999973e-01 5.488336807149330525e+02
9.979999999999999982e-01 5.500880302779783051e+02
9.989999999999999991e-01 5.513439021001659057e+02
1.000000000000000000e+00 5.526012962584891284e+02
