0.000000000000000000e+00 0.000000000000000000e+00
1.000000000000000021e-03 8.165654668389180637e-01
2.000000000000000042e-03 1.186616911331421109e+00
3.000000000000000062e-03 1.464922956252610042e+00
4.000000000000000083e-03 1.695087622542569061e+00
5.000000000000000104e-03 1.894619811032163925e+00
6.000000000000000125e-03 2.072669869430157963e+00
7.000000000000000146e-03 2.234732511101694019e+00
8.000000000000000167e-03 2.384409493666446167e+00
9.000000000000001055e-03 2.524209759267892483e+00
1.000000000000000021e-02 2.655961117679123351e+00
1.099999999999999936e-02 2.781041860302058133e+00
1.200000000000000025e-02 2.900520142634938736e+00
1.300000000000000114e-02 3.015242404446844215e+00
1.400000000000000029e-02 3.125891896009828752e+00
1.499999999999999944e-02 3.233028798071191368e+00
1.600000000000000033e-02 3.337118544534611431e+00
1.700000000000000122e-02 3.438552323596706817e+00
1.800000000000000211e-02 3.537662241060586688e+00
1.899999999999999953e-02 3.634732748535064673e+00
2.000000000000000042e-02 3.730009400207867198e+00
2.100000000000000130e-02 3.823705661751805707e+00
2.199999999999999872e-02 3.916008274392261956e+00
2.299999999999999961e-02 4.007081530697558236e+00
2.400000000000000050e-02 4.097070719267461136e+00
2.500000000000000139e-02 4.186104926742972410e+00
2.600000000000000228e-02 4.274299337164697121e+00
2.699999999999999969e-02 4.361757134097754118e+00
2.800000000000000058e-02 4.448571085831496852e+00
2.900000000000000147e-02 4.534824875502414976e+00
2.999999999999999889e-02 4.620594224251878046e+00
3.099999999999999978e-02 4.705947845192983259e+00
3.200000000000000067e-02 4.790948258100454993e+00
3.300000000000000155e-02 4.875652488703022591e+00
3.400000000000000244e-02 4.960112671782959559e+00
3.500000000000000333e-02 5.044376573635959815e+00
3.600000000000000422e-02 5.128488046569584569e+00
3.699999999999999817e-02 5.212487425838612687e+00
3.799999999999999906e-02 5.296411877594909612e+00
3.899999999999999994e-02 5.380295704965886827e+00
4.000000000000000083e-02 5.464170618192515150e+00
4.100000000000000172e-02 5.548065973794773065e+00
4.200000000000000261e-02 5.632008986945817419e+00
4.300000000000000350e-02 5.716024920588365532e+00
4.399999999999999745e-02 5.800137254292747180e+00
4.499999999999999833e-02 5.884367835411890013e+00
4.599999999999999922e-02 5.968737014718845657e+00
4.700000000000000011e-02 6.053263768402707967e+00
4.800000000000000100e-02 6.137965808038368110e+00
4.900000000000000189e-02 6.222859679925946352e+00
5.000000000000000278e-02 6.307960855009660861e+00
5.100000000000000366e-02 6.393283810427732305e+00
5.200000000000000455e-02 6.478842103610098491e+00
5.299999999999999850e-02 6.564648439725364604e+00
5.399999999999999939e-02 6.650714733179315274e+00
5.500000000000000028e-02 6.737052163782095704e+00
5.600000000000000117e-02 6.823671228127700772e+00
5.700000000000000205e-02 6.910581786665585646e+00
5.800000000000000294e-02 6.997793106888960502e+00
5.900000000000000383e-02 7.085313903016437820e+00
5.999999999999999778e-02 7.173152372501268914e+00
6.099999999999999867e-02 7.261316229666386235e+00
6.199999999999999956e-02 7.349812736730667595e+00
6.300000000000000044e-02 7.438648732464159252e+00
6.400000000000000133e-02 7.527830658684699472e+00
6.500000000000000222e-02 7.617364584786768589e+00
6.600000000000000311e-02 7.707256230474018643e+00
6.700000000000000400e-02 7.797510986849433223e+00
6.800000000000000488e-02 7.888133936002390989e+00
6.900000000000000577e-02 7.979129869218038351e+00
7.000000000000000666e-02 8.070503303922270888e+00
7.100000000000000755e-02 8.162258499465323780e+00
7.200000000000000844e-02 8.254399471836796565e+00
7.299999999999999545e-02 8.346930007397014961e+00
7.399999999999999634e-02 8.439853675701250779e+00
7.499999999999999722e-02 8.533173841487025513e+00
7.599999999999999811e-02 8.626893675888190671e+00
7.699999999999999900e-02 8.721016166933964087e+00
7.799999999999999989e-02 8.815544129386218231e+00
7.900000000000000078e-02 8.910480213963403173e+00
8.000000000000000167e-02 9.005826915995923443e+00
8.100000000000000255e-02 9.101586583553661569e+00
8.200000000000000344e-02 9.197761425083038844e+00
8.300000000000000433e-02 9.294353516588239827e+00
8.400000000000000522e-02 9.391364808387944407e+00
8.500000000000000611e-02 9.488797131477038960e+00
8.600000000000000699e-02 9.586652203519884452e+00
8.700000000000000788e-02 9.684931634499973185e+00
8.799999999999999489e-02 9.783636932048855428e+00
8.899999999999999578e-02 9.882769506475399979e+00
8.999999999999999667e-02 9.982330675514878848e+00
9.099999999999999756e-02 1.008232166881604108e+01
9.199999999999999845e-02 1.018274363218271716e+01
9.299999999999999933e-02 1.028359763158574403e+01
9.400000000000000022e-02 1.038488465695922081e+01
9.500000000000000111e-02 1.048660562579481592e+01
9.600000000000000200e-02 1.058876138654625976e+01
9.700000000000000289e-02 1.069135272185578600e+01
9.800000000000000377e-02 1.079438035161305365e+01
9.900000000000000466e-02 1.089784493585668557e+01
1.000000000000000056e-01 1.100174707752761805e+01
1.010000000000000064e-01 1.110608732508315555e+01
1.020000000000000073e-01 1.121086617497960880e+01
1.030000000000000082e-01 1.131608407403111904e+01
1.040000000000000091e-01 1.142174142165197281e+01
1.049999999999999961e-01 1.152783857198862449e+01
1.059999999999999970e-01 1.163437583594802938e+01
1.069999999999999979e-01 1.174135348312765181e+01
1.079999999999999988e-01 1.184877174365298735e+01
1.089999999999999997e-01 1.195663080992734706e+01
1.100000000000000006e-01 1.206493083829874635e+01
1.110000000000000014e-01 1.217367195064868035e+01
1.120000000000000023e-01 1.228285423590623537e+01
1.130000000000000032e-01 1.239247775149252817e+01
1.140000000000000041e-01 1.250254252469803085e+01
1.150000000000000050e-01 1.261304855399724545e+01
1.160000000000000059e-01 1.272399581030335725e+01
1.170000000000000068e-01 1.283538423816623286e+01
1.180000000000000077e-01 1.294721375691655574e+01
1.190000000000000085e-01 1.305948426175891974e+01
1.199999999999999956e-01 1.317219562481644957e+01
1.209999999999999964e-01 1.328534769612918076e+01
1.219999999999999973e-01 1.339894030460870589e+01
1.229999999999999982e-01 1.351297325895131785e+01
1.239999999999999991e-01 1.362744634851136638e+01
1.250000000000000000e-01 1.374235934413697890e+01
1.260000000000000009e-01 1.385771199897001438e+01
1.270000000000000018e-01 1.397350404921179745e+01
1.280000000000000027e-01 1.408973521485645719e+01
1.290000000000000036e-01 1.420640520039302501e+01
1.300000000000000044e-01 1.432351369547855491e+01
1.310000000000000053e-01 1.444106037558243827e+01
1.320000000000000062e-01 1.455904490260449613e+01
1.330000000000000071e-01 1.467746692546715792e+01
1.340000000000000080e-01 1.479632608068333077e+01
1.350000000000000089e-01 1.491562199290094171e+01
1.360000000000000098e-01 1.503535427542533753e+01
1.370000000000000107e-01 1.515552253072031874e+01
1.380000000000000115e-01 1.527612635088900994e+01
1.390000000000000124e-01 1.539716531813521172e+01
1.400000000000000133e-01 1.551863900520644179e+01
1.410000000000000142e-01 1.564054697581906339e+01
1.420000000000000151e-01 1.576288878506655422e+01
1.430000000000000160e-01 1.588566397981164968e+01
1.440000000000000169e-01 1.600887209906300512e+01
1.449999999999999900e-01 1.613251267433678038e+01
1.459999999999999909e-01 1.625658523000439715e+01
1.469999999999999918e-01 1.638108928362651895e+01
1.479999999999999927e-01 1.650602434627397130e+01
1.489999999999999936e-01 1.663138992283634110e+01
1.499999999999999944e-01 1.675718551231858555e+01
1.509999999999999953e-01 1.688341060812611971e+01
1.519999999999999962e-01 1.701006469833910373e+01
1.529999999999999971e-01 1.713714726597602578e+01
1.539999999999999980e-01 1.726465778924743333e+01
1.549999999999999989e-01 1.739259574179975587e+01
1.559999999999999998e-01 1.752096059294994390e+01
1.570000000000000007e-01 1.764975180791144282e+01
1.580000000000000016e-01 1.777896884801117494e+01
1.590000000000000024e-01 1.790861117089867349e+01
1.600000000000000033e-01 1.803867823074728705e+01
1.610000000000000042e-01 1.816916947844768870e+01
1.620000000000000051e-01 1.830008436179429410e+01
1.630000000000000060e-01 1.843142232566462724e+01
1.640000000000000069e-01 1.856318281219193622e+01
1.650000000000000078e-01 1.869536526093155615e+01
1.660000000000000087e-01 1.882796910902081677e+01
1.670000000000000095e-01 1.896099379133329776e+01
1.680000000000000104e-01 1.909443874062713320e+01
1.690000000000000113e-01 1.922830338768793723e+01
1.700000000000000122e-01 1.936258716146635450e+01
1.710000000000000131e-01 1.949728948921076821e+01
1.720000000000000140e-01 1.963240979659465069e+01
1.730000000000000149e-01 1.976794750783978216e+01
1.740000000000000158e-01 1.990390204583441403e+01
1.750000000000000167e-01 2.004027283224747435e+01
1.759999999999999898e-01 2.017705928763822243e+01
1.769999999999999907e-01 2.031426083156228302e+01
1.779999999999999916e-01 2.045187688267330373e+01
1.789999999999999925e-01 2.058990685882130123e+01
1.799999999999999933e-01 2.072835017714710304e+01
1.809999999999999942e-01 2.086720625417350305e+01
1.819999999999999951e-01 2.100647450589288212e+01
1.829999999999999960e-01 2.114615434785175907e+01
1.839999999999999969e-01 2.128624519523226155e+01
1.849999999999999978e-01 2.142674646293031060e+01
1.859999999999999987e-01 2.156765756563129344e+01
1.869999999999999996e-01 2.170897791788270936e+01
1.880000000000000004e-01 2.185070693416422571e+01
1.890000000000000013e-01 2.199284402895502666e+01
1.900000000000000022e-01 2.213538861679885983e+01
1.910000000000000031e-01 2.227834011236650724e+01
1.920000000000000040e-01 2.242169793051607840e+01
1.930000000000000049e-01 2.256546148635075610e+01
1.940000000000000058e-01 2.270963019527493643e+01
1.950000000000000067e-01 2.285420347304760114e+01
1.960000000000000075e-01 2.299918073583427969e+01
1.970000000000000084e-01 2.314456140025669839e+01
1.980000000000000093e-01 2.329034488344064968e+01
1.990000000000000102e-01 2.343653060306214897e+01
2.000000000000000111e-01 2.358311797739166593e+01
2.010000000000000120e-01 2.373010642533687076e+01
2.020000000000000129e-01 2.387749536648358628e+01
2.030000000000000138e-01 2.402528422113520534e+01
2.040000000000000147e-01 2.417347241035067640e+01
2.050000000000000155e-01 2.432205935598099344e+01
2.060000000000000164e-01 2.447104448070405525e+01
2.070000000000000173e-01 2.462042720805858309e+01
2.080000000000000182e-01 2.477020696247630127e+01
2.089999999999999913e-01 2.492038316931304109e+01
2.099999999999999922e-01 2.507095525487866539e+01
2.109999999999999931e-01 2.522192264646563586e+01
2.119999999999999940e-01 2.537328477237652535e+01
2.129999999999999949e-01 2.552504106195041800e+01
2.139999999999999958e-01 2.567719094558827564e+01
2.149999999999999967e-01 2.582973385477713890e+01
2.159999999999999976e-01 2.598266922211336194e+01
2.169999999999999984e-01 2.613599648132504782e+01
2.179999999999999993e-01 2.628971506729335417e+01
2.190000000000000002e-01 2.644382441607283951e+01
2.200000000000000011e-01 2.659832396491119155e+01
2.210000000000000020e-01 2.675321315226796060e+01
2.220000000000000029e-01 2.690849141783235154e+01
2.230000000000000038e-01 2.706415820254042970e+01
2.240000000000000047e-01 2.722021294859145968e+01
2.250000000000000056e-01 2.737665509946364040e+01
2.260000000000000064e-01 2.753348409992876711e+01
2.270000000000000073e-01 2.769069939606664832e+01
2.280000000000000082e-01 2.784830043527863097e+01
2.290000000000000091e-01 2.800628666630031915e+01
2.300000000000000100e-01 2.816465753921409387e+01
2.310000000000000109e-01 2.832341250546069489e+01
2.320000000000000118e-01 2.848255101785011334e+01
2.330000000000000127e-01 2.864207253057245595e+01
2.340000000000000135e-01 2.880197649920764746e+01
2.350000000000000144e-01 2.896226238073499104e+01
2.360000000000000153e-01 2.912292963354205000e+01
2.370000000000000162e-01 2.928397771743311750e+01
2.380000000000000171e-01 2.944540609363719597e+01
2.390000000000000180e-01 2.960721422481544707e+01
2.399999999999999911e-01 2.976940157506834694e+01
2.409999999999999920e-01 2.993196760994207040e+01
2.419999999999999929e-01 3.009491179643502079e+01
2.429999999999999938e-01 3.025823360300331544e+01
2.439999999999999947e-01 3.042193249956645928e+01
2.449999999999999956e-01 3.058600795751213752e+01
2.459999999999999964e-01 3.075045944970114675e+01
2.469999999999999973e-01 3.091528645047141310e+01
2.479999999999999982e-01 3.108048843564215247e+01
2.489999999999999991e-01 3.124606488251750491e+01
2.500000000000000000e-01 3.141201526988971438e+01
2.510000000000000009e-01 3.157833907804233320e+01
2.520000000000000018e-01 3.174503578875279430e+01
2.530000000000000027e-01 3.191210488529491585e+01
2.540000000000000036e-01 3.207954585244099377e+01
2.550000000000000044e-01 3.224735817646373448e+01
2.560000000000000053e-01 3.241554134513774699e+01
2.570000000000000062e-01 3.258409484774112030e+01
2.580000000000000071e-01 3.275301817505634716e+01
2.590000000000000080e-01 3.292231081937136850e+01
2.600000000000000089e-01 3.309197227448007084e+01
2.610000000000000098e-01 3.326200203568282632e+01
2.620000000000000107e-01 3.343239959978679821e+01
2.630000000000000115e-01 3.360316446510577038e+01
2.640000000000000124e-01 3.377429613146013310e+01
2.650000000000000133e-01 3.394579410017644250e+01
2.660000000000000142e-01 3.411765787408693029e+01
2.670000000000000151e-01 3.428988695752876481e+01
2.680000000000000160e-01 3.446248085634301361e+01
2.690000000000000169e-01 3.463543907787385479e+01
2.700000000000000178e-01 3.480876113096707059e+01
2.710000000000000187e-01 3.498244652596882531e+01
2.720000000000000195e-01 3.515649477472420159e+01
2.730000000000000204e-01 3.533090539057531032e+01
2.740000000000000213e-01 3.550567788835968486e+01
2.750000000000000222e-01 3.568081178440823464e+01
2.760000000000000231e-01 3.585630659654317043e+01
2.770000000000000240e-01 3.603216184407585843e+01
2.780000000000000249e-01 3.620837704780449684e+01
2.790000000000000258e-01 3.638495173001165028e+01
2.800000000000000266e-01 3.656188541446169182e+01
2.810000000000000275e-01 3.673917762639823081e+01
2.820000000000000284e-01 3.691682789254129915e+01
2.830000000000000293e-01 3.709483574108447357e+01
2.840000000000000302e-01 3.727320070169199795e+01
2.850000000000000311e-01 3.745192230549562851e+01
2.860000000000000320e-01 3.763100008509180583e+01
2.870000000000000329e-01 3.781043357453793874e+01
2.880000000000000338e-01 3.799022230934964739e+01
2.889999999999999791e-01 3.817036582649683396e+01
2.899999999999999800e-01 3.835086366440083339e+01
2.909999999999999809e-01 3.853171536293035615e+01
2.919999999999999818e-01 3.871292046339825532e+01
2.929999999999999827e-01 3.889447850855774647e+01
2.939999999999999836e-01 3.907638904259863466e+01
2.949999999999999845e-01 3.925865161114347757e+01
2.959999999999999853e-01 3.944126576124401851e+01
2.969999999999999862e-01 3.962423104137702978e+01
2.979999999999999871e-01 3.980754700144034075e+01
2.989999999999999880e-01 3.999121319274908615e+01
2.999999999999999889e-01 4.017522916803144994e+01
3.009999999999999898e-01 4.035959448142455841e+01
3.019999999999999907e-01 4.054430868847036606e+01
3.029999999999999916e-01 4.072937134611166243e+01
3.039999999999999925e-01 4.091478201268740378e+01
3.049999999999999933e-01 4.110054024792888328e+01
3.059999999999999942e-01 4.128664561295524749e+01
3.069999999999999951e-01 4.147309767026917626e+01
3.079999999999999960e-01 4.165989598375232816e+01
3.089999999999999969e-01 4.184704011866124773e+01
3.099999999999999978e-01 4.203452964162281091e+01
3.109999999999999987e-01 4.222236412062956390e+01
3.119999999999999996e-01 4.241054312503548118e+01
3.130000000000000004e-01 4.259906622555149625e+01
3.140000000000000013e-01 4.278793299424066277e+01
3.150000000000000022e-01 4.297714300451377767e+01
3.160000000000000031e-01 4.316669583112490471e+01
3.170000000000000040e-01 4.335659105016649306e+01
3.180000000000000049e-01 4.354682823906502165e+01
3.190000000000000058e-01 4.373740697657616749e+01
3.200000000000000067e-01 4.392832684278032218e+01
3.210000000000000075e-01 4.411958741907778858e+01
3.220000000000000084e-01 4.431118828818416233e+01
3.230000000000000093e-01 4.450312903412559251e+01
3.240000000000000102e-01 4.469540924223404943e+01
3.250000000000000111e-01 4.488802849914272741e+01
3.260000000000000120e-01 4.508098639278131259e+01
3.270000000000000129e-01 4.527428251237105172e+01
3.280000000000000138e-01 4.546791644842021185e+01
3.290000000000000147e-01 4.566188779271929832e+01
3.300000000000000155e-01 4.585619613833609520e+01
3.310000000000000164e-01 4.605084107961130968e+01
3.320000000000000173e-01 4.624582221215337086e+01
3.330000000000000182e-01 4.644113913283401018e+01
3.340000000000000191e-01 4.663679143978325214e+01
3.350000000000000200e-01 4.683277873238482414e+01
3.360000000000000209e-01 4.702910061127123953e+01
3.370000000000000218e-01 4.722575667831908675e+01
3.380000000000000226e-01 4.742274653664416917e+01
3.390000000000000235e-01 4.762006979059714240e+01
3.400000000000000244e-01 4.781772604575805019e+01
3.410000000000000253e-01 4.801571490893217486e+01
3.420000000000000262e-01 4.821403598814494273e+01
3.430000000000000271e-01 4.841268889263729136e+01
3.440000000000000280e-01 4.861167323286080943e+01
3.450000000000000289e-01 4.881098862047320353e+01
3.460000000000000298e-01 4.901063466833328874e+01
3.470000000000000306e-01 4.921061099049637733e+01
3.480000000000000315e-01 4.941091720220960326e+01
3.490000000000000324e-01 4.961155291990714034e+01
3.500000000000000333e-01 4.981251776120535624e+01
3.510000000000000342e-01 5.001381134489822955e+01
3.519999999999999796e-01 5.021543329095278096e+01
3.529999999999999805e-01 5.041738322050416343e+01
3.539999999999999813e-01 5.061966075585094416e+01
3.549999999999999822e-01 5.082226552045059975e+01
3.559999999999999831e-01 5.102519713891481956e+01
3.569999999999999840e-01 5.122845523700468107e+01
3.579999999999999849e-01 5.143203944162624452e+01
3.589999999999999858e-01 5.163594938082571417e+01
3.599999999999999867e-01 5.184018468378498312e+01
3.609999999999999876e-01 5.204474498081678746e+01
3.619999999999999885e-01 5.224962990336033641e+01
3.629999999999999893e-01 5.245483908397656592e+01
3.639999999999999902e-01 5.266037215634374746e+01
3.649999999999999911e-01 5.286622875525250009e+01
3.659999999999999920e-01 5.307240851660192504e+01
3.669999999999999929e-01 5.327891107739435483e+01
3.679999999999999938e-01 5.348573607573122501e+01
3.689999999999999947e-01 5.369288315080845564e+01
3.699999999999999956e-01 5.390035194291203879e+01
3.709999999999999964e-01 5.410814209341332059e+01
3.719999999999999973e-01 5.431625324476475214e+01
3.729999999999999982e-01 5.452468504049538467e+01
3.739999999999999991e-01 5.473343712520630788e+01
3.750000000000000000e-01 5.494250914456631563e+01
3.760000000000000009e-01 5.515190074530750053e+01
3.770000000000000018e-01 5.536161157522083442e+01
3.780000000000000027e-01 5.557164128315160667e+01
3.790000000000000036e-01 5.578198951899531721e+01
3.800000000000000044e-01 5.599265593369331384e+01
3.810000000000000053e-01 5.620364017922810262e+01
3.820000000000000062e-01 5.641494190861939728e+01
3.830000000000000071e-01 5.662656077591968540e+01
3.840000000000000080e-01 5.683849643620987990e+01
3.850000000000000089e-01 5.705074854559492792e+01
3.860000000000000098e-01 5.726331676119993119e+01
3.870000000000000107e-01 5.747620074116549915e+01
3.880000000000000115e-01 5.768940014464361354e+01
3.890000000000000124e-01 5.790291463179359255e+01
3.900000000000000133e-01 5.811674386377769252e+01
3.910000000000000142e-01 5.833088750275697976e+01
3.920000000000000151e-01 5.854534521188722351e+01
3.930000000000000160e-01 5.876011665531466122e+01
3.940000000000000169e-01 5.897520149817173518e+01
3.950000000000000178e-01 5.919059940657342622e+01
3.960000000000000187e-01 5.940631004761252143e+01
3.970000000000000195e-01 5.962233308935623199e+01
3.980000000000000204e-01 5.983866820084134730e+01
3.990000000000000213e-01 6.005531505207076748e+01
4.000000000000000222e-01 6.027227331400938226e+01
4.010000000000000231e-01 6.048954265857977219e+01
4.020000000000000240e-01 6.070712275865841434e+01
4.030000000000000249e-01 6.092501328807169614e+01
4.040000000000000258e-01 6.114321392159182267e+01
4.050000000000000266e-01 6.136172433493311473e+01
4.060000000000000275e-01 6.158054420474773138e+01
4.070000000000000284e-01 6.179967320862199642e+01
4.080000000000000293e-01 6.201911102507234830e+01
4.090000000000000302e-01 6.223885733354173055e+01
4.100000000000000311e-01 6.245891181439526463e+01
4.110000000000000320e-01 6.267927414891671845e+01
4.120000000000000329e-01 6.289994401930471213e+01
4.130000000000000338e-01 6.312092110866866790e+01
4.140000000000000346e-01 6.334220510102517920e+01
4.150000000000000355e-01 6.356379568129415247e+01
4.160000000000000364e-01 6.378569253529508387e+01
4.169999999999999818e-01 6.400789534974322237e+01
4.179999999999999827e-01 6.423040381224592466e+01
4.189999999999999836e-01 6.445321761129895322e+01
4.199999999999999845e-01 6.467633643628266782e+01
4.209999999999999853e-01 6.489975997745835912e+01
4.219999999999999862e-01 6.512348792596478120e+01
4.229999999999999871e-01 6.534751997381411570e+01
4.239999999999999880e-01 6.557185581388866069e+01
4.249999999999999889e-01 6.579649513993716425e+01
4.259999999999999898e-01 6.602143764657114389e+01
4.269999999999999907e-01 6.624668302926133379e+01
4.279999999999999916e-01 6.647223098433386212e+01
4.289999999999999925e-01 6.669808120896738046e+01
4.299999999999999933e-01 6.692423340118878627e+01
4.309999999999999942e-01 6.715068725986998288e+01
4.319999999999999951e-01 6.737744248472461095e+01
4.329999999999999960e-01 6.760449877630425419e+01
4.339999999999999969e-01 6.783185583599495772e+01
4.349999999999999978e-01 6.805951336601398793e+01
4.359999999999999987e-01 6.828747106940630829e+01
4.369999999999999996e-01 6.851572865004101232e+01
4.380000000000000004e-01 6.874428581260829674e+01
4.390000000000000013e-01 6.897314226261532610e+01
4.400000000000000022e-01 6.920229770638400169e+01
4.410000000000000031e-01 6.943175185104644243e+01
4.420000000000000040e-01 6.966150440454228487e+01
4.430000000000000049e-01 6.989155507561537206e+01
4.440000000000000058e-01 7.012190357381010131e+01
4.450000000000000067e-01 7.035254960946836889e+01
4.460000000000000075e-01 7.058349289372631574e+01
4.470000000000000084e-01 7.081473313851097373e+01
4.480000000000000093e-01 7.104627005653688343e+01
4.490000000000000102e-01 7.127810336130330882e+01
4.500000000000000111e-01 7.151023276709045717e+01
4.510000000000000120e-01 7.174265798895663693e+01
4.520000000000000129e-01 7.197537874273510283e+01
4.530000000000000138e-01 7.220839474503057431e+01
4.540000000000000147e-01 7.244170571321633645e+01
4.550000000000000155e-01 7.267531136543115622e+01
4.560000000000000164e-01 7.290921142057585769e+01
4.570000000000000173e-01 7.314340559831046562e+01
4.580000000000000182e-01 7.337789361905110752e+01
4.590000000000000191e-01 7.361267520396674513e+01
4.600000000000000200e-01 7.384775007497626120e+01
4.610000000000000209e-01 7.408311795474548944e+01
4.620000000000000218e-01 7.431877856668396021e+01
4.630000000000000226e-01 7.455473163494197308e+01
4.640000000000000235e-01 7.479097688440759839e+01
4.650000000000000244e-01 7.502751404070389185e+01
4.660000000000000253e-01 7.526434283018534188e+01
4.670000000000000262e-01 7.550146297993576638e+01
4.680000000000000271e-01 7.573887421776436213e+01
4.690000000000000280e-01 7.597657627220371523e+01
4.700000000000000289e-01 7.621456887250637635e+01
4.710000000000000298e-01 7.645285174864184796e+01
4.720000000000000306e-01 7.669142463129414011e+01
4.730000000000000315e-01 7.693028725185843086e+01
4.740000000000000324e-01 7.716943934243855097e+01
4.750000000000000333e-01 7.740888063584395695e+01
4.760000000000000342e-01 7.764861086558696002e+01
4.770000000000000351e-01 7.788862976587986964e+01
4.780000000000000360e-01 7.812893707163219403e+01
4.790000000000000369e-01 7.836953251844803958e+01
4.799999999999999822e-01 7.861041584262274284e+01
4.809999999999999831e-01 7.885158678114106579e+01
4.819999999999999840e-01 7.909304507167330200e+01
4.829999999999999849e-01 7.933479045257365669e+01
4.839999999999999858e-01 7.957682266287676498e+01
4.849999999999999867e-01 7.981914144229503449e+01
4.859999999999999876e-01 8.006174653121655638e+01
4.869999999999999885e-01 8.030463767070150993e+01
4.879999999999999893e-01 8.054781460248042890e+01
4.889999999999999902e-01 8.079127706895071981e+01
4.899999999999999911e-01 8.103502481317450190e+01
4.909999999999999920e-01 8.127905757887612026e+01
4.919999999999999929e-01 8.152337511043879203e+01
4.929999999999999938e-01 8.176797715290277324e+01
4.939999999999999947e-01 8.201286345196245975e+01
4.949999999999999956e-01 8.225803375396361616e+01
4.959999999999999964e-01 8.250348780590121578e+01
4.969999999999999973e-01 8.274922535541662683e+01
4.979999999999999982e-01 8.299524615079499767e+01
4.989999999999999991e-01 8.324154994096291205e+01
5.000000000000000000e-01 8.348813647548587369e+01
5.010000000000000009e-01 8.373500550456563474e+01
5.020000000000000018e-01 8.398215677903773724e+01
5.030000000000000027e-01 8.422959005036928204e+01
5.040000000000000036e-01 8.447730507065611505e+01
5.050000000000000044e-01 8.472530159262058191e+01
5.060000000000000053e-01 8.497357936960906954e+01
5.070000000000000062e-01 8.522213815558941974e+01
5.080000000000000071e-01 8.547097770514858439e+01
5.090000000000000080e-01 8.572009777349053650e+01
5.100000000000000089e-01 8.596949811643332851e+01
5.110000000000000098e-01 8.621917849040688964e+01
5.120000000000000107e-01 8.646913865245112163e+01
5.130000000000000115e-01 8.671937836021268708e+01
5.140000000000000124e-01 8.696989737194340364e+01
5.150000000000000133e-01 8.722069544649754391e+01
5.160000000000000142e-01 8.747177234332951912e+01
5.170000000000000151e-01 8.772312782249187535e+01
5.180000000000000160e-01 8.797476164463232351e+01
5.190000000000000169e-01 8.822667357099217611e+01
5.200000000000000178e-01 8.847886336340371827e+01
5.210000000000000187e-01 8.873133078428793397e+01
5.220000000000000195e-01 8.898407559665204758e+01
5.230000000000000204e-01 8.923709756408803173e+01
5.240000000000000213e-01 8.949039645076942406e+01
5.250000000000000222e-01 8.974397202144955088e+01
5.260000000000000231e-01 8.999782404145960868e+01
5.270000000000000240e-01 9.025195227670567988e+01
5.280000000000000249e-01 9.050635649366736857e+01
5.290000000000000258e-01 9.076103645939500097e+01
5.300000000000000266e-01 9.101599194150799121e+01
5.310000000000000275e-01 9.127122270819194227e+01
5.320000000000000284e-01 9.152672852819731020e+01
5.330000000000000293e-01 9.178250917083678928e+01
5.340000000000000302e-01 9.203856440598305255e+01
5.350000000000000311e-01 9.229489400406723121e+01
5.360000000000000320e-01 9.255149773607622876e+01
5.370000000000000329e-01 9.280837537355071731e+01
5.380000000000000338e-01 9.306552668858338961e+01
5.390000000000000346e-01 9.332295145381654322e+01
5.400000000000000355e-01 9.358064944243994887e+01
5.410000000000000364e-01 9.383862042818921623e+01
5.420000000000000373e-01 9.409686418534329277e+01
5.430000000000000382e-01 9.435538048872271588e+01
5.440000000000000391e-01 9.461416911368742433e+01
5.450000000000000400e-01 9.487322983613481142e+01
5.460000000000000409e-01 9.513256243249772126e+01
5.470000000000000417e-01 9.539216667974238817e+01
5.480000000000000426e-01 9.565204235536634769e+01
5.490000000000000435e-01 9.591218923739700131e+01
5.500000000000000444e-01 9.617260710438867477e+01
5.510000000000000453e-01 9.643329573542158073e+01
5.520000000000000462e-01 9.669425491009957341e+01
5.530000000000000471e-01 9.695548440854778960e+01
5.540000000000000480e-01 9.721698401141125601e+01
5.550000000000000488e-01 9.747875349985272919e+01
5.560000000000000497e-01 9.774079265555090501e+01
5.570000000000000506e-01 9.800310126069823013e+01
5.580000000000000515e-01 9.826567909799948097e+01
5.590000000000000524e-01 9.852852595066920571e+01
5.600000000000000533e-01 9.879164160243061588e+01
5.610000000000000542e-01 9.905502583751307100e+01
5.620000000000000551e-01 9.931867844065060069e+01
5.630000000000000560e-01 9.958259919707984409e+01
5.640000000000000568e-01 9.984678789253838715e+01
5.650000000000000577e-01 1.001112443132627163e+02
5.660000000000000586e-01 1.003759682459867406e+02
5.670000000000000595e-01 1.006409594779394325e+02
5.680000000000000604e-01 1.009062177968436771e+02
5.690000000000000613e-01 1.011717429909136285e+02
5.700000000000000622e-01 1.014375348488539572e+02
5.710000000000000631e-01 1.017035931598571921e+02
5.720000000000000639e-01 1.019699177136024844e+02
5.730000000000000648e-01 1.022365083002535187e+02
5.740000000000000657e-01 1.025033647104566654e+02
5.750000000000000666e-01 1.027704867353399720e+02
5.760000000000000675e-01 1.030378741665105196e+02
5.769999999999999574e-01 1.033055267960529022e+02
5.779999999999999583e-01 1.035734444165281616e+02
5.789999999999999591e-01 1.038416268209712143e+02
5.799999999999999600e-01 1.041100738028896302e+02
5.809999999999999609e-01 1.043787851562615856e+02
5.819999999999999618e-01 1.046477606755347693e+02
5.829999999999999627e-01 1.049170001556242084e+02
5.839999999999999636e-01 1.051865033919102643e+02
5.849999999999999645e-01 1.054562701802381497e+02
5.859999999999999654e-01 1.057263003169148021e+02
5.869999999999999662e-01 1.059965935987084862e+02
5.879999999999999671e-01 1.062671498228463349e+02
5.889999999999999680e-01 1.065379687870129999e+02
5.899999999999999689e-01 1.068090502893493010e+02
5.909999999999999698e-01 1.070803941284498251e+02
5.919999999999999707e-01 1.073520001033622435e+02
5.929999999999999716e-01 1.076238680135849677e+02
5.939999999999999725e-01 1.078959976590661682e+02
5.949999999999999734e-01 1.081683888402013736e+02
5.959999999999999742e-01 1.084410413578330576e+02
5.969999999999999751e-01 1.087139550132477552e+02
5.979999999999999760e-01 1.089871296081753087e+02
5.989999999999999769e-01 1.092605649447874328e+02
5.999999999999999778e-01 1.095342608256953554e+02
6.009999999999999787e-01 1.098082170539489937e+02
6.019999999999999796e-01 1.100824334330352769e+02
6.029999999999999805e-01 1.103569097668763845e+02
6.039999999999999813e-01 1.106316458598282821e+02
6.049999999999999822e-01 1.109066415166794286e+02
6.059999999999999831e-01 1.111818965426490564e+02
6.069999999999999840e-01 1.114574107433855659e+02
6.079999999999999849e-01 1.117331839249655161e+02
6.089999999999999858e-01 1.120092158938913656e+02
6.099999999999999867e-01 1.122855064570906478e+02
6.109999999999999876e-01 1.125620554219144651e+02
6.119999999999999885e-01 1.128388625961352574e+02
6.129999999999999893e-01 1.131159277879465606e+02
6.139999999999999902e-01 1.133932508059603492e+02
6.149999999999999911e-01 1.136708314592063118e+02
6.159999999999999920e-01 1.139486695571302448e+02
6.169999999999999929e-01 1.142267649095925748e+02
6.179999999999999938e-01 1.145051173268669800e+02
6.189999999999999947e-01 1.147837266196389407e+02
6.199999999999999956e-01 1.150625925990040912e+02
6.209999999999999964e-01 1.153417150764671817e+02
6.219999999999999973e-01 1.156210938639406436e+02
6.229999999999999982e-01 1.159007287737427561e+02
6.239999999999999991e-01 1.161806196185967792e+02
6.250000000000000000e-01 1.164607662116293625e+02
6.260000000000000009e-01 1.167411683663690809e+02
6.270000000000000018e-01 1.170218258967451987e+02
6.280000000000000027e-01 1.173027386170859927e+02
6.290000000000000036e-01 1.175839063421179702e+02
6.300000000000000044e-01 1.178653288869639937e+02
6.310000000000000053e-01 1.181470060671421720e+02
6.320000000000000062e-01 1.184289376985644822e+02
6.330000000000000071e-01 1.187111235975353338e+02
6.340000000000000080e-01 1.189935635807505463e+02
6.350000000000000089e-01 1.192762574652953447e+02
6.360000000000000098e-01 1.195592050686439478e+02
6.370000000000000107e-01 1.198424062086576782e+02
6.380000000000000115e-01 1.201258607035837258e+02
6.390000000000000124e-01 1.204095683720539114e+02
6.400000000000000133e-01 1.206935290330832657e+02
6.410000000000000142e-01 1.209777425060692337e+02
6.420000000000000151e-01 1.212622086107895854e+02
6.430000000000000160e-01 1.215469271674017762e+02
6.440000000000000169e-01 1.218318979964416258e+02
6.450000000000000178e-01 1.221171209188215840e+02
6.460000000000000187e-01 1.224025957558300206e+02
6.470000000000000195e-01 1.226883223291293774e+02
6.480000000000000204e-01 1.229743004607558419e+02
6.490000000000000213e-01 1.232605299731170021e+02
6.500000000000000222e-01 1.235470106889915201e+02
6.510000000000000231e-01 1.238337424315273978e+02
6.520000000000000240e-01 1.241207250242406701e+02
6.530000000000000249e-01 1.244079582910146371e+02
6.540000000000000258e-01 1.246954420560984289e+02
6.550000000000000266e-01 1.249831761441055562e+02
6.560000000000000275e-01 1.252711603800130007e+02
6.570000000000000284e-01 1.255593945891600072e+02
6.580000000000000293e-01 1.258478785972468188e+02
6.590000000000000302e-01 1.261366122303331565e+02
6.600000000000000311e-01 1.264255953148378069e+02
6.610000000000000320e-01 1.267148276775367748e+02
6.620000000000000329e-01 1.270043091455623454e+02
6.630000000000000338e-01 1.272940395464017911e+02
6.640000000000000346e-01 1.275840187078964618e+02
6.650000000000000355e-01 1.278742464582405063e+02
6.660000000000000364e-01 1.281647226259796071e+02
6.670000000000000373e-01 1.284554470400098296e+02
6.680000000000000382e-01 1.287464195295767411e+02
6.690000000000000391e-01 1.290376399242740604e+02
6.700000000000000400e-01 1.293291080540423081e+02
6.710000000000000409e-01 1.296208237491683519e+02
6.720000000000000417e-01 1.299127868402837009e+02
6.730000000000000426e-01 1.302049971583633123e+02
6.740000000000000435e-01 1.304974545347250796e+02
6.750000000000000444e-01 1.307901588010279852e+02
6.760000000000000453e-01 1.310831097892717025e+02
6.770000000000000462e-01 1.313763073317949477e+02
6.780000000000000471e-01 1.316697512612747403e+02
6.790000000000000480e-01 1.319634414107250109e+02
6.800000000000000488e-01 1.322573776134959758e+02
6.810000000000000497e-01 1.325515597032724600e+02
6.820000000000000506e-01 1.328459875140730446e+02
6.830000000000000515e-01 1.331406608802495555e+02
6.840000000000000524e-01 1.334355796364848743e+02
6.850000000000000533e-01 1.337307436177930811e+02
6.860000000000000542e-01 1.340261526595176633e+02
6.870000000000000551e-01 1.343218065973304078e+02
6.880000000000000560e-01 1.346177052672307184e+02
6.890000000000000568e-01 1.349138485055446495e+02
6.900000000000000577e-01 1.352102361489231441e+02
6.910000000000000586e-01 1.355068680343421477e+02
6.920000000000000595e-01 1.358037439991003055e+02
6.930000000000000604e-01 1.361008638808190199e+02
6.940000000000000613e-01 1.363982275174406880e+02
6.950000000000000622e-01 1.366958347472281901e+02
6.960000000000000631e-01 1.369936854087633833e+02
6.970000000000000639e-01 1.372917793409466185e+02
6.980000000000000648e-01 1.375901163829955181e+02
6.990000000000000657e-01 1.378886963744436684e+02
7.000000000000000666e-01 1.381875191551400235e+02
7.010000000000000675e-01 1.384865845652479948e+02
7.020000000000000684e-01 1.387858924452437464e+02
7.030000000000000693e-01 1.390854426359162233e+02
7.039999999999999591e-01 1.393852349783655598e+02
7.049999999999999600e-01 1.396852693140020278e+02
7.059999999999999609e-01 1.399855454845452414e+02
7.069999999999999618e-01 1.402860633320236161e+02
7.079999999999999627e-01 1.405868226987725507e+02
7.089999999999999636e-01 1.408878234274339150e+02
7.099999999999999645e-01 1.411890653609553965e+02
7.109999999999999654e-01 1.414905483425889940e+02
7.119999999999999662e-01 1.417922722158905060e+02
7.129999999999999671e-01 1.420942368247181946e+02
7.139999999999999680e-01 1.423964420132321607e+02
7.149999999999999689e-01 1.426988876258933203e+02
7.159999999999999698e-01 1.430015735074624388e+02
7.169999999999999707e-01 1.433044995029991924e+02
7.179999999999999716e-01 1.436076654578612875e+02
7.189999999999999725e-01 1.439110712177036362e+02
7.199999999999999734e-01 1.442147166284769355e+02
7.209999999999999742e-01 1.445186015364278376e+02
7.219999999999999751e-01 1.448227257880967329e+02
7.229999999999999760e-01 1.451270892303176367e+02
7.239999999999999769e-01 1.454316917102174216e+02
7.249999999999999778e-01 1.457365330752142540e+02
7.259999999999999787e-01 1.460416131730171401e+02
7.269999999999999796e-01 1.463469318516251292e+02
7.279999999999999805e-01 1.466524889593262060e+02
7.289999999999999813e-01 1.469582843446962670e+02
7.299999999999999822e-01 1.472643178565987512e+02
7.309999999999999831e-01 1.475705893441831620e+02
7.319999999999999840e-01 1.478770986568846979e+02
7.329999999999999849e-01 1.481838456444231440e+02
7.339999999999999858e-01 1.484908301568020477e+02
7.349999999999999867e-01 1.487980520443076955e+02
7.359999999999999876e-01 1.491055111575086016e+02
7.369999999999999885e-01 1.494132073472543709e+02
7.379999999999999893e-01 1.497211404646749884e+02
7.389999999999999902e-01 1.500293103611800518e+02
7.399999999999999911e-01 1.503377168884573791e+02
7.409999999999999920e-01 1.506463598984730652e+02
7.419999999999999929e-01 1.509552392434701460e+02
7.429999999999999938e-01 1.512643547759672344e+02
7.439999999999999947e-01 1.515737063487590035e+02
7.449999999999999956e-01 1.518832938149141967e+02
7.459999999999999964e-01 1.521931170277752301e+02
7.469999999999999973e-01 1.525031758409575673e+02
7.479999999999999982e-01 1.528134701083483833e+02
7.489999999999999991e-01 1.531239996841064510e+02
7.500000000000000000e-01 1.534347644226604643e+02
7.510000000000000009e-01 1.537457641787092939e+02
7.520000000000000018e-01 1.540569988072201113e+02
7.530000000000000027e-01 1.543684681634283038e+02
7.540000000000000036e-01 1.546801721028365648e+02
7.550000000000000044e-01 1.549921104812136718e+02
7.560000000000000053e-01 1.553042831545944296e+02
7.570000000000000062e-01 1.556166899792780498e+02
7.580000000000000071e-01 1.559293308118280095e+02
7.590000000000000080e-01 1.562422055090712547e+02
7.600000000000000089e-01 1.565553139280968935e+02
7.610000000000000098e-01 1.568686559262558831e+02
7.620000000000000107e-01 1.571822313611599498e+02
7.630000000000000115e-01 1.574960400906813334e+02
7.640000000000000124e-01 1.578100819729514797e+02
7.650000000000000133e-01 1.581243568663605004e+02
7.660000000000000142e-01 1.584388646295564058e+02
7.670000000000000151e-01 1.587536051214443091e+02
7.680000000000000160e-01 1.590685782011858578e+02
7.690000000000000169e-01 1.593837837281980399e+02
7.700000000000000178e-01 1.596992215621530136e+02
7.710000000000000187e-01 1.600148915629770556e+02
7.720000000000000195e-01 1.603307935908495097e+02
7.730000000000000204e-01 1.606469275062028998e+02
7.740000000000000213e-01 1.609632931697212257e+02
7.750000000000000222e-01 1.612798904423399335e+02
7.760000000000000231e-01 1.615967191852448082e+02
7.770000000000000240e-01 1.619137792598715748e+02
7.780000000000000249e-01 1.622310705279046488e+02
7.790000000000000258e-01 1.625485928512770784e+02
7.800000000000000266e-01 1.628663460921692661e+02
7.810000000000000275e-01 1.631843301130085138e+02
7.820000000000000284e-01 1.635025447764684543e+02
7.830000000000000293e-01 1.638209899454678293e+02
7.840000000000000302e-01 1.641396654831702335e+02
7.850000000000000311e-01 1.644585712529836599e+02
7.860000000000000320e-01 1.647777071185589364e+02
7.870000000000000329e-01 1.650970729437896694e+02
7.880000000000000338e-01 1.654166685928115612e+02
7.890000000000000346e-01 1.657364939300013873e+02
7.900000000000000355e-01 1.660565488199764843e+02
7.910000000000000364e-01 1.663768331275940682e+02
7.920000000000000373e-01 1.666973467179506656e+02
7.930000000000000382e-01 1.670180894563811194e+02
7.940000000000000391e-01 1.673390612084582472e+02
7.950000000000000400e-01 1.676602618399916764e+02
7.960000000000000409e-01 1.679816912170280716e+02
7.970000000000000417e-01 1.683033492058492584e+02
7.980000000000000426e-01 1.686252356729725932e+02
7.990000000000000435e-01 1.689473504851500252e+02
8.000000000000000444e-01 1.692696935093666752e+02
8.010000000000000453e-01 1.695922646128412907e+02
8.020000000000000462e-01 1.699150636630251654e+02
8.030000000000000471e-01 1.702380905276010594e+02
8.040000000000000480e-01 1.705613450744830288e+02
8.050000000000000488e-01 1.708848271718156866e+02
8.060000000000000497e-01 1.712085366879737194e+02
8.070000000000000506e-01 1.715324734915604381e+02
8.080000000000000515e-01 1.718566374514082895e+02
8.090000000000000524e-01 1.721810284365774919e+02
8.100000000000000533e-01 1.725056463163554099e+02
8.110000000000000542e-01 1.728304909602561565e+02
8.120000000000000551e-01 1.731555622380199679e+02
8.130000000000000560e-01 1.734808600196123223e+02
8.140000000000000568e-01 1.738063841752235135e+02
8.150000000000000577e-01 1.741321345752679406e+02
8.160000000000000586e-01 1.744581110903836247e+02
8.170000000000000595e-01 1.747843135914312143e+02
8.180000000000000604e-01 1.751107419494939563e+02
8.190000000000000613e-01 1.754373960358764748e+02
8.200000000000000622e-01 1.757642757221046281e+02
8.210000000000000631e-01 1.760913808799244862e+02
8.220000000000000639e-01 1.764187113813022165e+02
8.230000000000000648e-01 1.767462670984228055e+02
8.240000000000000657e-01 1.770740479036902570e+02
8.250000000000000666e-01 1.774020536697261150e+02
8.260000000000000675e-01 1.777302842693696903e+02
8.270000000000000684e-01 1.780587395756770661e+02
8.280000000000000693e-01 1.783874194619201035e+02
8.290000000000000702e-01 1.787163238015868387e+02
8.300000000000000711e-01 1.790454524683798638e+02
8.310000000000000719e-01 1.793748053362164967e+02
8.320000000000000728e-01 1.797043822792276728e+02
8.329999999999999627e-01 1.800341831717576611e+02
8.339999999999999636e-01 1.803642078883633530e+02
8.349999999999999645e-01 1.806944563038137233e+02
8.359999999999999654e-01 1.810249282930893457e+02
8.369999999999999662e-01 1.813556237313816268e+02
8.379999999999999671e-01 1.816865424940922935e+02
8.389999999999999680e-01 1.820176844568329386e+02
8.399999999999999689e-01 1.823490494954242251e+02
8.409999999999999698e-01 1.826806374858955166e+02
8.419999999999999707e-01 1.830124483044843373e+02
8.429999999999999716e-01 1.833444818276356045e+02
8.439999999999999725e-01 1.836767379320012310e+02
8.449999999999999734e-01 1.840092164944394426e+02
8.459999999999999742e-01 1.843419173920144374e+02
8.469999999999999751e-01 1.846748405019954475e+02
8.479999999999999760e-01 1.850079857018566258e+02
8.489999999999999769e-01 1.853413528692761929e+02
8.499999999999999778e-01 1.856749418821360109e+02
8.509999999999999787e-01 1.860087526185209867e+02
8.519999999999999796e-01 1.863427849567185035e+02
8.529999999999999805e-01 1.866770387752181364e+02
8.539999999999999813e-01 1.870115139527105441e+02
8.549999999999999822e-01 1.873462103680874691e+02
8.559999999999999831e-01 1.876811279004410267e+02
8.569999999999999840e-01 1.880162664290631653e+02
8.579999999999999849e-01 1.883516258334450981e+02
8.589999999999999858e-01 1.886872059932767343e+02
8.599999999999999867e-01 1.890230067884460823e+02
8.609999999999999876e-01 1.893590280990390511e+02
8.619999999999999885e-01 1.896952698053389099e+02
8.629999999999999893e-01 1.900317317878250947e+02
8.639999999999999902e-01 1.903684139271733784e+02
8.649999999999999911e-01 1.907053161042553029e+02
8.659999999999999920e-01 1.910424382001370986e+02
8.669999999999999929e-01 1.913797800960799123e+02
8.679999999999999938e-01 1.917173416735387832e+02
8.689999999999999947e-01 1.920551228141625302e+02
8.699999999999999956e-01 1.923931233997924721e+02
8.709999999999999964e-01 1.927313433124629682e+02
8.719999999999999973e-01 1.930697824344001674e+02
8.729999999999999982e-01 1.934084406480215534e+02
8.739999999999999991e-01 1.937473178359359736e+02
8.750000000000000000e-01 1.940864138809425299e+02
8.760000000000000009e-01 1.944257286660303521e+02
8.770000000000000018e-01 1.947652620743781426e+02
8.780000000000000027e-01 1.951050139893533526e+02
8.790000000000000036e-01 1.954449842945124374e+02
8.800000000000000044e-01 1.957851728735994641e+02
8.810000000000000053e-01 1.961255796105460263e+02
8.820000000000000062e-01 1.964662043894708745e+02
8.830000000000000071e-01 1.968070470946792057e+02
8.840000000000000080e-01 1.971481076106624073e+02
8.850000000000000089e-01 1.974893858220974323e+02
8.860000000000000098e-01 1.978308816138463158e+02
8.870000000000000107e-01 1.981725948709553791e+02
8.880000000000000115e-01 1.985145254786555995e+02
8.890000000000000124e-01 1.988566733223612459e+02
8.900000000000000133e-01 1.991990382876697367e+02
8.910000000000000142e-01 1.995416202603614977e+02
8.920000000000000151e-01 1.998844191263989956e+02
8.930000000000000160e-01 2.002274347719265393e+02
8.940000000000000169e-01 2.005706670832694556e+02
8.950000000000000178e-01 2.009141159469342313e+02
8.960000000000000187e-01 2.012577812496073761e+02
8.970000000000000195e-01 2.016016628781557358e+02
8.980000000000000204e-01 2.019457607196252980e+02
8.990000000000000213e-01 2.022900746612409080e+02
9.000000000000000222e-01 2.026346045904061270e+02
9.010000000000000231e-01 2.029793503947026068e+02
9.020000000000000240e-01 2.033243119618893502e+02
9.030000000000000249e-01 2.036694891799026550e+02
9.040000000000000258e-01 2.040148819368556019e+02
9.050000000000000266e-01 2.043604901210374578e+02
9.060000000000000275e-01 2.047063136209129652e+02
9.070000000000000284e-01 2.050523523251226834e+02
9.080000000000000293e-01 2.053986061224816240e+02
9.090000000000000302e-01 2.057450749019797627e+02
9.100000000000000311e-01 2.060917585527805045e+02
9.110000000000000320e-01 2.064386569642211953e+02
9.120000000000000329e-01 2.067857700258122122e+02
9.130000000000000338e-01 2.071330976272363387e+02
9.140000000000000346e-01 2.074806396583492756e+02
9.150000000000000355e-01 2.078283960091777658e+02
9.160000000000000364e-01 2.081763665699204182e+02
9.170000000000000373e-01 2.085245512309467131e+02
9.180000000000000382e-01 2.088729498827962630e+02
9.190000000000000391e-01 2.092215624161793244e+02
9.200000000000000400e-01 2.095703887219754051e+02
9.210000000000000409e-01 2.099194286912334917e+02
9.220000000000000417e-01 2.102686822151710544e+02
9.230000000000000426e-01 2.106181491851743033e+02
9.240000000000000435e-01 2.109678294927971365e+02
9.250000000000000444e-01 2.113177230297609128e+02
9.260000000000000453e-01 2.116678296879545655e+02
9.270000000000000462e-01 2.120181493594333233e+02
9.280000000000000471e-01 2.123686819364185965e+02
9.290000000000000480e-01 2.127194273112980909e+02
9.300000000000000488e-01 2.130703853766244151e+02
9.310000000000000497e-01 2.134215560251157342e+02
9.320000000000000506e-01 2.137729391496544622e+02
9.330000000000000515e-01 2.141245346432874328e+02
9.340000000000000524e-01 2.144763423992254729e+02
9.350000000000000533e-01 2.148283623108419533e+02
9.360000000000000542e-01 2.151805942716742379e+02
9.370000000000000551e-01 2.155330381754219502e+02
9.380000000000000560e-01 2.158856939159467174e+02
9.390000000000000568e-01 2.162385613872720000e+02
9.400000000000000577e-01 2.165916404835828075e+02
9.410000000000000586e-01 2.169449310992248456e+02
9.420000000000000595e-01 2.172984331287045450e+02
9.430000000000000604e-01 2.176521464666890324e+02
9.440000000000000613e-01 2.180060710080043691e+02
9.450000000000000622e-01 2.183602066476365735e+02
9.460000000000000631e-01 2.187145532807302573e+02
9.470000000000000639e-01 2.190691108025893641e+02
9.480000000000000648e-01 2.194238791086752940e+02
9.490000000000000657e-01 2.197788580946078127e+02
9.500000000000000666e-01 2.201340476561637161e+02
9.510000000000000675e-01 2.204894476892774264e+02
9.520000000000000684e-01 2.208450580900394016e+02
9.530000000000000693e-01 2.212008787546970439e+02
9.540000000000000702e-01 2.215569095796531087e+02
9.550000000000000711e-01 2.219131504614662163e+02
9.560000000000000719e-01 2.222696012968502828e+02
9.570000000000000728e-01 2.226262619826736682e+02
9.580000000000000737e-01 2.229831324159591759e+02
9.590000000000000746e-01 2.233402124938838256e+02
9.599999999999999645e-01 2.236975021137782846e+02
9.609999999999999654e-01 2.240550011731264988e+02
9.619999999999999662e-01 2.244127095695652088e+02
9.629999999999999671e-01 2.247706272008836095e+02
9.639999999999999680e-01 2.251287539650234635e+02
9.649999999999999689e-01 2.254870897600779927e+02
9.659999999999999698e-01 2.258456344842920203e+02
9.669999999999999707e-01 2.262043880360615162e+02
9.679999999999999716e-01 2.265633503139328582e+02
9.689999999999999725e-01 2.269225212166026893e+02
9.699999999999999734e-01 2.272819006429185720e+02
9.709999999999999742e-01 2.276414884918765154e+02
9.719999999999999751e-01 2.280012846626226519e+02
9.729999999999999760e-01 2.283612890544513903e+02
9.739999999999999769e-01 2.287215015668059550e+02
9.749999999999999778e-01 2.290819220992781879e+02
9.759999999999999787e-01 2.294425505516071269e+02
9.769999999999999796e-01 2.298033868236794319e+02
9.779999999999999805e-01 2.301644308155291299e+02
9.789999999999999813e-01 2.305256824273370739e+02
9.799999999999999822e-01 2.308871415594299492e+02
9.809999999999999831e-01 2.312488081122814947e+02
9.819999999999999840e-01 2.316106819865103432e+02
9.829999999999999849e-01 2.319727630828808742e+02
9.839999999999999858e-01 2.323350513023025314e+02
9.849999999999999867e-01 2.326975465458292547e+02
9.859999999999999876e-01 2.330602487146596218e+02
9.869999999999999885e-01 2.334231577101360813e+02
9.879999999999999893e-01 2.337862734337447534e+02
9.889999999999999902e-01 2.341495957871149187e+02
9.899999999999999911e-01 2.345131246720192166e+02
9.909999999999999920e-01 2.348768599903728500e+02
9.919999999999999929e-01 2.352408016442330450e+02
9.929999999999999938e-01 2.356049495357992214e+02
9.939999999999999947e-01 2.359693035674126236e+02
9.949999999999999956e-01 2.363338636415554674e+02
9.959999999999999964e-01 2.366986296608512248e+02
9.969999999999999973e-01 2.370636015280638560e+02
9.979999999999999982e-01 2.374287791460975541e+02
9.989999999999999991e-01 2.377941624179968301e+02
1.000000000000000000e+00 2.381597512469459161e+02
