0.000000000000000000e+00 0.000000000000000000e+00
1.000000000000000021e-03 1.017229843590831129e+00
2.000000000000000042e-03 1.547894844138609116e+00
3.000000000000000062e-03 1.968300161455324382e+00
4.000000000000000083e-03 2.327548202427374147e+00
5.000000000000000104e-03 2.645932528726085753e+00
6.000000000000000125e-03 2.934318598362235075e+00
7.000000000000000146e-03 3.199374658173701924e+00
8.000000000000000167e-03 3.445560944881329135e+00
9.000000000000001055e-03 3.676044318216535878e+00
1.000000000000000021e-02 3.893174422609647856e+00
1.099999999999999936e-02 4.098754540040695282e+00
1.200000000000000025e-02 4.294206292072804132e+00
1.300000000000000114e-02 4.480675166227418238e+00
1.400000000000000029e-02 4.659101035935495183e+00
1.499999999999999944e-02 4.830266950847216911e+00
1.600000000000000033e-02 4.994833890371105589e+00
1.700000000000000122e-02 5.153366140111881322e+00
1.800000000000000211e-02 5.306350221589607230e+00
1.899999999999999953e-02 5.454209278407146755e+00
2.000000000000000042e-02 5.597314189918612293e+00
2.100000000000000130e-02 5.735992282328557401e+00
2.199999999999999872e-02 5.870534245643712623e+00
2.299999999999999961e-02 6.001199690283500310e+00
2.400000000000000050e-02 6.128221658045144515e+00
2.500000000000000139e-02 6.251810319297796958e+00
2.600000000000000228e-02 6.372156029685179135e+00
2.699999999999999969e-02 6.489431877504983959e+00
2.800000000000000058e-02 6.603795822230943635e+00
2.900000000000000147e-02 6.715392501963358463e+00
2.999999999999999889e-02 6.824354770636356093e+00
3.099999999999999978e-02 6.930805012989253555e+00
3.200000000000000067e-02 7.034856275515426915e+00
3.300000000000000155e-02 7.136613244048737315e+00
3.400000000000000244e-02 7.236173092769691451e+00
3.500000000000000333e-02 7.333626224801828464e+00
3.600000000000000422e-02 7.429056920921616403e+00
3.699999999999999817e-02 7.522543910000351275e+00
3.799999999999999906e-02 7.614160872466552377e+00
3.899999999999999994e-02 7.703976886196560514e+00
4.000000000000000083e-02 7.792056822713790964e+00
4.100000000000000172e-02 7.878461700329284945e+00
4.200000000000000261e-02 7.963248999831783692e+00
4.300000000000000350e-02 8.046472947489533567e+00
4.399999999999999745e-02 8.128184769424587230e+00
4.499999999999999833e-02 8.208432920835479152e+00
4.599999999999999922e-02 8.287263293054722979e+00
4.700000000000000011e-02 8.364719401016211364e+00
4.800000000000000100e-02 8.440842553360193179e+00
4.900000000000000189e-02 8.515672007109410302e+00
5.000000000000000278e-02 8.589245108599770973e+00
5.100000000000000366e-02 8.661597422135475455e+00
5.200000000000000455e-02 8.732762847655715532e+00
5.299999999999999850e-02 8.802773728543195730e+00
5.399999999999999939e-02 8.871660950569337345e+00
5.500000000000000028e-02 8.939454032854204257e+00
5.600000000000000117e-02 9.006181211618049076e+00
5.700000000000000205e-02 9.071869517413142958e+00
5.800000000000000294e-02 9.136544846448037660e+00
5.900000000000000383e-02 9.200232026549468145e+00
5.999999999999999778e-02 9.262954878248244484e+00
6.099999999999999867e-02 9.324736271424360012e+00
6.199999999999999956e-02 9.385598177900941863e+00
6.300000000000000044e-02 9.445561720337011025e+00
6.400000000000000133e-02 9.504647217733593223e+00
6.500000000000000222e-02 9.562874227836621444e+00
6.600000000000000311e-02 9.620261586692363309e+00
6.700000000000000400e-02 9.676827445586425824e+00
6.800000000000000488e-02 9.732589305575581662e+00
6.900000000000000577e-02 9.787564049802133681e+00
7.000000000000000666e-02 9.841767973762920008e+00
7.100000000000000755e-02 9.895216813689625468e+00
7.200000000000000844e-02 9.947925773182939579e+00
7.299999999999999545e-02 9.999909548230549561e+00
7.399999999999999634e-02 1.005118235072767874e+01
7.499999999999999722e-02 1.010175793060857963e+01
7.599999999999999811e-02 1.015164959668838485e+01
7.699999999999999900e-02 1.020087023630619960e+01
7.799999999999999989e-02 1.024943233385300978e+01
7.900000000000000078e-02 1.029734798826101283e+01
8.000000000000000167e-02 1.034462892952492652e+01
8.100000000000000255e-02 1.039128653432015348e+01
8.200000000000000344e-02 1.043733184077764164e+01
8.300000000000000433e-02 1.048277556247057696e+01
8.400000000000000522e-02 1.052762810166389862e+01
8.500000000000000611e-02 1.057189956187369617e+01
8.600000000000000699e-02 1.061559975978007131e+01
8.700000000000000788e-02 1.065873823653381081e+01
8.799999999999999489e-02 1.070132426849424334e+01
8.899999999999999578e-02 1.074336687743304886e+01
8.999999999999999667e-02 1.078487484023608367e+01
9.099999999999999756e-02 1.082585669813337859e+01
9.199999999999999845e-02 1.086632076548491632e+01
9.299999999999999933e-02 1.090627513814830962e+01
9.400000000000000022e-02 1.094572770145238039e+01
9.500000000000000111e-02 1.098468613779923686e+01
9.600000000000000200e-02 1.102315793391582410e+01
9.700000000000000289e-02 1.106115038777455695e+01
9.800000000000000377e-02 1.109867061520135678e+01
9.900000000000000466e-02 1.113572555618823579e+01
1.000000000000000056e-01 1.117232198092645490e+01
1.010000000000000064e-01 1.120846649557529773e+01
1.020000000000000073e-01 1.124416554778047583e+01
1.030000000000000082e-01 1.127942543195531577e+01
1.040000000000000091e-01 1.131425229433736313e+01
1.049999999999999961e-01 1.134865213783155014e+01
1.059999999999999970e-01 1.138263082665131343e+01
1.069999999999999979e-01 1.141619409076763958e+01
1.079999999999999988e-01 1.144934753017574458e+01
1.089999999999999997e-01 1.148209661898848921e+01
1.100000000000000006e-01 1.151444670936506043e+01
1.110000000000000014e-01 1.154640303528301004e+01
1.120000000000000023e-01 1.157797071616112738e+01
1.130000000000000032e-01 1.160915476034045213e+01
1.140000000000000041e-01 1.163996006843008324e+01
1.150000000000000050e-01 1.167039143652416122e+01
1.160000000000000059e-01 1.170045355929614317e+01
1.170000000000000068e-01 1.173015103297590755e+01
1.180000000000000077e-01 1.175948835821523453e+01
1.190000000000000085e-01 1.178846994284662841e+01
1.199999999999999956e-01 1.181710010454037274e+01
1.209999999999999964e-01 1.184538307336438479e+01
1.219999999999999973e-01 1.187332299425109028e+01
1.229999999999999982e-01 1.190092392937558152e+01
1.239999999999999991e-01 1.192818986044883900e+01
1.250000000000000000e-01 1.195512469092965091e+01
1.260000000000000009e-01 1.198173224815889881e+01
1.270000000000000018e-01 1.200801628541932509e+01
1.280000000000000027e-01 1.203398048392415731e+01
1.290000000000000036e-01 1.205962845473733758e+01
1.300000000000000044e-01 1.208496374062846179e+01
1.310000000000000053e-01 1.210998981786489281e+01
1.320000000000000062e-01 1.213471009794387712e+01
1.330000000000000071e-01 1.215912792926683039e+01
1.340000000000000080e-01 1.218324659875842819e+01
1.350000000000000089e-01 1.220706933343250000e+01
1.360000000000000098e-01 1.223059930190690814e+01
1.370000000000000107e-01 1.225383961586951642e+01
1.380000000000000115e-01 1.227679333149706409e+01
1.390000000000000124e-01 1.229946345082882075e+01
1.400000000000000133e-01 1.232185292309675084e+01
1.410000000000000142e-01 1.234396464601400112e+01
1.420000000000000151e-01 1.236580146702300098e+01
1.430000000000000160e-01 1.238736618450513660e+01
1.440000000000000169e-01 1.240866154895295104e+01
1.449999999999999900e-01 1.242969026410670352e+01
1.459999999999999909e-01 1.245045498805643192e+01
1.469999999999999918e-01 1.247095833431066048e+01
1.479999999999999927e-01 1.249120287283327535e+01
1.489999999999999936e-01 1.251119113104945768e+01
1.499999999999999944e-01 1.253092559482196400e+01
1.509999999999999953e-01 1.255040870939868292e+01
1.519999999999999962e-01 1.256964288033264054e+01
1.529999999999999971e-01 1.258863047437535521e+01
1.539999999999999980e-01 1.260737382034435328e+01
1.549999999999999989e-01 1.262587520996610024e+01
1.559999999999999998e-01 1.264413689869476798e+01
1.570000000000000007e-01 1.266216110650804083e+01
1.580000000000000016e-01 1.267995001868052718e+01
1.590000000000000024e-01 1.269750578653555806e+01
1.600000000000000033e-01 1.271483052817633919e+01
1.610000000000000042e-01 1.273192632919671041e+01
1.620000000000000051e-01 1.274879524337269388e+01
1.630000000000000060e-01 1.276543929333510263e+01
1.640000000000000069e-01 1.278186047122397007e+01
1.650000000000000078e-01 1.279806073932547150e+01
1.660000000000000087e-01 1.281404203069172709e+01
1.670000000000000095e-01 1.282980624974426753e+01
1.680000000000000104e-01 1.284535527286145573e+01
1.690000000000000113e-01 1.286069094895054832e+01
1.700000000000000122e-01 1.287581510000486773e+01
1.710000000000000131e-01 1.289072952164649166e+01
1.720000000000000140e-01 1.290543598365488798e+01
1.730000000000000149e-01 1.291993623048212747e+01
1.740000000000000158e-01 1.293423198175484856e+01
1.750000000000000167e-01 1.294832493276358143e+01
1.759999999999999898e-01 1.296221675493964298e+01
1.769999999999999907e-01 1.297590909632024747e+01
1.779999999999999916e-01 1.298940358200177414e+01
1.789999999999999925e-01 1.300270181458205698e+01
1.799999999999999933e-01 1.301580537459163800e+01
1.809999999999999942e-01 1.302871582091446179e+01
1.819999999999999951e-01 1.304143469119829213e+01
1.829999999999999960e-01 1.305396350225529645e+01
1.839999999999999969e-01 1.306630375045282833e+01
1.849999999999999978e-01 1.307845691209488059e+01
1.859999999999999987e-01 1.309042444379450565e+01
1.869999999999999996e-01 1.310220778283731136e+01
1.880000000000000004e-01 1.311380834753641267e+01
1.890000000000000013e-01 1.312522753757902905e+01
1.900000000000000022e-01 1.313646673436504386e+01
1.910000000000000031e-01 1.314752730133765013e+01
1.920000000000000040e-01 1.315841058430628507e+01
1.930000000000000049e-01 1.316911791176229229e+01
1.940000000000000058e-01 1.317965059518725468e+01
1.950000000000000067e-01 1.319000992935429650e+01
1.960000000000000075e-01 1.320019719262265667e+01
1.970000000000000084e-01 1.321021364722548519e+01
1.980000000000000093e-01 1.322006053955136906e+01
1.990000000000000102e-01 1.322973910041932477e+01
2.000000000000000111e-01 1.323925054534799273e+01
2.010000000000000120e-01 1.324859607481861623e+01
2.020000000000000129e-01 1.325777687453237164e+01
2.030000000000000138e-01 1.326679411566209055e+01
2.040000000000000147e-01 1.327564895509836518e+01
2.050000000000000155e-01 1.328434253569050583e+01
2.060000000000000164e-01 1.329287598648218349e+01
2.070000000000000173e-01 1.330125042294200099e+01
2.080000000000000182e-01 1.330946694718925194e+01
2.089999999999999913e-01 1.331752664821473431e+01
2.099999999999999922e-01 1.332543060209707697e+01
2.109999999999999931e-01 1.333317987221429846e+01
2.119999999999999940e-01 1.334077550945110424e+01
2.129999999999999949e-01 1.334821855240179289e+01
2.139999999999999958e-01 1.335551002756890604e+01
2.149999999999999967e-01 1.336265094955789934e+01
2.159999999999999976e-01 1.336964232126768515e+01
2.169999999999999984e-01 1.337648513407726369e+01
2.179999999999999993e-01 1.338318036802875000e+01
2.190000000000000002e-01 1.338972899200637023e+01
2.200000000000000011e-01 1.339613196391215766e+01
2.210000000000000020e-01 1.340239023083787018e+01
2.220000000000000029e-01 1.340850472923363945e+01
2.230000000000000038e-01 1.341447638507314366e+01
2.240000000000000047e-01 1.342030611401552065e+01
2.250000000000000056e-01 1.342599482156421153e+01
2.260000000000000064e-01 1.343154340322245410e+01
2.270000000000000073e-01 1.343695274464591449e+01
2.280000000000000082e-01 1.344222372179229374e+01
2.290000000000000091e-01 1.344735720106793231e+01
2.300000000000000100e-01 1.345235403947183173e+01
2.310000000000000109e-01 1.345721508473652328e+01
2.320000000000000118e-01 1.346194117546662739e+01
2.330000000000000127e-01 1.346653314127451040e+01
2.340000000000000135e-01 1.347099180291342613e+01
2.350000000000000144e-01 1.347531797240823792e+01
2.360000000000000153e-01 1.347951245318350111e+01
2.370000000000000162e-01 1.348357604018933742e+01
2.380000000000000171e-01 1.348750952002476033e+01
2.390000000000000180e-01 1.349131367105884394e+01
2.399999999999999911e-01 1.349498926354965711e+01
2.409999999999999920e-01 1.349853705976081919e+01
2.419999999999999929e-01 1.350195781407616380e+01
2.429999999999999938e-01 1.350525227311213428e+01
2.439999999999999947e-01 1.350842117582818958e+01
2.449999999999999956e-01 1.351146525363514961e+01
2.459999999999999964e-01 1.351438523050170737e+01
2.469999999999999973e-01 1.351718182305886806e+01
2.479999999999999982e-01 1.351985574070261897e+01
2.489999999999999991e-01 1.352240768569470752e+01
2.500000000000000000e-01 1.352483835326169803e+01
2.510000000000000009e-01 1.352714843169217751e+01
2.520000000000000018e-01 1.352933860243229347e+01
2.530000000000000027e-01 1.353140954017963793e+01
2.540000000000000036e-01 1.353336191297544744e+01
2.550000000000000044e-01 1.353519638229515820e+01
2.560000000000000053e-01 1.353691360313751169e+01
2.570000000000000062e-01 1.353851422411197447e+01
2.580000000000000071e-01 1.353999888752472458e+01
2.590000000000000080e-01 1.354136822946315810e+01
2.600000000000000089e-01 1.354262287987894453e+01
2.610000000000000098e-01 1.354376346266963438e+01
2.620000000000000107e-01 1.354479059575891142e+01
2.630000000000000115e-01 1.354570489117550025e+01
2.640000000000000124e-01 1.354650695513071312e+01
2.650000000000000133e-01 1.354719738809463792e+01
2.660000000000000142e-01 1.354777678487122294e+01
2.670000000000000151e-01 1.354824573467195314e+01
2.680000000000000160e-01 1.354860482118828457e+01
2.690000000000000169e-01 1.354885462266307350e+01
2.700000000000000178e-01 1.354899571196057906e+01
2.710000000000000187e-01 1.354902865663550493e+01
2.720000000000000195e-01 1.354895401900081353e+01
2.730000000000000204e-01 1.354877235619446907e+01
2.740000000000000213e-01 1.354848422024507748e+01
2.750000000000000222e-01 1.354809015813646411e+01
2.760000000000000231e-01 1.354759071187124597e+01
2.770000000000000240e-01 1.354698641853333640e+01
2.780000000000000249e-01 1.354627781034944967e+01
2.790000000000000258e-01 1.354546541474964627e+01
2.800000000000000266e-01 1.354454975442689957e+01
2.810000000000000275e-01 1.354353134739574749e+01
2.820000000000000284e-01 1.354241070704998151e+01
2.830000000000000293e-01 1.354118834221942613e+01
2.840000000000000302e-01 1.353986475722580529e+01
2.850000000000000311e-01 1.353844045193789114e+01
2.860000000000000320e-01 1.353691592182553194e+01
2.870000000000000329e-01 1.353529165801306888e+01
2.880000000000000338e-01 1.353356814733180258e+01
2.889999999999999791e-01 1.353174587237166548e+01
2.899999999999999800e-01 1.352982531153220513e+01
2.909999999999999809e-01 1.352780693907261167e+01
2.919999999999999818e-01 1.352569122516107747e+01
2.929999999999999827e-01 1.352347863592348531e+01
2.939999999999999836e-01 1.352116963349115153e+01
2.949999999999999845e-01 1.351876467604805754e+01
2.959999999999999853e-01 1.351626421787725896e+01
2.969999999999999862e-01 1.351366870940656284e+01
2.979999999999999871e-01 1.351097859725367911e+01
2.989999999999999880e-01 1.350819432427050515e+01
2.999999999999999889e-01 1.350531632958689343e+01
3.009999999999999898e-01 1.350234504865368734e+01
3.019999999999999907e-01 1.349928091328523827e+01
3.029999999999999916e-01 1.349612435170104163e+01
3.039999999999999925e-01 1.349287578856713665e+01
3.049999999999999933e-01 1.348953564503656821e+01
3.059999999999999942e-01 1.348610433878937442e+01
3.069999999999999951e-01 1.348258228407213899e+01
3.079999999999999960e-01 1.347896989173669624e+01
3.089999999999999969e-01 1.347526756927845781e+01
3.099999999999999978e-01 1.347147572087422773e+01
3.109999999999999987e-01 1.346759474741927320e+01
3.119999999999999996e-01 1.346362504656407211e+01
3.130000000000000004e-01 1.345956701275045475e+01
3.140000000000000013e-01 1.345542103724713456e+01
3.150000000000000022e-01 1.345118750818496167e+01
3.160000000000000031e-01 1.344686681059147482e+01
3.170000000000000040e-01 1.344245932642501096e+01
3.180000000000000049e-01 1.343796543460844006e+01
3.190000000000000058e-01 1.343338551106230838e+01
3.200000000000000067e-01 1.342871992873750209e+01
3.210000000000000075e-01 1.342396905764769599e+01
3.220000000000000084e-01 1.341913326490099934e+01
3.230000000000000093e-01 1.341421291473134936e+01
3.240000000000000102e-01 1.340920836852960818e+01
3.250000000000000111e-01 1.340411998487393674e+01
3.260000000000000120e-01 1.339894811955992715e+01
3.270000000000000129e-01 1.339369312563037440e+01
3.280000000000000138e-01 1.338835535340450988e+01
3.290000000000000147e-01 1.338293515050686366e+01
3.300000000000000155e-01 1.337743286189582292e+01
3.310000000000000164e-01 1.337184882989173573e+01
3.320000000000000173e-01 1.336618339420462576e+01
3.330000000000000182e-01 1.336043689196160500e+01
3.340000000000000191e-01 1.335460965773380693e+01
3.350000000000000200e-01 1.334870202356309221e+01
3.360000000000000209e-01 1.334271431898829618e+01
3.370000000000000218e-01 1.333664687107118141e+01
3.380000000000000226e-01 1.333050000442202432e+01
3.390000000000000235e-01 1.332427404122492653e+01
3.400000000000000244e-01 1.331796930126260570e+01
3.410000000000000253e-01 1.331158610194114189e+01
3.420000000000000262e-01 1.330512475831419295e+01
3.430000000000000271e-01 1.329858558310694150e+01
3.440000000000000280e-01 1.329196888673975607e+01
3.450000000000000289e-01 1.328527497735156970e+01
3.460000000000000298e-01 1.327850416082286245e+01
3.470000000000000306e-01 1.327165674079845559e+01
3.480000000000000315e-01 1.326473301870991861e+01
3.490000000000000324e-01 1.325773329379778076e+01
3.500000000000000333e-01 1.325065786313342997e+01
3.510000000000000342e-01 1.324350702164058546e+01
3.519999999999999796e-01 1.323628106211684496e+01
3.529999999999999805e-01 1.322898027525454445e+01
3.539999999999999813e-01 1.322160494966160371e+01
3.549999999999999822e-01 1.321415537188213563e+01
3.559999999999999831e-01 1.320663182641668598e+01
3.569999999999999840e-01 1.319903459574215887e+01
3.579999999999999849e-01 1.319136396033172431e+01
3.589999999999999858e-01 1.318362019867426227e+01
3.599999999999999867e-01 1.317580358729360412e+01
3.609999999999999876e-01 1.316791440076769604e+01
3.619999999999999885e-01 1.315995291174734305e+01
3.629999999999999893e-01 1.315191939097469387e+01
3.639999999999999902e-01 1.314381410730175048e+01
3.649999999999999911e-01 1.313563732770838755e+01
3.659999999999999920e-01 1.312738931732027048e+01
3.669999999999999929e-01 1.311907033942654621e+01
3.679999999999999938e-01 1.311068065549730122e+01
3.689999999999999947e-01 1.310222052520082414e+01
3.699999999999999956e-01 1.309369020642064285e+01
3.709999999999999964e-01 1.308508995527239627e+01
3.719999999999999973e-01 1.307642002612041132e+01
3.729999999999999982e-01 1.306768067159421065e+01
3.739999999999999991e-01 1.305887214260465967e+01
3.750000000000000000e-01 1.304999468836018472e+01
3.760000000000000009e-01 1.304104855638244587e+01
3.770000000000000018e-01 1.303203399252208072e+01
3.780000000000000027e-01 1.302295124097418366e+01
3.790000000000000036e-01 1.301380054429367128e+01
3.800000000000000044e-01 1.300458214341027308e+01
3.810000000000000053e-01 1.299529627764357365e+01
3.820000000000000062e-01 1.298594318471779729e+01
3.830000000000000071e-01 1.297652310077624449e+01
3.840000000000000080e-01 1.296703626039591128e+01
3.850000000000000089e-01 1.295748289660162555e+01
3.860000000000000098e-01 1.294786324088020635e+01
3.870000000000000107e-01 1.293817752319431946e+01
3.880000000000000115e-01 1.292842597199634724e+01
3.890000000000000124e-01 1.291860881424180540e+01
3.900000000000000133e-01 1.290872627540313289e+01
3.910000000000000142e-01 1.289877857948259887e+01
3.920000000000000151e-01 1.288876594902570183e+01
3.930000000000000160e-01 1.287868860513414404e+01
3.940000000000000169e-01 1.286854676747854853e+01
3.950000000000000178e-01 1.285834065431134121e+01
3.960000000000000187e-01 1.284807048247915162e+01
3.970000000000000195e-01 1.283773646743532382e+01
3.980000000000000204e-01 1.282733882325217500e+01
3.990000000000000213e-01 1.281687776263311562e+01
4.000000000000000222e-01 1.280635349692469838e+01
4.010000000000000231e-01 1.279576623612842745e+01
4.020000000000000240e-01 1.278511618891257129e+01
4.030000000000000249e-01 1.277440356262366805e+01
4.040000000000000258e-01 1.276362856329807371e+01
4.050000000000000266e-01 1.275279139567336451e+01
4.060000000000000275e-01 1.274189226319945867e+01
4.070000000000000284e-01 1.273093136804977021e+01
4.080000000000000293e-01 1.271990891113215127e+01
4.090000000000000302e-01 1.270882509209981315e+01
4.100000000000000311e-01 1.269768010936209102e+01
4.110000000000000320e-01 1.268647416009489248e+01
4.120000000000000329e-01 1.267520744025144275e+01
4.130000000000000338e-01 1.266388014457253064e+01
4.140000000000000346e-01 1.265249246659677596e+01
4.150000000000000355e-01 1.264104459867095542e+01
4.160000000000000364e-01 1.262953673195989523e+01
4.169999999999999818e-01 1.261796905645647371e+01
4.179999999999999827e-01 1.260634176099150316e+01
4.189999999999999836e-01 1.259465503324353364e+01
4.199999999999999845e-01 1.258290905974824447e+01
4.209999999999999853e-01 1.257110402590830667e+01
4.219999999999999862e-01 1.255924011600255419e+01
4.229999999999999871e-01 1.254731751319545374e+01
4.239999999999999880e-01 1.253533639954630097e+01
4.249999999999999889e-01 1.252329695601835802e+01
4.259999999999999898e-01 1.251119936248787567e+01
4.269999999999999907e-01 1.249904379775309948e+01
4.279999999999999916e-01 1.248683043954304317e+01
4.289999999999999925e-01 1.247455946452629050e+01
4.299999999999999933e-01 1.246223104831969763e+01
4.309999999999999942e-01 1.244984536549689480e+01
4.319999999999999951e-01 1.243740258959682876e+01
4.329999999999999960e-01 1.242490289313213836e+01
4.339999999999999969e-01 1.241234644759749450e+01
4.349999999999999978e-01 1.239973342347780338e+01
4.359999999999999987e-01 1.238706399025638305e+01
4.369999999999999996e-01 1.237433831642293214e+01
4.380000000000000004e-01 1.236155656948167625e+01
4.390000000000000013e-01 1.234871891595909155e+01
4.400000000000000022e-01 1.233582552141179356e+01
4.410000000000000031e-01 1.232287655043429631e+01
4.420000000000000040e-01 1.230987216666665063e+01
4.430000000000000049e-01 1.229681253280197595e+01
4.440000000000000058e-01 1.228369781059407373e+01
4.450000000000000067e-01 1.227052816086472120e+01
4.460000000000000075e-01 1.225730374351109120e+01
4.470000000000000084e-01 1.224402471751308497e+01
4.480000000000000093e-01 1.223069124094041271e+01
4.490000000000000102e-01 1.221730347095985536e+01
4.500000000000000111e-01 1.220386156384225096e+01
4.510000000000000120e-01 1.219036567496947221e+01
4.520000000000000129e-01 1.217681595884139689e+01
4.530000000000000138e-01 1.216321256908278414e+01
4.540000000000000147e-01 1.214955565844998908e+01
4.550000000000000155e-01 1.213584537883772185e+01
4.560000000000000164e-01 1.212208188128565567e+01
4.570000000000000173e-01 1.210826531598512013e+01
4.580000000000000182e-01 1.209439583228552451e+01
4.590000000000000191e-01 1.208047357870086813e+01
4.600000000000000200e-01 1.206649870291609794e+01
4.610000000000000209e-01 1.205247135179345186e+01
4.620000000000000218e-01 1.203839167137877908e+01
4.630000000000000226e-01 1.202425980690773066e+01
4.640000000000000235e-01 1.201007590281184179e+01
4.650000000000000244e-01 1.199584010272470103e+01
4.660000000000000253e-01 1.198155254948796689e+01
4.670000000000000262e-01 1.196721338515732924e+01
4.680000000000000271e-01 1.195282275100842995e+01
4.690000000000000280e-01 1.193838078754273724e+01
4.700000000000000289e-01 1.192388763449335265e+01
4.710000000000000298e-01 1.190934343083074332e+01
4.720000000000000306e-01 1.189474831476839078e+01
4.730000000000000315e-01 1.188010242376861569e+01
4.740000000000000324e-01 1.186540589454787487e+01
4.750000000000000333e-01 1.185065886308256289e+01
4.760000000000000342e-01 1.183586146461434119e+01
4.770000000000000351e-01 1.182101383365565539e+01
4.780000000000000360e-01 1.180611610399499689e+01
4.790000000000000369e-01 1.179116840870241489e+01
4.799999999999999822e-01 1.177617088013457547e+01
4.809999999999999831e-01 1.176112364994017412e+01
4.819999999999999840e-01 1.174602684906508365e+01
4.829999999999999849e-01 1.173088060775731378e+01
4.839999999999999858e-01 1.171568505557234552e+01
4.849999999999999867e-01 1.170044032137803391e+01
4.859999999999999876e-01 1.168514653335961206e+01
4.869999999999999885e-01 1.166980381902467201e+01
4.879999999999999893e-01 1.165441230520800175e+01
4.889999999999999902e-01 1.163897211807645782e+01
4.899999999999999911e-01 1.162348338313385021e+01
4.909999999999999920e-01 1.160794622522561603e+01
4.919999999999999929e-01 1.159236076854360498e+01
4.929999999999999938e-01 1.157672713663069608e+01
4.939999999999999947e-01 1.156104545238550330e+01
4.949999999999999956e-01 1.154531583806688033e+01
4.959999999999999964e-01 1.152953841529860668e+01
4.969999999999999973e-01 1.151371330507377344e+01
4.979999999999999982e-01 1.149784062775931304e+01
4.989999999999999991e-01 1.148192050310043300e+01
5.000000000000000000e-01 1.146595305022490230e+01
5.010000000000000009e-01 1.144993838764766991e+01
5.020000000000000018e-01 1.143387663327485093e+01
5.030000000000000027e-01 1.141776790440821010e+01
5.040000000000000036e-01 1.140161231774931316e+01
5.050000000000000044e-01 1.138540998940374926e+01
5.060000000000000053e-01 1.136916103488532315e+01
5.070000000000000062e-01 1.135286556912013367e+01
5.080000000000000071e-01 1.133652370645064877e+01
5.090000000000000080e-01 1.132013556063976800e+01
5.100000000000000089e-01 1.130370124487493122e+01
5.110000000000000098e-01 1.128722087177190225e+01
5.120000000000000107e-01 1.127069455337894510e+01
5.130000000000000115e-01 1.125412240118053298e+01
5.140000000000000124e-01 1.123750452610134687e+01
5.150000000000000133e-01 1.122084103851004855e+01
5.160000000000000142e-01 1.120413204822320630e+01
5.170000000000000151e-01 1.118737766450884408e+01
5.180000000000000160e-01 1.117057799609042057e+01
5.190000000000000169e-01 1.115373315115043162e+01
5.200000000000000178e-01 1.113684323733407844e+01
5.210000000000000187e-01 1.111990836175296060e+01
5.220000000000000195e-01 1.110292863098863236e+01
5.230000000000000204e-01 1.108590415109624061e+01
5.240000000000000213e-01 1.106883502760801719e+01
5.250000000000000222e-01 1.105172136553689910e+01
5.260000000000000231e-01 1.103456326937988585e+01
5.270000000000000240e-01 1.101736084312164898e+01
5.280000000000000249e-01 1.100011419023788228e+01
5.290000000000000258e-01 1.098282341369864490e+01
5.300000000000000266e-01 1.096548861597188917e+01
5.310000000000000275e-01 1.094810989902665455e+01
5.320000000000000284e-01 1.093068736433650123e+01
5.330000000000000293e-01 1.091322111288274144e+01
5.340000000000000302e-01 1.089571124515767941e+01
5.350000000000000311e-01 1.087815786116794214e+01
5.360000000000000320e-01 1.086056106043759151e+01
5.370000000000000329e-01 1.084292094201127554e+01
5.380000000000000338e-01 1.082523760445750405e+01
5.390000000000000346e-01 1.080751114587173767e+01
5.400000000000000355e-01 1.078974166387939349e+01
5.410000000000000364e-01 1.077192925563905135e+01
5.420000000000000373e-01 1.075407401784541683e+01
5.430000000000000382e-01 1.073617604673235348e+01
5.440000000000000391e-01 1.071823543807592571e+01
5.450000000000000400e-01 1.070025228719737420e+01
5.460000000000000409e-01 1.068222668896597227e+01
5.470000000000000417e-01 1.066415873780208123e+01
5.480000000000000426e-01 1.064604852767995169e+01
5.490000000000000435e-01 1.062789615213062078e+01
5.500000000000000444e-01 1.060970170424489822e+01
5.510000000000000453e-01 1.059146527667591009e+01
5.520000000000000462e-01 1.057318696164223049e+01
5.530000000000000471e-01 1.055486685093044841e+01
5.540000000000000480e-01 1.053650503589798504e+01
5.550000000000000488e-01 1.051810160747587197e+01
5.560000000000000497e-01 1.049965665617146193e+01
5.570000000000000506e-01 1.048117027207104712e+01
5.580000000000000515e-01 1.046264254484265166e+01
5.590000000000000524e-01 1.044407356373855045e+01
5.600000000000000533e-01 1.042546341759806516e+01
5.610000000000000542e-01 1.040681219485000319e+01
5.620000000000000551e-01 1.038811998351534704e+01
5.630000000000000560e-01 1.036938687120980518e+01
5.640000000000000568e-01 1.035061294514635755e+01
5.650000000000000577e-01 1.033179829213773004e+01
5.660000000000000586e-01 1.031294299859904839e+01
5.670000000000000595e-01 1.029404715055013497e+01
5.680000000000000604e-01 1.027511083361807209e+01
5.690000000000000613e-01 1.025613413303970489e+01
5.700000000000000622e-01 1.023711713366397724e+01
5.710000000000000631e-01 1.021805991995430496e+01
5.720000000000000639e-01 1.019896257599118528e+01
5.730000000000000648e-01 1.017982518547427695e+01
5.740000000000000657e-01 1.016064783172494224e+01
5.750000000000000666e-01 1.014143059768852773e+01
5.760000000000000675e-01 1.012217356593668249e+01
5.769999999999999574e-01 1.010287681866967802e+01
5.779999999999999583e-01 1.008354043771863218e+01
5.789999999999999591e-01 1.006416450454782030e+01
5.799999999999999600e-01 1.004474910025690271e+01
5.809999999999999609e-01 1.002529430558315227e+01
5.819999999999999618e-01 1.000580020090366951e+01
5.829999999999999627e-01 9.986266866237551554e+00
5.839999999999999636e-01 9.966694381248148105e+00
5.849999999999999645e-01 9.947082825245097126e+00
5.859999999999999654e-01 9.927432277186488463e+00
5.869999999999999662e-01 9.907742815681142901e+00
5.879999999999999671e-01 9.888014518990544843e+00
5.889999999999999680e-01 9.868247465031005916e+00
5.899999999999999689e-01 9.848441731375725539e+00
5.909999999999999698e-01 9.828597395256869262e+00
5.919999999999999707e-01 9.808714533567663096e+00
5.929999999999999716e-01 9.788793222864207166e+00
5.939999999999999725e-01 9.768833539367882679e+00
5.949999999999999734e-01 9.748835558966902681e+00
5.959999999999999742e-01 9.728799357218656851e+00
5.969999999999999751e-01 9.708725009351452329e+00
5.979999999999999760e-01 9.688612590266627578e+00
5.989999999999999769e-01 9.668462174540289666e+00
5.999999999999999778e-01 9.648273836425561356e+00
6.009999999999999787e-01 9.628047649854082124e+00
6.019999999999999796e-01 9.607783688438281899e+00
6.029999999999999805e-01 9.587482025473027747e+00
6.039999999999999813e-01 9.567142733937554766e+00
6.049999999999999822e-01 9.546765886497340148e+00
6.059999999999999831e-01 9.526351555505954138e+00
6.069999999999999840e-01 9.505899813006875476e+00
6.079999999999999849e-01 9.485410730735178930e+00
6.089999999999999858e-01 9.464884380119631402e+00
6.099999999999999867e-01 9.444320832284123668e+00
6.109999999999999876e-01 9.423720158049727402e+00
6.119999999999999885e-01 9.403082427936253040e+00
6.129999999999999893e-01 9.382407712164186009e+00
6.139999999999999902e-01 9.361696080656210839e+00
6.149999999999999911e-01 9.340947603039147396e+00
6.159999999999999920e-01 9.320162348645425254e+00
6.169999999999999929e-01 9.299340386515055457e+00
6.179999999999999938e-01 9.278481785397065806e+00
6.189999999999999947e-01 9.257586613751300320e+00
6.199999999999999956e-01 9.236654939749989524e+00
6.209999999999999964e-01 9.215686831279608526e+00
6.219999999999999973e-01 9.194682355942219942e+00
6.229999999999999982e-01 9.173641581057264460e+00
6.239999999999999991e-01 9.152564573663212855e+00
6.250000000000000000e-01 9.131451400519022599e+00
6.260000000000000009e-01 9.110302128105850272e+00
6.270000000000000018e-01 9.089116822628536596e+00
6.280000000000000027e-01 9.067895550017269102e+00
6.290000000000000036e-01 9.046638375929102693e+00
6.300000000000000044e-01 9.025345365749320337e+00
6.310000000000000053e-01 9.004016584593333761e+00
6.320000000000000062e-01 8.982652097307877170e+00
6.330000000000000071e-01 8.961251968472659257e+00
6.340000000000000080e-01 8.939816262401905078e+00
6.350000000000000089e-01 8.918345043145663453e+00
6.360000000000000098e-01 8.896838374491462531e+00
6.370000000000000107e-01 8.875296319965762848e+00
6.380000000000000115e-01 8.853718942835325123e+00
6.390000000000000124e-01 8.832106306108663318e+00
6.400000000000000133e-01 8.810458472537565200e+00
6.410000000000000142e-01 8.788775504618509871e+00
6.420000000000000151e-01 8.767057464593925431e+00
6.430000000000000160e-01 8.745304414453865860e+00
6.440000000000000169e-01 8.723516415937137225e+00
6.450000000000000178e-01 8.701693530532836007e+00
6.460000000000000187e-01 8.679835819481741765e+00
6.470000000000000195e-01 8.657943343777603218e+00
6.480000000000000204e-01 8.636016164168523801e+00
6.490000000000000213e-01 8.614054341158343675e+00
6.500000000000000222e-01 8.592057935007890279e+00
6.510000000000000231e-01 8.570027005736488235e+00
6.520000000000000240e-01 8.547961613123021607e+00
6.530000000000000249e-01 8.525861816707500651e+00
6.540000000000000258e-01 8.503727675792163154e+00
6.550000000000000266e-01 8.481559249442916837e+00
6.560000000000000275e-01 8.459356596490504643e+00
6.570000000000000284e-01 8.437119775531876087e+00
6.580000000000000293e-01 8.414848844931384519e+00
6.590000000000000302e-01 8.392543862822133605e+00
6.600000000000000311e-01 8.370204887107060898e+00
6.610000000000000320e-01 8.347831975460355380e+00
6.620000000000000329e-01 8.325425185328658273e+00
6.630000000000000338e-01 8.302984573932153722e+00
6.640000000000000346e-01 8.280510198265886856e+00
6.650000000000000355e-01 8.258002115101078289e+00
6.660000000000000364e-01 8.235460380986069140e+00
6.670000000000000373e-01 8.212885052247688833e+00
6.680000000000000382e-01 8.190276184992480779e+00
6.690000000000000391e-01 8.167633835107640294e+00
6.700000000000000400e-01 8.144958058262467659e+00
6.710000000000000409e-01 8.122248909909401959e+00
6.720000000000000417e-01 8.099506445285030054e+00
6.730000000000000426e-01 8.076730719411504111e+00
6.740000000000000435e-01 8.053921787097451102e+00
6.750000000000000444e-01 8.031079702939262432e+00
6.760000000000000453e-01 8.008204521322063840e+00
6.770000000000000462e-01 7.985296296420965945e+00
6.780000000000000471e-01 7.962355082202101642e+00
6.790000000000000480e-01 7.939380932423663495e+00
6.800000000000000488e-01 7.916373900637154293e+00
6.810000000000000497e-01 7.893334040188367595e+00
6.820000000000000506e-01 7.870261404218396706e+00
6.830000000000000515e-01 7.847156045664878121e+00
6.840000000000000524e-01 7.824018017262911684e+00
6.850000000000000533e-01 7.800847371546133502e+00
6.860000000000000542e-01 7.777644160847916766e+00
6.870000000000000551e-01 7.754408437302146240e+00
6.880000000000000560e-01 7.731140252844411975e+00
6.890000000000000568e-01 7.707839659213139072e+00
6.900000000000000577e-01 7.684506707950383486e+00
6.910000000000000586e-01 7.661141450402983111e+00
6.920000000000000595e-01 7.637743937723577403e+00
6.930000000000000604e-01 7.614314220871516881e+00
6.940000000000000613e-01 7.590852350613872090e+00
6.950000000000000622e-01 7.567358377526527846e+00
6.960000000000000631e-01 7.543832351995131802e+00
6.970000000000000639e-01 7.520274324215900918e+00
6.980000000000000648e-01 7.496684344196790306e+00
6.990000000000000657e-01 7.473062461758431141e+00
7.000000000000000666e-01 7.449408726535001080e+00
7.010000000000000675e-01 7.425723187975151518e+00
7.020000000000000684e-01 7.402005895343151565e+00
7.030000000000000693e-01 7.378256897719612795e+00
7.039999999999999591e-01 7.354476244002405849e+00
7.049999999999999600e-01 7.330663982907875464e+00
7.059999999999999609e-01 7.306820162971469301e+00
7.069999999999999618e-01 7.282944832548633229e+00
7.079999999999999627e-01 7.259038039816044119e+00
7.089999999999999636e-01 7.235099832772167616e+00
7.099999999999999645e-01 7.211130259238245799e+00
7.109999999999999654e-01 7.187129366859419832e+00
7.119999999999999662e-01 7.163097203105195376e+00
7.129999999999999671e-01 7.139033815270707350e+00
7.139999999999999680e-01 7.114939250477384292e+00
7.149999999999999689e-01 7.090813555673864954e+00
7.159999999999999698e-01 7.066656777636907805e+00
7.169999999999999707e-01 7.042468962972147750e+00
7.179999999999999716e-01 7.018250158115066029e+00
7.189999999999999725e-01 6.994000409331679435e+00
7.199999999999999734e-01 6.969719762719602585e+00
7.209999999999999742e-01 6.945408264208754900e+00
7.219999999999999751e-01 6.921065959562024972e+00
7.229999999999999760e-01 6.896692894376567295e+00
7.239999999999999769e-01 6.872289114083997674e+00
7.249999999999999778e-01 6.847854663951768117e+00
7.259999999999999787e-01 6.823389589083678430e+00
7.269999999999999796e-01 6.798893934420714658e+00
7.279999999999999805e-01 6.774367744741908837e+00
7.289999999999999813e-01 6.749811064665085070e+00
7.299999999999999822e-01 6.725223938647712174e+00
7.309999999999999831e-01 6.700606410987600015e+00
7.319999999999999840e-01 6.675958525823801892e+00
7.329999999999999849e-01 6.651280327137254034e+00
7.339999999999999858e-01 6.626571858751528765e+00
7.349999999999999867e-01 6.601833164333886117e+00
7.359999999999999876e-01 6.577064287395700148e+00
7.369999999999999885e-01 6.552265271293268967e+00
7.379999999999999893e-01 6.527436159228862778e+00
7.389999999999999902e-01 6.502576994251015208e+00
7.399999999999999911e-01 6.477687819255592672e+00
7.409999999999999920e-01 6.452768676986583074e+00
7.419999999999999929e-01 6.427819610036419107e+00
7.429999999999999938e-01 6.402840660847168408e+00
7.439999999999999947e-01 6.377831871711016731e+00
7.449999999999999956e-01 6.352793284770999804e+00
7.459999999999999964e-01 6.327724942021845322e+00
7.469999999999999973e-01 6.302626885310431248e+00
7.479999999999999982e-01 6.277499156336840969e+00
7.489999999999999991e-01 6.252341796654825146e+00
7.500000000000000000e-01 6.227154847672423443e+00
7.510000000000000009e-01 6.201938350653026788e+00
7.520000000000000018e-01 6.176692346715597637e+00
7.530000000000000027e-01 6.151416876835760661e+00
7.540000000000000036e-01 6.126111981846261045e+00
7.550000000000000044e-01 6.100777702437678585e+00
7.560000000000000053e-01 6.075414079159120462e+00
7.570000000000000062e-01 6.050021152418963766e+00
7.580000000000000071e-01 6.024598962485299580e+00
7.590000000000000080e-01 5.999147549486909980e+00
7.600000000000000089e-01 5.973666953413637515e+00
7.610000000000000098e-01 5.948157214117248515e+00
7.620000000000000107e-01 5.922618371311852314e+00
7.630000000000000115e-01 5.897050464574881801e+00
7.640000000000000124e-01 5.871453533347448683e+00
7.650000000000000133e-01 5.845827616934990090e+00
7.660000000000000142e-01 5.820172754508185164e+00
7.670000000000000151e-01 5.794488985103178891e+00
7.680000000000000160e-01 5.768776347622573297e+00
7.690000000000000169e-01 5.743034880835857336e+00
7.700000000000000178e-01 5.717264623380007293e+00
7.710000000000000187e-01 5.691465613760236408e+00
7.720000000000000195e-01 5.665637890350549100e+00
7.730000000000000204e-01 5.639781491394224133e+00
7.740000000000000213e-01 5.613896455004667274e+00
7.750000000000000222e-01 5.587982819165766557e+00
7.760000000000000231e-01 5.562040621732680989e+00
7.770000000000000240e-01 5.536069900432224244e+00
7.780000000000000249e-01 5.510070692863781261e+00
7.790000000000000258e-01 5.484043036499603119e+00
7.800000000000000266e-01 5.457986968685368367e+00
7.810000000000000275e-01 5.431902526641099627e+00
7.820000000000000284e-01 5.405789747461355432e+00
7.830000000000000293e-01 5.379648668116100652e+00
7.840000000000000302e-01 5.353479325451036885e+00
7.850000000000000311e-01 5.327281756188380513e+00
7.860000000000000320e-01 5.301055996927303227e+00
7.870000000000000329e-01 5.274802084144425862e+00
7.880000000000000338e-01 5.248520054194653284e+00
7.890000000000000346e-01 5.222209943311412417e+00
7.900000000000000355e-01 5.195871787607316605e+00
7.910000000000000364e-01 5.169505623074879708e+00
7.920000000000000373e-01 5.143111485586754128e+00
7.930000000000000382e-01 5.116689410896462675e+00
7.940000000000000391e-01 5.090239434639123317e+00
7.950000000000000400e-01 5.063761592331484707e+00
7.960000000000000409e-01 5.037255919372842783e+00
7.970000000000000417e-01 5.010722451045538151e+00
7.980000000000000426e-01 4.984161222515382406e+00
7.990000000000000435e-01 4.957572268832123541e+00
8.000000000000000444e-01 4.930955624930234649e+00
8.010000000000000453e-01 4.904311325629123530e+00
8.020000000000000462e-01 4.877639405633789949e+00
8.030000000000000471e-01 4.850939899535401167e+00
8.040000000000000480e-01 4.824212841811696961e+00
8.050000000000000488e-01 4.797458266827423046e+00
8.060000000000000497e-01 4.770676208835173071e+00
8.070000000000000506e-01 4.743866701975377964e+00
8.080000000000000515e-01 4.717029780277215423e+00
8.090000000000000524e-01 4.690165477659064663e+00
8.100000000000000533e-01 4.663273827928708926e+00
8.110000000000000542e-01 4.636354864784141938e+00
8.120000000000000551e-01 4.609408621813852136e+00
8.130000000000000560e-01 4.582435132497490571e+00
8.140000000000000568e-01 4.555434430206158680e+00
8.150000000000000577e-01 4.528406548202884352e+00
8.160000000000000586e-01 4.501351519643495891e+00
8.170000000000000595e-01 4.474269377576437279e+00
8.180000000000000604e-01 4.447160154943748722e+00
8.190000000000000613e-01 4.420023884581471663e+00
8.200000000000000622e-01 4.392860599219741147e+00
8.210000000000000631e-01 4.365670331483794797e+00
8.220000000000000639e-01 4.338453113894033208e+00
8.230000000000000648e-01 4.311208978866567065e+00
8.240000000000000657e-01 4.283937958713810445e+00
8.250000000000000666e-01 4.256640085644736615e+00
8.260000000000000675e-01 4.229315391765513965e+00
8.270000000000000684e-01 4.201963909079800885e+00
8.280000000000000693e-01 4.174585669489268014e+00
8.290000000000000702e-01 4.147180704794049433e+00
8.300000000000000711e-01 4.119749046693051753e+00
8.310000000000000719e-01 4.092290726784700183e+00
8.320000000000000728e-01 4.064805776566959850e+00
8.329999999999999627e-01 4.037294227438081862e+00
8.339999999999999636e-01 4.009756110696997666e+00
8.349999999999999645e-01 3.982191457543528657e+00
8.359999999999999654e-01 3.954600299079078951e+00
8.369999999999999662e-01 3.926982666306951586e+00
8.379999999999999671e-01 3.899338590132682469e+00
8.389999999999999680e-01 3.871668101364566184e+00
8.399999999999999689e-01 3.843971230714121390e+00
8.409999999999999698e-01 3.816248008796335967e+00
8.419999999999999707e-01 3.788498466130260312e+00
8.429999999999999716e-01 3.760722633139220505e+00
8.439999999999999725e-01 3.732920540151482669e+00
8.449999999999999734e-01 3.705092217400366650e+00
8.459999999999999742e-01 3.677237695024899722e+00
8.469999999999999751e-01 3.649357003070097250e+00
8.479999999999999760e-01 3.621450171487254011e+00
8.489999999999999769e-01 3.593517230134722240e+00
8.499999999999999778e-01 3.565558208777780180e+00
8.509999999999999787e-01 3.537573137089392361e+00
8.519999999999999796e-01 3.509562044650586188e+00
8.529999999999999805e-01 3.481524960950718395e+00
8.539999999999999813e-01 3.453461915387769920e+00
8.549999999999999822e-01 3.425372937269010265e+00
8.559999999999999831e-01 3.397258055811196442e+00
8.569999999999999840e-01 3.369117300140889171e+00
8.579999999999999849e-01 3.340950699295071047e+00
8.589999999999999858e-01 3.312758282221313522e+00
8.599999999999999867e-01 3.284540077778153488e+00
8.609999999999999876e-01 3.256296114735658165e+00
8.619999999999999885e-01 3.228026421775560095e+00
8.629999999999999893e-01 3.199731027491747426e+00
8.639999999999999902e-01 3.171409960390676019e+00
8.649999999999999911e-01 3.143063248891579065e+00
8.659999999999999920e-01 3.114690921327010642e+00
8.669999999999999929e-01 3.086293005943080203e+00
8.679999999999999938e-01 3.057869530899836263e+00
8.689999999999999947e-01 3.029420524271621673e+00
8.699999999999999956e-01 3.000946014047514154e+00
8.709999999999999964e-01 2.972446028131546569e+00
8.719999999999999973e-01 2.943920594343158115e+00
8.729999999999999982e-01 2.915369740417435906e+00
8.739999999999999991e-01 2.886793494005605254e+00
8.750000000000000000e-01 2.858191882675306772e+00
8.760000000000000009e-01 2.829564933910809543e+00
8.770000000000000018e-01 2.800912675113725214e+00
8.780000000000000027e-01 2.772235133602819701e+00
8.790000000000000036e-01 2.743532336614840972e+00
8.800000000000000044e-01 2.714804311304551021e+00
8.810000000000000053e-01 2.686051084745155748e+00
8.820000000000000062e-01 2.657272683928738388e+00
8.830000000000000071e-01 2.628469135766394515e+00
8.840000000000000080e-01 2.599640467088669027e+00
8.850000000000000089e-01 2.570786704645939835e+00
8.860000000000000098e-01 2.541907875108627479e+00
8.870000000000000107e-01 2.513004005067649871e+00
8.880000000000000115e-01 2.484075121034521771e+00
8.890000000000000124e-01 2.455121249442015596e+00
8.900000000000000133e-01 2.426142416644143651e+00
8.910000000000000142e-01 2.397138648916659065e+00
8.920000000000000151e-01 2.368109972457425272e+00
8.930000000000000160e-01 2.339056413386483513e+00
8.940000000000000169e-01 2.309977997746706535e+00
8.950000000000000178e-01 2.280874751503734643e+00
8.960000000000000187e-01 2.251746700546625846e+00
8.970000000000000195e-01 2.222593870688026385e+00
8.980000000000000204e-01 2.193416287664359032e+00
8.990000000000000213e-01 2.164213977136313360e+00
9.000000000000000222e-01 2.134986964689133515e+00
9.010000000000000231e-01 2.105735275832646636e+00
9.020000000000000240e-01 2.076458936002087086e+00
9.030000000000000249e-01 2.047157970557844209e+00
9.040000000000000258e-01 2.017832404786059186e+00
9.050000000000000266e-01 1.988482263899054914e+00
9.060000000000000275e-01 1.959107573035144156e+00
9.070000000000000284e-01 1.929708357259450224e+00
9.080000000000000293e-01 1.900284641563846577e+00
9.090000000000000302e-01 1.870836450867432887e+00
9.100000000000000311e-01 1.841363810016762415e+00
9.110000000000000320e-01 1.811866743786080036e+00
9.120000000000000329e-01 1.782345276877759233e+00
9.130000000000000338e-01 1.752799433922330508e+00
9.140000000000000346e-01 1.723229239479053376e+00
9.150000000000000355e-01 1.693634718036065578e+00
9.160000000000000364e-01 1.664015894010553609e+00
9.170000000000000373e-01 1.634372791749285625e+00
9.180000000000000382e-01 1.604705435528575919e+00
9.190000000000000391e-01 1.575013849554828482e+00
9.200000000000000400e-01 1.545298057964760829e+00
9.210000000000000409e-01 1.515558084825556762e+00
9.220000000000000417e-01 1.485793954135210981e+00
9.230000000000000426e-01 1.456005689822788440e+00
9.240000000000000435e-01 1.426193315748797374e+00
9.250000000000000444e-01 1.396356855705249700e+00
9.260000000000000453e-01 1.366496333416133524e+00
9.270000000000000462e-01 1.336611772537558807e+00
9.280000000000000471e-01 1.306703196657981181e+00
9.290000000000000480e-01 1.276770629298663806e+00
9.300000000000000488e-01 1.246814093913783950e+00
9.310000000000000497e-01 1.216833613890528909e+00
9.320000000000000506e-01 1.186829212549888268e+00
9.330000000000000515e-01 1.156800913146255994e+00
9.340000000000000524e-01 1.126748738868165844e+00
9.350000000000000533e-01 1.096672712838341113e+00
9.360000000000000542e-01 1.066572858114007261e+00
9.370000000000000551e-01 1.036449197687069557e+00
9.380000000000000560e-01 1.006301754484475453e+00
9.390000000000000568e-01 9.761305513684277457e-01
9.400000000000000577e-01 9.459356111365622155e-01
9.410000000000000586e-01 9.157169565222176288e-01
9.420000000000000595e-01 8.854746101948762771e-01
9.430000000000000604e-01 8.552085947601000271e-01
9.440000000000000613e-01 8.249189327598784871e-01
9.450000000000000622e-01 7.946056466731477030e-01
9.460000000000000631e-01 7.642687589155201522e-01
9.470000000000000639e-01 7.339082918400308131e-01
9.480000000000000648e-01 7.035242677370234787e-01
9.490000000000000657e-01 6.731167088345699767e-01
9.500000000000000666e-01 6.426856372986122778e-01
9.510000000000000675e-01 6.122310752333035566e-01
9.520000000000000684e-01 5.817530446811502998e-01
9.530000000000000693e-01 5.512515676232325745e-01
9.540000000000000702e-01 5.207266659795237729e-01
9.550000000000000711e-01 4.901783616091890394e-01
9.560000000000000719e-01 4.596066763104147412e-01
9.570000000000000728e-01 4.290116318212398028e-01
9.580000000000000737e-01 3.983932498193141214e-01
9.590000000000000746e-01 3.677515519222751550e-01
9.599999999999999645e-01 3.370865596881031934e-01
9.609999999999999654e-01 3.063982946151426745e-01
9.619999999999999662e-01 2.756867781422869257e-01
9.629999999999999671e-01 2.449520316496318628e-01
9.639999999999999680e-01 2.141940764581420353e-01
9.649999999999999689e-01 1.834129338301480061e-01
9.659999999999999698e-01 1.526086249696589903e-01
9.669999999999999707e-01 1.217811710223770660e-01
9.679999999999999716e-01 9.093059307602402441e-02
9.689999999999999725e-01 6.005691216047637226e-02
9.699999999999999734e-01 2.916014924814902542e-02
9.709999999999999742e-01 -1.759674746018902169e-03
9.719999999999999751e-01 -3.270253896415908912e-02
9.729999999999999760e-01 -6.366842260528926545e-02
9.739999999999999769e-01 -9.465730492538426688e-02
9.749999999999999778e-01 -1.256691652365731215e-01
9.759999999999999787e-01 -1.567039829074516888e-01
9.769999999999999796e-01 -1.877617373629405506e-01
9.779999999999999805e-01 -2.188424080833613061e-01
9.789999999999999813e-01 -2.499459746051329034e-01
9.799999999999999822e-01 -2.810724165199474101e-01
9.809999999999999831e-01 -3.122217134747558021e-01
9.819999999999999840e-01 -3.433938451716613827e-01
9.829999999999999849e-01 -3.745887913675431946e-01
9.839999999999999858e-01 -4.058065318740347038e-01
9.849999999999999867e-01 -4.370470465571116847e-01
9.859999999999999876e-01 -4.683103153369927441e-01
9.869999999999999885e-01 -4.995963181882032700e-01
9.879999999999999893e-01 -5.309050351387369915e-01
9.889999999999999902e-01 -5.622364462705391475e-01
9.899999999999999911e-01 -5.935905317190020014e-01
9.909999999999999920e-01 -6.249672716725669375e-01
9.919999999999999929e-01 -6.563666463729944667e-01
9.929999999999999938e-01 -6.877886361148242145e-01
9.939999999999999947e-01 -7.192332212452683393e-01
9.949999999999999956e-01 -7.507003821640623187e-01
9.959999999999999964e-01 -7.821900993232446808e-01
9.969999999999999973e-01 -8.137023532269651582e-01
9.979999999999999982e-01 -8.452371244312431031e-01
9.989999999999999991e-01 -8.767943935440527525e-01
1.000000000000000000e+00 -9.083741412245842639e-01
