0.000000000000000000e+00 0.000000000000000000e+00
1.000000000000000021e-03 8.262389509567021895e-01
2.000000000000000042e-03 1.206316140001446602e+00
3.000000000000000062e-03 1.494627590024384833e+00
4.000000000000000083e-03 1.734704353301214530e+00
5.000000000000000104e-03 1.944024958166625572e+00
6.000000000000000125e-03 2.131724396386176945e+00
7.000000000000000146e-03 2.303288888153181446e+00
8.000000000000000167e-03 2.462315310346613995e+00
9.000000000000001055e-03 2.611309804440440363e+00
1.000000000000000021e-02 2.752098653212807111e+00
1.099999999999999936e-02 2.886059435882003310e+00
1.200000000000000025e-02 3.014260133750716442e+00
1.300000000000000114e-02 3.137547375651597470e+00
1.400000000000000029e-02 3.256604849866977958e+00
1.499999999999999944e-02 3.371993347124397467e+00
1.600000000000000033e-02 3.484179030210713179e+00
1.700000000000000122e-02 3.593553897816286202e+00
1.800000000000000211e-02 3.700450921229138768e+00
1.899999999999999953e-02 3.805155453292957901e+00
2.000000000000000042e-02 3.907913971134633346e+00
2.100000000000000130e-02 4.008940874742202176e+00
2.199999999999999872e-02 4.108423843400961673e+00
2.299999999999999961e-02 4.206528105832357589e+00
2.400000000000000050e-02 4.303399880699686264e+00
2.500000000000000139e-02 4.399169175534204612e+00
2.600000000000000228e-02 4.493952083838497202e+00
2.699999999999999969e-02 4.587852685585178669e+00
2.800000000000000058e-02 4.680964631269775467e+00
2.900000000000000147e-02 4.773372471253789939e+00
2.999999999999999889e-02 4.865152778424117308e+00
3.099999999999999978e-02 4.956375101877897649e+00
3.200000000000000067e-02 5.047102781496520585e+00
3.300000000000000155e-02 5.137393647249474782e+00
3.400000000000000244e-02 5.227300622402498931e+00
3.500000000000000333e-02 5.316872246159847215e+00
3.600000000000000422e-02 5.406153128400409180e+00
3.699999999999999817e-02 5.495184346891672789e+00
3.799999999999999906e-02 5.584003795547818783e+00
3.899999999999999994e-02 5.672646490837151667e+00
4.000000000000000083e-02 5.761144842262681642e+00
4.100000000000000172e-02 5.849528891878555292e+00
4.200000000000000261e-02 5.937826527018945200e+00
4.300000000000000350e-02 6.026063669769806452e+00
4.399999999999999745e-02 6.114264446180194490e+00
4.499999999999999833e-02 6.202451337766481387e+00
4.599999999999999922e-02 6.290645317493432032e+00
4.700000000000000011e-02 6.378865972106979143e+00
4.800000000000000100e-02 6.467131612433139054e+00
4.900000000000000189e-02 6.555459373038415194e+00
5.000000000000000278e-02 6.643865302460956634e+00
5.100000000000000366e-02 6.732364445063885761e+00
5.200000000000000455e-02 6.820970915427336578e+00
5.299999999999999850e-02 6.909697966080706522e+00
5.399999999999999939e-02 6.998558049277338711e+00
5.500000000000000028e-02 7.087562873428989718e+00
5.600000000000000117e-02 7.176723454743788366e+00
5.700000000000000205e-02 7.266050164547618984e+00
5.800000000000000294e-02 7.355552772713854104e+00
5.900000000000000383e-02 7.445240487578118405e+00
5.999999999999999778e-02 7.535121992672765501e+00
6.099999999999999867e-02 7.625205480579395179e+00
6.199999999999999956e-02 7.715498684165096321e+00
6.300000000000000044e-02 7.806008905440433132e+00
6.400000000000000133e-02 7.896743042251856082e+00
6.500000000000000222e-02 7.987707612999650486e+00
6.600000000000000311e-02 8.078908779552946839e+00
6.700000000000000400e-02 8.170352368516290653e+00
6.800000000000000488e-02 8.262043890986998207e+00
6.900000000000000577e-02 8.353988560929010987e+00
7.000000000000000666e-02 8.446191312276917884e+00
7.100000000000000755e-02 8.538656814873101908e+00
7.200000000000000844e-02 8.631389489331306564e+00
7.299999999999999545e-02 8.724393520911455369e+00
7.399999999999999634e-02 8.817672872482715363e+00
7.499999999999999722e-02 8.911231296644993805e+00
7.599999999999999811e-02 9.005072347072854200e+00
7.699999999999999900e-02 9.099199389140194327e+00
7.799999999999999989e-02 9.193615609879033812e+00
7.900000000000000078e-02 9.288324027321133158e+00
8.000000000000000167e-02 9.383327499267368310e+00
8.100000000000000255e-02 9.478628731525430950e+00
8.200000000000000344e-02 9.574230285653882788e+00
8.300000000000000433e-02 9.670134586246803110e+00
8.400000000000000522e-02 9.766343927790932966e+00
8.500000000000000611e-02 9.862860481124595680e+00
8.600000000000000699e-02 9.959686299525239761e+00
8.700000000000000788e-02 1.005682332445055494e+01
8.799999999999999489e-02 1.015427339095606563e+01
8.899999999999999578e-02 1.025203823281044890e+01
8.999999999999999667e-02 1.035011948732811149e+01
9.099999999999999756e-02 1.044851869993728677e+01
9.199999999999999845e-02 1.054723732850038154e+01
9.299999999999999933e-02 1.064627674740221686e+01
9.400000000000000022e-02 1.074563825142062079e+01
9.500000000000000111e-02 1.084532305939271346e+01
9.600000000000000200e-02 1.094533231768956227e+01
9.700000000000000289e-02 1.104566710351068082e+01
9.800000000000000377e-02 1.114632842800910417e+01
9.900000000000000466e-02 1.124731723925736482e+01
1.000000000000000056e-01 1.134863442506344278e+01
1.010000000000000064e-01 1.145028081564564104e+01
1.020000000000000073e-01 1.155225718617458597e+01
1.030000000000000082e-01 1.165456425918960726e+01
1.040000000000000091e-01 1.175720270689725488e+01
1.049999999999999961e-01 1.186017315335793398e+01
1.059999999999999970e-01 1.196347617656740248e+01
1.069999999999999979e-01 1.206711231043869503e+01
1.079999999999999988e-01 1.217108204669001736e+01
1.089999999999999997e-01 1.227538583664376937e+01
1.100000000000000006e-01 1.238002409294142581e+01
1.110000000000000014e-01 1.248499719117883444e+01
1.120000000000000023e-01 1.259030547146611134e+01
1.130000000000000032e-01 1.269594923991624924e+01
1.140000000000000041e-01 1.280192877006591168e+01
1.150000000000000050e-01 1.290824430423232982e+01
1.160000000000000059e-01 1.301489605480905531e+01
1.170000000000000068e-01 1.312188420550424262e+01
1.180000000000000077e-01 1.322920891252400999e+01
1.190000000000000085e-01 1.333687030570384202e+01
1.199999999999999956e-01 1.344486848959058634e+01
1.209999999999999964e-01 1.355320354447727027e+01
1.219999999999999973e-01 1.366187552739356015e+01
1.229999999999999982e-01 1.377088447305350805e+01
1.239999999999999991e-01 1.388023039476312093e+01
1.250000000000000000e-01 1.398991328528916611e+01
1.260000000000000009e-01 1.409993311769169289e+01
1.270000000000000018e-01 1.421028984612143375e+01
1.280000000000000027e-01 1.432098340658416369e+01
1.290000000000000036e-01 1.443201371767329455e+01
1.300000000000000044e-01 1.454338068127231587e+01
1.310000000000000053e-01 1.465508418322843553e+01
1.320000000000000062e-01 1.476712409399886816e+01
1.330000000000000071e-01 1.487950026927073921e+01
1.340000000000000080e-01 1.499221255055616986e+01
1.350000000000000089e-01 1.510526076576340593e+01
1.360000000000000098e-01 1.521864472974505844e+01
1.370000000000000107e-01 1.533236424482470994e+01
1.380000000000000115e-01 1.544641910130261664e+01
1.390000000000000124e-01 1.556080907794147805e+01
1.400000000000000133e-01 1.567553394243333997e+01
1.410000000000000142e-01 1.579059345184803753e+01
1.420000000000000151e-01 1.590598735306443423e+01
1.430000000000000160e-01 1.602171538318496857e+01
1.440000000000000169e-01 1.613777726993418327e+01
1.449999999999999900e-01 1.625417273204197599e+01
1.459999999999999909e-01 1.637090147961239595e+01
1.469999999999999918e-01 1.648796321447822066e+01
1.479999999999999927e-01 1.660535763054222258e+01
1.489999999999999936e-01 1.672308441410556767e+01
1.499999999999999944e-01 1.684114324418388975e+01
1.509999999999999953e-01 1.695953379281150930e+01
1.519999999999999962e-01 1.707825572533438319e+01
1.529999999999999971e-01 1.719730870069211548e+01
1.539999999999999980e-01 1.731669237168952336e+01
1.549999999999999989e-01 1.743640638525828734e+01
1.559999999999999998e-01 1.755645038270890623e+01
1.570000000000000007e-01 1.767682399997346820e+01
1.580000000000000016e-01 1.779752686783960414e+01
1.590000000000000024e-01 1.791855861217572254e+01
1.600000000000000033e-01 1.803991885414843566e+01
1.610000000000000042e-01 1.816160721043173609e+01
1.620000000000000051e-01 1.828362329340895087e+01
1.630000000000000060e-01 1.840596671136732709e+01
1.640000000000000069e-01 1.852863706868544469e+01
1.650000000000000078e-01 1.865163396601431600e+01
1.660000000000000087e-01 1.877495700045169968e+01
1.670000000000000095e-01 1.889860576571040696e+01
1.680000000000000104e-01 1.902257985228050785e+01
1.690000000000000113e-01 1.914687884758594194e+01
1.700000000000000122e-01 1.927150233613538077e+01
1.710000000000000131e-01 1.939644989966813071e+01
1.720000000000000140e-01 1.952172111729444026e+01
1.730000000000000149e-01 1.964731556563130965e+01
1.740000000000000158e-01 1.977323281893333018e+01
1.750000000000000167e-01 1.989947244921897607e+01
1.759999999999999898e-01 2.002603402639242702e+01
1.769999999999999907e-01 2.015291711836140465e+01
1.779999999999999916e-01 2.028012129115057505e+01
1.789999999999999925e-01 2.040764610901121046e+01
1.799999999999999933e-01 2.053549113452708141e+01
1.809999999999999942e-01 2.066365592871648005e+01
1.819999999999999951e-01 2.079214005113101749e+01
1.829999999999999960e-01 2.092094305995063763e+01
1.839999999999999969e-01 2.105006451207574614e+01
1.849999999999999978e-01 2.117950396321579021e+01
1.859999999999999987e-01 2.130926096797513125e+01
1.869999999999999996e-01 2.143933507993565257e+01
1.880000000000000004e-01 2.156972585173677714e+01
1.890000000000000013e-01 2.170043283515253307e+01
1.900000000000000022e-01 2.183145558116612506e+01
1.910000000000000031e-01 2.196279364004188750e+01
1.920000000000000040e-01 2.209444656139472940e+01
1.930000000000000049e-01 2.222641389425718117e+01
1.940000000000000058e-01 2.235869518714428494e+01
1.950000000000000067e-01 2.249128998811605484e+01
1.960000000000000075e-01 2.262419784483797969e+01
1.970000000000000084e-01 2.275741830463926973e+01
1.980000000000000093e-01 2.289095091456922404e+01
1.990000000000000102e-01 2.302479522145160118e+01
2.000000000000000111e-01 2.315895077193718166e+01
2.010000000000000120e-01 2.329341711255440117e+01
2.020000000000000129e-01 2.342819378975836386e+01
2.030000000000000138e-01 2.356328034997807563e+01
2.040000000000000147e-01 2.369867633966207521e+01
2.050000000000000155e-01 2.383438130532249843e+01
2.060000000000000164e-01 2.397039479357761849e+01
2.070000000000000173e-01 2.410671635119278733e+01
2.080000000000000182e-01 2.424334552512020835e+01
2.089999999999999913e-01 2.438028186253696816e+01
2.099999999999999922e-01 2.451752491088218733e+01
2.109999999999999931e-01 2.465507421789235565e+01
2.119999999999999940e-01 2.479292933163588231e+01
2.129999999999999949e-01 2.493108980054607215e+01
2.139999999999999958e-01 2.506955517345327777e+01
2.149999999999999967e-01 2.520832499961559492e+01
2.159999999999999976e-01 2.534739882874866623e+01
2.169999999999999984e-01 2.548677621105422020e+01
2.179999999999999993e-01 2.562645669724810915e+01
2.190000000000000002e-01 2.576643983858646081e+01
2.200000000000000011e-01 2.590672518689167703e+01
2.210000000000000020e-01 2.604731229457718555e+01
2.220000000000000029e-01 2.618820071467120059e+01
2.230000000000000038e-01 2.632939000083976921e+01
2.240000000000000047e-01 2.647087970740896168e+01
2.250000000000000056e-01 2.661266938938611304e+01
2.260000000000000064e-01 2.675475860248038629e+01
2.270000000000000073e-01 2.689714690312249346e+01
2.280000000000000082e-01 2.703983384848393712e+01
2.290000000000000091e-01 2.718281899649494449e+01
2.300000000000000100e-01 2.732610190586244769e+01
2.310000000000000109e-01 2.746968213608668563e+01
2.320000000000000118e-01 2.761355924747778445e+01
2.330000000000000127e-01 2.775773280117114794e+01
2.340000000000000135e-01 2.790220235914267022e+01
2.350000000000000144e-01 2.804696748422299990e+01
2.360000000000000153e-01 2.819202774011164792e+01
2.370000000000000162e-01 2.833738269139000820e+01
2.380000000000000171e-01 2.848303190353426473e+01
2.390000000000000180e-01 2.862897494292767675e+01
2.399999999999999911e-01 2.877521137687226371e+01
2.409999999999999920e-01 2.892174077359985773e+01
2.419999999999999929e-01 2.906856270228322714e+01
2.429999999999999938e-01 2.921567673304602764e+01
2.439999999999999947e-01 2.936308243697296305e+01
2.449999999999999956e-01 2.951077938611886609e+01
2.459999999999999964e-01 2.965876715351804904e+01
2.469999999999999973e-01 2.980704531319265982e+01
2.479999999999999982e-01 2.995561344016090288e+01
2.489999999999999991e-01 3.010447111044493695e+01
2.500000000000000000e-01 3.025361790107825044e+01
2.510000000000000009e-01 3.040305339011283081e+01
2.520000000000000018e-01 3.055277715662578686e+01
2.530000000000000027e-01 3.070278878072583240e+01
2.540000000000000036e-01 3.085308784355932232e+01
2.550000000000000044e-01 3.100367392731597960e+01
2.560000000000000053e-01 3.115454661523442681e+01
2.570000000000000062e-01 3.130570549160731275e+01
2.580000000000000071e-01 3.145715014178610858e+01
2.590000000000000080e-01 3.160888015218570501e+01
2.600000000000000089e-01 3.176089511028881773e+01
2.610000000000000098e-01 3.191319460464989533e+01
2.620000000000000107e-01 3.206577822489906993e+01
2.630000000000000115e-01 3.221864556174560335e+01
2.640000000000000124e-01 3.237179620698115912e+01
2.650000000000000133e-01 3.252522975348301060e+01
2.660000000000000142e-01 3.267894579521680498e+01
2.670000000000000151e-01 3.283294392723919941e+01
2.680000000000000160e-01 3.298722374570027682e+01
2.690000000000000169e-01 3.314178484784593337e+01
2.700000000000000178e-01 3.329662683201959084e+01
2.710000000000000187e-01 3.345174929766426430e+01
2.720000000000000195e-01 3.360715184532418220e+01
2.730000000000000204e-01 3.376283407664617187e+01
2.740000000000000213e-01 3.391879559438105929e+01
2.750000000000000222e-01 3.407503600238462127e+01
2.760000000000000231e-01 3.423155490561875780e+01
2.770000000000000240e-01 3.438835191015213866e+01
2.780000000000000249e-01 3.454542662316087842e+01
2.790000000000000258e-01 3.470277865292919728e+01
2.800000000000000266e-01 3.486040760884949208e+01
2.810000000000000275e-01 3.501831310142270581e+01
2.820000000000000284e-01 3.517649474225855499e+01
2.830000000000000293e-01 3.533495214407523832e+01
2.840000000000000302e-01 3.549368492069925907e+01
2.850000000000000311e-01 3.565269268706542505e+01
2.860000000000000320e-01 3.581197505921614521e+01
2.870000000000000329e-01 3.597153165430096067e+01
2.880000000000000338e-01 3.613136209057607573e+01
2.889999999999999791e-01 3.629146598740326368e+01
2.899999999999999800e-01 3.645184296524939782e+01
2.909999999999999809e-01 3.661249264568527906e+01
2.919999999999999818e-01 3.677341465138461274e+01
2.929999999999999827e-01 3.693460860612297836e+01
2.939999999999999836e-01 3.709607413477642979e+01
2.949999999999999845e-01 3.725781086332024472e+01
2.959999999999999853e-01 3.741981841882761017e+01
2.969999999999999862e-01 3.758209642946805218e+01
2.979999999999999871e-01 3.774464452450578023e+01
2.989999999999999880e-01 3.790746233429825907e+01
2.999999999999999889e-01 3.807054949029437552e+01
3.009999999999999898e-01 3.823390562503256973e+01
3.019999999999999907e-01 3.839753037213908016e+01
3.029999999999999916e-01 3.856142336632615297e+01
3.039999999999999925e-01 3.872558424338975414e+01
3.049999999999999933e-01 3.889001264020769355e+01
3.059999999999999942e-01 3.905470819473752897e+01
3.069999999999999951e-01 3.921967054601449121e+01
3.079999999999999960e-01 3.938489933414891198e+01
3.089999999999999969e-01 3.955039420032435515e+01
3.099999999999999978e-01 3.971615478679508726e+01
3.109999999999999987e-01 3.988218073688376109e+01
3.119999999999999996e-01 4.004847169497887194e+01
3.130000000000000004e-01 4.021502730653243418e+01
3.140000000000000013e-01 4.038184721805757960e+01
3.150000000000000022e-01 4.054893107712558731e+01
3.160000000000000031e-01 4.071627853236371664e+01
3.170000000000000040e-01 4.088388923345233650e+01
3.180000000000000049e-01 4.105176283112241009e+01
3.190000000000000058e-01 4.121989897715248219e+01
3.200000000000000067e-01 4.138829732436637698e+01
3.210000000000000075e-01 4.155695752663005749e+01
3.220000000000000084e-01 4.172587923884901784e+01
3.230000000000000093e-01 4.189506211696527771e+01
3.240000000000000102e-01 4.206450581795471777e+01
3.250000000000000111e-01 4.223420999982408119e+01
3.260000000000000120e-01 4.240417432160791833e+01
3.270000000000000129e-01 4.257439844336586532e+01
3.280000000000000138e-01 4.274488202617958166e+01
3.290000000000000147e-01 4.291562473214968065e+01
3.300000000000000155e-01 4.308662622439273804e+01
3.310000000000000164e-01 4.325788616703838585e+01
3.320000000000000173e-01 4.342940422522607946e+01
3.330000000000000182e-01 4.360118006510210620e+01
3.340000000000000191e-01 4.377321335381643053e+01
3.350000000000000200e-01 4.394550375951968135e+01
3.360000000000000209e-01 4.411805095135985511e+01
3.370000000000000218e-01 4.429085459947938830e+01
3.380000000000000226e-01 4.446391437501175403e+01
3.390000000000000235e-01 4.463722995007847771e+01
3.400000000000000244e-01 4.481080099778584724e+01
3.410000000000000253e-01 4.498462719222180084e+01
3.420000000000000262e-01 4.515870820845253775e+01
3.430000000000000271e-01 4.533304372251955527e+01
3.440000000000000280e-01 4.550763341143613872e+01
3.450000000000000289e-01 4.568247695318441259e+01
3.460000000000000298e-01 4.585757402671173111e+01
3.470000000000000306e-01 4.603292431192785727e+01
3.480000000000000315e-01 4.620852748970131074e+01
3.490000000000000324e-01 4.638438324185626271e+01
3.500000000000000333e-01 4.656049125116933141e+01
3.510000000000000342e-01 4.673685120136607196e+01
3.519999999999999796e-01 4.691346277711794954e+01
3.529999999999999805e-01 4.709032566403902109e+01
3.539999999999999813e-01 4.726743954868227604e+01
3.549999999999999822e-01 4.744480411853682966e+01
3.559999999999999831e-01 4.762241906202429220e+01
3.569999999999999840e-01 4.780028406849569222e+01
3.579999999999999849e-01 4.797839882822793811e+01
3.589999999999999858e-01 4.815676303242069878e+01
3.599999999999999867e-01 4.833537637319302860e+01
3.609999999999999876e-01 4.851423854357994259e+01
3.619999999999999885e-01 4.869334923752948896e+01
3.629999999999999893e-01 4.887270814989883405e+01
3.639999999999999902e-01 4.905231497645162619e+01
3.649999999999999911e-01 4.923216941385410195e+01
3.659999999999999920e-01 4.941227115967233630e+01
3.669999999999999929e-01 4.959261991236834888e+01
3.679999999999999938e-01 4.977321537129737550e+01
3.689999999999999947e-01 4.995405723670407383e+01
3.699999999999999956e-01 5.013514520971966704e+01
3.709999999999999964e-01 5.031647899235836263e+01
3.719999999999999973e-01 5.049805828751415504e+01
3.729999999999999982e-01 5.067988279895762105e+01
3.739999999999999991e-01 5.086195223133236709e+01
3.750000000000000000e-01 5.104426629015225103e+01
3.760000000000000009e-01 5.122682468179758786e+01
3.770000000000000018e-01 5.140962711351225778e+01
3.780000000000000027e-01 5.159267329340025299e+01
3.790000000000000036e-01 5.177596293042241626e+01
3.800000000000000044e-01 5.195949573439342828e+01
3.810000000000000053e-01 5.214327141597821225e+01
3.820000000000000062e-01 5.232728968668911307e+01
3.830000000000000071e-01 5.251155025888232331e+01
3.840000000000000080e-01 5.269605284575468573e+01
3.850000000000000089e-01 5.288079716134071617e+01
3.860000000000000098e-01 5.306578292050927814e+01
3.870000000000000107e-01 5.325100983896027174e+01
3.880000000000000115e-01 5.343647763322156408e+01
3.890000000000000124e-01 5.362218602064582740e+01
3.900000000000000133e-01 5.380813471940724924e+01
3.910000000000000142e-01 5.399432344849851972e+01
3.920000000000000151e-01 5.418075192772739967e+01
3.930000000000000160e-01 5.436741987771393525e+01
3.940000000000000169e-01 5.455432701988701183e+01
3.950000000000000178e-01 5.474147307648139815e+01
3.960000000000000187e-01 5.492885777053444940e+01
3.970000000000000195e-01 5.511648082588322950e+01
3.980000000000000204e-01 5.530434196716116446e+01
3.990000000000000213e-01 5.549244091979503679e+01
4.000000000000000222e-01 5.568077741000197278e+01
4.010000000000000231e-01 5.586935116478625929e+01
4.020000000000000240e-01 5.605816191193624576e+01
4.030000000000000249e-01 5.624720938002137416e+01
4.040000000000000258e-01 5.643649329838906681e+01
4.050000000000000266e-01 5.662601339716178472e+01
4.060000000000000275e-01 5.681576940723383728e+01
4.070000000000000284e-01 5.700576106026836953e+01
4.080000000000000293e-01 5.719598808869451290e+01
4.090000000000000302e-01 5.738645022570432275e+01
4.100000000000000311e-01 5.757714720524948859e+01
4.110000000000000320e-01 5.776807876203888981e+01
4.120000000000000329e-01 5.795924463153511397e+01
4.130000000000000338e-01 5.815064454995190601e+01
4.140000000000000346e-01 5.834227825425077185e+01
4.150000000000000355e-01 5.853414548213851276e+01
4.160000000000000364e-01 5.872624597206394270e+01
4.169999999999999818e-01 5.891857946321512429e+01
4.179999999999999827e-01 5.911114569551630638e+01
4.189999999999999836e-01 5.930394440962533054e+01
4.199999999999999845e-01 5.949697534693027734e+01
4.209999999999999853e-01 5.969023824954718549e+01
4.219999999999999862e-01 5.988373286031654885e+01
4.229999999999999871e-01 6.007745892280085087e+01
4.239999999999999880e-01 6.027141618128163714e+01
4.249999999999999889e-01 6.046560438075673005e+01
4.259999999999999898e-01 6.066002326693717350e+01
4.269999999999999907e-01 6.085467258624472464e+01
4.279999999999999916e-01 6.104955208580874881e+01
4.289999999999999925e-01 6.124466151346371845e+01
4.299999999999999933e-01 6.144000061774626431e+01
4.309999999999999942e-01 6.163556914789231200e+01
4.319999999999999951e-01 6.183136685383458087e+01
4.329999999999999960e-01 6.202739348619947890e+01
4.339999999999999969e-01 6.222364879630492851e+01
4.349999999999999978e-01 6.242013253615694168e+01
4.359999999999999987e-01 6.261684445844730362e+01
4.369999999999999996e-01 6.281378431655103611e+01
4.380000000000000004e-01 6.301095186452307928e+01
4.390000000000000013e-01 6.320834685709633050e+01
4.400000000000000022e-01 6.340596904967848957e+01
4.410000000000000031e-01 6.360381819834950790e+01
4.420000000000000040e-01 6.380189405985908024e+01
4.430000000000000049e-01 6.400019639162377416e+01
4.440000000000000058e-01 6.419872495172459992e+01
4.450000000000000067e-01 6.439747949890427492e+01
4.460000000000000075e-01 6.459645979256460180e+01
4.470000000000000084e-01 6.479566559276412363e+01
4.480000000000000093e-01 6.499509666021494070e+01
4.490000000000000102e-01 6.519475275628086308e+01
4.500000000000000111e-01 6.539463364297446901e+01
4.510000000000000120e-01 6.559473908295440481e+01
4.520000000000000129e-01 6.579506883952326746e+01
4.530000000000000138e-01 6.599562267662456350e+01
4.540000000000000147e-01 6.619640035884064844e+01
4.550000000000000155e-01 6.639740165139005512e+01
4.560000000000000164e-01 6.659862632012479366e+01
4.570000000000000173e-01 6.680007413152814877e+01
4.580000000000000182e-01 6.700174485271199387e+01
4.590000000000000191e-01 6.720363825141448899e+01
4.600000000000000200e-01 6.740575409599755119e+01
4.610000000000000209e-01 6.760809215544436768e+01
4.620000000000000218e-01 6.781065219935697996e+01
4.630000000000000226e-01 6.801343399795388223e+01
4.640000000000000235e-01 6.821643732206766231e+01
4.650000000000000244e-01 6.841966194314251482e+01
4.660000000000000253e-01 6.862310763323175422e+01
4.670000000000000262e-01 6.882677416499572587e+01
4.680000000000000271e-01 6.903066131169919117e+01
4.690000000000000280e-01 6.923476884720889757e+01
4.700000000000000289e-01 6.943909654599153214e+01
4.710000000000000298e-01 6.964364418311126315e+01
4.720000000000000306e-01 6.984841153422708260e+01
4.730000000000000315e-01 7.005339837559104410e+01
4.740000000000000324e-01 7.025860448404549174e+01
4.750000000000000333e-01 7.046402963702102795e+01
4.760000000000000342e-01 7.066967361253398394e+01
4.770000000000000351e-01 7.087553618918465759e+01
4.780000000000000360e-01 7.108161714615422966e+01
4.790000000000000369e-01 7.128791626320335695e+01
4.799999999999999822e-01 7.149443332066915957e+01
4.809999999999999831e-01 7.170116809946370040e+01
4.819999999999999840e-01 7.190812038107107185e+01
4.829999999999999849e-01 7.211528994754580424e+01
4.839999999999999858e-01 7.232267658151006628e+01
4.849999999999999867e-01 7.253028006615211609e+01
4.859999999999999876e-01 7.273810018522341636e+01
4.869999999999999885e-01 7.294613672303715646e+01
4.879999999999999893e-01 7.315438946446539603e+01
4.889999999999999902e-01 7.336285819493745919e+01
4.899999999999999911e-01 7.357154270043740496e+01
4.909999999999999920e-01 7.378044276750236463e+01
4.919999999999999929e-01 7.398955818321977063e+01
4.929999999999999938e-01 7.419888873522573647e+01
4.939999999999999947e-01 7.440843421170272620e+01
4.949999999999999956e-01 7.461819440137753645e+01
4.959999999999999964e-01 7.482816909351910795e+01
4.969999999999999973e-01 7.503835807793679180e+01
4.979999999999999982e-01 7.524876114497749313e+01
4.989999999999999991e-01 7.545937808552473314e+01
5.000000000000000000e-01 7.567020869099539482e+01
5.010000000000000009e-01 7.588125275333884190e+01
5.020000000000000018e-01 7.609251006503379244e+01
5.030000000000000027e-01 7.630398041908722462e+01
5.040000000000000036e-01 7.651566360903169084e+01
5.050000000000000044e-01 7.672755942892375458e+01
5.060000000000000053e-01 7.693966767334165979e+01
5.070000000000000062e-01 7.715198813738359718e+01
5.080000000000000071e-01 7.736452061666565783e+01
5.090000000000000080e-01 7.757726490731982949e+01
5.100000000000000089e-01 7.779022080599189337e+01
5.110000000000000098e-01 7.800338810983980409e+01
5.120000000000000107e-01 7.821676661653158646e+01
5.130000000000000115e-01 7.843035612424331759e+01
5.140000000000000124e-01 7.864415643165713732e+01
5.150000000000000133e-01 7.885816733795979872e+01
5.160000000000000142e-01 7.907238864284001068e+01
5.170000000000000151e-01 7.928682014648741472e+01
5.180000000000000160e-01 7.950146164958982808e+01
5.190000000000000169e-01 7.971631295333223477e+01
5.200000000000000178e-01 7.993137385939391493e+01
5.210000000000000187e-01 8.014664416994770590e+01
5.220000000000000195e-01 8.036212368765706060e+01
5.230000000000000204e-01 8.057781221567518060e+01
5.240000000000000213e-01 8.079370955764218820e+01
5.250000000000000222e-01 8.100981551768440170e+01
5.260000000000000231e-01 8.122612990041147896e+01
5.270000000000000240e-01 8.144265251091535163e+01
5.280000000000000249e-01 8.165938315476793719e+01
5.290000000000000258e-01 8.187632163801970364e+01
5.300000000000000266e-01 8.209346776719765160e+01
5.310000000000000275e-01 8.231082134930363736e+01
5.320000000000000284e-01 8.252838219181251134e+01
5.330000000000000293e-01 8.274615010267046955e+01
5.340000000000000302e-01 8.296412489029330573e+01
5.350000000000000311e-01 8.318230636356454966e+01
5.360000000000000320e-01 8.340069433183379033e+01
5.370000000000000329e-01 8.361928860491502746e+01
5.380000000000000338e-01 8.383808899308471041e+01
5.390000000000000346e-01 8.405709530708034549e+01
5.400000000000000355e-01 8.427630735809859175e+01
5.410000000000000364e-01 8.449572495779369774e+01
5.420000000000000373e-01 8.471534791827531308e+01
5.430000000000000382e-01 8.493517605210791999e+01
5.440000000000000391e-01 8.515520917230774955e+01
5.450000000000000400e-01 8.537544709234228435e+01
5.460000000000000409e-01 8.559588962612798468e+01
5.470000000000000417e-01 8.581653658802878226e+01
5.480000000000000426e-01 8.603738779285434646e+01
5.490000000000000435e-01 8.625844305585874849e+01
5.500000000000000444e-01 8.647970219273854298e+01
5.510000000000000453e-01 8.670116501963126154e+01
5.520000000000000462e-01 8.692283135311369335e+01
5.530000000000000471e-01 8.714470101020042136e+01
5.540000000000000480e-01 8.736677380834215967e+01
5.550000000000000488e-01 8.758904956542420450e+01
5.560000000000000497e-01 8.781152809976472895e+01
5.570000000000000506e-01 8.803420923011343291e+01
5.580000000000000515e-01 8.825709277564970989e+01
5.590000000000000524e-01 8.848017855598124015e+01
5.600000000000000533e-01 8.870346639114241327e+01
5.610000000000000542e-01 8.892695610159285025e+01
5.620000000000000551e-01 8.915064750821565553e+01
5.630000000000000560e-01 8.937454043231608125e+01
5.640000000000000568e-01 8.959863469561994975e+01
5.650000000000000577e-01 8.982293012027207624e+01
5.660000000000000586e-01 9.004742652883489029e+01
5.670000000000000595e-01 9.027212374428673058e+01
5.680000000000000604e-01 9.049702159002058011e+01
5.690000000000000613e-01 9.072211988984233244e+01
5.700000000000000622e-01 9.094741846796945595e+01
5.710000000000000631e-01 9.117291714902960109e+01
5.720000000000000639e-01 9.139861575805889515e+01
5.730000000000000648e-01 9.162451412050066324e+01
5.740000000000000657e-01 9.185061206220380825e+01
5.750000000000000666e-01 9.207690940942163138e+01
5.760000000000000675e-01 9.230340598881016945e+01
5.769999999999999574e-01 9.253010162742653222e+01
5.779999999999999583e-01 9.275699615272823451e+01
5.789999999999999591e-01 9.298408939257093664e+01
5.799999999999999600e-01 9.321138117520735022e+01
5.809999999999999609e-01 9.343887132928605865e+01
5.819999999999999618e-01 9.366655968384975495e+01
5.829999999999999627e-01 9.389444606833416174e+01
5.839999999999999636e-01 9.412253031256618385e+01
5.849999999999999645e-01 9.435081224676309830e+01
5.859999999999999654e-01 9.457929170153060738e+01
5.869999999999999662e-01 9.480796850786201446e+01
5.879999999999999671e-01 9.503684249713634813e+01
5.889999999999999680e-01 9.526591350111742429e+01
5.899999999999999689e-01 9.549518135195222612e+01
5.909999999999999698e-01 9.572464588216956827e+01
5.919999999999999707e-01 9.595430692467884626e+01
5.929999999999999716e-01 9.618416431276884282e+01
5.939999999999999725e-01 9.641421788010600835e+01
5.949999999999999734e-01 9.664446746073348038e+01
5.959999999999999742e-01 9.687491288906963405e+01
5.969999999999999751e-01 9.710555399990673209e+01
5.979999999999999760e-01 9.733639062840953216e+01
5.989999999999999769e-01 9.756742261011454787e+01
5.999999999999999778e-01 9.779864978092786032e+01
6.009999999999999787e-01 9.803007197712447862e+01
6.019999999999999796e-01 9.826168903534701826e+01
6.029999999999999805e-01 9.849350079260409530e+01
6.039999999999999813e-01 9.872550708626903315e+01
6.049999999999999822e-01 9.895770775407943631e+01
6.059999999999999831e-01 9.919010263413466078e+01
6.069999999999999840e-01 9.942269156489567195e+01
6.079999999999999849e-01 9.965547438518282775e+01
6.089999999999999858e-01 9.988845093417560861e+01
6.099999999999999867e-01 1.001216210514105001e+02
6.109999999999999876e-01 1.003549845767805095e+02
6.119999999999999885e-01 1.005885413505333190e+02
6.129999999999999893e-01 1.008222912132706028e+02
6.139999999999999902e-01 1.010562340059460951e+02
6.149999999999999911e-01 1.012903695698653763e+02
6.159999999999999920e-01 1.015246977466837421e+02
6.169999999999999929e-01 1.017592183784054782e+02
6.179999999999999938e-01 1.019939313073826384e+02
6.189999999999999947e-01 1.022288363763138648e+02
6.199999999999999956e-01 1.024639334282428536e+02
6.209999999999999964e-01 1.026992223065577292e+02
6.219999999999999973e-01 1.029347028549892684e+02
6.229999999999999982e-01 1.031703749176105589e+02
6.239999999999999991e-01 1.034062383388348252e+02
6.250000000000000000e-01 1.036422929634150307e+02
6.260000000000000009e-01 1.038785386364425847e+02
6.270000000000000018e-01 1.041149752033460061e+02
6.280000000000000027e-01 1.043516025098895881e+02
6.290000000000000036e-01 1.045884204021728863e+02
6.300000000000000044e-01 1.048254287266290561e+02
6.310000000000000053e-01 1.050626273300241849e+02
6.320000000000000062e-01 1.053000160594553876e+02
6.330000000000000071e-01 1.055375947623506079e+02
6.340000000000000080e-01 1.057753632864671687e+02
6.350000000000000089e-01 1.060133214798900809e+02
6.360000000000000098e-01 1.062514691910319868e+02
6.370000000000000107e-01 1.064898062686313125e+02
6.380000000000000115e-01 1.067283325617511593e+02
6.390000000000000124e-01 1.069670479197790200e+02
6.400000000000000133e-01 1.072059521924244621e+02
6.410000000000000142e-01 1.074450452297192555e+02
6.420000000000000151e-01 1.076843268820152986e+02
6.430000000000000160e-01 1.079237969999844466e+02
6.440000000000000169e-01 1.081634554346167363e+02
6.450000000000000178e-01 1.084033020372196177e+02
6.460000000000000187e-01 1.086433366594168319e+02
6.470000000000000195e-01 1.088835591531476723e+02
6.480000000000000204e-01 1.091239693706653213e+02
6.490000000000000213e-01 1.093645671645363961e+02
6.500000000000000222e-01 1.096053523876395701e+02
6.510000000000000231e-01 1.098463248931648195e+02
6.520000000000000240e-01 1.100874845346119031e+02
6.530000000000000249e-01 1.103288311657900209e+02
6.540000000000000258e-01 1.105703646408160523e+02
6.550000000000000266e-01 1.108120848141143426e+02
6.560000000000000275e-01 1.110539915404150122e+02
6.570000000000000284e-01 1.112960846747532742e+02
6.580000000000000293e-01 1.115383640724682408e+02
6.590000000000000302e-01 1.117808295892022983e+02
6.600000000000000311e-01 1.120234810808997139e+02
6.610000000000000320e-01 1.122663184038059967e+02
6.620000000000000329e-01 1.125093414144664763e+02
6.630000000000000338e-01 1.127525499697257914e+02
6.640000000000000346e-01 1.129959439267263264e+02
6.650000000000000355e-01 1.132395231429082685e+02
6.660000000000000364e-01 1.134832874760072627e+02
6.670000000000000373e-01 1.137272367840546536e+02
6.680000000000000382e-01 1.139713709253759362e+02
6.690000000000000391e-01 1.142156897585897042e+02
6.700000000000000400e-01 1.144601931426070962e+02
6.710000000000000409e-01 1.147048809366307012e+02
6.720000000000000417e-01 1.149497530001534358e+02
6.730000000000000426e-01 1.151948091929578055e+02
6.740000000000000435e-01 1.154400493751149099e+02
6.750000000000000444e-01 1.156854734069833057e+02
6.760000000000000453e-01 1.159310811492086657e+02
6.770000000000000462e-01 1.161768724627221445e+02
6.780000000000000471e-01 1.164228472087400519e+02
6.790000000000000480e-01 1.166690052487623177e+02
6.800000000000000488e-01 1.169153464445723500e+02
6.810000000000000497e-01 1.171618706582354577e+02
6.820000000000000506e-01 1.174085777520981821e+02
6.830000000000000515e-01 1.176554675887876158e+02
6.840000000000000524e-01 1.179025400312100942e+02
6.850000000000000533e-01 1.181497949425506988e+02
6.860000000000000542e-01 1.183972321862722055e+02
6.870000000000000551e-01 1.186448516261140185e+02
6.880000000000000560e-01 1.188926531260914601e+02
6.890000000000000568e-01 1.191406365504951594e+02
6.900000000000000577e-01 1.193888017638895604e+02
6.910000000000000586e-01 1.196371486311126233e+02
6.920000000000000595e-01 1.198856770172748440e+02
6.930000000000000604e-01 1.201343867877580323e+02
6.940000000000000613e-01 1.203832778082147854e+02
6.950000000000000622e-01 1.206323499445676219e+02
6.960000000000000631e-01 1.208816030630080434e+02
6.970000000000000639e-01 1.211310370299957526e+02
6.980000000000000648e-01 1.213806517122576452e+02
6.990000000000000657e-01 1.216304469767872689e+02
7.000000000000000666e-01 1.218804226908436164e+02
7.010000000000000675e-01 1.221305787219505987e+02
7.020000000000000684e-01 1.223809149378960797e+02
7.030000000000000693e-01 1.226314312067310368e+02
7.039999999999999591e-01 1.228821273967688512e+02
7.049999999999999600e-01 1.231330033765843837e+02
7.059999999999999609e-01 1.233840590150130652e+02
7.069999999999999618e-01 1.236352941811504280e+02
7.079999999999999627e-01 1.238867087443507700e+02
7.089999999999999636e-01 1.241383025742269979e+02
7.099999999999999645e-01 1.243900755406491498e+02
7.109999999999999654e-01 1.246420275137441962e+02
7.119999999999999662e-01 1.248941583638946611e+02
7.129999999999999671e-01 1.251464679617384945e+02
7.139999999999999680e-01 1.253989561781676514e+02
7.149999999999999689e-01 1.256516228843276508e+02
7.159999999999999698e-01 1.259044679516168230e+02
7.169999999999999707e-01 1.261574912516853146e+02
7.179999999999999716e-01 1.264106926564343638e+02
7.189999999999999725e-01 1.266640720380158314e+02
7.199999999999999734e-01 1.269176292688308791e+02
7.209999999999999742e-01 1.271713642215297284e+02
7.219999999999999751e-01 1.274252767690107220e+02
7.229999999999999760e-01 1.276793667844193010e+02
7.239999999999999769e-01 1.279336341411475644e+02
7.249999999999999778e-01 1.281880787128333736e+02
7.259999999999999787e-01 1.284427003733598553e+02
7.269999999999999796e-01 1.286974989968541365e+02
7.279999999999999805e-01 1.289524744576871456e+02
7.289999999999999813e-01 1.292076266304725038e+02
7.299999999999999822e-01 1.294629553900659005e+02
7.309999999999999831e-01 1.297184606115642396e+02
7.319999999999999840e-01 1.299741421703054414e+02
7.329999999999999849e-01 1.302299999418669358e+02
7.339999999999999858e-01 1.304860338020654353e+02
7.349999999999999867e-01 1.307422436269559967e+02
7.359999999999999876e-01 1.309986292928314242e+02
7.369999999999999885e-01 1.312551906762216447e+02
7.379999999999999893e-01 1.315119276538925703e+02
7.389999999999999902e-01 1.317688401028459282e+02
7.399999999999999911e-01 1.320259279003180666e+02
7.409999999999999920e-01 1.322831909237796708e+02
7.419999999999999929e-01 1.325406290509347969e+02
7.429999999999999938e-01 1.327982421597202176e+02
7.439999999999999947e-01 1.330560301283045987e+02
7.449999999999999956e-01 1.333139928350882144e+02
7.459999999999999964e-01 1.335721301587018104e+02
7.469999999999999973e-01 1.338304419780060357e+02
7.479999999999999982e-01 1.340889281720909878e+02
7.489999999999999991e-01 1.343475886202752747e+02
7.500000000000000000e-01 1.346064232021052192e+02
7.510000000000000009e-01 1.348654317973546313e+02
7.520000000000000018e-01 1.351246142860239274e+02
7.530000000000000027e-01 1.353839705483387945e+02
7.540000000000000036e-01 1.356435004647509857e+02
7.550000000000000044e-01 1.359032039159360465e+02
7.560000000000000053e-01 1.361630807827937986e+02
7.570000000000000062e-01 1.364231309464472019e+02
7.580000000000000071e-01 1.366833542882415884e+02
7.590000000000000080e-01 1.369437506897443200e+02
7.600000000000000089e-01 1.372043200327441070e+02
7.610000000000000098e-01 1.374650621992497577e+02
7.620000000000000107e-01 1.377259770714906608e+02
7.630000000000000115e-01 1.379870645319149389e+02
7.640000000000000124e-01 1.382483244631896468e+02
7.650000000000000133e-01 1.385097567481997771e+02
7.660000000000000142e-01 1.387713612700475210e+02
7.670000000000000151e-01 1.390331379120518704e+02
7.680000000000000160e-01 1.392950865577481636e+02
7.690000000000000169e-01 1.395572070908865783e+02
7.700000000000000178e-01 1.398194993954327003e+02
7.710000000000000187e-01 1.400819633555659607e+02
7.720000000000000195e-01 1.403445988556795783e+02
7.730000000000000204e-01 1.406074057803793664e+02
7.740000000000000213e-01 1.408703840144839035e+02
7.750000000000000222e-01 1.411335334430231114e+02
7.760000000000000231e-01 1.413968539512381710e+02
7.770000000000000240e-01 1.416603454245805551e+02
7.780000000000000249e-01 1.419240077487120288e+02
7.790000000000000258e-01 1.421878408095030863e+02
7.800000000000000266e-01 1.424518444930331498e+02
7.810000000000000275e-01 1.427160186855897166e+02
7.820000000000000284e-01 1.429803632736675922e+02
7.830000000000000293e-01 1.432448781439683785e+02
7.840000000000000302e-01 1.435095631834001892e+02
7.850000000000000311e-01 1.437744182790765706e+02
7.860000000000000320e-01 1.440394433183162732e+02
7.870000000000000329e-01 1.443046381886423433e+02
7.880000000000000338e-01 1.445700027777818946e+02
7.890000000000000346e-01 1.448355369736651141e+02
7.900000000000000355e-01 1.451012406644253474e+02
7.910000000000000364e-01 1.453671137383974497e+02
7.920000000000000373e-01 1.456331560841183546e+02
7.930000000000000382e-01 1.458993675903257383e+02
7.940000000000000391e-01 1.461657481459577923e+02
7.950000000000000400e-01 1.464322976401524556e+02
7.960000000000000409e-01 1.466990159622469889e+02
7.970000000000000417e-01 1.469659030017774057e+02
7.980000000000000426e-01 1.472329586484776769e+02
7.990000000000000435e-01 1.475001827922795314e+02
8.000000000000000444e-01 1.477675753233116893e+02
8.010000000000000453e-01 1.480351361318990939e+02
8.020000000000000462e-01 1.483028651085630258e+02
8.030000000000000471e-01 1.485707621440196533e+02
8.040000000000000480e-01 1.488388271291802880e+02
8.050000000000000488e-01 1.491070599551500777e+02
8.060000000000000497e-01 1.493754605132285178e+02
8.070000000000000506e-01 1.496440286949075471e+02
8.080000000000000515e-01 1.499127643918720878e+02
8.090000000000000524e-01 1.501816674959990223e+02
8.100000000000000533e-01 1.504507378993569660e+02
8.110000000000000542e-01 1.507199754942050731e+02
8.120000000000000551e-01 1.509893801729933216e+02
8.130000000000000560e-01 1.512589518283614893e+02
8.140000000000000568e-01 1.515286903531388134e+02
8.150000000000000577e-01 1.517985956403430805e+02
8.160000000000000586e-01 1.520686675831809396e+02
8.170000000000000595e-01 1.523389060750462249e+02
8.180000000000000604e-01 1.526093110095205816e+02
8.190000000000000613e-01 1.528798822803720725e+02
8.200000000000000622e-01 1.531506197815550934e+02
8.210000000000000631e-01 1.534215234072098326e+02
8.220000000000000639e-01 1.536925930516616745e+02
8.230000000000000648e-01 1.539638286094203750e+02
8.240000000000000657e-01 1.542352299751804026e+02
8.250000000000000666e-01 1.545067970438194038e+02
8.260000000000000675e-01 1.547785297103985727e+02
8.270000000000000684e-01 1.550504278701614567e+02
8.280000000000000693e-01 1.553224914185339287e+02
8.290000000000000702e-01 1.555947202511234195e+02
8.300000000000000711e-01 1.558671142637185199e+02
8.310000000000000719e-01 1.561396733522884688e+02
8.320000000000000728e-01 1.564123974129827275e+02
8.329999999999999627e-01 1.566852863421301834e+02
8.339999999999999636e-01 1.569583400362392069e+02
8.349999999999999645e-01 1.572315583919964581e+02
8.359999999999999654e-01 1.575049413062673409e+02
8.369999999999999662e-01 1.577784886760942697e+02
8.379999999999999671e-01 1.580522003986973800e+02
8.389999999999999680e-01 1.583260763714732207e+02
8.399999999999999689e-01 1.586001164919948110e+02
8.409999999999999698e-01 1.588743206580105891e+02
8.419999999999999707e-01 1.591486887674448383e+02
8.429999999999999716e-01 1.594232207183960384e+02
8.439999999999999725e-01 1.596979164091373207e+02
8.449999999999999734e-01 1.599727757381157005e+02
8.459999999999999742e-01 1.602477986039514235e+02
8.469999999999999751e-01 1.605229849054375961e+02
8.479999999999999760e-01 1.607983345415401573e+02
8.489999999999999769e-01 1.610738474113964003e+02
8.499999999999999778e-01 1.613495234143157973e+02
8.509999999999999787e-01 1.616253624497782653e+02
8.519999999999999796e-01 1.619013644174347633e+02
8.529999999999999805e-01 1.621775292171060414e+02
8.539999999999999813e-01 1.624538567487829823e+02
8.549999999999999822e-01 1.627303469126249524e+02
8.559999999999999831e-01 1.630069996089608821e+02
8.569999999999999840e-01 1.632838147382872194e+02
8.579999999999999849e-01 1.635607922012691233e+02
8.589999999999999858e-01 1.638379318987383044e+02
8.599999999999999867e-01 1.641152337316939906e+02
8.609999999999999876e-01 1.643926976013016485e+02
8.619999999999999885e-01 1.646703234088931254e+02
8.629999999999999893e-01 1.649481110559653700e+02
8.639999999999999902e-01 1.652260604441811154e+02
8.649999999999999911e-01 1.655041714753670590e+02
8.659999999999999920e-01 1.657824440515150570e+02
8.669999999999999929e-01 1.660608780747803621e+02
8.679999999999999938e-01 1.663394734474815380e+02
8.689999999999999947e-01 1.666182300721004594e+02
8.699999999999999956e-01 1.668971478512814031e+02
8.709999999999999964e-01 1.671762266878306491e+02
8.719999999999999973e-01 1.674554664847164247e+02
8.729999999999999982e-01 1.677348671450681650e+02
8.739999999999999991e-01 1.680144285721759445e+02
8.750000000000000000e-01 1.682941506694905343e+02
8.760000000000000009e-01 1.685740333406224636e+02
8.770000000000000018e-01 1.688540764893421340e+02
8.780000000000000027e-01 1.691342800195786538e+02
8.790000000000000036e-01 1.694146438354204065e+02
8.800000000000000044e-01 1.696951678411136868e+02
8.810000000000000053e-01 1.699758519410627571e+02
8.820000000000000062e-01 1.702566960398295066e+02
8.830000000000000071e-01 1.705377000421328262e+02
8.840000000000000080e-01 1.708188638528482670e+02
8.850000000000000089e-01 1.711001873770077282e+02
8.860000000000000098e-01 1.713816705197987176e+02
8.870000000000000107e-01 1.716633131865643804e+02
8.880000000000000115e-01 1.719451152828030445e+02
8.890000000000000124e-01 1.722270767141672252e+02
8.900000000000000133e-01 1.725091973864639954e+02
8.910000000000000142e-01 1.727914772056541608e+02
8.920000000000000151e-01 1.730739160778520898e+02
8.930000000000000160e-01 1.733565139093249456e+02
8.940000000000000169e-01 1.736392706064926301e+02
8.950000000000000178e-01 1.739221860759273000e+02
8.960000000000000187e-01 1.742052602243528838e+02
8.970000000000000195e-01 1.744884929586448834e+02
8.980000000000000204e-01 1.747718841858298333e+02
8.990000000000000213e-01 1.750554338130847896e+02
9.000000000000000222e-01 1.753391417477371874e+02
9.010000000000000231e-01 1.756230078972643867e+02
9.020000000000000240e-01 1.759070321692932737e+02
9.030000000000000249e-01 1.761912144715996078e+02
9.040000000000000258e-01 1.764755547121083055e+02
9.050000000000000266e-01 1.767600527988922750e+02
9.060000000000000275e-01 1.770447086401726153e+02
9.070000000000000284e-01 1.773295221443178491e+02
9.080000000000000293e-01 1.776144932198436948e+02
9.090000000000000302e-01 1.778996217754132090e+02
9.100000000000000311e-01 1.781849077198351097e+02
9.110000000000000320e-01 1.784703509620649129e+02
9.120000000000000329e-01 1.787559514112033412e+02
9.130000000000000338e-01 1.790417089764968352e+02
9.140000000000000346e-01 1.793276235673365875e+02
9.150000000000000355e-01 1.796136950932585421e+02
9.160000000000000364e-01 1.798999234639426561e+02
9.170000000000000373e-01 1.801863085892131835e+02
9.180000000000000382e-01 1.804728503790373111e+02
9.190000000000000391e-01 1.807595487435260679e+02
9.200000000000000400e-01 1.810464035929324496e+02
9.210000000000000409e-01 1.813334148376526684e+02
9.220000000000000417e-01 1.816205823882241646e+02
9.230000000000000426e-01 1.819079061553270833e+02
9.240000000000000435e-01 1.821953860497820301e+02
9.250000000000000444e-01 1.824830219825510653e+02
9.260000000000000453e-01 1.827708138647367377e+02
9.270000000000000462e-01 1.830587616075819994e+02
9.280000000000000471e-01 1.833468651224693531e+02
9.290000000000000480e-01 1.836351243209214772e+02
9.300000000000000488e-01 1.839235391145995777e+02
9.310000000000000497e-01 1.842121094153044680e+02
9.320000000000000506e-01 1.845008351349748921e+02
9.330000000000000515e-01 1.847897161856880359e+02
9.340000000000000524e-01 1.850787524796591015e+02
9.350000000000000533e-01 1.853679439292402549e+02
9.360000000000000542e-01 1.856572904469213086e+02
9.370000000000000551e-01 1.859467919453285276e+02
9.380000000000000560e-01 1.862364483372251129e+02
9.390000000000000568e-01 1.865262595355096948e+02
9.400000000000000577e-01 1.868162254532173563e+02
9.410000000000000586e-01 1.871063460035181549e+02
9.420000000000000595e-01 1.873966210997177200e+02
9.430000000000000604e-01 1.876870506552557458e+02
9.440000000000000613e-01 1.879776345837072711e+02
9.450000000000000622e-01 1.882683727987806890e+02
9.460000000000000631e-01 1.885592652143186854e+02
9.470000000000000639e-01 1.888503117442969028e+02
9.480000000000000648e-01 1.891415123028244807e+02
9.490000000000000657e-01 1.894328668041432024e+02
9.500000000000000666e-01 1.897243751626276094e+02
9.510000000000000675e-01 1.900160372927837216e+02
9.520000000000000684e-01 1.903078531092497769e+02
9.530000000000000693e-01 1.905998225267957764e+02
9.540000000000000702e-01 1.908919454603224040e+02
9.550000000000000711e-01 1.911842218248614245e+02
9.560000000000000719e-01 1.914766515355747742e+02
9.570000000000000728e-01 1.917692345077553568e+02
9.580000000000000737e-01 1.920619706568251388e+02
9.590000000000000746e-01 1.923548598983360876e+02
9.599999999999999645e-01 1.926479021479690914e+02
9.609999999999999654e-01 1.929410973215344427e+02
9.619999999999999662e-01 1.932344453349709852e+02
9.629999999999999671e-01 1.935279461043451192e+02
9.639999999999999680e-01 1.938215995458521661e+02
9.649999999999999689e-01 1.941154055758145489e+02
9.659999999999999698e-01 1.944093641106826453e+02
9.669999999999999707e-01 1.947034750670330254e+02
9.679999999999999716e-01 1.949977383615697875e+02
9.689999999999999725e-01 1.952921539111228526e+02
9.699999999999999734e-01 1.955867216326491871e+02
9.709999999999999742e-01 1.958814414432304147e+02
9.719999999999999751e-01 1.961763132600744086e+02
9.729999999999999760e-01 1.964713370005142963e+02
9.739999999999999769e-01 1.967665125820079766e+02
9.749999999999999778e-01 1.970618399221376649e+02
9.759999999999999787e-01 1.973573189386105184e+02
9.769999999999999796e-01 1.976529495492569595e+02
9.779999999999999805e-01 1.979487316720320393e+02
9.789999999999999813e-01 1.982446652250132502e+02
9.799999999999999822e-01 1.985407501264020311e+02
9.809999999999999831e-01 1.988369862945223190e+02
9.819999999999999840e-01 1.991333736478205196e+02
9.829999999999999849e-01 1.994299121048653660e+02
9.839999999999999858e-01 1.997266015843473781e+02
9.849999999999999867e-01 2.000234420050791186e+02
9.859999999999999876e-01 2.003204332859941701e+02
9.869999999999999885e-01 2.006175753461474471e+02
9.879999999999999893e-01 2.009148681047143441e+02
9.889999999999999902e-01 2.012123114809911328e+02
9.899999999999999911e-01 2.015099053943940248e+02
9.909999999999999920e-01 2.018076497644591996e+02
9.919999999999999929e-01 2.021055445108424635e+02
9.929999999999999938e-01 2.024035895533192217e+02
9.939999999999999947e-01 2.027017848117838525e+02
9.949999999999999956e-01 2.030001302062491391e+02
9.959999999999999964e-01 2.032986256568469230e+02
9.969999999999999973e-01 2.035972710838270245e+02
9.979999999999999982e-01 2.038960664075573277e+02
9.989999999999999991e-01 2.041950115485231265e+02
1.000000000000000000e+00 2.044941064273273525e+02
