0.000000000000000000e+00 0.000000000000000000e+00
1.000000000000000021e-03 7.135322081967506724e-01
2.000000000000000042e-03 1.010300669952060026e+00
3.000000000000000062e-03 1.228194920206717722e+00
4.000000000000000083e-03 1.406562357851273370e+00
5.000000000000000104e-03 1.560780925677252462e+00
6.000000000000000125e-03 1.698702541053972226e+00
7.000000000000000146e-03 1.824942477865743040e+00
8.000000000000000167e-03 1.942465358793113328e+00
9.000000000000001055e-03 2.053296358812356281e+00
1.000000000000000021e-02 2.158883004373432613e+00
1.099999999999999936e-02 2.260296550524607095e+00
1.200000000000000025e-02 2.358351928340307158e+00
1.300000000000000114e-02 2.453683084626662847e+00
1.400000000000000029e-02 2.546792371340633743e+00
1.499999999999999944e-02 2.638084084789098505e+00
1.600000000000000033e-02 2.727887924940521458e+00
1.700000000000000122e-02 2.816475822697513731e+00
1.800000000000000211e-02 2.904074274904393071e+00
1.899999999999999953e-02 2.990873558974708857e+00
2.000000000000000042e-02 3.077034731890556429e+00
2.100000000000000130e-02 3.162695025202326704e+00
2.199999999999999872e-02 3.247972058645038018e+00
2.299999999999999961e-02 3.332967170129456314e+00
2.400000000000000050e-02 3.417768075592311217e+00
2.500000000000000139e-02 3.502451014196889201e+00
2.600000000000000228e-02 3.587082493764173208e+00
2.699999999999999969e-02 3.671720722420613647e+00
2.800000000000000058e-02 3.756416791591888682e+00
2.900000000000000147e-02 3.841215660215115957e+00
2.999999999999999889e-02 3.926156978745720227e+00
3.099999999999999978e-02 4.011275783075808121e+00
3.200000000000000067e-02 4.096603082080354952e+00
3.300000000000000155e-02 4.182166357617461472e+00
3.400000000000000244e-02 4.267989992039359137e+00
3.500000000000000333e-02 4.354095635340110348e+00
3.600000000000000422e-02 4.440502521770097744e+00
3.699999999999999817e-02 4.527227743935012150e+00
3.799999999999999906e-02 4.614286490956627240e+00
3.899999999999999994e-02 4.701692256120719726e+00
4.000000000000000083e-02 4.789457018509761355e+00
4.100000000000000172e-02 4.877591402367637663e+00
4.200000000000000261e-02 4.966104817332403165e+00
4.300000000000000350e-02 5.055005582172996448e+00
4.399999999999999745e-02 5.144301034254924687e+00
4.499999999999999833e-02 5.233997626620307209e+00
4.599999999999999922e-02 5.324101014285561817e+00
4.700000000000000011e-02 5.414616131125598919e+00
4.800000000000000100e-02 5.505547258516584108e+00
4.900000000000000189e-02 5.596898086744584333e+00
5.000000000000000278e-02 5.688671770048079779e+00
5.100000000000000366e-02 5.780870976044804266e+00
5.200000000000000455e-02 5.873497930193382288e+00
5.299999999999999850e-02 5.966554455855288985e+00
5.399999999999999939e-02 6.060042010450002792e+00
5.500000000000000028e-02 6.153961718133675873e+00
5.600000000000000117e-02 6.248314399378734230e+00
5.700000000000000205e-02 6.343100597785219286e+00
5.800000000000000294e-02 6.438320604415105564e+00
5.900000000000000383e-02 6.533974479906472510e+00
5.999999999999999778e-02 6.630062074594158084e+00
6.099999999999999867e-02 6.726583046837859570e+00
6.199999999999999956e-02 6.823536879735711658e+00
6.300000000000000044e-02 6.920922896381503264e+00
6.400000000000000133e-02 7.018740273806545638e+00
6.500000000000000222e-02 7.116988055731566121e+00
6.600000000000000311e-02 7.215665164241038987e+00
6.700000000000000400e-02 7.314770410480083029e+00
6.800000000000000488e-02 7.414302504463908150e+00
6.900000000000000577e-02 7.514260064080621859e+00
7.000000000000000666e-02 7.614641623359595712e+00
7.100000000000000755e-02 7.715445640070919708e+00
7.200000000000000844e-02 7.816670502714542224e+00
7.299999999999999545e-02 7.918314536952235194e+00
7.399999999999999634e-02 8.020376011530228055e+00
7.499999999999999722e-02 8.122853143735957460e+00
7.599999999999999811e-02 8.225744104428112990e+00
7.699999999999999900e-02 8.329047022675570844e+00
7.799999999999999989e-02 8.432759990037638431e+00
7.900000000000000078e-02 8.536881064514869166e+00
8.000000000000000167e-02 8.641408274197091899e+00
8.100000000000000255e-02 8.746339620633325040e+00
8.200000000000000344e-02 8.851673081945316213e+00
8.300000000000000433e-02 8.957406615705226116e+00
8.400000000000000522e-02 9.063538161595866782e+00
8.500000000000000611e-02 9.170065643870465522e+00
8.600000000000000699e-02 9.276986973627096233e+00
8.700000000000000788e-02 9.384300050912674607e+00
8.799999999999999489e-02 9.492002766668520053e+00
8.899999999999999578e-02 9.600093004530123153e+00
8.999999999999999667e-02 9.708568642491993472e+00
9.099999999999999756e-02 9.817427554447048621e+00
9.199999999999999845e-02 9.926667611610621833e+00
9.299999999999999933e-02 1.003628668383696798e+01
9.400000000000000022e-02 1.014628264083630071e+01
9.500000000000000111e-02 1.025665335329968997e+01
9.600000000000000200e-02 1.036739669393826624e+01
9.700000000000000289e-02 1.047851053844292579e+01
9.800000000000000377e-02 1.058999276637053910e+01
9.900000000000000466e-02 1.070184126196117447e+01
1.000000000000000056e-01 1.081405391489202472e+01
1.010000000000000064e-01 1.092662862097189347e+01
1.020000000000000073e-01 1.103956328278071197e+01
1.030000000000000082e-01 1.115285581025762696e+01
1.040000000000000091e-01 1.126650412124189238e+01
1.049999999999999961e-01 1.138050614196878030e+01
1.059999999999999970e-01 1.149485980752467817e+01
1.069999999999999979e-01 1.160956306226346335e+01
1.079999999999999988e-01 1.172461386018722251e+01
1.089999999999999997e-01 1.184001016529339267e+01
1.100000000000000006e-01 1.195574995189097578e+01
1.110000000000000014e-01 1.207183120488782180e+01
1.120000000000000023e-01 1.218825192005073177e+01
1.130000000000000032e-01 1.230501010424045560e+01
1.140000000000000041e-01 1.242210377562341428e+01
1.150000000000000050e-01 1.253953096386127797e+01
1.160000000000000059e-01 1.265728971028025285e+01
1.170000000000000068e-01 1.277537806802155806e+01
1.180000000000000077e-01 1.289379410217386734e+01
1.190000000000000085e-01 1.301253588988947563e+01
1.199999999999999956e-01 1.313160152048499008e+01
1.209999999999999964e-01 1.325098909552769300e+01
1.219999999999999973e-01 1.337069672890845951e+01
1.229999999999999982e-01 1.349072254690232953e+01
1.239999999999999991e-01 1.361106468821754589e+01
1.250000000000000000e-01 1.373172130403346181e+01
1.260000000000000009e-01 1.385269055802881688e+01
1.270000000000000018e-01 1.397397062640021126e+01
1.280000000000000027e-01 1.409555969787240315e+01
1.290000000000000036e-01 1.421745597369983294e+01
1.300000000000000044e-01 1.433965766766135985e+01
1.310000000000000053e-01 1.446216300604728744e+01
1.320000000000000062e-01 1.458497022764040096e+01
1.330000000000000071e-01 1.470807758369074492e+01
1.340000000000000080e-01 1.483148333788484408e+01
1.350000000000000089e-01 1.495518576630979979e+01
1.360000000000000098e-01 1.507918315741240534e+01
1.370000000000000107e-01 1.520347381195413305e+01
1.380000000000000115e-01 1.532805604296164859e+01
1.390000000000000124e-01 1.545292817567379373e+01
1.400000000000000133e-01 1.557808854748503791e+01
1.410000000000000142e-01 1.570353550788559360e+01
1.420000000000000151e-01 1.582926741839872875e+01
1.430000000000000160e-01 1.595528265251526534e+01
1.440000000000000169e-01 1.608157959562550587e+01
1.449999999999999900e-01 1.620815664494922359e+01
1.459999999999999909e-01 1.633501220946313737e+01
1.469999999999999918e-01 1.646214470982684475e+01
1.479999999999999927e-01 1.658955257830685426e+01
1.489999999999999936e-01 1.671723425869917889e+01
1.499999999999999944e-01 1.684518820625051916e+01
1.509999999999999953e-01 1.697341288757803568e+01
1.519999999999999962e-01 1.710190678058842551e+01
1.529999999999999971e-01 1.723066837439546362e+01
1.539999999999999980e-01 1.735969616923705061e+01
1.549999999999999989e-01 1.748898867639164223e+01
1.559999999999999998e-01 1.761854441809331462e+01
1.570000000000000007e-01 1.774836192744739805e+01
1.580000000000000016e-01 1.787843974834446570e+01
1.590000000000000024e-01 1.800877643537474881e+01
1.600000000000000033e-01 1.813937055374208285e+01
1.610000000000000042e-01 1.827022067917738468e+01
1.620000000000000051e-01 1.840132539785222221e+01
1.630000000000000060e-01 1.853268330629224181e+01
1.640000000000000069e-01 1.866429301129055318e+01
1.650000000000000078e-01 1.879615312982115682e+01
1.660000000000000087e-01 1.892826228895235019e+01
1.670000000000000095e-01 1.906061912576047490e+01
1.680000000000000104e-01 1.919322228724367818e+01
1.690000000000000113e-01 1.932607043023597271e+01
1.700000000000000122e-01 1.945916222132141371e+01
1.710000000000000131e-01 1.959249633674883384e+01
1.720000000000000140e-01 1.972607146234672015e+01
1.730000000000000149e-01 1.985988629343832912e+01
1.740000000000000158e-01 1.999393953475775731e+01
1.750000000000000167e-01 2.012822990036551474e+01
1.759999999999999898e-01 2.026275611356556183e+01
1.769999999999999907e-01 2.039751690682186336e+01
1.779999999999999916e-01 2.053251102167612174e+01
1.789999999999999925e-01 2.066773720866592257e+01
1.799999999999999933e-01 2.080319422724289780e+01
1.809999999999999942e-01 2.093888084569208630e+01
1.819999999999999951e-01 2.107479584105136183e+01
1.829999999999999960e-01 2.121093799903166399e+01
1.839999999999999969e-01 2.134730611393810307e+01
1.849999999999999978e-01 2.148389898859070968e+01
1.859999999999999987e-01 2.162071543424694653e+01
1.869999999999999996e-01 2.175775427052399635e+01
1.880000000000000004e-01 2.189501432532202685e+01
1.890000000000000013e-01 2.203249443474828340e+01
1.900000000000000022e-01 2.217019344304107875e+01
1.910000000000000031e-01 2.230811020249537435e+01
1.920000000000000040e-01 2.244624357338809872e+01
1.930000000000000049e-01 2.258459242390484079e+01
1.940000000000000058e-01 2.272315563006691264e+01
1.950000000000000067e-01 2.286193207565879959e+01
1.960000000000000075e-01 2.300092065215676485e+01
1.970000000000000084e-01 2.314012025865769573e+01
1.980000000000000093e-01 2.327952980180884879e+01
1.990000000000000102e-01 2.341914819573812423e+01
2.000000000000000111e-01 2.355897436198513617e+01
2.010000000000000120e-01 2.369900722943274474e+01
2.020000000000000129e-01 2.383924573423943372e+01
2.030000000000000138e-01 2.397968881977215716e+01
2.040000000000000147e-01 2.412033543654001022e+01
2.050000000000000155e-01 2.426118454212851816e+01
2.060000000000000164e-01 2.440223510113445826e+01
2.070000000000000173e-01 2.454348608510133545e+01
2.080000000000000182e-01 2.468493647245580291e+01
2.089999999999999913e-01 2.482658524844423198e+01
2.099999999999999922e-01 2.496843140507029091e+01
2.109999999999999931e-01 2.511047394103312058e+01
2.119999999999999940e-01 2.525271186166587611e+01
2.129999999999999949e-01 2.539514417887519215e+01
2.139999999999999958e-01 2.553776991108110650e+01
2.149999999999999967e-01 2.568058808315775110e+01
2.159999999999999976e-01 2.582359772637436635e+01
2.169999999999999984e-01 2.596679787833728170e+01
2.179999999999999993e-01 2.611018758293218411e+01
2.190000000000000002e-01 2.625376589026735275e+01
2.200000000000000011e-01 2.639753185661696477e+01
2.210000000000000020e-01 2.654148454436543858e+01
2.220000000000000029e-01 2.668562302195236668e+01
2.230000000000000038e-01 2.682994636381760145e+01
2.240000000000000047e-01 2.697445365034730713e+01
2.250000000000000056e-01 2.711914396782050574e+01
2.260000000000000064e-01 2.726401640835609896e+01
2.270000000000000073e-01 2.740907006986054739e+01
2.280000000000000082e-01 2.755430405597598664e+01
2.290000000000000091e-01 2.769971747602893686e+01
2.300000000000000100e-01 2.784530944497964100e+01
2.310000000000000109e-01 2.799107908337182593e+01
2.320000000000000118e-01 2.813702551728321311e+01
2.330000000000000127e-01 2.828314787827610388e+01
2.340000000000000135e-01 2.842944530334897735e+01
2.350000000000000144e-01 2.857591693488834395e+01
2.360000000000000153e-01 2.872256192062122793e+01
2.370000000000000162e-01 2.886937941356800508e+01
2.380000000000000171e-01 2.901636857199589770e+01
2.390000000000000180e-01 2.916352855937284971e+01
2.399999999999999911e-01 2.931085854432203774e+01
2.409999999999999920e-01 2.945835770057667347e+01
2.419999999999999929e-01 2.960602520693546325e+01
2.429999999999999938e-01 2.975386024721841238e+01
2.439999999999999947e-01 2.990186201022323331e+01
2.449999999999999956e-01 3.005002968968203803e+01
2.459999999999999964e-01 3.019836248421863800e+01
2.469999999999999973e-01 3.034685959730640903e+01
2.479999999999999982e-01 3.049552023722610272e+01
2.489999999999999991e-01 3.064434361702475584e+01
2.500000000000000000e-01 3.079332895447465646e+01
2.510000000000000009e-01 3.094247547203277549e+01
2.520000000000000018e-01 3.109178239680062461e+01
2.530000000000000027e-01 3.124124896048484246e+01
2.540000000000000036e-01 3.139087439935764934e+01
2.550000000000000044e-01 3.154065795421813334e+01
2.560000000000000053e-01 3.169059887035393430e+01
2.570000000000000062e-01 3.184069639750301306e+01
2.580000000000000071e-01 3.199094978981633020e+01
2.590000000000000080e-01 3.214135830582030451e+01
2.600000000000000089e-01 3.229192120838018099e+01
2.610000000000000098e-01 3.244263776466371496e+01
2.620000000000000107e-01 3.259350724610484917e+01
2.630000000000000115e-01 3.274452892836809781e+01
2.640000000000000124e-01 3.289570209131344569e+01
2.650000000000000133e-01 3.304702601896130432e+01
2.660000000000000142e-01 3.319849999945778052e+01
2.670000000000000151e-01 3.335012332504078358e+01
2.680000000000000160e-01 3.350189529200595473e+01
2.690000000000000169e-01 3.365381520067332843e+01
2.700000000000000178e-01 3.380588235535397246e+01
2.710000000000000187e-01 3.395809606431738814e+01
2.720000000000000195e-01 3.411045563975906703e+01
2.730000000000000204e-01 3.426296039776819669e+01
2.740000000000000213e-01 3.441560965829611263e+01
2.750000000000000222e-01 3.456840274512451572e+01
2.760000000000000231e-01 3.472133898583471279e+01
2.770000000000000240e-01 3.487441771177648775e+01
2.780000000000000249e-01 3.502763825803778985e+01
2.790000000000000258e-01 3.518099996341463509e+01
2.800000000000000266e-01 3.533450217038077312e+01
2.810000000000000275e-01 3.548814422505877531e+01
2.820000000000000284e-01 3.564192547719036952e+01
2.830000000000000293e-01 3.579584528010741451e+01
2.840000000000000302e-01 3.594990299070362028e+01
2.850000000000000311e-01 3.610409796940571425e+01
2.860000000000000320e-01 3.625842958014584383e+01
2.870000000000000329e-01 3.641289719033304806e+01
2.880000000000000338e-01 3.656750017082676152e+01
2.889999999999999791e-01 3.672223789590860576e+01
2.899999999999999800e-01 3.687710974325607083e+01
2.909999999999999809e-01 3.703211509391540801e+01
2.919999999999999818e-01 3.718725333227550323e+01
2.929999999999999827e-01 3.734252384604148745e+01
2.939999999999999836e-01 3.749792602620917137e+01
2.949999999999999845e-01 3.765345926703895429e+01
2.959999999999999853e-01 3.780912296603084854e+01
2.969999999999999862e-01 3.796491652389904914e+01
2.979999999999999871e-01 3.812083934454734901e+01
2.989999999999999880e-01 3.827689083504442635e+01
2.999999999999999889e-01 3.843307040559911769e+01
3.009999999999999898e-01 3.858937746953675685e+01
3.019999999999999907e-01 3.874581144327515858e+01
3.029999999999999916e-01 3.890237174630066619e+01
3.039999999999999925e-01 3.905905780114517256e+01
3.049999999999999933e-01 3.921586903336246621e+01
3.059999999999999942e-01 3.937280487150556496e+01
3.069999999999999951e-01 3.952986474710384357e+01
3.079999999999999960e-01 3.968704809464060901e+01
3.089999999999999969e-01 3.984435435153076099e+01
3.099999999999999978e-01 4.000178295809847384e+01
3.109999999999999987e-01 4.015933335755569544e+01
3.119999999999999996e-01 4.031700499598021992e+01
3.130000000000000004e-01 4.047479732229457738e+01
3.140000000000000013e-01 4.063270978824424162e+01
3.150000000000000022e-01 4.079074184837706696e+01
3.160000000000000031e-01 4.094889296002233436e+01
3.170000000000000040e-01 4.110716258326995387e+01
3.180000000000000049e-01 4.126555018095035621e+01
3.190000000000000058e-01 4.142405521861375917e+01
3.200000000000000067e-01 4.158267716451086216e+01
3.210000000000000075e-01 4.174141548957219072e+01
3.220000000000000084e-01 4.190026966738897585e+01
3.230000000000000093e-01 4.205923917419346481e+01
3.240000000000000102e-01 4.221832348883970809e+01
3.250000000000000111e-01 4.237752209278423976e+01
3.260000000000000120e-01 4.253683447006781648e+01
3.270000000000000129e-01 4.269626010729571419e+01
3.280000000000000138e-01 4.285579849361967320e+01
3.290000000000000147e-01 4.301544912071989302e+01
3.300000000000000155e-01 4.317521148278578380e+01
3.310000000000000164e-01 4.333508507649891328e+01
3.320000000000000173e-01 4.349506940101471741e+01
3.330000000000000182e-01 4.365516395794466575e+01
3.340000000000000191e-01 4.381536825133879631e+01
3.350000000000000200e-01 4.397568178766857727e+01
3.360000000000000209e-01 4.413610407580918604e+01
3.370000000000000218e-01 4.429663462702313836e+01
3.380000000000000226e-01 4.445727295494262421e+01
3.390000000000000235e-01 4.461801857555335005e+01
3.400000000000000244e-01 4.477887100717751423e+01
3.410000000000000253e-01 4.493982977045750715e+01
3.420000000000000262e-01 4.510089438834017983e+01
3.430000000000000271e-01 4.526206438605954929e+01
3.440000000000000280e-01 4.542333929112177060e+01
3.450000000000000289e-01 4.558471863328890095e+01
3.460000000000000298e-01 4.574620194456321798e+01
3.470000000000000306e-01 4.590778875917189339e+01
3.480000000000000315e-01 4.606947861355108387e+01
3.490000000000000324e-01 4.623127104633095996e+01
3.500000000000000333e-01 4.639316559832079889e+01
3.510000000000000342e-01 4.655516181249340946e+01
3.519999999999999796e-01 4.671725923397093538e+01
3.529999999999999805e-01 4.687945741000935129e+01
3.539999999999999813e-01 4.704175588998451474e+01
3.549999999999999822e-01 4.720415422537738692e+01
3.559999999999999831e-01 4.736665196975960157e+01
3.569999999999999840e-01 4.752924867877963777e+01
3.579999999999999849e-01 4.769194391014816858e+01
3.589999999999999858e-01 4.785473722362478100e+01
3.599999999999999867e-01 4.801762818100328190e+01
3.609999999999999876e-01 4.818061634609887278e+01
3.619999999999999885e-01 4.834370128473400285e+01
3.629999999999999893e-01 4.850688256472474791e+01
3.639999999999999902e-01 4.867015975586821241e+01
3.649999999999999911e-01 4.883353242992828314e+01
3.659999999999999920e-01 4.899700016062340069e+01
3.669999999999999929e-01 4.916056252361298107e+01
3.679999999999999938e-01 4.932421909648475378e+01
3.689999999999999947e-01 4.948796945874187259e+01
3.699999999999999956e-01 4.965181319179031050e+01
3.709999999999999964e-01 4.981574987892627604e+01
3.719999999999999973e-01 4.997977910532385692e+01
3.729999999999999982e-01 5.014390045802238660e+01
3.739999999999999991e-01 5.030811352591461372e+01
3.750000000000000000e-01 5.047241789973397630e+01
3.760000000000000009e-01 5.063681317204334675e+01
3.770000000000000018e-01 5.080129893722256185e+01
3.780000000000000027e-01 5.096587479145649979e+01
3.790000000000000036e-01 5.113054033272395316e+01
3.800000000000000044e-01 5.129529516078518725e+01
3.810000000000000053e-01 5.146013887717138857e+01
3.820000000000000062e-01 5.162507108517228716e+01
3.830000000000000071e-01 5.179009138982539895e+01
3.840000000000000080e-01 5.195519939790473529e+01
3.850000000000000089e-01 5.212039471790937739e+01
3.860000000000000098e-01 5.228567696005264054e+01
3.870000000000000107e-01 5.245104573625128808e+01
3.880000000000000115e-01 5.261650066011437588e+01
3.890000000000000124e-01 5.278204134693240945e+01
3.900000000000000133e-01 5.294766741366714768e+01
3.910000000000000142e-01 5.311337847894046149e+01
3.920000000000000151e-01 5.327917416302427256e+01
3.930000000000000160e-01 5.344505408782968203e+01
3.940000000000000169e-01 5.361101787689722897e+01
3.950000000000000178e-01 5.377706515538602616e+01
3.960000000000000187e-01 5.394319555006400435e+01
3.970000000000000195e-01 5.410940868929787229e+01
3.980000000000000204e-01 5.427570420304269305e+01
3.990000000000000213e-01 5.444208172283234148e+01
4.000000000000000222e-01 5.460854088176989052e+01
4.010000000000000231e-01 5.477508131451714490e+01
4.020000000000000240e-01 5.494170265728573810e+01
4.030000000000000249e-01 5.510840454782707099e+01
4.040000000000000258e-01 5.527518662542269823e+01
4.050000000000000266e-01 5.544204853087546780e+01
4.060000000000000275e-01 5.560898990649985763e+01
4.070000000000000284e-01 5.577601039611239031e+01
4.080000000000000293e-01 5.594310964502268746e+01
4.090000000000000302e-01 5.611028730002469445e+01
4.100000000000000311e-01 5.627754300938697440e+01
4.110000000000000320e-01 5.644487642284419593e+01
4.120000000000000329e-01 5.661228719158791733e+01
4.130000000000000338e-01 5.677977496825801751e+01
4.140000000000000346e-01 5.694733940693343754e+01
4.150000000000000355e-01 5.711498016312445003e+01
4.160000000000000364e-01 5.728269689376291751e+01
4.169999999999999818e-01 5.745048925719418520e+01
4.179999999999999827e-01 5.761835691316914421e+01
4.189999999999999836e-01 5.778629952283452553e+01
4.199999999999999845e-01 5.795431674872599359e+01
4.209999999999999853e-01 5.812240825475870309e+01
4.219999999999999862e-01 5.829057370621953993e+01
4.229999999999999871e-01 5.845881276975934071e+01
4.239999999999999880e-01 5.862712511338373389e+01
4.249999999999999889e-01 5.879551040644638960e+01
4.259999999999999898e-01 5.896396831963993890e+01
4.269999999999999907e-01 5.913249852498874759e+01
4.279999999999999916e-01 5.930110069584083732e+01
4.289999999999999925e-01 5.946977450686011224e+01
4.299999999999999933e-01 5.963851963401836542e+01
4.309999999999999942e-01 5.980733575458829421e+01
4.319999999999999951e-01 5.997622254713514423e+01
4.329999999999999960e-01 6.014517969150962529e+01
4.339999999999999969e-01 6.031420686884023041e+01
4.349999999999999978e-01 6.048330376152571120e+01
4.359999999999999987e-01 6.065247005322814999e+01
4.369999999999999996e-01 6.082170542886505160e+01
4.380000000000000004e-01 6.099100957460227335e+01
4.390000000000000013e-01 6.116038217784715414e+01
4.400000000000000022e-01 6.132982292724079798e+01
4.410000000000000031e-01 6.149933151265152276e+01
4.420000000000000040e-01 6.166890762516739954e+01
4.430000000000000049e-01 6.183855095708942429e+01
4.440000000000000058e-01 6.200826120192476765e+01
4.450000000000000067e-01 6.217803805437932851e+01
4.460000000000000075e-01 6.234788121035153097e+01
4.470000000000000084e-01 6.251779036692511227e+01
4.480000000000000093e-01 6.268776522236261428e+01
4.490000000000000102e-01 6.285780547609866886e+01
4.500000000000000111e-01 6.302791082873316952e+01
4.510000000000000120e-01 6.319808098202490498e+01
4.520000000000000129e-01 6.336831563888513585e+01
4.530000000000000138e-01 6.353861450337066685e+01
4.540000000000000147e-01 6.370897728067787824e+01
4.550000000000000155e-01 6.387940367713613909e+01
4.560000000000000164e-01 6.404989340020100030e+01
4.570000000000000173e-01 6.422044615844909288e+01
4.580000000000000182e-01 6.439106166157054645e+01
4.590000000000000191e-01 6.456173962036376679e+01
4.600000000000000200e-01 6.473247974672847249e+01
4.610000000000000209e-01 6.490328175366045116e+01
4.620000000000000218e-01 6.507414535524509347e+01
4.630000000000000226e-01 6.524507026665071407e+01
4.640000000000000235e-01 6.541605620412370570e+01
4.650000000000000244e-01 6.558710288498194529e+01
4.660000000000000253e-01 6.575821002760889655e+01
4.670000000000000262e-01 6.592937735144818134e+01
4.680000000000000271e-01 6.610060457699711378e+01
4.690000000000000280e-01 6.627189142580169801e+01
4.700000000000000289e-01 6.644323762045021908e+01
4.710000000000000298e-01 6.661464288456801341e+01
4.720000000000000306e-01 6.678610694281178439e+01
4.730000000000000315e-01 6.695762952086357700e+01
4.740000000000000324e-01 6.712921034542583243e+01
4.750000000000000333e-01 6.730084914421529163e+01
4.760000000000000342e-01 6.747254564595792203e+01
4.770000000000000351e-01 6.764429958038348900e+01
4.780000000000000360e-01 6.781611067821975780e+01
4.790000000000000369e-01 6.798797867118766192e+01
4.799999999999999822e-01 6.815990329199522080e+01
4.809999999999999831e-01 6.833188427433330503e+01
4.819999999999999840e-01 6.850392135286932671e+01
4.829999999999999849e-01 6.867601426324293357e+01
4.839999999999999858e-01 6.884816274205991249e+01
4.849999999999999867e-01 6.902036652688789786e+01
4.859999999999999876e-01 6.919262535625068722e+01
4.869999999999999885e-01 6.936493896962370798e+01
4.879999999999999893e-01 6.953730710742820520e+01
4.889999999999999902e-01 6.970972951102707782e+01
4.899999999999999911e-01 6.988220592271935061e+01
4.909999999999999920e-01 7.005473608573561251e+01
4.919999999999999929e-01 7.022731974423267332e+01
4.929999999999999938e-01 7.039995664328915836e+01
4.939999999999999947e-01 7.057264652890060574e+01
4.949999999999999956e-01 7.074538914797427935e+01
4.959999999999999964e-01 7.091818424832470669e+01
4.969999999999999973e-01 7.109103157866948663e+01
4.979999999999999982e-01 7.126393088862329250e+01
4.989999999999999991e-01 7.143688192869453246e+01
5.000000000000000000e-01 7.160988445027967941e+01
5.010000000000000009e-01 7.178293820565970407e+01
5.020000000000000018e-01 7.195604294799430534e+01
5.030000000000000027e-01 7.212919843131862763e+01
5.040000000000000036e-01 7.230240441053774703e+01
5.050000000000000044e-01 7.247566064142279174e+01
5.060000000000000053e-01 7.264896688060611041e+01
5.070000000000000062e-01 7.282232288557730726e+01
5.080000000000000071e-01 7.299572841467841045e+01
5.090000000000000080e-01 7.316918322709972244e+01
5.100000000000000089e-01 7.334268708287569893e+01
5.110000000000000098e-01 7.351623974288006025e+01
5.120000000000000107e-01 7.368984096882209656e+01
5.130000000000000115e-01 7.386349052324243303e+01
5.140000000000000124e-01 7.403718816950816972e+01
5.150000000000000133e-01 7.421093367180961309e+01
5.160000000000000142e-01 7.438472679515535901e+01
5.170000000000000151e-01 7.455856730536865484e+01
5.180000000000000160e-01 7.473245496908290875e+01
5.190000000000000169e-01 7.490638955373819385e+01
5.200000000000000178e-01 7.508037082757618919e+01
5.210000000000000187e-01 7.525439855963759328e+01
5.220000000000000195e-01 7.542847251975663880e+01
5.230000000000000204e-01 7.560259247855854881e+01
5.240000000000000213e-01 7.577675820745406554e+01
5.250000000000000222e-01 7.595096947863714831e+01
5.260000000000000231e-01 7.612522606507985756e+01
5.270000000000000240e-01 7.629952774052891584e+01
5.280000000000000249e-01 7.647387427950226879e+01
5.290000000000000258e-01 7.664826545728458029e+01
5.300000000000000266e-01 7.682270104992369397e+01
5.310000000000000275e-01 7.699718083422717996e+01
5.320000000000000284e-01 7.717170458775841269e+01
5.330000000000000293e-01 7.734627208883260607e+01
5.340000000000000302e-01 7.752088311651324659e+01
5.350000000000000311e-01 7.769553745060908057e+01
5.360000000000000320e-01 7.787023487166916880e+01
5.370000000000000329e-01 7.804497516098058441e+01
5.380000000000000338e-01 7.821975810056385114e+01
5.390000000000000346e-01 7.839458347317007281e+01
5.400000000000000355e-01 7.856945106227675524e+01
5.410000000000000364e-01 7.874436065208510627e+01
5.420000000000000373e-01 7.891931202751550245e+01
5.430000000000000382e-01 7.909430497420490269e+01
5.440000000000000391e-01 7.926933927850285500e+01
5.450000000000000400e-01 7.944441472746839850e+01
5.460000000000000409e-01 7.961953110886634022e+01
5.470000000000000417e-01 7.979468821116407184e+01
5.480000000000000426e-01 7.996988582352813069e+01
5.490000000000000435e-01 8.014512373582097382e+01
5.500000000000000444e-01 8.032040173859741117e+01
5.510000000000000453e-01 8.049571962310136541e+01
5.520000000000000462e-01 8.067107718126294458e+01
5.530000000000000471e-01 8.084647420569464771e+01
5.540000000000000480e-01 8.102191048968839482e+01
5.550000000000000488e-01 8.119738582721231523e+01
5.560000000000000497e-01 8.137290001290756436e+01
5.570000000000000506e-01 8.154845284208494149e+01
5.580000000000000515e-01 8.172404411072196240e+01
5.590000000000000524e-01 8.189967361545947711e+01
5.600000000000000533e-01 8.207534115359879934e+01
5.610000000000000542e-01 8.225104652309852327e+01
5.620000000000000551e-01 8.242678952257122660e+01
5.630000000000000560e-01 8.260256995128094104e+01
5.640000000000000568e-01 8.277838760913920169e+01
5.650000000000000577e-01 8.295424229670302907e+01
5.660000000000000586e-01 8.313013381517126277e+01
5.670000000000000595e-01 8.330606196638186134e+01
5.680000000000000604e-01 8.348202655280856277e+01
5.690000000000000613e-01 8.365802737755859653e+01
5.700000000000000622e-01 8.383406424436893190e+01
5.710000000000000631e-01 8.401013695760424582e+01
5.720000000000000639e-01 8.418624532225317125e+01
5.730000000000000648e-01 8.436238914392575339e+01
5.740000000000000657e-01 8.453856822885104805e+01
5.750000000000000666e-01 8.471478238387354054e+01
5.760000000000000675e-01 8.489103141645065875e+01
5.769999999999999574e-01 8.506731513464991679e+01
5.779999999999999583e-01 8.524363334714639961e+01
5.789999999999999591e-01 8.541998586321953724e+01
5.799999999999999600e-01 8.559637249275024828e+01
5.809999999999999609e-01 8.577279304621897893e+01
5.819999999999999618e-01 8.594924733470212175e+01
5.829999999999999627e-01 8.612573516986974198e+01
5.839999999999999636e-01 8.630225636398314748e+01
5.849999999999999645e-01 8.647881072989102336e+01
5.859999999999999654e-01 8.665539808102850827e+01
5.869999999999999662e-01 8.683201823141303066e+01
5.879999999999999671e-01 8.700867099564267448e+01
5.889999999999999680e-01 8.718535618889278282e+01
5.899999999999999689e-01 8.736207362691406786e+01
5.909999999999999698e-01 8.753882312602962656e+01
5.919999999999999707e-01 8.771560450313238277e+01
5.929999999999999716e-01 8.789241757568257185e+01
5.939999999999999725e-01 8.806926216170555222e+01
5.949999999999999734e-01 8.824613807978843738e+01
5.959999999999999742e-01 8.842304514907866064e+01
5.969999999999999751e-01 8.859998318928062133e+01
5.979999999999999760e-01 8.877695202065332580e+01
5.989999999999999769e-01 8.895395146400863950e+01
5.999999999999999778e-01 8.913098134070779111e+01
6.009999999999999787e-01 8.930804147265988036e+01
6.019999999999999796e-01 8.948513168231878012e+01
6.029999999999999805e-01 8.966225179268116108e+01
6.039999999999999813e-01 8.983940162728345058e+01
6.049999999999999822e-01 9.001658101020061054e+01
6.059999999999999831e-01 9.019378976604268416e+01
6.069999999999999840e-01 9.037102771995300543e+01
6.079999999999999849e-01 9.054829469760518634e+01
6.089999999999999858e-01 9.072559052520210798e+01
6.099999999999999867e-01 9.090291502947229674e+01
6.109999999999999876e-01 9.108026803766817636e+01
6.119999999999999885e-01 9.125764937756399320e+01
6.129999999999999893e-01 9.143505887745291716e+01
6.139999999999999902e-01 9.161249636614554959e+01
6.149999999999999911e-01 9.178996167296695319e+01
6.159999999999999920e-01 9.196745462775486146e+01
6.169999999999999929e-01 9.214497506085750445e+01
6.179999999999999938e-01 9.232252280313117865e+01
6.189999999999999947e-01 9.250009768593807280e+01
6.199999999999999956e-01 9.267769954114400832e+01
6.209999999999999964e-01 9.285532820111677665e+01
6.219999999999999973e-01 9.303298349872322603e+01
6.229999999999999982e-01 9.321066526732744251e+01
6.239999999999999991e-01 9.338837334078932884e+01
6.250000000000000000e-01 9.356610755346112285e+01
6.260000000000000009e-01 9.374386774018623214e+01
6.270000000000000018e-01 9.392165373629705982e+01
6.280000000000000027e-01 9.409946537761248919e+01
6.290000000000000036e-01 9.427730250043619264e+01
6.300000000000000044e-01 9.445516494155448584e+01
6.310000000000000053e-01 9.463305253823423868e+01
6.320000000000000062e-01 9.481096512822104216e+01
6.330000000000000071e-01 9.498890254973643721e+01
6.340000000000000080e-01 9.516686464147737468e+01
6.350000000000000089e-01 9.534485124261202316e+01
6.360000000000000098e-01 9.552286219278015267e+01
6.370000000000000107e-01 9.570089733208982352e+01
6.380000000000000115e-01 9.587895650111511259e+01
6.390000000000000124e-01 9.605703954089510432e+01
6.400000000000000133e-01 9.623514629293163125e+01
6.410000000000000142e-01 9.641327659918684390e+01
6.420000000000000151e-01 9.659143030208166181e+01
6.430000000000000160e-01 9.676960724449429563e+01
6.440000000000000169e-01 9.694780726975763230e+01
6.450000000000000178e-01 9.712603022165751554e+01
6.460000000000000187e-01 9.730427594443087003e+01
6.470000000000000195e-01 9.748254428276447925e+01
6.480000000000000204e-01 9.766083508179208650e+01
6.490000000000000213e-01 9.783914818709277483e+01
6.500000000000000222e-01 9.801748344468983021e+01
6.510000000000000231e-01 9.819584070104818352e+01
6.520000000000000240e-01 9.837421980307313163e+01
6.530000000000000249e-01 9.855262059810779363e+01
6.540000000000000258e-01 9.873104293393204500e+01
6.550000000000000266e-01 9.890948665876044288e+01
6.560000000000000275e-01 9.908795162123999489e+01
6.570000000000000284e-01 9.926643767044932076e+01
6.580000000000000293e-01 9.944494465589646381e+01
6.590000000000000302e-01 9.962347242751631882e+01
6.600000000000000311e-01 9.980202083567004934e+01
6.610000000000000320e-01 9.998058973114322612e+01
6.620000000000000329e-01 1.001591789651430844e+02
6.630000000000000338e-01 1.003377883892985380e+02
6.640000000000000346e-01 1.005164178556563002e+02
6.650000000000000355e-01 1.006950672166808971e+02
6.660000000000000364e-01 1.008737363252525796e+02
6.670000000000000373e-01 1.010524250346650206e+02
6.680000000000000382e-01 1.012311331986244767e+02
6.690000000000000391e-01 1.014098606712476851e+02
6.700000000000000400e-01 1.015886073070596325e+02
6.710000000000000409e-01 1.017673729609937538e+02
6.720000000000000417e-01 1.019461574883879535e+02
6.730000000000000426e-01 1.021249607449848185e+02
6.740000000000000435e-01 1.023037825869289605e+02
6.750000000000000444e-01 1.024826228707659084e+02
6.760000000000000453e-01 1.026614814534398619e+02
6.770000000000000462e-01 1.028403581922932659e+02
6.780000000000000471e-01 1.030192529450641388e+02
6.790000000000000480e-01 1.031981655698848073e+02
6.800000000000000488e-01 1.033770959252806421e+02
6.810000000000000497e-01 1.035560438701682529e+02
6.820000000000000506e-01 1.037350092638534846e+02
6.830000000000000515e-01 1.039139919660312046e+02
6.840000000000000524e-01 1.040929918367822467e+02
6.850000000000000533e-01 1.042720087365726869e+02
6.860000000000000542e-01 1.044510425262519249e+02
6.870000000000000551e-01 1.046300930670520302e+02
6.880000000000000560e-01 1.048091602205852553e+02
6.890000000000000568e-01 1.049882438488428562e+02
6.900000000000000577e-01 1.051673438141936145e+02
6.910000000000000586e-01 1.053464599793826153e+02
6.920000000000000595e-01 1.055255922075295274e+02
6.930000000000000604e-01 1.057047403621272252e+02
6.940000000000000613e-01 1.058839043070402539e+02
6.950000000000000622e-01 1.060630839065029676e+02
6.960000000000000631e-01 1.062422790251187621e+02
6.970000000000000639e-01 1.064214895278590660e+02
6.980000000000000648e-01 1.066007152800602853e+02
6.990000000000000657e-01 1.067799561474239596e+02
7.000000000000000666e-01 1.069592119960141048e+02
7.010000000000000675e-01 1.071384826922574263e+02
7.020000000000000684e-01 1.073177681029397803e+02
7.030000000000000693e-01 1.074970680952069984e+02
7.039999999999999591e-01 1.076763825365614480e+02
7.049999999999999600e-01 1.078557112948623029e+02
7.059999999999999609e-01 1.080350542383234256e+02
7.069999999999999618e-01 1.082144112355117613e+02
7.079999999999999627e-01 1.083937821553466136e+02
7.089999999999999636e-01 1.085731668670977115e+02
7.099999999999999645e-01 1.087525652403845982e+02
7.109999999999999654e-01 1.089319771451744430e+02
7.119999999999999662e-01 1.091114024517810179e+02
7.129999999999999671e-01 1.092908410308640157e+02
7.139999999999999680e-01 1.094702927534265484e+02
7.149999999999999689e-01 1.096497574908146362e+02
7.159999999999999698e-01 1.098292351147161554e+02
7.169999999999999707e-01 1.100087254971587498e+02
7.179999999999999716e-01 1.101882285105089210e+02
7.189999999999999725e-01 1.103677440274705788e+02
7.199999999999999734e-01 1.105472719210844303e+02
7.209999999999999742e-01 1.107268120647261327e+02
7.219999999999999751e-01 1.109063643321040615e+02
7.229999999999999760e-01 1.110859285972608461e+02
7.239999999999999769e-01 1.112655047345689070e+02
7.249999999999999778e-01 1.114450926187312660e+02
7.259999999999999787e-01 1.116246921247797559e+02
7.269999999999999796e-01 1.118043031280735846e+02
7.279999999999999805e-01 1.119839255042981563e+02
7.289999999999999813e-01 1.121635591294639198e+02
7.299999999999999822e-01 1.123432038799060280e+02
7.309999999999999831e-01 1.125228596322811256e+02
7.319999999999999840e-01 1.127025262635678473e+02
7.329999999999999849e-01 1.128822036510651969e+02
7.339999999999999858e-01 1.130618916723908711e+02
7.349999999999999867e-01 1.132415902054808043e+02
7.359999999999999876e-01 1.134212991285876626e+02
7.369999999999999885e-01 1.136010183202792376e+02
7.379999999999999893e-01 1.137807476594379352e+02
7.389999999999999902e-01 1.139604870252594964e+02
7.399999999999999911e-01 1.141402362972514624e+02
7.409999999999999920e-01 1.143199953552322370e+02
7.419999999999999929e-01 1.144997640793302196e+02
7.429999999999999938e-01 1.146795423499824693e+02
7.439999999999999947e-01 1.148593300479329287e+02
7.449999999999999956e-01 1.150391270542324378e+02
7.459999999999999964e-01 1.152189332502369439e+02
7.469999999999999973e-01 1.153987485176066485e+02
7.479999999999999982e-01 1.155785727383040040e+02
7.489999999999999991e-01 1.157584057945942675e+02
7.500000000000000000e-01 1.159382475690430567e+02
7.510000000000000009e-01 1.161180979445155970e+02
7.520000000000000018e-01 1.162979568041758114e+02
7.530000000000000027e-01 1.164778240314854116e+02
7.540000000000000036e-01 1.166576995102018088e+02
7.550000000000000044e-01 1.168375831243785825e+02
7.560000000000000053e-01 1.170174747583629511e+02
7.570000000000000062e-01 1.171973742967958856e+02
7.580000000000000071e-01 1.173772816246099637e+02
7.590000000000000080e-01 1.175571966270292137e+02
7.600000000000000089e-01 1.177371191895677782e+02
7.610000000000000098e-01 1.179170491980285504e+02
7.620000000000000107e-01 1.180969865385026907e+02
7.630000000000000115e-01 1.182769310973678643e+02
7.640000000000000124e-01 1.184568827612879574e+02
7.650000000000000133e-01 1.186368414172117980e+02
7.660000000000000142e-01 1.188168069523716923e+02
7.670000000000000151e-01 1.189967792542830836e+02
7.680000000000000160e-01 1.191767582107433441e+02
7.690000000000000169e-01 1.193567437098303969e+02
7.700000000000000178e-01 1.195367356399018917e+02
7.710000000000000187e-01 1.197167338895947353e+02
7.720000000000000195e-01 1.198967383478233444e+02
7.730000000000000204e-01 1.200767489037791194e+02
7.740000000000000213e-01 1.202567654469293643e+02
7.750000000000000222e-01 1.204367878670158660e+02
7.760000000000000231e-01 1.206168160540549650e+02
7.770000000000000240e-01 1.207968498983353669e+02
7.780000000000000249e-01 1.209768892904183275e+02
7.790000000000000258e-01 1.211569341211352366e+02
7.800000000000000266e-01 1.213369842815885136e+02
7.810000000000000275e-01 1.215170396631492906e+02
7.820000000000000284e-01 1.216971001574568021e+02
7.830000000000000293e-01 1.218771656564175743e+02
7.840000000000000302e-01 1.220572360522042175e+02
7.850000000000000311e-01 1.222373112372549855e+02
7.860000000000000320e-01 1.224173911042725393e+02
7.870000000000000329e-01 1.225974755462230377e+02
7.880000000000000338e-01 1.227775644563348578e+02
7.890000000000000346e-01 1.229576577280982974e+02
7.900000000000000355e-01 1.231377552552649064e+02
7.910000000000000364e-01 1.233178569318449576e+02
7.920000000000000373e-01 1.234979626521088250e+02
7.930000000000000382e-01 1.236780723105840138e+02
7.940000000000000391e-01 1.238581858020560844e+02
7.950000000000000400e-01 1.240383030215655822e+02
7.960000000000000409e-01 1.242184238644096297e+02
7.970000000000000417e-01 1.243985482261392121e+02
7.980000000000000426e-01 1.245786760025591917e+02
7.990000000000000435e-01 1.247588070897267158e+02
8.000000000000000444e-01 1.249389413839514731e+02
8.010000000000000453e-01 1.251190787817934762e+02
8.020000000000000462e-01 1.252992191800634174e+02
8.030000000000000471e-01 1.254793624758208921e+02
8.040000000000000480e-01 1.256595085663740718e+02
8.050000000000000488e-01 1.258396573492787240e+02
8.060000000000000497e-01 1.260198087223367622e+02
8.070000000000000506e-01 1.261999625835970136e+02
8.080000000000000515e-01 1.263801188313521919e+02
8.090000000000000524e-01 1.265602773641404895e+02
8.100000000000000533e-01 1.267404380807423649e+02
8.110000000000000542e-01 1.269206008801810697e+02
8.120000000000000551e-01 1.271007656617217236e+02
8.130000000000000560e-01 1.272809323248706050e+02
8.140000000000000568e-01 1.274611007693734308e+02
8.150000000000000577e-01 1.276412708952155981e+02
8.160000000000000586e-01 1.278214426026208770e+02
8.170000000000000595e-01 1.280016157920504725e+02
8.180000000000000604e-01 1.281817903642029535e+02
8.190000000000000613e-01 1.283619662200120501e+02
8.200000000000000622e-01 1.285421432606475776e+02
8.210000000000000631e-01 1.287223213875133752e+02
8.220000000000000639e-01 1.289025005022471930e+02
8.230000000000000648e-01 1.290826805067191856e+02
8.240000000000000657e-01 1.292628613030320821e+02
8.250000000000000666e-01 1.294430427935195951e+02
8.260000000000000675e-01 1.296232248807463066e+02
8.270000000000000684e-01 1.298034074675063323e+02
8.280000000000000693e-01 1.299835904568226113e+02
8.290000000000000702e-01 1.301637737519467350e+02
8.300000000000000711e-01 1.303439572563576405e+02
8.310000000000000719e-01 1.305241408737605866e+02
8.320000000000000728e-01 1.307043245080874954e+02
8.329999999999999627e-01 1.308845080634946783e+02
8.339999999999999636e-01 1.310646914443635183e+02
8.349999999999999645e-01 1.312448745552990204e+02
8.359999999999999654e-01 1.314250573011291863e+02
8.369999999999999662e-01 1.316052395869036786e+02
8.379999999999999671e-01 1.317854213178944462e+02
8.389999999999999680e-01 1.319656023995938483e+02
8.399999999999999689e-01 1.321457827377141143e+02
8.409999999999999698e-01 1.323259622381871736e+02
8.419999999999999707e-01 1.325061408071632059e+02
8.429999999999999716e-01 1.326863183510105841e+02
8.439999999999999725e-01 1.328664947763141981e+02
8.449999999999999734e-01 1.330466699898766194e+02
8.459999999999999742e-01 1.332268438987145487e+02
8.469999999999999751e-01 1.334070164100613169e+02
8.479999999999999760e-01 1.335871874313630201e+02
8.489999999999999769e-01 1.337673568702807358e+02
8.499999999999999778e-01 1.339475246346874826e+02
8.509999999999999787e-01 1.341276906326692142e+02
8.519999999999999796e-01 1.343078547725226599e+02
8.529999999999999805e-01 1.344880169627564896e+02
8.539999999999999813e-01 1.346681771120883582e+02
8.549999999999999822e-01 1.348483351294461841e+02
8.559999999999999831e-01 1.350284909239665296e+02
8.569999999999999840e-01 1.352086444049934641e+02
8.579999999999999849e-01 1.353887954820797859e+02
8.589999999999999858e-01 1.355689440649836115e+02
8.599999999999999867e-01 1.357490900636703088e+02
8.609999999999999876e-01 1.359292333883099957e+02
8.619999999999999885e-01 1.361093739492780230e+02
8.629999999999999893e-01 1.362895116571534402e+02
8.639999999999999902e-01 1.364696464227190233e+02
8.649999999999999911e-01 1.366497781569605081e+02
8.659999999999999920e-01 1.368299067710652253e+02
8.669999999999999929e-01 1.370100321764230102e+02
8.679999999999999938e-01 1.371901542846233042e+02
8.689999999999999947e-01 1.373702730074565750e+02
8.699999999999999956e-01 1.375503882569125551e+02
8.709999999999999964e-01 1.377304999451807248e+02
8.719999999999999973e-01 1.379106079846472710e+02
8.729999999999999982e-01 1.380907122878974462e+02
8.739999999999999991e-01 1.382708127677130108e+02
8.750000000000000000e-01 1.384509093370724599e+02
8.760000000000000009e-01 1.386310019091495178e+02
8.770000000000000018e-01 1.388110903973131656e+02
8.780000000000000027e-01 1.389911747151278973e+02
8.790000000000000036e-01 1.391712547763508496e+02
8.800000000000000044e-01 1.393513304949331371e+02
8.810000000000000053e-01 1.395314017850183745e+02
8.820000000000000062e-01 1.397114685609428193e+02
8.830000000000000071e-01 1.398915307372332393e+02
8.840000000000000080e-01 1.400715882286080785e+02
8.850000000000000089e-01 1.402516409499757515e+02
8.860000000000000098e-01 1.404316888164345585e+02
8.870000000000000107e-01 1.406117317432718323e+02
8.880000000000000115e-01 1.407917696459629155e+02
8.890000000000000124e-01 1.409718024401720129e+02
8.900000000000000133e-01 1.411518300417495198e+02
8.910000000000000142e-01 1.413318523667338411e+02
8.920000000000000151e-01 1.415118693313483220e+02
8.930000000000000160e-01 1.416918808520023845e+02
8.940000000000000169e-01 1.418718868452909021e+02
8.950000000000000178e-01 1.420518872279921823e+02
8.960000000000000187e-01 1.422318819170690176e+02
8.970000000000000195e-01 1.424118708296674072e+02
8.980000000000000204e-01 1.425918538831157889e+02
8.990000000000000213e-01 1.427718309949250965e+02
9.000000000000000222e-01 1.429518020827875660e+02
9.010000000000000231e-01 1.431317670645761950e+02
9.020000000000000240e-01 1.433117258583449143e+02
9.030000000000000249e-01 1.434916783823275637e+02
9.040000000000000258e-01 1.436716245549364999e+02
9.050000000000000266e-01 1.438515642947637048e+02
9.060000000000000275e-01 1.440314975205788528e+02
9.070000000000000284e-01 1.442114241513299362e+02
9.080000000000000293e-01 1.443913441061410197e+02
9.090000000000000302e-01 1.445712573043136615e+02
9.100000000000000311e-01 1.447511636653250378e+02
9.110000000000000320e-01 1.449310631088278569e+02
9.120000000000000329e-01 1.451109555546500474e+02
9.130000000000000338e-01 1.452908409227933646e+02
9.140000000000000346e-01 1.454707191334340166e+02
9.150000000000000355e-01 1.456505901069212143e+02
9.160000000000000364e-01 1.458304537637772569e+02
9.170000000000000373e-01 1.460103100246964232e+02
9.180000000000000382e-01 1.461901588105452277e+02
9.190000000000000391e-01 1.463700000423605729e+02
9.200000000000000400e-01 1.465498336413512561e+02
9.210000000000000409e-01 1.467296595288947856e+02
9.220000000000000417e-01 1.469094776265404505e+02
9.230000000000000426e-01 1.470892878560045176e+02
9.240000000000000435e-01 1.472690901391730165e+02
9.250000000000000444e-01 1.474488843981003185e+02
9.260000000000000453e-01 1.476286705550078580e+02
9.270000000000000462e-01 1.478084485322845012e+02
9.280000000000000471e-01 1.479882182524852965e+02
9.290000000000000480e-01 1.481679796383322696e+02
9.300000000000000488e-01 1.483477326127125764e+02
9.310000000000000497e-01 1.485274770986779629e+02
9.320000000000000506e-01 1.487072130194459874e+02
9.330000000000000515e-01 1.488869402983974055e+02
9.340000000000000524e-01 1.490666588590767674e+02
9.350000000000000533e-01 1.492463686251919341e+02
9.360000000000000542e-01 1.494260695206136234e+02
9.370000000000000551e-01 1.496057614693741016e+02
9.380000000000000560e-01 1.497854443956684634e+02
9.390000000000000568e-01 1.499651182238511922e+02
9.400000000000000577e-01 1.501447828784391731e+02
9.410000000000000586e-01 1.503244382841088225e+02
9.420000000000000595e-01 1.505040843656961727e+02
9.430000000000000604e-01 1.506837210481972420e+02
9.440000000000000613e-01 1.508633482567659314e+02
9.450000000000000622e-01 1.510429659167151328e+02
9.460000000000000631e-01 1.512225739535155640e+02
9.470000000000000639e-01 1.514021722927951714e+02
9.480000000000000648e-01 1.515817608603383349e+02
9.490000000000000657e-01 1.517613395820872029e+02
9.500000000000000666e-01 1.519409083841388224e+02
9.510000000000000675e-01 1.521204671927459913e+02
9.520000000000000684e-01 1.523000159343169457e+02
9.530000000000000693e-01 1.524795545354142803e+02
9.540000000000000702e-01 1.526590829227550330e+02
9.550000000000000711e-01 1.528386010232094065e+02
9.560000000000000719e-01 1.530181087638016209e+02
9.570000000000000728e-01 1.531976060717079804e+02
9.580000000000000737e-01 1.533770928742578121e+02
9.590000000000000746e-01 1.535565690989315613e+02
9.599999999999999645e-01 1.537360346733622976e+02
9.609999999999999654e-01 1.539154895253332711e+02
9.619999999999999662e-01 1.540949335827780828e+02
9.629999999999999671e-01 1.542743667737814235e+02
9.639999999999999680e-01 1.544537890265772262e+02
9.649999999999999689e-01 1.546332002695485528e+02
9.659999999999999698e-01 1.548126004312273665e+02
9.669999999999999707e-01 1.549919894402941907e+02
9.679999999999999716e-01 1.551713672255773417e+02
9.689999999999999725e-01 1.553507337160531847e+02
9.699999999999999734e-01 1.555300888408442859e+02
9.709999999999999742e-01 1.557094325292206918e+02
9.719999999999999751e-01 1.558887647105983945e+02
9.729999999999999760e-01 1.560680853145396441e+02
9.739999999999999769e-01 1.562473942707512151e+02
9.749999999999999778e-01 1.564266915090857140e+02
9.759999999999999787e-01 1.566059769595397597e+02
9.769999999999999796e-01 1.567852505522548370e+02
9.779999999999999805e-01 1.569645122175153915e+02
9.789999999999999813e-01 1.571437618857500524e+02
9.799999999999999822e-01 1.573229994875292732e+02
9.809999999999999831e-01 1.575022249535669516e+02
9.819999999999999840e-01 1.576814382147191225e+02
9.829999999999999849e-01 1.578606392019824796e+02
9.839999999999999858e-01 1.580398278464965358e+02
9.849999999999999867e-01 1.582190040795395873e+02
9.859999999999999876e-01 1.583981678325333462e+02
9.869999999999999885e-01 1.585773190370363182e+02
9.879999999999999893e-01 1.587564576247494017e+02
9.889999999999999902e-01 1.589355835275111133e+02
9.899999999999999911e-01 1.591146966772999178e+02
9.909999999999999920e-01 1.592937970062316708e+02
9.919999999999999929e-01 1.594728844465613236e+02
9.929999999999999938e-01 1.596519589306810758e+02
9.939999999999999947e-01 1.598310203911204610e+02
9.949999999999999956e-01 1.600100687605458916e+02
9.959999999999999964e-01 1.601891039717603178e+02
9.969999999999999973e-01 1.603681259577033700e+02
9.979999999999999982e-01 1.605471346514491984e+02
9.989999999999999991e-01 1.607261299862086048e+02
1.000000000000000000e+00 1.609051118953268826e+02
