0.000000000000000000e+00 0.000000000000000000e+00
1.000000000000000021e-03 9.998219094848810329e-01
2.000000000000000042e-03 1.514748141170115359e+00
3.000000000000000062e-03 1.920418879090016295e+00
4.000000000000000083e-03 2.265723091685383217e+00
5.000000000000000104e-03 2.570835743472817292e+00
6.000000000000000125e-03 2.846544307178487276e+00
7.000000000000000146e-03 3.099460857585843332e+00
8.000000000000000167e-03 3.334002755034842114e+00
9.000000000000001055e-03 3.553302782621978739e+00
1.000000000000000021e-02 3.759682682236674012e+00
1.099999999999999936e-02 3.954922358564730622e+00
1.200000000000000025e-02 4.140423487244936140e+00
1.300000000000000114e-02 4.317314283588173929e+00
1.400000000000000029e-02 4.486519479176794611e+00
1.499999999999999944e-02 4.648808711168524788e+00
1.600000000000000033e-02 4.804830972668643341e+00
1.700000000000000122e-02 4.955139755216468878e+00
1.800000000000000211e-02 5.100211794742626203e+00
1.899999999999999953e-02 5.240461311153379320e+00
2.000000000000000042e-02 5.376251003475905677e+00
2.100000000000000130e-02 5.507900663963653187e+00
2.199999999999999872e-02 5.635694014816370334e+00
2.299999999999999961e-02 5.759884197781459214e+00
2.400000000000000050e-02 5.880698228664042126e+00
2.500000000000000139e-02 5.998340646580451185e+00
2.600000000000000228e-02 6.112996529656225420e+00
2.699999999999999969e-02 6.224834007101214262e+00
2.800000000000000058e-02 6.334006367150417205e+00
2.900000000000000147e-02 6.440653837876010535e+00
2.999999999999999889e-02 6.544905101070198405e+00
3.099999999999999978e-02 6.646878586695704527e+00
3.200000000000000067e-02 6.746683585699577712e+00
3.300000000000000155e-02 6.844421211506083402e+00
3.400000000000000244e-02 6.940185234685384508e+00
3.500000000000000333e-02 7.034062810730142168e+00
3.600000000000000422e-02 7.126135117263436847e+00
3.699999999999999817e-02 7.216477914127658266e+00
3.799999999999999906e-02 7.305162037499806083e+00
3.899999999999999994e-02 7.392253837318921939e+00
4.000000000000000083e-02 7.477815565801746445e+00
4.100000000000000172e-02 7.561905723589483763e+00
4.200000000000000261e-02 7.644579369056477169e+00
4.300000000000000350e-02 7.725888395475887904e+00
4.399999999999999745e-02 7.805881780044844120e+00
4.499999999999999833e-02 7.884605808193989596e+00
4.599999999999999922e-02 7.962104276123351809e+00
4.700000000000000011e-02 8.038418674100508809e+00
4.800000000000000100e-02 8.113588352714184992e+00
4.900000000000000189e-02 8.187650673986574645e+00
5.000000000000000278e-02 8.260641149000628403e+00
5.100000000000000366e-02 8.332593563488494226e+00
5.200000000000000455e-02 8.403540092646732518e+00
5.299999999999999850e-02 8.473511406289704340e+00
5.399999999999999939e-02 8.542536765318867964e+00
5.500000000000000028e-02 8.610644110370913040e+00
5.600000000000000117e-02 8.677860143407823301e+00
5.700000000000000205e-02 8.744210402925277847e+00
5.800000000000000294e-02 8.809719333380446216e+00
5.900000000000000383e-02 8.874410349374272755e+00
5.999999999999999778e-02 8.938305895065610684e+00
6.099999999999999867e-02 9.001427499244119446e+00
6.199999999999999956e-02 9.063795826444104975e+00
6.300000000000000044e-02 9.125430724442441743e+00
6.400000000000000133e-02 9.186351268448948559e+00
6.500000000000000222e-02 9.246575802266951527e+00
6.600000000000000311e-02 9.306121976674624818e+00
6.700000000000000400e-02 9.365006785253413568e+00
6.800000000000000488e-02 9.423246597868461194e+00
6.900000000000000577e-02 9.480857191986727273e+00
7.000000000000000666e-02 9.537853782001279868e+00
7.100000000000000755e-02 9.594251046715067233e+00
7.200000000000000844e-02 9.650063155123524083e+00
7.299999999999999545e-02 9.705303790623272420e+00
7.399999999999999634e-02 9.759986173762813522e+00
7.499999999999999722e-02 9.814123083641378642e+00
7.599999999999999811e-02 9.867726878052852868e+00
7.699999999999999900e-02 9.920809512463742763e+00
7.799999999999999989e-02 9.973382557906758095e+00
7.900000000000000078e-02 1.002545721786472477e+01
8.000000000000000167e-02 1.007704434421388306e+01
8.100000000000000255e-02 1.012815445228969402e+01
8.200000000000000344e-02 1.017879773513367248e+01
8.300000000000000433e-02 1.022898407697502243e+01
8.400000000000000522e-02 1.027872306599669194e+01
8.500000000000000611e-02 1.032802400643186758e+01
8.600000000000000699e-02 1.037689593003330657e+01
8.700000000000000788e-02 1.042534760695481566e+01
8.799999999999999489e-02 1.047338755608137006e+01
8.899999999999999578e-02 1.052102405484160386e+01
8.999999999999999667e-02 1.056826514853402266e+01
9.099999999999999756e-02 1.061511865919622011e+01
9.199999999999999845e-02 1.066159219404397085e+01
9.299999999999999933e-02 1.070769315350566409e+01
9.400000000000000022e-02 1.075342873887531603e+01
9.500000000000000111e-02 1.079880595960631773e+01
9.600000000000000200e-02 1.084383164026609414e+01
9.700000000000000289e-02 1.088851242717092127e+01
9.800000000000000377e-02 1.093285479471856370e+01
9.900000000000000466e-02 1.097686505143549951e+01
1.000000000000000056e-01 1.102054934575424916e+01
1.010000000000000064e-01 1.106391367153534411e+01
1.020000000000000073e-01 1.110696387334771273e+01
1.030000000000000082e-01 1.114970565152010451e+01
1.040000000000000091e-01 1.119214456697577553e+01
1.049999999999999961e-01 1.123428604586147728e+01
1.059999999999999970e-01 1.127613538398151505e+01
1.069999999999999979e-01 1.131769775104673137e+01
1.079999999999999988e-01 1.135897819474774373e+01
1.089999999999999997e-01 1.139998164466131136e+01
1.100000000000000006e-01 1.144071291599803608e+01
1.110000000000000014e-01 1.148117671319925215e+01
1.120000000000000023e-01 1.152137763339038656e+01
1.130000000000000032e-01 1.156132016969784004e+01
1.140000000000000041e-01 1.160100871443576409e+01
1.150000000000000050e-01 1.164044756216904197e+01
1.160000000000000059e-01 1.167964091265822724e+01
1.170000000000000068e-01 1.171859287369198377e+01
1.180000000000000077e-01 1.175730746381221259e+01
1.190000000000000085e-01 1.179578861493675390e+01
1.199999999999999956e-01 1.183404017488443927e+01
1.209999999999999964e-01 1.187206590980675003e+01
1.219999999999999973e-01 1.190986950653035414e+01
1.229999999999999982e-01 1.194745457481446671e+01
1.239999999999999991e-01 1.198482464952681248e+01
1.250000000000000000e-01 1.202198319274159743e+01
1.260000000000000009e-01 1.205893359576309898e+01
1.270000000000000018e-01 1.209567918107788387e+01
1.280000000000000027e-01 1.213222320423883360e+01
1.290000000000000036e-01 1.216856885568369506e+01
1.300000000000000044e-01 1.220471926249115668e+01
1.310000000000000053e-01 1.224067749007676831e+01
1.320000000000000062e-01 1.227644654383147405e+01
1.330000000000000071e-01 1.231202937070484182e+01
1.340000000000000080e-01 1.234742886073549606e+01
1.350000000000000089e-01 1.238264784853075184e+01
1.360000000000000098e-01 1.241768911469742598e+01
1.370000000000000107e-01 1.245255538722598843e+01
1.380000000000000115e-01 1.248724934282972221e+01
1.390000000000000124e-01 1.252177360824068586e+01
1.400000000000000133e-01 1.255613076146420148e+01
1.410000000000000142e-01 1.259032333299355599e+01
1.420000000000000151e-01 1.262435380698618914e+01
1.430000000000000160e-01 1.265822462240320512e+01
1.440000000000000169e-01 1.269193817411323799e+01
1.449999999999999900e-01 1.272549681396226617e+01
1.459999999999999909e-01 1.275890285181057848e+01
1.469999999999999918e-01 1.279215855653803224e+01
1.479999999999999927e-01 1.282526615701894102e+01
1.489999999999999936e-01 1.285822784306748900e+01
1.499999999999999944e-01 1.289104576635499022e+01
1.509999999999999953e-01 1.292372204129980418e+01
1.519999999999999962e-01 1.295625874593102544e+01
1.529999999999999971e-01 1.298865792272681219e+01
1.539999999999999980e-01 1.302092157942824358e+01
1.549999999999999989e-01 1.305305168982974173e+01
1.559999999999999998e-01 1.308505019454653784e+01
1.570000000000000007e-01 1.311691900176037962e+01
1.580000000000000016e-01 1.314865998794394386e+01
1.590000000000000024e-01 1.318027499856476759e+01
1.600000000000000033e-01 1.321176584876950066e+01
1.610000000000000042e-01 1.324313432404895785e+01
1.620000000000000051e-01 1.327438218088484945e+01
1.630000000000000060e-01 1.330551114737855123e+01
1.640000000000000069e-01 1.333652292386275207e+01
1.650000000000000078e-01 1.336741918349636649e+01
1.660000000000000087e-01 1.339820157284337654e+01
1.670000000000000095e-01 1.342887171243606481e+01
1.680000000000000104e-01 1.345943119732320703e+01
1.690000000000000113e-01 1.348988159760360439e+01
1.700000000000000122e-01 1.352022445894559866e+01
1.710000000000000131e-01 1.355046130309289865e+01
1.720000000000000140e-01 1.358059362835703254e+01
1.730000000000000149e-01 1.361062291009722003e+01
1.740000000000000158e-01 1.364055060118766960e+01
1.750000000000000167e-01 1.367037813247293521e+01
1.759999999999999898e-01 1.370010691321157381e+01
1.769999999999999907e-01 1.372973833150860479e+01
1.779999999999999916e-01 1.375927375473689196e+01
1.789999999999999925e-01 1.378871452994804692e+01
1.799999999999999933e-01 1.381806198427305787e+01
1.809999999999999942e-01 1.384731742531282528e+01
1.819999999999999951e-01 1.387648214151913884e+01
1.829999999999999960e-01 1.390555740256626649e+01
1.839999999999999969e-01 1.393454445971340938e+01
1.849999999999999978e-01 1.396344454615833186e+01
1.859999999999999987e-01 1.399225887738241170e+01
1.869999999999999996e-01 1.402098865148745510e+01
1.880000000000000004e-01 1.404963504952432096e+01
1.890000000000000013e-01 1.407819923581375221e+01
1.900000000000000022e-01 1.410668235825963635e+01
1.910000000000000031e-01 1.413508554865482836e+01
1.920000000000000040e-01 1.416340992297975276e+01
1.930000000000000049e-01 1.419165658169407607e+01
1.940000000000000058e-01 1.421982661002160953e+01
1.950000000000000067e-01 1.424792107822856302e+01
1.960000000000000075e-01 1.427594104189546798e+01
1.970000000000000084e-01 1.430388754218273384e+01
1.980000000000000093e-01 1.433176160609038519e+01
1.990000000000000102e-01 1.435956424671159759e+01
2.000000000000000111e-01 1.438729646348080493e+01
2.010000000000000120e-01 1.441495924241603710e+01
2.020000000000000129e-01 1.444255355635591087e+01
2.030000000000000138e-01 1.447008036519136454e+01
2.040000000000000147e-01 1.449754061609217359e+01
2.050000000000000155e-01 1.452493524372864897e+01
2.060000000000000164e-01 1.455226517048824952e+01
2.070000000000000173e-01 1.457953130668760089e+01
2.080000000000000182e-01 1.460673455077992244e+01
2.089999999999999913e-01 1.463387578955788371e+01
2.099999999999999922e-01 1.466095589835214952e+01
2.109999999999999931e-01 1.468797574122567440e+01
2.119999999999999940e-01 1.471493617116377628e+01
2.129999999999999949e-01 1.474183803026030404e+01
2.139999999999999958e-01 1.476868214989972294e+01
2.149999999999999967e-01 1.479546935093550708e+01
2.159999999999999976e-01 1.482220044386468949e+01
2.169999999999999984e-01 1.484887622899879567e+01
2.179999999999999993e-01 1.487549749663130072e+01
2.190000000000000002e-01 1.490206502720154447e+01
2.200000000000000011e-01 1.492857959145522884e+01
2.210000000000000020e-01 1.495504195060180308e+01
2.220000000000000029e-01 1.498145285646847213e+01
2.230000000000000038e-01 1.500781305165111945e+01
2.240000000000000047e-01 1.503412326966220647e+01
2.250000000000000056e-01 1.506038423507572865e+01
2.260000000000000064e-01 1.508659666366916063e+01
2.270000000000000073e-01 1.511276126256259111e+01
2.280000000000000082e-01 1.513887873035523590e+01
2.290000000000000091e-01 1.516494975725900574e+01
2.300000000000000100e-01 1.519097502522969201e+01
2.310000000000000109e-01 1.521695520809535473e+01
2.320000000000000118e-01 1.524289097168240126e+01
2.330000000000000127e-01 1.526878297393901107e+01
2.340000000000000135e-01 1.529463186505634553e+01
2.350000000000000144e-01 1.532043828758731507e+01
2.360000000000000153e-01 1.534620287656308868e+01
2.370000000000000162e-01 1.537192625960737580e+01
2.380000000000000171e-01 1.539760905704853400e+01
2.390000000000000180e-01 1.542325188202949171e+01
2.399999999999999911e-01 1.544885534061575960e+01
2.409999999999999920e-01 1.547442003190111137e+01
2.419999999999999929e-01 1.549994654811161965e+01
2.429999999999999938e-01 1.552543547470747676e+01
2.439999999999999947e-01 1.555088739048309598e+01
2.449999999999999956e-01 1.557630286766521088e+01
2.459999999999999964e-01 1.560168247200935987e+01
2.469999999999999973e-01 1.562702676289434045e+01
2.479999999999999982e-01 1.565233629341516242e+01
2.489999999999999991e-01 1.567761161047413410e+01
2.500000000000000000e-01 1.570285325487046180e+01
2.510000000000000009e-01 1.572806176138803735e+01
2.520000000000000018e-01 1.575323765888179395e+01
2.530000000000000027e-01 1.577838147036243299e+01
2.540000000000000036e-01 1.580349371307965001e+01
2.550000000000000044e-01 1.582857489860385058e+01
2.560000000000000053e-01 1.585362553290651455e+01
2.570000000000000062e-01 1.587864611643897916e+01
2.580000000000000071e-01 1.590363714420997354e+01
2.590000000000000080e-01 1.592859910586167871e+01
2.600000000000000089e-01 1.595353248574459215e+01
2.610000000000000098e-01 1.597843776299090379e+01
2.620000000000000107e-01 1.600331541158678661e+01
2.630000000000000115e-01 1.602816590044328748e+01
2.640000000000000124e-01 1.605298969346607052e+01
2.650000000000000133e-01 1.607778724962394179e+01
2.660000000000000142e-01 1.610255902301619813e+01
2.670000000000000151e-01 1.612730546293888878e+01
2.680000000000000160e-01 1.615202701394973062e+01
2.690000000000000169e-01 1.617672411593230919e+01
2.700000000000000178e-01 1.620139720415878415e+01
2.710000000000000187e-01 1.622604670935179882e+01
2.720000000000000195e-01 1.625067305774529558e+01
2.730000000000000204e-01 1.627527667114425824e+01
2.740000000000000213e-01 1.629985796698353084e+01
2.750000000000000222e-01 1.632441735838561669e+01
2.760000000000000231e-01 1.634895525421752538e+01
2.770000000000000240e-01 1.637347205914671733e+01
2.780000000000000249e-01 1.639796817369606785e+01
2.790000000000000258e-01 1.642244399429801049e+01
2.800000000000000266e-01 1.644689991334771406e+01
2.810000000000000275e-01 1.647133631925548869e+01
2.820000000000000284e-01 1.649575359649824335e+01
2.830000000000000293e-01 1.652015212567020086e+01
2.840000000000000302e-01 1.654453228353266425e+01
2.850000000000000311e-01 1.656889444306324322e+01
2.860000000000000320e-01 1.659323897350398980e+01
2.870000000000000329e-01 1.661756624040894081e+01
2.880000000000000338e-01 1.664187660569093552e+01
2.889999999999999791e-01 1.666617042766750956e+01
2.899999999999999800e-01 1.669044806110629153e+01
2.909999999999999809e-01 1.671470985726954694e+01
2.919999999999999818e-01 1.673895616395800445e+01
2.929999999999999827e-01 1.676318732555415991e+01
2.939999999999999836e-01 1.678740368306467090e+01
2.949999999999999845e-01 1.681160557416232848e+01
2.959999999999999853e-01 1.683579333322719407e+01
2.969999999999999862e-01 1.685996729138719274e+01
2.979999999999999871e-01 1.688412777655813457e+01
2.989999999999999880e-01 1.690827511348295076e+01
2.999999999999999889e-01 1.693240962377053194e+01
3.009999999999999898e-01 1.695653162593383811e+01
3.019999999999999907e-01 1.698064143542746507e+01
3.029999999999999916e-01 1.700473936468470271e+01
3.039999999999999925e-01 1.702882572315390419e+01
3.049999999999999933e-01 1.705290081733447138e+01
3.059999999999999942e-01 1.707696495081213328e+01
3.069999999999999951e-01 1.710101842429389052e+01
3.079999999999999960e-01 1.712506153564223865e+01
3.089999999999999969e-01 1.714909457990899355e+01
3.099999999999999978e-01 1.717311784936866204e+01
3.109999999999999987e-01 1.719713163355115526e+01
3.119999999999999996e-01 1.722113621927422855e+01
3.130000000000000004e-01 1.724513189067527819e+01
3.140000000000000013e-01 1.726911892924272252e+01
3.150000000000000022e-01 1.729309761384702426e+01
3.160000000000000031e-01 1.731706822077106978e+01
3.170000000000000040e-01 1.734103102374032801e+01
3.180000000000000049e-01 1.736498629395236648e+01
3.190000000000000058e-01 1.738893430010606167e+01
3.200000000000000067e-01 1.741287530843039022e+01
3.210000000000000075e-01 1.743680958271282577e+01
3.220000000000000084e-01 1.746073738432717803e+01
3.230000000000000093e-01 1.748465897226123289e+01
3.240000000000000102e-01 1.750857460314389868e+01
3.250000000000000111e-01 1.753248453127196527e+01
3.260000000000000120e-01 1.755638900863652907e+01
3.270000000000000129e-01 1.758028828494901319e+01
3.280000000000000138e-01 1.760418260766683218e+01
3.290000000000000147e-01 1.762807222201869095e+01
3.300000000000000155e-01 1.765195737102953899e+01
3.310000000000000164e-01 1.767583829554521557e+01
3.320000000000000173e-01 1.769971523425664017e+01
3.330000000000000182e-01 1.772358842372383947e+01
3.340000000000000191e-01 1.774745809839946276e+01
3.350000000000000200e-01 1.777132449065208419e+01
3.360000000000000209e-01 1.779518783078918176e+01
3.370000000000000218e-01 1.781904834707978935e+01
3.380000000000000226e-01 1.784290626577676164e+01
3.390000000000000235e-01 1.786676181113891460e+01
3.400000000000000244e-01 1.789061520545268635e+01
3.410000000000000253e-01 1.791446666905354590e+01
3.420000000000000262e-01 1.793831642034723117e+01
3.430000000000000271e-01 1.796216467583056087e+01
3.440000000000000280e-01 1.798601165011203307e+01
3.450000000000000289e-01 1.800985755593215387e+01
3.460000000000000298e-01 1.803370260418345694e+01
3.470000000000000306e-01 1.805754700393027434e+01
3.480000000000000315e-01 1.808139096242827648e+01
3.490000000000000324e-01 1.810523468514368517e+01
3.500000000000000333e-01 1.812907837577236947e+01
3.510000000000000342e-01 1.815292223625845480e+01
3.519999999999999796e-01 1.817676646681293917e+01
3.529999999999999805e-01 1.820061126593195411e+01
3.539999999999999813e-01 1.822445683041468101e+01
3.549999999999999822e-01 1.824830335538129589e+01
3.559999999999999831e-01 1.827215103429040255e+01
3.569999999999999840e-01 1.829600005895644443e+01
3.579999999999999849e-01 1.831985061956679317e+01
3.589999999999999858e-01 1.834370290469862042e+01
3.599999999999999867e-01 1.836755710133558850e+01
3.609999999999999876e-01 1.839141339488427462e+01
3.619999999999999885e-01 1.841527196919051335e+01
3.629999999999999893e-01 1.843913300655529852e+01
3.639999999999999902e-01 1.846299668775076341e+01
3.649999999999999911e-01 1.848686319203572737e+01
3.659999999999999920e-01 1.851073269717113945e+01
3.669999999999999929e-01 1.853460537943542974e+01
3.679999999999999938e-01 1.855848141363935966e+01
3.689999999999999947e-01 1.858236097314111746e+01
3.699999999999999956e-01 1.860624422986085591e+01
3.709999999999999964e-01 1.863013135429516609e+01
3.719999999999999973e-01 1.865402251553152269e+01
3.729999999999999982e-01 1.867791788126230301e+01
3.739999999999999991e-01 1.870181761779884511e+01
3.750000000000000000e-01 1.872572189008513632e+01
3.760000000000000009e-01 1.874963086171151616e+01
3.770000000000000018e-01 1.877354469492811262e+01
3.780000000000000027e-01 1.879746355065805474e+01
3.790000000000000036e-01 1.882138758851073845e+01
3.800000000000000044e-01 1.884531696679468382e+01
3.810000000000000053e-01 1.886925184253037102e+01
3.820000000000000062e-01 1.889319237146294839e+01
3.830000000000000071e-01 1.891713870807463138e+01
3.840000000000000080e-01 1.894109100559708381e+01
3.850000000000000089e-01 1.896504941602369954e+01
3.860000000000000098e-01 1.898901409012156449e+01
3.870000000000000107e-01 1.901298517744335825e+01
3.880000000000000115e-01 1.903696282633923076e+01
3.890000000000000124e-01 1.906094718396827403e+01
3.900000000000000133e-01 1.908493839631018929e+01
3.910000000000000142e-01 1.910893660817643891e+01
3.920000000000000151e-01 1.913294196322160801e+01
3.930000000000000160e-01 1.915695460395444272e+01
3.940000000000000169e-01 1.918097467174881388e+01
3.950000000000000178e-01 1.920500230685454213e+01
3.960000000000000187e-01 1.922903764840802054e+01
3.970000000000000195e-01 1.925308083444293317e+01
3.980000000000000204e-01 1.927713200190058984e+01
3.990000000000000213e-01 1.930119128664029304e+01
4.000000000000000222e-01 1.932525882344951640e+01
4.010000000000000231e-01 1.934933474605407611e+01
4.020000000000000240e-01 1.937341918712798261e+01
4.030000000000000249e-01 1.939751227830340952e+01
4.040000000000000258e-01 1.942161415018032145e+01
4.050000000000000266e-01 1.944572493233625465e+01
4.060000000000000275e-01 1.946984475333573883e+01
4.070000000000000284e-01 1.949397374073966560e+01
4.080000000000000293e-01 1.951811202111469257e+01
4.090000000000000302e-01 1.954225972004245193e+01
4.100000000000000311e-01 1.956641696212852821e+01
4.110000000000000320e-01 1.959058387101155674e+01
4.120000000000000329e-01 1.961476056937204149e+01
4.130000000000000338e-01 1.963894717894125108e+01
4.140000000000000346e-01 1.966314382050974530e+01
4.150000000000000355e-01 1.968735061393615737e+01
4.160000000000000364e-01 1.971156767815553223e+01
4.169999999999999818e-01 1.973579513118778550e+01
4.179999999999999827e-01 1.976003309014607723e+01
4.189999999999999836e-01 1.978428167124492276e+01
4.199999999999999845e-01 1.980854098980833555e+01
4.209999999999999853e-01 1.983281116027797708e+01
4.219999999999999862e-01 1.985709229622096927e+01
4.229999999999999871e-01 1.988138451033775311e+01
4.239999999999999880e-01 1.990568791446997565e+01
4.249999999999999889e-01 1.993000261960806085e+01
4.259999999999999898e-01 1.995432873589889766e+01
4.269999999999999907e-01 1.997866637265328293e+01
4.279999999999999916e-01 2.000301563835340346e+01
4.289999999999999925e-01 2.002737664066016166e+01
4.299999999999999933e-01 2.005174948642051547e+01
4.309999999999999942e-01 2.007613428167460157e+01
4.319999999999999951e-01 2.010053113166290473e+01
4.329999999999999960e-01 2.012494014083327087e+01
4.339999999999999969e-01 2.014936141284786331e+01
4.349999999999999978e-01 2.017379505059007272e+01
4.359999999999999987e-01 2.019824115617142724e+01
4.369999999999999996e-01 2.022269983093811518e+01
4.380000000000000004e-01 2.024717117547789158e+01
4.390000000000000013e-01 2.027165528962649432e+01
4.400000000000000022e-01 2.029615227247434106e+01
4.410000000000000031e-01 2.032066222237285658e+01
4.420000000000000040e-01 2.034518523694094227e+01
4.430000000000000049e-01 2.036972141307124673e+01
4.440000000000000058e-01 2.039427084693653214e+01
4.450000000000000067e-01 2.041883363399572460e+01
4.460000000000000075e-01 2.044340986900011359e+01
4.470000000000000084e-01 2.046799964599946264e+01
4.480000000000000093e-01 2.049260305834792106e+01
4.490000000000000102e-01 2.051722019871003155e+01
4.500000000000000111e-01 2.054185115906659220e+01
4.510000000000000120e-01 2.056649603072041188e+01
4.520000000000000129e-01 2.059115490430216511e+01
4.530000000000000138e-01 2.061582786977596626e+01
4.540000000000000147e-01 2.064051501644515696e+01
4.550000000000000155e-01 2.066521643295776300e+01
4.560000000000000164e-01 2.068993220731202243e+01
4.570000000000000173e-01 2.071466242686197390e+01
4.580000000000000182e-01 2.073940717832266856e+01
4.590000000000000191e-01 2.076416654777572646e+01
4.600000000000000200e-01 2.078894062067449156e+01
4.610000000000000209e-01 2.081372948184928973e+01
4.620000000000000218e-01 2.083853321551271165e+01
4.630000000000000226e-01 2.086335190526471450e+01
4.640000000000000235e-01 2.088818563409763129e+01
4.650000000000000244e-01 2.091303448440124413e+01
4.660000000000000253e-01 2.093789853796789657e+01
4.670000000000000262e-01 2.096277787599719744e+01
4.680000000000000271e-01 2.098767257910108341e+01
4.690000000000000280e-01 2.101258272730860099e+01
4.700000000000000289e-01 2.103750840007068135e+01
4.710000000000000298e-01 2.106244967626495779e+01
4.720000000000000306e-01 2.108740663420025641e+01
4.730000000000000315e-01 2.111237935162152013e+01
4.740000000000000324e-01 2.113736790571413948e+01
4.750000000000000333e-01 2.116237237310872743e+01
4.760000000000000342e-01 2.118739282988547856e+01
4.770000000000000351e-01 2.121242935157874143e+01
4.780000000000000360e-01 2.123748201318133155e+01
4.790000000000000369e-01 2.126255088914900782e+01
4.799999999999999822e-01 2.128763605340474641e+01
4.809999999999999831e-01 2.131273757934302537e+01
4.819999999999999840e-01 2.133785553983416605e+01
4.829999999999999849e-01 2.136299000722837960e+01
4.839999999999999858e-01 2.138814105336009774e+01
4.849999999999999867e-01 2.141330874955200869e+01
4.859999999999999876e-01 2.143849316661918891e+01
4.869999999999999885e-01 2.146369437487310350e+01
4.879999999999999893e-01 2.148891244412563140e+01
4.889999999999999902e-01 2.151414744369305510e+01
4.899999999999999911e-01 2.153939944239999349e+01
4.909999999999999920e-01 2.156466850858327433e+01
4.919999999999999929e-01 2.158995471009580669e+01
4.929999999999999938e-01 2.161525811431032196e+01
4.939999999999999947e-01 2.164057878812335645e+01
4.949999999999999956e-01 2.166591679795873659e+01
4.959999999999999964e-01 2.169127220977147275e+01
4.969999999999999973e-01 2.171664508905142199e+01
4.979999999999999982e-01 2.174203550082683734e+01
4.989999999999999991e-01 2.176744350966806962e+01
5.000000000000000000e-01 2.179286917969102788e+01
5.010000000000000009e-01 2.181831257456088125e+01
5.020000000000000018e-01 2.184377375749539851e+01
5.030000000000000027e-01 2.186925279126852928e+01
5.040000000000000036e-01 2.189474973821381454e+01
5.050000000000000044e-01 2.192026466022772624e+01
5.060000000000000053e-01 2.194579761877321289e+01
5.070000000000000062e-01 2.197134867488282595e+01
5.080000000000000071e-01 2.199691788916220503e+01
5.090000000000000080e-01 2.202250532179325404e+01
5.100000000000000089e-01 2.204811103253751980e+01
5.110000000000000098e-01 2.207373508073920831e+01
5.120000000000000107e-01 2.209937752532860600e+01
5.130000000000000115e-01 2.212503842482509242e+01
5.140000000000000124e-01 2.215071783734031641e+01
5.150000000000000133e-01 2.217641582058129401e+01
5.160000000000000142e-01 2.220213243185353491e+01
5.170000000000000151e-01 2.222786772806397693e+01
5.180000000000000160e-01 2.225362176572409822e+01
5.190000000000000169e-01 2.227939460095294066e+01
5.200000000000000178e-01 2.230518628947995552e+01
5.210000000000000187e-01 2.233099688664806237e+01
5.220000000000000195e-01 2.235682644741644154e+01
5.230000000000000204e-01 2.238267502636356099e+01
5.240000000000000213e-01 2.240854267768986574e+01
5.250000000000000222e-01 2.243442945522078702e+01
5.260000000000000231e-01 2.246033541240939613e+01
5.270000000000000240e-01 2.248626060233931412e+01
5.280000000000000249e-01 2.251220507772739765e+01
5.290000000000000258e-01 2.253816889092644615e+01
5.300000000000000266e-01 2.256415209392800492e+01
5.310000000000000275e-01 2.259015473836490884e+01
5.320000000000000284e-01 2.261617687551414591e+01
5.330000000000000293e-01 2.264221855629924818e+01
5.340000000000000302e-01 2.266827983129311619e+01
5.350000000000000311e-01 2.269436075072048098e+01
5.360000000000000320e-01 2.272046136446053310e+01
5.370000000000000329e-01 2.274658172204942730e+01
5.380000000000000338e-01 2.277272187268279069e+01
5.390000000000000346e-01 2.279888186521832338e+01
5.400000000000000355e-01 2.282506174817812550e+01
5.410000000000000364e-01 2.285126156975130129e+01
5.420000000000000373e-01 2.287748137779626489e+01
5.430000000000000382e-01 2.290372121984324139e+01
5.440000000000000391e-01 2.292998114309659741e+01
5.450000000000000400e-01 2.295626119443728186e+01
5.460000000000000409e-01 2.298256142042507832e+01
5.470000000000000417e-01 2.300888186730103158e+01
5.480000000000000426e-01 2.303522258098971420e+01
5.490000000000000435e-01 2.306158360710148258e+01
5.500000000000000444e-01 2.308796499093480392e+01
5.510000000000000453e-01 2.311436677747844826e+01
5.520000000000000462e-01 2.314078901141380840e+01
5.530000000000000471e-01 2.316723173711698536e+01
5.540000000000000480e-01 2.319369499866111184e+01
5.550000000000000488e-01 2.322017883981839148e+01
5.560000000000000497e-01 2.324668330406237260e+01
5.570000000000000506e-01 2.327320843456999455e+01
5.580000000000000515e-01 2.329975427422381173e+01
5.590000000000000524e-01 2.332632086561395113e+01
5.600000000000000533e-01 2.335290825104027235e+01
5.610000000000000542e-01 2.337951647251447795e+01
5.620000000000000551e-01 2.340614557176209587e+01
5.630000000000000560e-01 2.343279559022445468e+01
5.640000000000000568e-01 2.345946656906084016e+01
5.650000000000000577e-01 2.348615854915035328e+01
5.660000000000000586e-01 2.351287157109400283e+01
5.670000000000000595e-01 2.353960567521655278e+01
5.680000000000000604e-01 2.356636090156856866e+01
5.690000000000000613e-01 2.359313728992826498e+01
5.700000000000000622e-01 2.361993487980346984e+01
5.710000000000000631e-01 2.364675371043349017e+01
5.720000000000000639e-01 2.367359382079105501e+01
5.730000000000000648e-01 2.370045524958405281e+01
5.740000000000000657e-01 2.372733803525751028e+01
5.750000000000000666e-01 2.375424221599540431e+01
5.760000000000000675e-01 2.378116782972234944e+01
5.769999999999999574e-01 2.380811491410556968e+01
5.779999999999999583e-01 2.383508350655667130e+01
5.789999999999999591e-01 2.386207364423319888e+01
5.799999999999999600e-01 2.388908536404077054e+01
5.809999999999999609e-01 2.391611870263439954e+01
5.819999999999999618e-01 2.394317369642062232e+01
5.829999999999999627e-01 2.397025038155890542e+01
5.839999999999999636e-01 2.399734879396351062e+01
5.849999999999999645e-01 2.402446896930516829e+01
5.859999999999999654e-01 2.405161094301262992e+01
5.869999999999999662e-01 2.407877475027455461e+01
5.879999999999999671e-01 2.410596042604089462e+01
5.889999999999999680e-01 2.413316800502478543e+01
5.899999999999999689e-01 2.416039752170392774e+01
5.909999999999999698e-01 2.418764901032237447e+01
5.919999999999999707e-01 2.421492250489200515e+01
5.929999999999999716e-01 2.424221803919419926e+01
5.939999999999999725e-01 2.426953564678131059e+01
5.949999999999999734e-01 2.429687536097837253e+01
5.959999999999999742e-01 2.432423721488440549e+01
5.969999999999999751e-01 2.435162124137420392e+01
5.979999999999999760e-01 2.437902747309963303e+01
5.989999999999999769e-01 2.440645594249129502e+01
5.999999999999999778e-01 2.443390668175998215e+01
6.009999999999999787e-01 2.446137972289811557e+01
6.019999999999999796e-01 2.448887509768120196e+01
6.029999999999999805e-01 2.451639283766944288e+01
6.039999999999999813e-01 2.454393297420886810e+01
6.049999999999999822e-01 2.457149553843321144e+01
6.059999999999999831e-01 2.459908056126490195e+01
6.069999999999999840e-01 2.462668807341680832e+01
6.079999999999999849e-01 2.465431810539335444e+01
6.089999999999999858e-01 2.468197068749222822e+01
6.099999999999999867e-01 2.470964584980547585e+01
6.109999999999999876e-01 2.473734362222099037e+01
6.119999999999999885e-01 2.476506403442388304e+01
6.129999999999999893e-01 2.479280711589779429e+01
6.139999999999999902e-01 2.482057289592631122e+01
6.149999999999999911e-01 2.484836140359412227e+01
6.159999999999999920e-01 2.487617266778850222e+01
6.169999999999999929e-01 2.490400671720055925e+01
6.179999999999999938e-01 2.493186358032651384e+01
6.189999999999999947e-01 2.495974328546892806e+01
6.199999999999999956e-01 2.498764586073816218e+01
6.209999999999999964e-01 2.501557133405345468e+01
6.219999999999999973e-01 2.504351973314427227e+01
6.229999999999999982e-01 2.507149108555142902e+01
6.239999999999999991e-01 2.509948541862864957e+01
6.250000000000000000e-01 2.512750275954330448e+01
6.260000000000000009e-01 2.515554313527809782e+01
6.270000000000000018e-01 2.518360657263192692e+01
6.280000000000000027e-01 2.521169309822132476e+01
6.290000000000000036e-01 2.523980273848147959e+01
6.300000000000000044e-01 2.526793551966750684e+01
6.310000000000000053e-01 2.529609146785560370e+01
6.320000000000000062e-01 2.532427060894412207e+01
6.330000000000000071e-01 2.535247296865496835e+01
6.340000000000000080e-01 2.538069857253442407e+01
6.350000000000000089e-01 2.540894744595448884e+01
6.360000000000000098e-01 2.543721961411396748e+01
6.370000000000000107e-01 2.546551510203953228e+01
6.380000000000000115e-01 2.549383393458697000e+01
6.390000000000000124e-01 2.552217613644208782e+01
6.400000000000000133e-01 2.555054173212195323e+01
6.410000000000000142e-01 2.557893074597595273e+01
6.420000000000000151e-01 2.560734320218680438e+01
6.430000000000000160e-01 2.563577912477168752e+01
6.440000000000000169e-01 2.566423853758331930e+01
6.450000000000000178e-01 2.569272146431093873e+01
6.460000000000000187e-01 2.572122792848139028e+01
6.470000000000000195e-01 2.574975795346013641e+01
6.480000000000000204e-01 2.577831156245239086e+01
6.490000000000000213e-01 2.580688877850396068e+01
6.500000000000000222e-01 2.583548962450234399e+01
6.510000000000000231e-01 2.586411412317793079e+01
6.520000000000000240e-01 2.589276229710452171e+01
6.530000000000000249e-01 2.592143416870094441e+01
6.540000000000000258e-01 2.595012976023137341e+01
6.550000000000000266e-01 2.597884909380692875e+01
6.560000000000000275e-01 2.600759219138615919e+01
6.570000000000000284e-01 2.603635907477635314e+01
6.580000000000000293e-01 2.606514976563419594e+01
6.590000000000000302e-01 2.609396428546699553e+01
6.600000000000000311e-01 2.612280265563341075e+01
6.610000000000000320e-01 2.615166489734447453e+01
6.620000000000000329e-01 2.618055103166454600e+01
6.630000000000000338e-01 2.620946107951213833e+01
6.640000000000000346e-01 2.623839506166106972e+01
6.650000000000000355e-01 2.626735299874091822e+01
6.660000000000000364e-01 2.629633491123842859e+01
6.670000000000000373e-01 2.632534081949801319e+01
6.680000000000000382e-01 2.635437074372293154e+01
6.690000000000000391e-01 2.638342470397591200e+01
6.700000000000000400e-01 2.641250272018029221e+01
6.710000000000000409e-01 2.644160481212061597e+01
6.720000000000000417e-01 2.647073099944372387e+01
6.730000000000000426e-01 2.649988130165944966e+01
6.740000000000000435e-01 2.652905573814158302e+01
6.750000000000000444e-01 2.655825432812856945e+01
6.760000000000000453e-01 2.658747709072458676e+01
6.770000000000000462e-01 2.661672404490006727e+01
6.780000000000000471e-01 2.664599520949280276e+01
6.790000000000000480e-01 2.667529060320861944e+01
6.800000000000000488e-01 2.670461024462213473e+01
6.810000000000000497e-01 2.673395415217780524e+01
6.820000000000000506e-01 2.676332234419035672e+01
6.830000000000000515e-01 2.679271483884600258e+01
6.840000000000000524e-01 2.682213165420283474e+01
6.850000000000000533e-01 2.685157280819202796e+01
6.860000000000000542e-01 2.688103831861811699e+01
6.870000000000000551e-01 2.691052820316025063e+01
6.880000000000000560e-01 2.694004247937259677e+01
6.890000000000000568e-01 2.696958116468544731e+01
6.900000000000000577e-01 2.699914427640553427e+01
6.910000000000000586e-01 2.702873183171725913e+01
6.920000000000000595e-01 2.705834384768312617e+01
6.930000000000000604e-01 2.708798034124452414e+01
6.940000000000000613e-01 2.711764132922254689e+01
6.950000000000000622e-01 2.714732682831871813e+01
6.960000000000000631e-01 2.717703685511563094e+01
6.970000000000000639e-01 2.720677142607773646e+01
6.980000000000000648e-01 2.723653055755204022e+01
6.990000000000000657e-01 2.726631426576885175e+01
7.000000000000000666e-01 2.729612256684240634e+01
7.010000000000000675e-01 2.732595547677160397e+01
7.020000000000000684e-01 2.735581301144080868e+01
7.030000000000000693e-01 2.738569518662031754e+01
7.039999999999999591e-01 2.741560201796724883e+01
7.049999999999999600e-01 2.744553352102611754e+01
7.059999999999999609e-01 2.747548971122960637e+01
7.069999999999999618e-01 2.750547060389907017e+01
7.079999999999999627e-01 2.753547621424535663e+01
7.089999999999999636e-01 2.756550655736944933e+01
7.099999999999999645e-01 2.759556164826300773e+01
7.109999999999999654e-01 2.762564150180922340e+01
7.119999999999999662e-01 2.765574613278322147e+01
7.129999999999999671e-01 2.768587555585294524e+01
7.139999999999999680e-01 2.771602978557960739e+01
7.149999999999999689e-01 2.774620883641848579e+01
7.159999999999999698e-01 2.777641272271937112e+01
7.169999999999999707e-01 2.780664145872736626e+01
7.179999999999999716e-01 2.783689505858344049e+01
7.189999999999999725e-01 2.786717353632499439e+01
7.199999999999999734e-01 2.789747690588655615e+01
7.209999999999999742e-01 2.792780518110036780e+01
7.219999999999999751e-01 2.795815837569692519e+01
7.229999999999999760e-01 2.798853650330576670e+01
7.239999999999999769e-01 2.801893957745575392e+01
7.249999999999999778e-01 2.804936761157602021e+01
7.259999999999999787e-01 2.807982061899627979e+01
7.269999999999999796e-01 2.811029861294760934e+01
7.279999999999999805e-01 2.814080160656284590e+01
7.289999999999999813e-01 2.817132961287735426e+01
7.299999999999999822e-01 2.820188264482947105e+01
7.309999999999999831e-01 2.823246071526109091e+01
7.319999999999999840e-01 2.826306383691825985e+01
7.329999999999999849e-01 2.829369202245183246e+01
7.339999999999999858e-01 2.832434528441772059e+01
7.349999999999999867e-01 2.835502363527789527e+01
7.359999999999999876e-01 2.838572708740047545e+01
7.369999999999999885e-01 2.841645565306069443e+01
7.379999999999999893e-01 2.844720934444106675e+01
7.389999999999999902e-01 2.847798817363223733e+01
7.399999999999999911e-01 2.850879215263335809e+01
7.409999999999999920e-01 2.853962129335263498e+01
7.419999999999999929e-01 2.857047560760782545e+01
7.429999999999999938e-01 2.860135510712687434e+01
7.439999999999999947e-01 2.863225980354839351e+01
7.449999999999999956e-01 2.866318970842208458e+01
7.459999999999999964e-01 2.869414483320940690e+01
7.469999999999999973e-01 2.872512518928389369e+01
7.479999999999999982e-01 2.875613078793195854e+01
7.489999999999999991e-01 2.878716164035298064e+01
7.500000000000000000e-01 2.881821775766031024e+01
7.510000000000000009e-01 2.884929915088124730e+01
7.520000000000000018e-01 2.888040583095801495e+01
7.530000000000000027e-01 2.891153780874782342e+01
7.540000000000000036e-01 2.894269509502376181e+01
7.550000000000000044e-01 2.897387770047489042e+01
7.560000000000000053e-01 2.900508563570709697e+01
7.570000000000000062e-01 2.903631891124323516e+01
7.580000000000000071e-01 2.906757753752385653e+01
7.590000000000000080e-01 2.909886152490756928e+01
7.600000000000000089e-01 2.913017088367151430e+01
7.610000000000000098e-01 2.916150562401185553e+01
7.620000000000000107e-01 2.919286575604418843e+01
7.630000000000000115e-01 2.922425128980413334e+01
7.640000000000000124e-01 2.925566223524754150e+01
7.650000000000000133e-01 2.928709860225138684e+01
7.660000000000000142e-01 2.931856040061356339e+01
7.670000000000000151e-01 2.935004764005406841e+01
7.680000000000000160e-01 2.938156033021484959e+01
7.690000000000000169e-01 2.941309848066065413e+01
7.700000000000000178e-01 2.944466210087912827e+01
7.710000000000000187e-01 2.947625120028165924e+01
7.720000000000000195e-01 2.950786578820333261e+01
7.730000000000000204e-01 2.953950587390376725e+01
7.740000000000000213e-01 2.957117146656741369e+01
7.750000000000000222e-01 2.960286257530382770e+01
7.760000000000000231e-01 2.963457920914834176e+01
7.770000000000000240e-01 2.966632137706225691e+01
7.780000000000000249e-01 2.969808908793348579e+01
7.790000000000000258e-01 2.972988235057674444e+01
7.800000000000000266e-01 2.976170117373413504e+01
7.810000000000000275e-01 2.979354556607548687e+01
7.820000000000000284e-01 2.982541553619872232e+01
7.830000000000000293e-01 2.985731109263038263e+01
7.840000000000000302e-01 2.988923224382588018e+01
7.850000000000000311e-01 2.992117899817000293e+01
7.860000000000000320e-01 2.995315136397731948e+01
7.870000000000000329e-01 2.998514934949253075e+01
7.880000000000000338e-01 3.001717296289080039e+01
7.890000000000000346e-01 3.004922221227824508e+01
7.900000000000000355e-01 3.008129710569231818e+01
7.910000000000000364e-01 3.011339765110214373e+01
7.920000000000000373e-01 3.014552385640889653e+01
7.930000000000000382e-01 3.017767572944622501e+01
7.940000000000000391e-01 3.020985327798063125e+01
7.950000000000000400e-01 3.024205650971181569e+01
7.960000000000000409e-01 3.027428543227296842e+01
7.970000000000000417e-01 3.030654005323137667e+01
7.980000000000000426e-01 3.033882038008852788e+01
7.990000000000000435e-01 3.037112642028063192e+01
8.000000000000000444e-01 3.040345818117896926e+01
8.010000000000000453e-01 3.043581567009012190e+01
8.020000000000000462e-01 3.046819889425667682e+01
8.030000000000000471e-01 3.050060786085701281e+01
8.040000000000000480e-01 3.053304257700630231e+01
8.050000000000000488e-01 3.056550304975626986e+01
8.060000000000000497e-01 3.059798928609609803e+01
8.070000000000000506e-01 3.063050129295219293e+01
8.080000000000000515e-01 3.066303907718907595e+01
8.090000000000000524e-01 3.069560264560939444e+01
8.100000000000000533e-01 3.072819200495436220e+01
8.110000000000000542e-01 3.076080716190407571e+01
8.120000000000000551e-01 3.079344812307784807e+01
8.130000000000000560e-01 3.082611489503462820e+01
8.140000000000000568e-01 3.085880748427321763e+01
8.150000000000000577e-01 3.089152589723262921e+01
8.160000000000000586e-01 3.092427014029249577e+01
8.170000000000000595e-01 3.095704021977338272e+01
8.180000000000000604e-01 3.098983614193686620e+01
8.190000000000000613e-01 3.102265791298631470e+01
8.200000000000000622e-01 3.105550553906670785e+01
8.210000000000000631e-01 3.108837902626547844e+01
8.220000000000000639e-01 3.112127838061225660e+01
8.230000000000000648e-01 3.115420360807976152e+01
8.240000000000000657e-01 3.118715471458357769e+01
8.250000000000000666e-01 3.122013170598297194e+01
8.260000000000000675e-01 3.125313458808072653e+01
8.270000000000000684e-01 3.128616336662388164e+01
8.280000000000000693e-01 3.131921804730359682e+01
8.290000000000000702e-01 3.135229863575596099e+01
8.300000000000000711e-01 3.138540513756180417e+01
8.310000000000000719e-01 3.141853755824727656e+01
8.320000000000000728e-01 3.145169590328424647e+01
8.329999999999999627e-01 3.148488017809016881e+01
8.339999999999999636e-01 3.151809038802889518e+01
8.349999999999999645e-01 3.155132653841051038e+01
8.359999999999999654e-01 3.158458863449205367e+01
8.369999999999999662e-01 3.161787668147736952e+01
8.379999999999999671e-01 3.165119068451780038e+01
8.389999999999999680e-01 3.168453064871212277e+01
8.399999999999999689e-01 3.171789657910716898e+01
8.409999999999999698e-01 3.175128848069779153e+01
8.419999999999999707e-01 3.178470635842736769e+01
8.429999999999999716e-01 3.181815021718792735e+01
8.439999999999999725e-01 3.185162006182062555e+01
8.449999999999999734e-01 3.188511589711579930e+01
8.459999999999999742e-01 3.191863772781330866e+01
8.469999999999999751e-01 3.195218555860293819e+01
8.479999999999999760e-01 3.198575939412445379e+01
8.489999999999999769e-01 3.201935923896816405e+01
8.499999999999999778e-01 3.205298509767477810e+01
8.509999999999999787e-01 3.208663697473608067e+01
8.519999999999999796e-01 3.212031487459489654e+01
8.529999999999999805e-01 3.215401880164569093e+01
8.539999999999999813e-01 3.218774876023424980e+01
8.549999999999999822e-01 3.222150475465867459e+01
8.559999999999999831e-01 3.225528678916906955e+01
8.569999999999999840e-01 3.228909486796800365e+01
8.579999999999999849e-01 3.232292899521085161e+01
8.589999999999999858e-01 3.235678917500592888e+01
8.599999999999999867e-01 3.239067541141469064e+01
8.609999999999999876e-01 3.242458770845217941e+01
8.619999999999999885e-01 3.245852607008708191e+01
8.629999999999999893e-01 3.249249050024211982e+01
8.639999999999999902e-01 3.252648100279417775e+01
8.649999999999999911e-01 3.256049758157458029e+01
8.659999999999999920e-01 3.259454024036942599e+01
8.669999999999999929e-01 3.262860898291975076e+01
8.679999999999999938e-01 3.266270381292171976e+01
8.689999999999999947e-01 3.269682473402695422e+01
8.699999999999999956e-01 3.273097174984274460e+01
8.709999999999999964e-01 3.276514486393232772e+01
8.719999999999999973e-01 3.279934407981499334e+01
8.729999999999999982e-01 3.283356940096647492e+01
8.739999999999999991e-01 3.286782083081898520e+01
8.750000000000000000e-01 3.290209837276170646e+01
8.760000000000000009e-01 3.293640203014084022e+01
8.770000000000000018e-01 3.297073180625984179e+01
8.780000000000000027e-01 3.300508770437969730e+01
8.790000000000000036e-01 3.303946972771919377e+01
8.800000000000000044e-01 3.307387787945499014e+01
8.810000000000000053e-01 3.310831216272195832e+01
8.820000000000000062e-01 3.314277258061347453e+01
8.830000000000000071e-01 3.317725913618137668e+01
8.840000000000000080e-01 3.321177183243658249e+01
8.850000000000000089e-01 3.324631067234877690e+01
8.860000000000000098e-01 3.328087565884729315e+01
8.870000000000000107e-01 3.331546679482058693e+01
8.880000000000000115e-01 3.335008408311716011e+01
8.890000000000000124e-01 3.338472752654521969e+01
8.900000000000000133e-01 3.341939712787318228e+01
8.910000000000000142e-01 3.345409288982982332e+01
8.920000000000000151e-01 3.348881481510454705e+01
8.930000000000000160e-01 3.352356290634731550e+01
8.940000000000000169e-01 3.355833716616931639e+01
8.950000000000000178e-01 3.359313759714272152e+01
8.960000000000000187e-01 3.362796420180119839e+01
8.970000000000000195e-01 3.366281698263998123e+01
8.980000000000000204e-01 3.369769594211602737e+01
8.990000000000000213e-01 3.373260108264841506e+01
9.000000000000000222e-01 3.376753240661825117e+01
9.010000000000000231e-01 3.380248991636918277e+01
9.020000000000000240e-01 3.383747361420729760e+01
9.030000000000000249e-01 3.387248350240165706e+01
9.040000000000000258e-01 3.390751958318403325e+01
9.050000000000000266e-01 3.394258185874968348e+01
9.060000000000000275e-01 3.397767033125695235e+01
9.070000000000000284e-01 3.401278500282796102e+01
9.080000000000000293e-01 3.404792587554833716e+01
9.090000000000000302e-01 3.408309295146796103e+01
9.100000000000000311e-01 3.411828623260053206e+01
9.110000000000000320e-01 3.415350572092427228e+01
9.120000000000000329e-01 3.418875141838182685e+01
9.130000000000000338e-01 3.422402332688054827e+01
9.140000000000000346e-01 3.425932144829261006e+01
9.150000000000000355e-01 3.429464578445525547e+01
9.160000000000000364e-01 3.432999633717111720e+01
9.170000000000000373e-01 3.436537310820802560e+01
9.180000000000000382e-01 3.440077609929954150e+01
9.190000000000000391e-01 3.443620531214489944e+01
9.200000000000000400e-01 3.447166074840948369e+01
9.210000000000000409e-01 3.450714240972458668e+01
9.220000000000000417e-01 3.454265029768802719e+01
9.230000000000000426e-01 3.457818441386388031e+01
9.240000000000000435e-01 3.461374475978310983e+01
9.250000000000000444e-01 3.464933133694335510e+01
9.260000000000000453e-01 3.468494414680937865e+01
9.270000000000000462e-01 3.472058319081303779e+01
9.280000000000000471e-01 3.475624847035354748e+01
9.290000000000000480e-01 3.479193998679767219e+01
9.300000000000000488e-01 3.482765774147990356e+01
9.310000000000000497e-01 3.486340173570249590e+01
9.320000000000000506e-01 3.489917197073578592e+01
9.330000000000000515e-01 3.493496844781829225e+01
9.340000000000000524e-01 3.497079116815690725e+01
9.350000000000000533e-01 3.500664013292699650e+01
9.360000000000000542e-01 3.504251534327264039e+01
9.370000000000000551e-01 3.507841680030674070e+01
9.380000000000000560e-01 3.511434450511121241e+01
9.390000000000000568e-01 3.515029845873720404e+01
9.400000000000000577e-01 3.518627866220509048e+01
9.410000000000000586e-01 3.522228511650477145e+01
9.420000000000000595e-01 3.525831782259581360e+01
9.430000000000000604e-01 3.529437678140753576e+01
9.440000000000000613e-01 3.533046199383922215e+01
9.450000000000000622e-01 3.536657346076034969e+01
9.460000000000000631e-01 3.540271118301048148e+01
9.470000000000000639e-01 3.543887516139983518e+01
9.480000000000000648e-01 3.547506539670899883e+01
9.490000000000000657e-01 3.551128188968944244e+01
9.500000000000000666e-01 3.554752464106334742e+01
9.510000000000000675e-01 3.558379365152406137e+01
9.520000000000000684e-01 3.562008892173602703e+01
9.530000000000000693e-01 3.565641045233504514e+01
9.540000000000000702e-01 3.569275824392837393e+01
9.550000000000000711e-01 3.572913229709497784e+01
9.560000000000000719e-01 3.576553261238537118e+01
9.570000000000000728e-01 3.580195919032224339e+01
9.580000000000000737e-01 3.583841203140006115e+01
9.590000000000000746e-01 3.587489113608580737e+01
9.599999999999999645e-01 3.591139650481847667e+01
9.609999999999999654e-01 3.594792813800982856e+01
9.619999999999999662e-01 3.598448603604407481e+01
9.629999999999999671e-01 3.602107019927826315e+01
9.639999999999999680e-01 3.605768062804234830e+01
9.649999999999999689e-01 3.609431732263924175e+01
9.659999999999999698e-01 3.613098028334523804e+01
9.669999999999999707e-01 3.616766951040969502e+01
9.679999999999999716e-01 3.620438500405573023e+01
9.689999999999999725e-01 3.624112676447968795e+01
9.699999999999999734e-01 3.627789479185203447e+01
9.709999999999999742e-01 3.631468908631678971e+01
9.719999999999999751e-01 3.635150964799218087e+01
9.729999999999999760e-01 3.638835647697040798e+01
9.739999999999999769e-01 3.642522957331808442e+01
9.749999999999999778e-01 3.646212893707609481e+01
9.759999999999999787e-01 3.649905456826004269e+01
9.769999999999999796e-01 3.653600646685984543e+01
9.779999999999999805e-01 3.657298463284062251e+01
9.789999999999999813e-01 3.660998906614210568e+01
9.799999999999999822e-01 3.664701976667922168e+01
9.809999999999999831e-01 3.668407673434209215e+01
9.819999999999999840e-01 3.672115996899595558e+01
9.829999999999999849e-01 3.675826947048171434e+01
9.839999999999999858e-01 3.679540523861565049e+01
9.849999999999999867e-01 3.683256727318987345e+01
9.859999999999999876e-01 3.686975557397213521e+01
9.869999999999999885e-01 3.690697014070624959e+01
9.879999999999999893e-01 3.694421097311199986e+01
9.889999999999999902e-01 3.698147807088544425e+01
9.899999999999999911e-01 3.701877143369873124e+01
9.909999999999999920e-01 3.705609106120066798e+01
9.919999999999999929e-01 3.709343695301645738e+01
9.929999999999999938e-01 3.713080910874801788e+01
9.939999999999999947e-01 3.716820752797394789e+01
9.949999999999999956e-01 3.720563221024988110e+01
9.959999999999999964e-01 3.724308315510835143e+01
9.969999999999999973e-01 3.728056036205911283e+01
9.979999999999999982e-01 3.731806383058905396e+01
9.989999999999999991e-01 3.735559356016250376e+01
1.000000000000000000e+00 3.739314955022127407e+01
