0.000000000000000000e+00 0.000000000000000000e+00
1.000000000000000021e-03 9.428788067371676185e-01
2.000000000000000042e-03 1.406063121290051399e+00
3.000000000000000062e-03 1.763090571353484792e+00
4.000000000000000083e-03 2.062201310377665298e+00
5.000000000000000104e-03 2.323213467582818659e+00
6.000000000000000125e-03 2.556681118783160844e+00
7.000000000000000146e-03 2.769048741606423114e+00
8.000000000000000167e-03 2.964606001690328174e+00
9.000000000000001055e-03 3.146384300839793369e+00
1.000000000000000021e-02 3.316622412076209336e+00
1.099999999999999936e-02 3.477030739072946020e+00
1.200000000000000025e-02 3.628951652977117526e+00
1.300000000000000114e-02 3.773462000318323017e+00
1.400000000000000029e-02 3.911441461219681948e+00
1.499999999999999944e-02 4.043619746089897937e+00
1.600000000000000033e-02 4.170610145487462006e+00
1.700000000000000122e-02 4.292933978416734853e+00
1.800000000000000211e-02 4.411038793493256449e+00
1.899999999999999953e-02 4.525312174274064958e+00
2.000000000000000042e-02 4.636092383488818136e+00
2.100000000000000130e-02 4.743676690116791050e+00
2.199999999999999872e-02 4.848327968779159391e+00
2.299999999999999961e-02 4.950279991191213647e+00
2.400000000000000050e-02 5.049741713776422003e+00
2.500000000000000139e-02 5.146900785224041819e+00
2.600000000000000228e-02 5.241926441010172688e+00
2.699999999999999969e-02 5.334971911152821100e+00
2.800000000000000058e-02 5.426176437794950402e+00
2.900000000000000147e-02 5.515666977310610619e+00
2.999999999999999889e-02 5.603559645273566758e+00
3.099999999999999978e-02 5.689960950275082752e+00
3.200000000000000067e-02 5.774968853151290382e+00
3.300000000000000155e-02 5.858673680918307980e+00
3.400000000000000244e-02 5.941158919068083577e+00
3.500000000000000333e-02 6.022501901453150452e+00
3.600000000000000422e-02 6.102774413492974226e+00
3.699999999999999817e-02 6.182043221653276355e+00
3.799999999999999906e-02 6.260370539921138011e+00
3.899999999999999994e-02 6.337814442201691101e+00
4.000000000000000083e-02 6.414429228104278735e+00
4.100000000000000172e-02 6.490265748396188528e+00
4.200000000000000261e-02 6.565371695426221343e+00
4.300000000000000350e-02 6.639791863015200413e+00
4.399999999999999745e-02 6.713568379643670703e+00
4.499999999999999833e-02 6.786740918211701334e+00
4.599999999999999922e-02 6.859346885181047071e+00
4.700000000000000011e-02 6.931421591520399161e+00
4.800000000000000100e-02 7.002998407545065973e+00
4.900000000000000189e-02 7.074108903464633613e+00
5.000000000000000278e-02 7.144782977215358599e+00
5.100000000000000366e-02 7.215048970952801177e+00
5.200000000000000455e-02 7.284933777407495370e+00
5.299999999999999850e-02 7.354462937158988467e+00
5.399999999999999939e-02 7.423660727755764022e+00
5.500000000000000028e-02 7.492550245499055350e+00
5.600000000000000117e-02 7.561153480613219457e+00
5.700000000000000205e-02 7.629491386442746048e+00
5.800000000000000294e-02 7.697583943244151072e+00
5.900000000000000383e-02 7.765450217078220696e+00
5.999999999999999778e-02 7.833108414253152851e+00
6.099999999999999867e-02 7.900575931721157019e+00
6.199999999999999956e-02 7.967869403788683691e+00
6.300000000000000044e-02 8.035004745463146136e+00
6.400000000000000133e-02 8.101997192726392072e+00
6.500000000000000222e-02 8.168861339995759252e+00
6.600000000000000311e-02 8.235611175008155982e+00
6.700000000000000400e-02 8.302260111339345272e+00
6.800000000000000488e-02 8.368821018750635332e+00
6.900000000000000577e-02 8.435306251536832889e+00
7.000000000000000666e-02 8.501727675033141196e+00
7.100000000000000755e-02 8.568096690424294337e+00
7.200000000000000844e-02 8.634424257986218265e+00
7.299999999999999545e-02 8.700720918878872112e+00
7.399999999999999634e-02 8.766996815598446346e+00
7.499999999999999722e-02 8.833261711187780918e+00
7.599999999999999811e-02 8.899525007295350676e+00
7.699999999999999900e-02 8.965795761165377797e+00
7.799999999999999989e-02 9.032082701635088640e+00
7.900000000000000078e-02 9.098394244208382275e+00
8.000000000000000167e-02 9.164738505269996338e+00
8.100000000000000255e-02 9.231123315498729553e+00
8.200000000000000344e-02 9.297556232533921161e+00
8.300000000000000433e-02 9.364044552944825739e+00
8.400000000000000522e-02 9.430595323549026077e+00
8.500000000000000611e-02 9.497215352122120535e+00
8.600000000000000699e-02 9.563911217538002774e+00
8.700000000000000788e-02 9.630689279375928891e+00
8.799999999999999489e-02 9.697555687028019733e+00
8.899999999999999578e-02 9.764516388338201125e+00
8.999999999999999667e-02 9.831577137801541966e+00
9.099999999999999756e-02 9.898743504350724365e+00
9.199999999999999845e-02 9.966020878754575207e+00
9.299999999999999933e-02 1.003341448065172337e+01
9.400000000000000022e-02 1.010092936524098128e+01
9.500000000000000111e-02 1.016857042964853264e+01
9.600000000000000200e-02 1.023634241899048547e+01
9.700000000000000289e-02 1.030424993214839802e+01
9.800000000000000377e-02 1.037229742727391724e+01
9.900000000000000466e-02 1.044048922703772142e+01
1.000000000000000056e-01 1.050882952363711276e+01
1.010000000000000064e-01 1.057732238357538357e+01
1.020000000000000073e-01 1.064597175222548131e+01
1.030000000000000082e-01 1.071478145818951333e+01
1.040000000000000091e-01 1.078375521746528776e+01
1.049999999999999961e-01 1.085289663742964095e+01
1.059999999999999970e-01 1.092220922064864652e+01
1.069999999999999979e-01 1.099169636852342435e+01
1.079999999999999988e-01 1.106136138478010977e+01
1.089999999999999997e-01 1.113120747881192685e+01
1.100000000000000006e-01 1.120123776888087619e+01
1.110000000000000014e-01 1.127145528518610718e+01
1.120000000000000023e-01 1.134186297280546185e+01
1.130000000000000032e-01 1.141246369451670795e+01
1.140000000000000041e-01 1.148326023350406899e+01
1.150000000000000050e-01 1.155425529595580159e+01
1.160000000000000059e-01 1.162545151355796591e+01
1.170000000000000068e-01 1.169685144588940595e+01
1.180000000000000077e-01 1.176845758272255082e+01
1.190000000000000085e-01 1.184027234623445679e+01
1.199999999999999956e-01 1.191229809313237098e+01
1.209999999999999964e-01 1.198453711669759691e+01
1.219999999999999973e-01 1.205699164875155560e+01
1.229999999999999982e-01 1.212966386154746168e+01
1.239999999999999991e-01 1.220255586959104832e+01
1.250000000000000000e-01 1.227566973139350992e+01
1.260000000000000009e-01 1.234900745115957932e+01
1.270000000000000018e-01 1.242257098041370611e+01
1.280000000000000027e-01 1.249636221956705029e+01
1.290000000000000036e-01 1.257038301942768044e+01
1.300000000000000044e-01 1.264463518265672271e+01
1.310000000000000053e-01 1.271912046517243766e+01
1.320000000000000062e-01 1.279384057750475279e+01
1.330000000000000071e-01 1.286879718610204648e+01
1.340000000000000080e-01 1.294399191459242004e+01
1.350000000000000089e-01 1.301942634500124640e+01
1.360000000000000098e-01 1.309510201892671333e+01
1.370000000000000107e-01 1.317102043867527073e+01
1.380000000000000115e-01 1.324718306835847592e+01
1.390000000000000124e-01 1.332359133495282677e+01
1.400000000000000133e-01 1.340024662932406940e+01
1.410000000000000142e-01 1.347715030721741591e+01
1.420000000000000151e-01 1.355430369021498649e+01
1.430000000000000160e-01 1.363170806666186330e+01
1.440000000000000169e-01 1.370936469256176338e+01
1.449999999999999900e-01 1.378727479244373377e+01
1.459999999999999909e-01 1.386543956020093660e+01
1.469999999999999918e-01 1.394386015990246719e+01
1.479999999999999927e-01 1.402253772657935826e+01
1.489999999999999936e-01 1.410147336698573994e+01
1.499999999999999944e-01 1.418066816033602962e+01
1.509999999999999953e-01 1.426012315901905581e+01
1.519999999999999962e-01 1.433983938928999535e+01
1.529999999999999971e-01 1.441981785194100141e+01
1.539999999999999980e-01 1.450005952295108003e+01
1.549999999999999989e-01 1.458056535411636467e+01
1.559999999999999998e-01 1.466133627366097336e+01
1.570000000000000007e-01 1.474237318682973807e+01
1.580000000000000016e-01 1.482367697646290594e+01
1.590000000000000024e-01 1.490524850355376962e+01
1.600000000000000033e-01 1.498708860778988239e+01
1.610000000000000042e-01 1.506919810807808702e+01
1.620000000000000051e-01 1.515157780305434621e+01
1.630000000000000060e-01 1.523422847157860893e+01
1.640000000000000069e-01 1.531715087321526703e+01
1.650000000000000078e-01 1.540034574869991246e+01
1.660000000000000087e-01 1.548381382039254284e+01
1.670000000000000095e-01 1.556755579271793266e+01
1.680000000000000104e-01 1.565157235259344759e+01
1.690000000000000113e-01 1.573586416984480785e+01
1.700000000000000122e-01 1.582043189761015967e+01
1.710000000000000131e-01 1.590527617273291483e+01
1.720000000000000140e-01 1.599039761614352706e+01
1.730000000000000149e-01 1.607579683323090336e+01
1.740000000000000158e-01 1.616147441420344677e+01
1.750000000000000167e-01 1.624743093444030606e+01
1.759999999999999898e-01 1.633366695483299935e+01
1.769999999999999907e-01 1.642018302211783976e+01
1.779999999999999916e-01 1.650697966919933179e+01
1.789999999999999925e-01 1.659405741546495960e+01
1.799999999999999933e-01 1.668141676709156229e+01
1.809999999999999942e-01 1.676905821734349189e+01
1.819999999999999951e-01 1.685698224686300861e+01
1.829999999999999960e-01 1.694518932395297739e+01
1.839999999999999969e-01 1.703367990485211081e+01
1.849999999999999978e-01 1.712245443400315992e+01
1.859999999999999987e-01 1.721151334431400315e+01
1.869999999999999996e-01 1.730085705741218050e+01
1.880000000000000004e-01 1.739048598389273081e+01
1.890000000000000013e-01 1.748040052355968044e+01
1.900000000000000022e-01 1.757060106566157742e+01
1.910000000000000031e-01 1.766108798912085831e+01
1.920000000000000040e-01 1.775186166275750210e+01
1.930000000000000049e-01 1.784292244550705320e+01
1.940000000000000058e-01 1.793427068663328328e+01
1.950000000000000067e-01 1.802590672593538201e+01
1.960000000000000075e-01 1.811783089395022017e+01
1.970000000000000084e-01 1.821004351214940442e+01
1.980000000000000093e-01 1.830254489313175981e+01
1.990000000000000102e-01 1.839533534081080290e+01
2.000000000000000111e-01 1.848841515059790197e+01
2.010000000000000120e-01 1.858178460958089318e+01
2.020000000000000129e-01 1.867544399669833410e+01
2.030000000000000138e-01 1.876939358290965743e+01
2.040000000000000147e-01 1.886363363136122473e+01
2.050000000000000155e-01 1.895816439754840488e+01
2.060000000000000164e-01 1.905298612947381542e+01
2.070000000000000173e-01 1.914809906780183013e+01
2.080000000000000182e-01 1.924350344600943075e+01
2.089999999999999913e-01 1.933919949053352383e+01
2.099999999999999922e-01 1.943518742091487539e+01
2.109999999999999931e-01 1.953146744993858164e+01
2.119999999999999940e-01 1.962803978377137071e+01
2.129999999999999949e-01 1.972490462209575668e+01
2.139999999999999958e-01 1.982206215824101747e+01
2.149999999999999967e-01 1.991951257931125951e+01
2.159999999999999976e-01 2.001725606631052301e+01
2.169999999999999984e-01 2.011529279426502015e+01
2.179999999999999993e-01 2.021362293234271590e+01
2.190000000000000002e-01 2.031224664397003465e+01
2.200000000000000011e-01 2.041116408694612616e+01
2.210000000000000020e-01 2.051037541355444915e+01
2.220000000000000029e-01 2.060988077067194624e+01
2.230000000000000038e-01 2.070968029987571413e+01
2.240000000000000047e-01 2.080977413754742855e+01
2.250000000000000056e-01 2.091016241497534267e+01
2.260000000000000064e-01 2.101084525845416806e+01
2.270000000000000073e-01 2.111182278938258250e+01
2.280000000000000082e-01 2.121309512435888678e+01
2.290000000000000091e-01 2.131466237527432384e+01
2.300000000000000100e-01 2.141652464940452560e+01
2.310000000000000109e-01 2.151868204949892061e+01
2.320000000000000118e-01 2.162113467386830834e+01
2.330000000000000127e-01 2.172388261647040864e+01
2.340000000000000135e-01 2.182692596699373055e+01
2.350000000000000144e-01 2.193026481093957614e+01
2.360000000000000153e-01 2.203389922970231396e+01
2.370000000000000162e-01 2.213782930064800780e+01
2.380000000000000171e-01 2.224205509719131157e+01
2.390000000000000180e-01 2.234657668887082593e+01
2.399999999999999911e-01 2.245139414142280287e+01
2.409999999999999920e-01 2.255650751685339017e+01
2.419999999999999929e-01 2.266191687350931971e+01
2.429999999999999938e-01 2.276762226614718543e+01
2.439999999999999947e-01 2.287362374600118287e+01
2.449999999999999956e-01 2.297992136084962311e+01
2.459999999999999964e-01 2.308651515507990837e+01
2.469999999999999973e-01 2.319340516975230315e+01
2.479999999999999982e-01 2.330059144266237325e+01
2.489999999999999991e-01 2.340807400840213148e+01
2.500000000000000000e-01 2.351585289841992576e+01
2.510000000000000009e-01 2.362392814107921879e+01
2.520000000000000018e-01 2.373229976171604960e+01
2.530000000000000027e-01 2.384096778269548267e+01
2.540000000000000036e-01 2.394993222346682771e+01
2.550000000000000044e-01 2.405919310061774397e+01
2.560000000000000053e-01 2.416875042792736394e+01
2.570000000000000062e-01 2.427860421641834066e+01
2.580000000000000071e-01 2.438875447440775446e+01
2.590000000000000080e-01 2.449920120755717079e+01
2.600000000000000089e-01 2.460994441892162143e+01
2.610000000000000098e-01 2.472098410899765142e+01
2.620000000000000107e-01 2.483232027577045997e+01
2.630000000000000115e-01 2.494395291476001475e+01
2.640000000000000124e-01 2.505588201906641643e+01
2.650000000000000133e-01 2.516810757941431120e+01
2.660000000000000142e-01 2.528062958419639727e+01
2.670000000000000151e-01 2.539344801951622799e+01
2.680000000000000160e-01 2.550656286923002014e+01
2.690000000000000169e-01 2.561997411498784416e+01
2.700000000000000178e-01 2.573368173627388700e+01
2.710000000000000187e-01 2.584768571044598673e+01
2.720000000000000195e-01 2.596198601277447793e+01
2.730000000000000204e-01 2.607658261648021991e+01
2.740000000000000213e-01 2.619147549277197129e+01
2.750000000000000222e-01 2.630666461088294739e+01
2.760000000000000231e-01 2.642214993810691936e+01
2.770000000000000240e-01 2.653793143983332570e+01
2.780000000000000249e-01 2.665400907958202836e+01
2.790000000000000258e-01 2.677038281903723416e+01
2.800000000000000266e-01 2.688705261808078006e+01
2.810000000000000275e-01 2.700401843482494613e+01
2.820000000000000284e-01 2.712128022564458973e+01
2.830000000000000293e-01 2.723883794520858359e+01
2.840000000000000302e-01 2.735669154651072077e+01
2.850000000000000311e-01 2.747484098090036753e+01
2.860000000000000320e-01 2.759328619811195793e+01
2.870000000000000329e-01 2.771202714629446362e+01
2.880000000000000338e-01 2.783106377204007842e+01
2.889999999999999791e-01 2.795039602041244819e+01
2.899999999999999800e-01 2.807002383497438913e+01
2.909999999999999809e-01 2.818994715781513705e+01
2.919999999999999818e-01 2.831016592957693234e+01
2.929999999999999827e-01 2.843068008948148062e+01
2.939999999999999836e-01 2.855148957535547538e+01
2.949999999999999845e-01 2.867259432365606742e+01
2.959999999999999853e-01 2.879399426949569829e+01
2.969999999999999862e-01 2.891568934666641510e+01
2.979999999999999871e-01 2.903767948766401830e+01
2.989999999999999880e-01 2.915996462371137099e+01
2.999999999999999889e-01 2.928254468478183270e+01
3.009999999999999898e-01 2.940541959962170182e+01
3.019999999999999907e-01 2.952858929577268299e+01
3.029999999999999916e-01 2.965205369959386061e+01
3.039999999999999925e-01 2.977581273628308622e+01
3.049999999999999933e-01 2.989986632989832671e+01
3.059999999999999942e-01 3.002421440337829495e+01
3.069999999999999951e-01 3.014885687856307683e+01
3.079999999999999960e-01 3.027379367621399808e+01
3.089999999999999969e-01 3.039902471603353362e+01
3.099999999999999978e-01 3.052454991668460593e+01
3.109999999999999987e-01 3.065036919580960628e+01
3.119999999999999996e-01 3.077648247004930226e+01
3.130000000000000004e-01 3.090288965506098506e+01
3.140000000000000013e-01 3.102959066553676237e+01
3.150000000000000022e-01 3.115658541522119407e+01
3.160000000000000031e-01 3.128387381692889946e+01
3.170000000000000040e-01 3.141145578256161031e+01
3.180000000000000049e-01 3.153933122312509241e+01
3.190000000000000058e-01 3.166750004874579005e+01
3.200000000000000067e-01 3.179596216868701219e+01
3.210000000000000075e-01 3.192471749136517545e+01
3.220000000000000084e-01 3.205376592436532235e+01
3.230000000000000093e-01 3.218310737445679592e+01
3.240000000000000102e-01 3.231274174760837781e+01
3.250000000000000111e-01 3.244266894900338372e+01
3.260000000000000120e-01 3.257288888305421892e+01
3.270000000000000129e-01 3.270340145341700122e+01
3.280000000000000138e-01 3.283420656300578599e+01
3.290000000000000147e-01 3.296530411400645733e+01
3.300000000000000155e-01 3.309669400789062621e+01
3.310000000000000164e-01 3.322837614542909535e+01
3.320000000000000173e-01 3.336035042670520312e+01
3.330000000000000182e-01 3.349261675112791181e+01
3.340000000000000191e-01 3.362517501744461867e+01
3.350000000000000200e-01 3.375802512375395281e+01
3.360000000000000209e-01 3.389116696751804625e+01
3.370000000000000218e-01 3.402460044557504659e+01
3.380000000000000226e-01 3.415832545415081256e+01
3.390000000000000235e-01 3.429234188887111401e+01
3.400000000000000244e-01 3.442664964477302902e+01
3.410000000000000253e-01 3.456124861631653289e+01
3.420000000000000262e-01 3.469613869739573886e+01
3.430000000000000271e-01 3.483131978134998974e+01
3.440000000000000280e-01 3.496679176097480024e+01
3.450000000000000289e-01 3.510255452853253644e+01
3.460000000000000298e-01 3.523860797576304549e+01
3.470000000000000306e-01 3.537495199389393008e+01
3.480000000000000315e-01 3.551158647365090815e+01
3.490000000000000324e-01 3.564851130526780310e+01
3.500000000000000333e-01 3.578572637849634930e+01
3.510000000000000342e-01 3.592323158261609706e+01
3.519999999999999796e-01 3.606102680644385572e+01
3.529999999999999805e-01 3.619911193834317231e+01
3.539999999999999813e-01 3.633748686623356150e+01
3.549999999999999822e-01 3.647615147759971421e+01
3.559999999999999831e-01 3.661510565950031548e+01
3.569999999999999840e-01 3.675434929857703992e+01
3.579999999999999849e-01 3.689388228106319900e+01
3.589999999999999858e-01 3.703370449279220367e+01
3.599999999999999867e-01 3.717381581920607658e+01
3.609999999999999876e-01 3.731421614536367315e+01
3.619999999999999885e-01 3.745490535594893089e+01
3.629999999999999893e-01 3.759588333527871384e+01
3.639999999999999902e-01 3.773714996731095539e+01
3.649999999999999911e-01 3.787870513565215447e+01
3.659999999999999920e-01 3.802054872356521287e+01
3.669999999999999929e-01 3.816268061397690303e+01
3.679999999999999938e-01 3.830510068948521507e+01
3.689999999999999947e-01 3.844780883236677482e+01
3.699999999999999956e-01 3.859080492458387823e+01
3.709999999999999964e-01 3.873408884779165362e+01
3.719999999999999973e-01 3.887766048334496816e+01
3.729999999999999982e-01 3.902151971230529881e+01
3.739999999999999991e-01 3.916566641544737593e+01
3.750000000000000000e-01 3.931010047326599732e+01
3.760000000000000009e-01 3.945482176598235924e+01
3.770000000000000018e-01 3.959983017355055779e+01
3.780000000000000027e-01 3.974512557566393411e+01
3.790000000000000036e-01 3.989070785176127742e+01
3.800000000000000044e-01 4.003657688103292855e+01
3.810000000000000053e-01 4.018273254242685510e+01
3.820000000000000062e-01 4.032917471465459158e+01
3.830000000000000071e-01 4.047590327619701611e+01
3.840000000000000080e-01 4.062291810531018399e+01
3.850000000000000089e-01 4.077021908003091255e+01
3.860000000000000098e-01 4.091780607818245841e+01
3.870000000000000107e-01 4.106567897737994599e+01
3.880000000000000115e-01 4.121383765503576768e+01
3.890000000000000124e-01 4.136228198836491998e+01
3.900000000000000133e-01 4.151101185439030417e+01
3.910000000000000142e-01 4.166002712994772139e+01
3.920000000000000151e-01 4.180932769169113783e+01
3.930000000000000160e-01 4.195891341609758030e+01
3.940000000000000169e-01 4.210878417947210295e+01
3.950000000000000178e-01 4.225893985795262608e+01
3.960000000000000187e-01 4.240938032751465414e+01
3.970000000000000195e-01 4.256010546397604344e+01
3.980000000000000204e-01 4.271111514300167755e+01
3.990000000000000213e-01 4.286240924010781583e+01
4.000000000000000222e-01 4.301398763066691799e+01
4.010000000000000231e-01 4.316585018991170131e+01
4.020000000000000240e-01 4.331799679293972360e+01
4.030000000000000249e-01 4.347042731471761101e+01
4.040000000000000258e-01 4.362314163008519330e+01
4.050000000000000266e-01 4.377613961375983109e+01
4.060000000000000275e-01 4.392942114034033807e+01
4.070000000000000284e-01 4.408298608431107368e+01
4.080000000000000293e-01 4.423683432004594351e+01
4.090000000000000302e-01 4.439096572181222911e+01
4.100000000000000311e-01 4.454538016377450305e+01
4.110000000000000320e-01 4.470007751999831669e+01
4.120000000000000329e-01 4.485505766445413656e+01
4.130000000000000338e-01 4.501032047102075495e+01
4.140000000000000346e-01 4.516586581348903451e+01
4.150000000000000355e-01 4.532169356556553197e+01
4.160000000000000364e-01 4.547780360087588747e+01
4.169999999999999818e-01 4.563419579296828488e+01
4.179999999999999827e-01 4.579087001531697609e+01
4.189999999999999836e-01 4.594782614132550691e+01
4.199999999999999845e-01 4.610506404432997130e+01
4.209999999999999853e-01 4.626258359760250016e+01
4.219999999999999862e-01 4.642038467435416038e+01
4.229999999999999871e-01 4.657846714773828012e+01
4.239999999999999880e-01 4.673683089085350417e+01
4.249999999999999889e-01 4.689547577674687062e+01
4.259999999999999898e-01 4.705440167841678800e+01
4.269999999999999907e-01 4.721360846881600537e+01
4.279999999999999916e-01 4.737309602085453974e+01
4.289999999999999925e-01 4.753286420740245433e+01
4.299999999999999933e-01 4.769291290129294936e+01
4.309999999999999942e-01 4.785324197532474244e+01
4.319999999999999951e-01 4.801385130226524467e+01
4.329999999999999960e-01 4.817474075485290541e+01
4.339999999999999969e-01 4.833591020580008291e+01
4.349999999999999978e-01 4.849735952779556669e+01
4.359999999999999987e-01 4.865908859350719950e+01
4.369999999999999996e-01 4.882109727558442103e+01
4.380000000000000004e-01 4.898338544666070504e+01
4.390000000000000013e-01 4.914595297935613161e+01
4.400000000000000022e-01 4.930879974627967499e+01
4.410000000000000031e-01 4.947192562003174032e+01
4.420000000000000040e-01 4.963533047320638758e+01
4.430000000000000049e-01 4.979901417839367639e+01
4.440000000000000058e-01 4.996297660818208186e+01
4.450000000000000067e-01 5.012721763516045570e+01
4.460000000000000075e-01 5.029173713192053441e+01
4.470000000000000084e-01 5.045653497105896435e+01
4.480000000000000093e-01 5.062161102517941913e+01
4.490000000000000102e-01 5.078696516689479523e+01
4.500000000000000111e-01 5.095259726882930806e+01
4.510000000000000120e-01 5.111850720362039624e+01
4.520000000000000129e-01 5.128469484392086031e+01
4.530000000000000138e-01 5.145116006240079543e+01
4.540000000000000147e-01 5.161790273174960220e+01
4.550000000000000155e-01 5.178492272467786961e+01
4.560000000000000164e-01 5.195221991391915850e+01
4.570000000000000173e-01 5.211979417223216160e+01
4.580000000000000182e-01 5.228764537240216725e+01
4.590000000000000191e-01 5.245577338724314842e+01
4.600000000000000200e-01 5.262417808959948928e+01
4.610000000000000209e-01 5.279285935234753424e+01
4.620000000000000218e-01 5.296181704839766979e+01
4.630000000000000226e-01 5.313105105069569589e+01
4.640000000000000235e-01 5.330056123222465914e+01
4.650000000000000244e-01 5.347034746600643729e+01
4.660000000000000253e-01 5.364040962510352273e+01
4.670000000000000262e-01 5.381074758262026592e+01
4.680000000000000271e-01 5.398136121170481516e+01
4.690000000000000280e-01 5.415225038555048087e+01
4.700000000000000289e-01 5.432341497739723479e+01
4.710000000000000298e-01 5.449485486053336558e+01
4.720000000000000306e-01 5.466656990829670093e+01
4.730000000000000315e-01 5.483855999407636261e+01
4.740000000000000324e-01 5.501082499131388204e+01
4.750000000000000333e-01 5.518336477350486291e+01
4.760000000000000342e-01 5.535617921420021048e+01
4.770000000000000351e-01 5.552926818700764500e+01
4.780000000000000360e-01 5.570263156559273909e+01
4.790000000000000369e-01 5.587626922368060178e+01
4.799999999999999822e-01 5.605018103505702243e+01
4.809999999999999831e-01 5.622436687356964313e+01
4.819999999999999840e-01 5.639882661312939405e+01
4.829999999999999849e-01 5.657356012771158049e+01
4.839999999999999858e-01 5.674856729135722588e+01
4.849999999999999867e-01 5.692384797817418729e+01
4.859999999999999876e-01 5.709940206233841309e+01
4.869999999999999885e-01 5.727522941809493773e+01
4.879999999999999893e-01 5.745132991975923176e+01
4.889999999999999902e-01 5.762770344171821790e+01
4.899999999999999911e-01 5.780434985843134399e+01
4.909999999999999920e-01 5.798126904443176244e+01
4.919999999999999929e-01 5.815846087432736056e+01
4.929999999999999938e-01 5.833592522280166293e+01
4.939999999999999947e-01 5.851366196461523828e+01
4.949999999999999956e-01 5.869167097460626792e+01
4.959999999999999964e-01 5.886995212769192420e+01
4.969999999999999973e-01 5.904850529886913080e+01
4.979999999999999982e-01 5.922733036321555744e+01
4.989999999999999991e-01 5.940642719589065024e+01
5.000000000000000000e-01 5.958579567213655537e+01
5.010000000000000009e-01 5.976543566727898593e+01
5.020000000000000018e-01 5.994534705672816699e+01
5.030000000000000027e-01 6.012552971597972373e+01
5.040000000000000036e-01 6.030598352061552703e+01
5.050000000000000044e-01 6.048670834630458870e+01
5.060000000000000053e-01 6.066770406880393551e+01
5.070000000000000062e-01 6.084897056395939785e+01
5.080000000000000071e-01 6.103050770770641975e+01
5.090000000000000080e-01 6.121231537607083339e+01
5.100000000000000089e-01 6.139439344516981834e+01
5.110000000000000098e-01 6.157674179121242020e+01
5.120000000000000107e-01 6.175936029050061649e+01
5.130000000000000115e-01 6.194224881942977134e+01
5.140000000000000124e-01 6.212540725448956636e+01
5.150000000000000133e-01 6.230883547226465424e+01
5.160000000000000142e-01 6.249253334943547600e+01
5.170000000000000151e-01 6.267650076277871563e+01
5.180000000000000160e-01 6.286073758916827359e+01
5.190000000000000169e-01 6.304524370557576418e+01
5.200000000000000178e-01 6.323001898907119767e+01
5.210000000000000187e-01 6.341506331682381159e+01
5.220000000000000195e-01 6.360037656610239765e+01
5.230000000000000204e-01 6.378595861427624669e+01
5.240000000000000213e-01 6.397180933881554665e+01
5.250000000000000222e-01 6.415792861729205754e+01
5.260000000000000231e-01 6.434431632737974383e+01
5.270000000000000240e-01 6.453097234685532158e+01
5.280000000000000249e-01 6.471789655359893345e+01
5.290000000000000258e-01 6.490508882559451820e+01
5.300000000000000266e-01 6.509254904093052119e+01
5.310000000000000275e-01 6.528027707780036337e+01
5.320000000000000284e-01 6.546827281450309499e+01
5.330000000000000293e-01 6.565653612944369399e+01
5.340000000000000302e-01 6.584506690113381921e+01
5.350000000000000311e-01 6.603386500819219407e+01
5.360000000000000320e-01 6.622293032934510393e+01
5.370000000000000329e-01 6.641226274342693614e+01
5.380000000000000338e-01 6.660186212938046424e+01
5.390000000000000346e-01 6.679172836625772902e+01
5.400000000000000355e-01 6.698186133322002433e+01
5.410000000000000364e-01 6.717226090953866446e+01
5.420000000000000373e-01 6.736292697459526835e+01
5.430000000000000382e-01 6.755385940788228538e+01
5.440000000000000391e-01 6.774505808900337911e+01
5.450000000000000400e-01 6.793652289767382513e+01
5.460000000000000409e-01 6.812825371372090899e+01
5.470000000000000417e-01 6.832025041708436675e+01
5.480000000000000426e-01 6.851251288781682547e+01
5.490000000000000435e-01 6.870504100608398801e+01
5.500000000000000444e-01 6.889783465216524405e+01
5.510000000000000453e-01 6.909089370645386907e+01
5.520000000000000462e-01 6.928421804945756435e+01
5.530000000000000471e-01 6.947780756179851380e+01
5.540000000000000480e-01 6.967166212421403770e+01
5.550000000000000488e-01 6.986578161755673477e+01
5.560000000000000497e-01 7.006016592279488009e+01
5.570000000000000506e-01 7.025481492101283720e+01
5.580000000000000515e-01 7.044972849341117183e+01
5.590000000000000524e-01 7.064490652130704973e+01
5.600000000000000533e-01 7.084034888613464886e+01
5.610000000000000542e-01 7.103605546944524463e+01
5.620000000000000551e-01 7.123202615290780670e+01
5.630000000000000560e-01 7.142826081830889962e+01
5.640000000000000568e-01 7.162475934755322271e+01
5.650000000000000577e-01 7.182152162266379491e+01
5.660000000000000586e-01 7.201854752578231000e+01
5.670000000000000595e-01 7.221583693916910818e+01
5.680000000000000604e-01 7.241338974520384397e+01
5.690000000000000613e-01 7.261120582638544363e+01
5.700000000000000622e-01 7.280928506533233247e+01
5.710000000000000631e-01 7.300762734478284699e+01
5.720000000000000639e-01 7.320623254759530596e+01
5.730000000000000648e-01 7.340510055674839407e+01
5.740000000000000657e-01 7.360423125534104827e+01
5.750000000000000666e-01 7.380362452659313988e+01
5.760000000000000675e-01 7.400328025384527564e+01
5.769999999999999574e-01 7.420319832055920983e+01
5.779999999999999583e-01 7.440337861031794375e+01
5.789999999999999591e-01 7.460382100682599571e+01
5.799999999999999600e-01 7.480452539390942945e+01
5.809999999999999609e-01 7.500549165551632314e+01
5.819999999999999618e-01 7.520671967571655614e+01
5.829999999999999627e-01 7.540820933870229226e+01
5.839999999999999636e-01 7.560996052878797968e+01
5.849999999999999645e-01 7.581197313041066366e+01
5.859999999999999654e-01 7.601424702812977330e+01
5.869999999999999662e-01 7.621678210662781794e+01
5.879999999999999671e-01 7.641957825071011712e+01
5.889999999999999680e-01 7.662263534530495690e+01
5.899999999999999689e-01 7.682595327546405883e+01
5.909999999999999698e-01 7.702953192636222468e+01
5.919999999999999707e-01 7.723337118329799011e+01
5.929999999999999716e-01 7.743747093169319839e+01
5.939999999999999725e-01 7.764183105709361143e+01
5.949999999999999734e-01 7.784645144516865400e+01
5.959999999999999742e-01 7.805133198171175479e+01
5.969999999999999751e-01 7.825647255264030377e+01
5.979999999999999760e-01 7.846187304399586537e+01
5.989999999999999769e-01 7.866753334194427794e+01
5.999999999999999778e-01 7.887345333277552584e+01
6.009999999999999787e-01 7.907963290290409475e+01
6.019999999999999796e-01 7.928607193886902849e+01
6.029999999999999805e-01 7.949277032733378689e+01
6.039999999999999813e-01 7.969972795508648744e+01
6.049999999999999822e-01 7.990694470904013258e+01
6.059999999999999831e-01 8.011442047623231133e+01
6.069999999999999840e-01 8.032215514382556876e+01
6.079999999999999849e-01 8.053014859910730650e+01
6.089999999999999858e-01 8.073840072948998170e+01
6.099999999999999867e-01 8.094691142251090810e+01
6.109999999999999876e-01 8.115568056583266809e+01
6.119999999999999885e-01 8.136470804724285699e+01
6.129999999999999893e-01 8.157399375465431035e+01
6.139999999999999902e-01 8.178353757610500452e+01
6.149999999999999911e-01 8.199333939975818453e+01
6.159999999999999920e-01 8.220339911390247778e+01
6.169999999999999929e-01 8.241371660695166668e+01
6.179999999999999938e-01 8.262429176744504389e+01
6.189999999999999947e-01 8.283512448404714235e+01
6.199999999999999956e-01 8.304621464554801946e+01
6.209999999999999964e-01 8.325756214086304396e+01
6.219999999999999973e-01 8.346916685903306643e+01
6.229999999999999982e-01 8.368102868922441928e+01
6.239999999999999991e-01 8.389314752072887416e+01
6.250000000000000000e-01 8.410552324296368454e+01
6.260000000000000009e-01 8.431815574547145786e+01
6.270000000000000018e-01 8.453104491792055342e+01
6.280000000000000027e-01 8.474419065010449970e+01
6.290000000000000036e-01 8.495759283194260547e+01
6.300000000000000044e-01 8.517125135347933451e+01
6.310000000000000053e-01 8.538516610488498770e+01
6.320000000000000062e-01 8.559933697645494988e+01
6.330000000000000071e-01 8.581376385861034350e+01
6.340000000000000080e-01 8.602844664189767343e+01
6.350000000000000089e-01 8.624338521698861371e+01
6.360000000000000098e-01 8.645857947468054761e+01
6.370000000000000107e-01 8.667402930589608445e+01
6.380000000000000115e-01 8.688973460168325857e+01
6.390000000000000124e-01 8.710569525321527351e+01
6.400000000000000133e-01 8.732191115179080043e+01
6.410000000000000142e-01 8.753838218883366551e+01
6.420000000000000151e-01 8.775510825589304886e+01
6.430000000000000160e-01 8.797208924464310087e+01
6.440000000000000169e-01 8.818932504688345375e+01
6.450000000000000178e-01 8.840681555453851104e+01
6.460000000000000187e-01 8.862456065965803020e+01
6.470000000000000195e-01 8.884256025441661109e+01
6.480000000000000204e-01 8.906081423111398010e+01
6.490000000000000213e-01 8.927932248217481970e+01
6.500000000000000222e-01 8.949808490014846996e+01
6.510000000000000231e-01 8.971710137770939752e+01
6.520000000000000240e-01 8.993637180765666983e+01
6.530000000000000249e-01 9.015589608291425350e+01
6.540000000000000258e-01 9.037567409653051698e+01
6.550000000000000266e-01 9.059570574167874213e+01
6.560000000000000275e-01 9.081599091165655580e+01
6.570000000000000284e-01 9.103652949988618559e+01
6.580000000000000293e-01 9.125732139991424674e+01
6.590000000000000302e-01 9.147836650541181314e+01
6.600000000000000311e-01 9.169966471017397680e+01
6.610000000000000320e-01 9.192121590812040210e+01
6.620000000000000329e-01 9.214301999329465787e+01
6.630000000000000338e-01 9.236507685986451577e+01
6.640000000000000346e-01 9.258738640212172299e+01
6.650000000000000355e-01 9.280994851448191696e+01
6.660000000000000364e-01 9.303276309148471057e+01
6.670000000000000373e-01 9.325583002779330855e+01
6.680000000000000382e-01 9.347914921819477740e+01
6.690000000000000391e-01 9.370272055759964758e+01
6.700000000000000400e-01 9.392654394104218341e+01
6.710000000000000409e-01 9.415061926367984313e+01
6.720000000000000417e-01 9.437494642079357732e+01
6.730000000000000426e-01 9.459952530778774360e+01
6.740000000000000435e-01 9.482435582018956666e+01
6.750000000000000444e-01 9.504943785364966402e+01
6.760000000000000453e-01 9.527477130394137816e+01
6.770000000000000462e-01 9.550035606696128809e+01
6.780000000000000471e-01 9.572619203872848459e+01
6.790000000000000480e-01 9.595227911538492549e+01
6.800000000000000488e-01 9.617861719319510883e+01
6.810000000000000497e-01 9.640520616854622915e+01
6.820000000000000506e-01 9.663204593794763753e+01
6.830000000000000515e-01 9.685913639803121100e+01
6.840000000000000524e-01 9.708647744555109682e+01
6.850000000000000533e-01 9.731406897738330031e+01
6.860000000000000542e-01 9.754191089052609698e+01
6.870000000000000551e-01 9.777000308209953516e+01
6.880000000000000560e-01 9.799834544934557812e+01
6.890000000000000568e-01 9.822693788962776296e+01
6.900000000000000577e-01 9.845578030043124329e+01
6.910000000000000586e-01 9.868487257936276080e+01
6.920000000000000595e-01 9.891421462415031840e+01
6.930000000000000604e-01 9.914380633264319442e+01
6.940000000000000613e-01 9.937364760281187159e+01
6.950000000000000622e-01 9.960373833274783806e+01
6.960000000000000631e-01 9.983407842066347371e+01
6.970000000000000639e-01 1.000646677648919365e+02
6.980000000000000648e-01 1.002955062638871766e+02
6.990000000000000657e-01 1.005265938162236949e+02
7.000000000000000666e-01 1.007579303205963015e+02
7.010000000000000675e-01 1.009895156758203427e+02
7.020000000000000684e-01 1.012213497808312468e+02
7.030000000000000693e-01 1.014534325346846373e+02
7.039999999999999591e-01 1.016857638365559353e+02
7.049999999999999600e-01 1.019183435857406437e+02
7.059999999999999609e-01 1.021511716816538637e+02
7.069999999999999618e-01 1.023842480238303239e+02
7.079999999999999627e-01 1.026175725119241804e+02
7.089999999999999636e-01 1.028511450457089893e+02
7.099999999999999645e-01 1.030849655250776635e+02
7.109999999999999654e-01 1.033190338500419472e+02
7.119999999999999662e-01 1.035533499207327850e+02
7.129999999999999671e-01 1.037879136373999103e+02
7.139999999999999680e-01 1.040227249004116601e+02
7.149999999999999689e-01 1.042577836102551032e+02
7.159999999999999698e-01 1.044930896675357417e+02
7.169999999999999707e-01 1.047286429729773545e+02
7.179999999999999716e-01 1.049644434274219265e+02
7.189999999999999725e-01 1.052004909318295063e+02
7.199999999999999734e-01 1.054367853872781069e+02
7.209999999999999742e-01 1.056733266949634640e+02
7.219999999999999751e-01 1.059101147561990075e+02
7.229999999999999760e-01 1.061471494724157481e+02
7.239999999999999769e-01 1.063844307451620637e+02
7.249999999999999778e-01 1.066219584761035009e+02
7.259999999999999787e-01 1.068597325670227463e+02
7.269999999999999796e-01 1.070977529198196834e+02
7.279999999999999805e-01 1.073360194365106821e+02
7.289999999999999813e-01 1.075745320192290393e+02
7.299999999999999822e-01 1.078132905702246092e+02
7.309999999999999831e-01 1.080522949918636471e+02
7.319999999999999840e-01 1.082915451866286247e+02
7.329999999999999849e-01 1.085310410571182871e+02
7.339999999999999858e-01 1.087707825060472544e+02
7.349999999999999867e-01 1.090107694362461359e+02
7.359999999999999876e-01 1.092510017506611177e+02
7.369999999999999885e-01 1.094914793523541050e+02
7.379999999999999893e-01 1.097322021445024518e+02
7.389999999999999902e-01 1.099731700303986059e+02
7.399999999999999911e-01 1.102143829134503363e+02
7.409999999999999920e-01 1.104558406971804203e+02
7.419999999999999929e-01 1.106975432852264731e+02
7.429999999999999938e-01 1.109394905813407206e+02
7.439999999999999947e-01 1.111816824893901128e+02
7.449999999999999956e-01 1.114241189133559971e+02
7.459999999999999964e-01 1.116667997573339335e+02
7.469999999999999973e-01 1.119097249255336237e+02
7.479999999999999982e-01 1.121528943222788399e+02
7.489999999999999991e-01 1.123963078520071974e+02
7.500000000000000000e-01 1.126399654192697852e+02
7.510000000000000009e-01 1.128838669287315497e+02
7.520000000000000018e-01 1.131280122851706409e+02
7.530000000000000027e-01 1.133724013934785120e+02
7.540000000000000036e-01 1.136170341586596777e+02
7.550000000000000044e-01 1.138619104858317286e+02
7.560000000000000053e-01 1.141070302802249188e+02
7.570000000000000062e-01 1.143523934471821804e+02
7.580000000000000071e-01 1.145979998921589811e+02
7.590000000000000080e-01 1.148438495207232108e+02
7.600000000000000089e-01 1.150899422385548121e+02
7.610000000000000098e-01 1.153362779514458651e+02
7.620000000000000107e-01 1.155828565653003892e+02
7.630000000000000115e-01 1.158296779861341008e+02
7.640000000000000124e-01 1.160767421200742717e+02
7.650000000000000133e-01 1.163240488733596862e+02
7.660000000000000142e-01 1.165715981523404423e+02
7.670000000000000151e-01 1.168193898634777952e+02
7.680000000000000160e-01 1.170674239133438874e+02
7.690000000000000169e-01 1.173157002086216920e+02
7.700000000000000178e-01 1.175642186561050977e+02
7.710000000000000187e-01 1.178129791626981699e+02
7.720000000000000195e-01 1.180619816354157336e+02
7.730000000000000204e-01 1.183112259813825489e+02
7.740000000000000213e-01 1.185607121078336235e+02
7.750000000000000222e-01 1.188104399221137726e+02
7.760000000000000231e-01 1.190604093316776471e+02
7.770000000000000240e-01 1.193106202440895061e+02
7.780000000000000249e-01 1.195610725670229755e+02
7.790000000000000258e-01 1.198117662082611901e+02
7.800000000000000266e-01 1.200627010756961397e+02
7.810000000000000275e-01 1.203138770773291668e+02
7.820000000000000284e-01 1.205652941212700995e+02
7.830000000000000293e-01 1.208169521157377062e+02
7.840000000000000302e-01 1.210688509690591417e+02
7.850000000000000311e-01 1.213209905896700604e+02
7.860000000000000320e-01 1.215733708861141764e+02
7.870000000000000329e-01 1.218259917670434476e+02
7.880000000000000338e-01 1.220788531412176496e+02
7.890000000000000346e-01 1.223319549175042340e+02
7.900000000000000355e-01 1.225852970048784272e+02
7.910000000000000364e-01 1.228388793124228613e+02
7.920000000000000373e-01 1.230927017493272615e+02
7.930000000000000382e-01 1.233467642248887017e+02
7.940000000000000391e-01 1.236010666485112068e+02
7.950000000000000400e-01 1.238556089297055394e+02
7.960000000000000409e-01 1.241103909780891712e+02
7.970000000000000417e-01 1.243654127033860561e+02
7.980000000000000426e-01 1.246206740154265304e+02
7.990000000000000435e-01 1.248761748241472418e+02
8.000000000000000444e-01 1.251319150395905950e+02
8.010000000000000453e-01 1.253878945719050790e+02
8.020000000000000462e-01 1.256441133313449967e+02
8.030000000000000471e-01 1.259005712282699392e+02
8.040000000000000480e-01 1.261572681731451411e+02
8.050000000000000488e-01 1.264142040765410826e+02
8.060000000000000497e-01 1.266713788491332764e+02
8.070000000000000506e-01 1.269287924017021680e+02
8.080000000000000515e-01 1.271864446451329940e+02
8.090000000000000524e-01 1.274443354904157815e+02
8.100000000000000533e-01 1.277024648486448370e+02
8.110000000000000542e-01 1.279608326310188176e+02
8.120000000000000551e-01 1.282194387488406733e+02
8.130000000000000560e-01 1.284782831135173069e+02
8.140000000000000568e-01 1.287373656365593888e+02
8.150000000000000577e-01 1.289966862295813144e+02
8.160000000000000586e-01 1.292562448043011614e+02
8.170000000000000595e-01 1.295160412725401784e+02
8.180000000000000604e-01 1.297760755462230122e+02
8.190000000000000613e-01 1.300363475373771962e+02
8.200000000000000622e-01 1.302968571581334913e+02
8.210000000000000631e-01 1.305576043207250336e+02
8.220000000000000639e-01 1.308185889374877604e+02
8.230000000000000648e-01 1.310798109208602114e+02
8.240000000000000657e-01 1.313412701833828464e+02
8.250000000000000666e-01 1.316029666376985574e+02
8.260000000000000675e-01 1.318649001965520426e+02
8.270000000000000684e-01 1.321270707727900344e+02
8.280000000000000693e-01 1.323894782793605884e+02
8.290000000000000702e-01 1.326521226293136522e+02
8.300000000000000711e-01 1.329150037358002407e+02
8.310000000000000719e-01 1.331781215120727495e+02
8.320000000000000728e-01 1.334414758714844425e+02
8.329999999999999627e-01 1.337050667274896227e+02
8.339999999999999636e-01 1.339688939936432632e+02
8.349999999999999645e-01 1.342329575836009212e+02
8.359999999999999654e-01 1.344972574111185679e+02
8.369999999999999662e-01 1.347617933900524463e+02
8.379999999999999671e-01 1.350265654343589290e+02
8.389999999999999680e-01 1.352915734580942910e+02
8.399999999999999689e-01 1.355568173754146244e+02
8.409999999999999698e-01 1.358222971005756960e+02
8.419999999999999707e-01 1.360880125479328626e+02
8.429999999999999716e-01 1.363539636319404451e+02
8.439999999999999725e-01 1.366201502671524111e+02
8.449999999999999734e-01 1.368865723682214366e+02
8.459999999999999742e-01 1.371532298498992475e+02
8.469999999999999751e-01 1.374201226270361644e+02
8.479999999999999760e-01 1.376872506145811030e+02
8.489999999999999769e-01 1.379546137275814317e+02
8.499999999999999778e-01 1.382222118811827727e+02
8.509999999999999787e-01 1.384900449906287463e+02
8.519999999999999796e-01 1.387581129712610561e+02
8.529999999999999805e-01 1.390264157385191197e+02
8.539999999999999813e-01 1.392949532079398978e+02
8.549999999999999822e-01 1.395637252951581502e+02
8.559999999999999831e-01 1.398327319159056401e+02
8.569999999999999840e-01 1.401019729860114182e+02
8.579999999999999849e-01 1.403714484214016238e+02
8.589999999999999858e-01 1.406411581380992573e+02
8.599999999999999867e-01 1.409111020522238391e+02
8.609999999999999876e-01 1.411812800799918364e+02
8.619999999999999885e-01 1.414516921377157246e+02
8.629999999999999893e-01 1.417223381418045847e+02
8.639999999999999902e-01 1.419932180087633071e+02
8.649999999999999911e-01 1.422643316551929900e+02
8.659999999999999920e-01 1.425356789977903986e+02
8.669999999999999929e-01 1.428072599533479661e+02
8.679999999999999938e-01 1.430790744387537075e+02
8.689999999999999947e-01 1.433511223709907654e+02
8.699999999999999956e-01 1.436234036671378078e+02
8.709999999999999964e-01 1.438959182443682323e+02
8.719999999999999973e-01 1.441686660199505923e+02
8.729999999999999982e-01 1.444416469112480286e+02
8.739999999999999991e-01 1.447148608357182979e+02
8.750000000000000000e-01 1.449883077109136025e+02
8.760000000000000009e-01 1.452619874544804475e+02
8.770000000000000018e-01 1.455358999841596130e+02
8.780000000000000027e-01 1.458100452177855288e+02
8.790000000000000036e-01 1.460844230732868425e+02
8.800000000000000044e-01 1.463590334686856238e+02
8.810000000000000053e-01 1.466338763220976205e+02
8.820000000000000062e-01 1.469089515517319455e+02
8.830000000000000071e-01 1.471842590758908784e+02
8.840000000000000080e-01 1.474597988129699218e+02
8.850000000000000089e-01 1.477355706814574603e+02
8.860000000000000098e-01 1.480115745999345052e+02
8.870000000000000107e-01 1.482878104870750917e+02
8.880000000000000115e-01 1.485642782616454554e+02
8.890000000000000124e-01 1.488409778425041736e+02
8.900000000000000133e-01 1.491179091486021662e+02
8.910000000000000142e-01 1.493950720989823822e+02
8.920000000000000151e-01 1.496724666127796297e+02
8.930000000000000160e-01 1.499500926092202917e+02
8.940000000000000169e-01 1.502279500076228373e+02
8.950000000000000178e-01 1.505060387273966285e+02
8.960000000000000187e-01 1.507843586880428006e+02
8.970000000000000195e-01 1.510629098091533535e+02
8.980000000000000204e-01 1.513416920104114354e+02
8.990000000000000213e-01 1.516207052115911722e+02
9.000000000000000222e-01 1.518999493325571279e+02
9.010000000000000231e-01 1.521794242932646739e+02
9.020000000000000240e-01 1.524591300137595624e+02
9.030000000000000249e-01 1.527390664141777847e+02
9.040000000000000258e-01 1.530192334147454574e+02
9.050000000000000266e-01 1.532996309357789357e+02
9.060000000000000275e-01 1.535802588976840468e+02
9.070000000000000284e-01 1.538611172209565723e+02
9.080000000000000293e-01 1.541422058261817085e+02
9.090000000000000302e-01 1.544235246340343508e+02
9.100000000000000311e-01 1.547050735652782123e+02
9.110000000000000320e-01 1.549868525407664492e+02
9.120000000000000329e-01 1.552688614814411494e+02
9.130000000000000338e-01 1.555511003083333321e+02
9.140000000000000346e-01 1.558335689425623798e+02
9.150000000000000355e-01 1.561162673053365495e+02
9.160000000000000364e-01 1.563991953179523478e+02
9.170000000000000373e-01 1.566823529017946441e+02
9.180000000000000382e-01 1.569657399783362735e+02
9.190000000000000391e-01 1.572493564691381778e+02
9.200000000000000400e-01 1.575332022958491507e+02
9.210000000000000409e-01 1.578172773802054678e+02
9.220000000000000417e-01 1.581015816440312847e+02
9.230000000000000426e-01 1.583861150092378409e+02
9.240000000000000435e-01 1.586708773978238867e+02
9.250000000000000444e-01 1.589558687318751140e+02
9.260000000000000453e-01 1.592410889335642423e+02
9.270000000000000462e-01 1.595265379251510183e+02
9.280000000000000471e-01 1.598122156289814768e+02
9.290000000000000480e-01 1.600981219674886518e+02
9.300000000000000488e-01 1.603842568631917231e+02
9.310000000000000497e-01 1.606706202386963298e+02
9.320000000000000506e-01 1.609572120166938873e+02
9.330000000000000515e-01 1.612440321199622986e+02
9.340000000000000524e-01 1.615310804713650441e+02
9.350000000000000533e-01 1.618183569938512960e+02
9.360000000000000542e-01 1.621058616104558894e+02
9.370000000000000551e-01 1.623935942442990097e+02
9.380000000000000560e-01 1.626815548185863349e+02
9.390000000000000568e-01 1.629697432566083819e+02
9.400000000000000577e-01 1.632581594817410462e+02
9.410000000000000586e-01 1.635468034174448633e+02
9.420000000000000595e-01 1.638356749872651790e+02
9.430000000000000604e-01 1.641247741148319221e+02
9.440000000000000613e-01 1.644141007238595762e+02
9.450000000000000622e-01 1.647036547381468381e+02
9.460000000000000631e-01 1.649934360815766752e+02
9.470000000000000639e-01 1.652834446781161262e+02
9.480000000000000648e-01 1.655736804518159886e+02
9.490000000000000657e-01 1.658641433268111030e+02
9.500000000000000666e-01 1.661548332273195854e+02
9.510000000000000675e-01 1.664457500776436234e+02
9.520000000000000684e-01 1.667368938021681402e+02
9.530000000000000693e-01 1.670282643253617323e+02
9.540000000000000702e-01 1.673198615717759026e+02
9.550000000000000711e-01 1.676116854660452589e+02
9.560000000000000719e-01 1.679037359328871446e+02
9.570000000000000728e-01 1.681960128971014683e+02
9.580000000000000737e-01 1.684885162835709593e+02
9.590000000000000746e-01 1.687812460172606563e+02
9.599999999999999645e-01 1.690742020232178220e+02
9.609999999999999654e-01 1.693673842265719713e+02
9.619999999999999662e-01 1.696607925525346445e+02
9.629999999999999671e-01 1.699544269263992078e+02
9.639999999999999680e-01 1.702482872735407966e+02
9.649999999999999689e-01 1.705423735194161452e+02
9.659999999999999698e-01 1.708366855895635013e+02
9.669999999999999707e-01 1.711312234096026828e+02
9.679999999999999716e-01 1.714259869052342253e+02
9.689999999999999725e-01 1.717209760022401781e+02
9.699999999999999734e-01 1.720161906264835352e+02
9.709999999999999742e-01 1.723116307039079231e+02
9.719999999999999751e-01 1.726072961605376861e+02
9.729999999999999760e-01 1.729031869224779143e+02
9.739999999999999769e-01 1.731993029159139041e+02
9.749999999999999778e-01 1.734956440671113569e+02
9.759999999999999787e-01 1.737922103024162368e+02
9.769999999999999796e-01 1.740890015482544015e+02
9.779999999999999805e-01 1.743860177311315169e+02
9.789999999999999813e-01 1.746832587776334549e+02
9.799999999999999822e-01 1.749807246144252701e+02
9.809999999999999831e-01 1.752784151682518257e+02
9.819999999999999840e-01 1.755763303659371957e+02
9.829999999999999849e-01 1.758744701343846657e+02
9.839999999999999858e-01 1.761728344005771021e+02
9.849999999999999867e-01 1.764714230915757014e+02
9.859999999999999876e-01 1.767702361345210136e+02
9.869999999999999885e-01 1.770692734566322315e+02
9.879999999999999893e-01 1.773685349852071056e+02
9.889999999999999902e-01 1.776680206476217734e+02
9.899999999999999911e-01 1.779677303713309016e+02
9.909999999999999920e-01 1.782676640838673450e+02
9.919999999999999929e-01 1.785678217128421466e+02
9.929999999999999938e-01 1.788682031859440826e+02
9.939999999999999947e-01 1.791688084309399471e+02
9.949999999999999956e-01 1.794696373756742105e+02
9.959999999999999964e-01 1.797706899480690765e+02
9.969999999999999973e-01 1.800719660761239993e+02
9.979999999999999982e-01 1.803734656879158251e+02
9.989999999999999991e-01 1.806751887115989064e+02
1.000000000000000000e+00 1.809771350754041350e+02
