0.000000000000000000e+00 0.000000000000000000e+00
1.000000000000000021e-03 7.945099624553935147e-01
2.000000000000000042e-03 1.148095902906389965e+00
3.000000000000000062e-03 1.412141777509781537e+00
4.000000000000000083e-03 1.629426996341858391e+00
5.000000000000000104e-03 1.817055576273738371e+00
6.000000000000000125e-03 1.983935142034608301e+00
7.000000000000000146e-03 2.135398388653859225e+00
8.000000000000000167e-03 2.274931268923020777e+00
9.000000000000001055e-03 2.404955908488017879e+00
1.000000000000000021e-02 2.527232696419856151e+00
1.099999999999999936e-02 2.643086123252710529e+00
1.200000000000000025e-02 2.753540474028291385e+00
1.300000000000000114e-02 2.859405780055958246e+00
1.400000000000000029e-02 2.961334630703389870e+00
1.499999999999999944e-02 3.059861065275521153e+00
1.600000000000000033e-02 3.155427992882717803e+00
1.700000000000000122e-02 3.248407015063925485e+00
1.800000000000000211e-02 3.339113069347632745e+00
1.899999999999999953e-02 3.427815452640579075e+00
2.000000000000000042e-02 3.514746258070010398e+00
2.100000000000000130e-02 3.600106927741717922e+00
2.199999999999999872e-02 3.684073409338164407e+00
2.299999999999999961e-02 3.766800262110113540e+00
2.400000000000000050e-02 3.848423961284846762e+00
2.500000000000000139e-02 3.929065583189227162e+00
2.600000000000000228e-02 4.008833006452600323e+00
2.699999999999999969e-02 4.087822731116105501e+00
2.800000000000000058e-02 4.166121393159644803e+00
2.900000000000000147e-02 4.243807034094960962e+00
2.999999999999999889e-02 4.320950171989869304e+00
3.099999999999999978e-02 4.397614710299440510e+00
3.200000000000000067e-02 4.473858713289478040e+00
3.300000000000000155e-02 4.549735071014165300e+00
3.400000000000000244e-02 4.625292072301410151e+00
3.500000000000000333e-02 4.700573900680221406e+00
3.600000000000000422e-02 4.775621065415515787e+00
3.699999999999999817e-02 4.850470777621101348e+00
3.799999999999999906e-02 4.925157279670185240e+00
3.899999999999999994e-02 4.999712134715883494e+00
4.000000000000000083e-02 5.074164481997296861e+00
4.100000000000000172e-02 5.148541262682201136e+00
4.200000000000000261e-02 5.222867420242298664e+00
4.300000000000000350e-02 5.297166078735967787e+00
4.399999999999999745e-02 5.371458701861362428e+00
4.499999999999999833e-02 5.445765235217287170e+00
4.599999999999999922e-02 5.520104233855387399e+00
4.700000000000000011e-02 5.594492976910779625e+00
4.800000000000000100e-02 5.668947570849040218e+00
4.900000000000000189e-02 5.743483042657962834e+00
5.000000000000000278e-02 5.818113424134301326e+00
5.100000000000000366e-02 5.892851828265007974e+00
5.200000000000000455e-02 5.967710518573726475e+00
5.299999999999999850e-02 6.042700972193220998e+00
5.399999999999999939e-02 6.117833937330093619e+00
5.500000000000000028e-02 6.193119485706858107e+00
5.600000000000000117e-02 6.268567060496470944e+00
5.700000000000000205e-02 6.344185520203867945e+00
5.800000000000000294e-02 6.419983178896083054e+00
5.900000000000000383e-02 6.495967843137484543e+00
5.999999999999999778e-02 6.572146845946086557e+00
6.099999999999999867e-02 6.648527078052521411e+00
6.199999999999999956e-02 6.725115016712632787e+00
6.300000000000000044e-02 6.801916752297703539e+00
6.400000000000000133e-02 6.878938012863063278e+00
6.500000000000000222e-02 6.956184186874695641e+00
6.600000000000000311e-02 7.033660344255577179e+00
6.700000000000000400e-02 7.111371255896597354e+00
6.800000000000000488e-02 7.189321411763271996e+00
6.900000000000000577e-02 7.267515037716071546e+00
7.000000000000000666e-02 7.345956111151091150e+00
7.100000000000000755e-02 7.424648375557493019e+00
7.200000000000000844e-02 7.503595354079463320e+00
7.299999999999999545e-02 7.582800362161673746e+00
7.399999999999999634e-02 7.662266519350666272e+00
7.499999999999999722e-02 7.741996760317658044e+00
7.599999999999999811e-02 7.821993845162520387e+00
7.699999999999999900e-02 7.902260369053496269e+00
7.799999999999999989e-02 7.982798771252416437e+00
7.900000000000000078e-02 8.063611343570928014e+00
8.000000000000000167e-02 8.144700238299344974e+00
8.100000000000000255e-02 8.226067475646310356e+00
8.200000000000000344e-02 8.307714950724308878e+00
8.300000000000000433e-02 8.389644440113105617e+00
8.400000000000000522e-02 8.471857608030600062e+00
8.500000000000000611e-02 8.554356012138406129e+00
8.600000000000000699e-02 8.637141109007055562e+00
8.700000000000000788e-02 8.720214259263917356e+00
8.799999999999999489e-02 8.803576732445121067e+00
8.899999999999999578e-02 8.887229711571123403e+00
8.999999999999999667e-02 8.971174297464049374e+00
9.099999999999999756e-02 9.055411512823635434e+00
9.199999999999999845e-02 9.139942306077326606e+00
9.299999999999999933e-02 9.224767555018853926e+00
9.400000000000000022e-02 9.309888070248753422e+00
9.500000000000000111e-02 9.395304598429126131e+00
9.600000000000000200e-02 9.481017825364212115e+00
9.700000000000000289e-02 9.567028378917491693e+00
9.800000000000000377e-02 9.653336831775089166e+00
9.900000000000000466e-02 9.739943704065067820e+00
1.000000000000000056e-01 9.826849465840806985e+00
1.010000000000000064e-01 9.914054539436905955e+00
1.020000000000000073e-01 1.000155930170492979e+01
1.030000000000000082e-01 1.008936408613575963e+01
1.040000000000000091e-01 1.017746918487562802e+01
1.049999999999999961e-01 1.026587485064144012e+01
1.059999999999999970e-01 1.035458129854119136e+01
1.069999999999999979e-01 1.044358870780516213e+01
1.079999999999999988e-01 1.053289722343226309e+01
1.089999999999999997e-01 1.062250695775690978e+01
1.100000000000000006e-01 1.071241799194018007e+01
1.110000000000000014e-01 1.080263037738981957e+01
1.120000000000000023e-01 1.089314413711276153e+01
1.130000000000000032e-01 1.098395926700369785e+01
1.140000000000000041e-01 1.107507573707333570e+01
1.150000000000000050e-01 1.116649349261938262e+01
1.160000000000000059e-01 1.125821245534316795e+01
1.170000000000000068e-01 1.135023252441501107e+01
1.180000000000000077e-01 1.144255357749073454e+01
1.190000000000000085e-01 1.153517547168194213e+01
1.199999999999999956e-01 1.162809804448236939e+01
1.209999999999999964e-01 1.172132111465267101e+01
1.219999999999999973e-01 1.181484448306548707e+01
1.229999999999999982e-01 1.190866793351297126e+01
1.239999999999999991e-01 1.200279123347856114e+01
1.250000000000000000e-01 1.209721413487488206e+01
1.260000000000000009e-01 1.219193637474912251e+01
1.270000000000000018e-01 1.228695767595785782e+01
1.280000000000000027e-01 1.238227774781254631e+01
1.290000000000000036e-01 1.247789628669710638e+01
1.300000000000000044e-01 1.257381297665911291e+01
1.310000000000000053e-01 1.267002748997558648e+01
1.320000000000000062e-01 1.276653948769483904e+01
1.330000000000000071e-01 1.286334862015517722e+01
1.340000000000000080e-01 1.296045452748193938e+01
1.350000000000000089e-01 1.305785684006354153e+01
1.360000000000000098e-01 1.315555517900767768e+01
1.370000000000000107e-01 1.325354915657832677e+01
1.380000000000000115e-01 1.335183837661496931e+01
1.390000000000000124e-01 1.345042243493420919e+01
1.400000000000000133e-01 1.354930091971498030e+01
1.410000000000000142e-01 1.364847341186779595e+01
1.420000000000000151e-01 1.374793948538920496e+01
1.430000000000000160e-01 1.384769870770157674e+01
1.440000000000000169e-01 1.394775063997914799e+01
1.449999999999999900e-01 1.404809483746076282e+01
1.459999999999999909e-01 1.414873084975040030e+01
1.469999999999999918e-01 1.424965822110507396e+01
1.479999999999999927e-01 1.435087649071168414e+01
1.489999999999999936e-01 1.445238519295238433e+01
1.499999999999999944e-01 1.455418385765967138e+01
1.509999999999999953e-01 1.465627201036129179e+01
1.519999999999999962e-01 1.475864917251528219e+01
1.529999999999999971e-01 1.486131486173584904e+01
1.539999999999999980e-01 1.496426859201030446e+01
1.549999999999999989e-01 1.506750987390744001e+01
1.559999999999999998e-01 1.517103821477775405e+01
1.570000000000000007e-01 1.527485311894580988e+01
1.580000000000000016e-01 1.537895408789504614e+01
1.590000000000000024e-01 1.548334062044538584e+01
1.600000000000000033e-01 1.558801221292394956e+01
1.610000000000000042e-01 1.569296835932900436e+01
1.620000000000000051e-01 1.579820855148782144e+01
1.630000000000000060e-01 1.590373227920796140e+01
1.640000000000000069e-01 1.600953903042312376e+01
1.650000000000000078e-01 1.611562829133315944e+01
1.660000000000000087e-01 1.622199954653854448e+01
1.670000000000000095e-01 1.632865227916994044e+01
1.680000000000000104e-01 1.643558597101248964e+01
1.690000000000000113e-01 1.654280010262545275e+01
1.700000000000000122e-01 1.665029415345718178e+01
1.710000000000000131e-01 1.675806760195572309e+01
1.720000000000000140e-01 1.686611992567489793e+01
1.730000000000000149e-01 1.697445060137682304e+01
1.740000000000000158e-01 1.708305910512986969e+01
1.750000000000000167e-01 1.719194491240319067e+01
1.759999999999999898e-01 1.730110749815749571e+01
1.769999999999999907e-01 1.741054633693252995e+01
1.779999999999999916e-01 1.752026090293072258e+01
1.789999999999999925e-01 1.763025067009807856e+01
1.799999999999999933e-01 1.774051511220153898e+01
1.809999999999999942e-01 1.785105370290373017e+01
1.819999999999999951e-01 1.796186591583451531e+01
1.829999999999999960e-01 1.807295122465981407e+01
1.839999999999999969e-01 1.818430910314780036e+01
1.849999999999999978e-01 1.829593902523264148e+01
1.859999999999999987e-01 1.840784046507538108e+01
1.869999999999999996e-01 1.852001289712284304e+01
1.880000000000000004e-01 1.863245579616399539e+01
1.890000000000000013e-01 1.874516863738400474e+01
1.900000000000000022e-01 1.885815089641651454e+01
1.910000000000000031e-01 1.897140204939345054e+01
1.920000000000000040e-01 1.908492157299304282e+01
1.930000000000000049e-01 1.919870894448596488e+01
1.940000000000000058e-01 1.931276364177951876e+01
1.950000000000000067e-01 1.942708514346006865e+01
1.960000000000000075e-01 1.954167292883388640e+01
1.970000000000000084e-01 1.965652647796612129e+01
1.980000000000000093e-01 1.977164527171827402e+01
1.990000000000000102e-01 1.988702879178423188e+01
2.000000000000000111e-01 2.000267652072474789e+01
2.010000000000000120e-01 2.011858794200033529e+01
2.020000000000000129e-01 2.023476254000311059e+01
2.030000000000000138e-01 2.035119980008707685e+01
2.040000000000000147e-01 2.046789920859701795e+01
2.050000000000000155e-01 2.058486025289651877e+01
2.060000000000000164e-01 2.070208242139446497e+01
2.070000000000000173e-01 2.081956520357051232e+01
2.080000000000000182e-01 2.093730808999956849e+01
2.089999999999999913e-01 2.105531057237490344e+01
2.099999999999999922e-01 2.117357214353046757e+01
2.109999999999999931e-01 2.129209229746215115e+01
2.119999999999999940e-01 2.141087052934818047e+01
2.129999999999999949e-01 2.152990633556827405e+01
2.139999999999999958e-01 2.164919921372225176e+01
2.149999999999999967e-01 2.176874866264754615e+01
2.159999999999999976e-01 2.188855418243610984e+01
2.169999999999999984e-01 2.200861527445019306e+01
2.179999999999999993e-01 2.212893144133765944e+01
2.190000000000000002e-01 2.224950218704639582e+01
2.200000000000000011e-01 2.237032701683791558e+01
2.210000000000000020e-01 2.249140543730045039e+01
2.220000000000000029e-01 2.261273695636133496e+01
2.230000000000000038e-01 2.273432108329857115e+01
2.240000000000000047e-01 2.285615732875200834e+01
2.250000000000000056e-01 2.297824520473361787e+01
2.260000000000000064e-01 2.310058422463744066e+01
2.270000000000000073e-01 2.322317390324896280e+01
2.280000000000000082e-01 2.334601375675370605e+01
2.290000000000000091e-01 2.346910330274550560e+01
2.300000000000000100e-01 2.359244206023435098e+01
2.310000000000000109e-01 2.371602954965326404e+01
2.320000000000000118e-01 2.383986529286549683e+01
2.330000000000000127e-01 2.396394881317037573e+01
2.340000000000000135e-01 2.408827963530949745e+01
2.350000000000000144e-01 2.421285728547190885e+01
2.360000000000000153e-01 2.433768129129926194e+01
2.370000000000000162e-01 2.446275118189030451e+01
2.380000000000000171e-01 2.458806648780517179e+01
2.390000000000000180e-01 2.471362674106920565e+01
2.399999999999999911e-01 2.483943147517665295e+01
2.409999999999999920e-01 2.496548022509334785e+01
2.419999999999999929e-01 2.509177252726004781e+01
2.429999999999999938e-01 2.521830791959465401e+01
2.439999999999999947e-01 2.534508594149442828e+01
2.449999999999999956e-01 2.547210613383798972e+01
2.459999999999999964e-01 2.559936803898672864e+01
2.469999999999999973e-01 2.572687120078633782e+01
2.479999999999999982e-01 2.585461516456777886e+01
2.489999999999999991e-01 2.598259947714802820e+01
2.500000000000000000e-01 2.611082368683077348e+01
2.510000000000000009e-01 2.623928734340656632e+01
2.520000000000000018e-01 2.636798999815293598e+01
2.530000000000000027e-01 2.649693120383433964e+01
2.540000000000000036e-01 2.662611051470175738e+01
2.550000000000000044e-01 2.675552748649197099e+01
2.560000000000000053e-01 2.688518167642714829e+01
2.570000000000000062e-01 2.701507264321343271e+01
2.580000000000000071e-01 2.714519994704018302e+01
2.590000000000000080e-01 2.727556314957838879e+01
2.600000000000000089e-01 2.740616181397939144e+01
2.610000000000000098e-01 2.753699550487299064e+01
2.620000000000000107e-01 2.766806378836577807e+01
2.630000000000000115e-01 2.779936623203919766e+01
2.640000000000000124e-01 2.793090240494719012e+01
2.650000000000000133e-01 2.806267187761417858e+01
2.660000000000000142e-01 2.819467422203260298e+01
2.670000000000000151e-01 2.832690901166029462e+01
2.680000000000000160e-01 2.845937582141773703e+01
2.690000000000000169e-01 2.859207422768570694e+01
2.700000000000000178e-01 2.872500380830178202e+01
2.710000000000000187e-01 2.885816414255786455e+01
2.720000000000000195e-01 2.899155481119665723e+01
2.730000000000000204e-01 2.912517539640867525e+01
2.740000000000000213e-01 2.925902548182889973e+01
2.750000000000000222e-01 2.939310465253316096e+01
2.760000000000000231e-01 2.952741249503494814e+01
2.770000000000000240e-01 2.966194859728159017e+01
2.780000000000000249e-01 2.979671254865055374e+01
2.790000000000000258e-01 2.993170393994589418e+01
2.800000000000000266e-01 3.006692236339415203e+01
2.810000000000000275e-01 3.020236741264051972e+01
2.820000000000000284e-01 3.033803868274519289e+01
2.830000000000000293e-01 3.047393577017871991e+01
2.840000000000000302e-01 3.061005827281834968e+01
2.850000000000000311e-01 3.074640578994369022e+01
2.860000000000000320e-01 3.088297792223239568e+01
2.870000000000000329e-01 3.101977427175615531e+01
2.880000000000000338e-01 3.115679444197599679e+01
2.889999999999999791e-01 3.129403803773808335e+01
2.899999999999999800e-01 3.143150466526933684e+01
2.909999999999999809e-01 3.156919393217273040e+01
2.919999999999999818e-01 3.170710544742297543e+01
2.929999999999999827e-01 3.184523882136177164e+01
2.939999999999999836e-01 3.198359366569336970e+01
2.949999999999999845e-01 3.212216959347979639e+01
2.959999999999999853e-01 3.226096621913607976e+01
2.969999999999999862e-01 3.239998315842585441e+01
2.979999999999999871e-01 3.253922002845624917e+01
2.989999999999999880e-01 3.267867644767327562e+01
2.999999999999999889e-01 3.281835203585713856e+01
3.009999999999999898e-01 3.295824641411716271e+01
3.019999999999999907e-01 3.309835920488705341e+01
3.029999999999999916e-01 3.323869003192012883e+01
3.039999999999999925e-01 3.337923852028411176e+01
3.049999999999999933e-01 3.352000429635653944e+01
3.059999999999999942e-01 3.366098698781978271e+01
3.069999999999999951e-01 3.380218622365578085e+01
3.079999999999999960e-01 3.394360163414146569e+01
3.089999999999999969e-01 3.408523285084346099e+01
3.099999999999999978e-01 3.422707950661339282e+01
3.109999999999999987e-01 3.436914123558264578e+01
3.119999999999999996e-01 3.451141767315735365e+01
3.130000000000000004e-01 3.465390845601360326e+01
3.140000000000000013e-01 3.479661322209206276e+01
3.150000000000000022e-01 3.493953161059322809e+01
3.160000000000000031e-01 3.508266326197222185e+01
3.170000000000000040e-01 3.522600781793384073e+01
3.180000000000000049e-01 3.536956492142738284e+01
3.190000000000000058e-01 3.551333421664162415e+01
3.200000000000000067e-01 3.565731534899976651e+01
3.210000000000000075e-01 3.580150796515461309e+01
3.220000000000000084e-01 3.594591171298301902e+01
3.230000000000000093e-01 3.609052624158124445e+01
3.240000000000000102e-01 3.623535120125963260e+01
3.250000000000000111e-01 3.638038624353784911e+01
3.260000000000000120e-01 3.652563102113941795e+01
3.270000000000000129e-01 3.667108518798706740e+01
3.280000000000000138e-01 3.681674839919747200e+01
3.290000000000000147e-01 3.696262031107630008e+01
3.300000000000000155e-01 3.710870058111289183e+01
3.310000000000000164e-01 3.725498886797581122e+01
3.320000000000000173e-01 3.740148483150722569e+01
3.330000000000000182e-01 3.754818813271820943e+01
3.340000000000000191e-01 3.769509843378373404e+01
3.350000000000000200e-01 3.784221539803751000e+01
3.360000000000000209e-01 3.798953868996714078e+01
3.370000000000000218e-01 3.813706797520904956e+01
3.380000000000000226e-01 3.828480292054346279e+01
3.390000000000000235e-01 3.843274319388974902e+01
3.400000000000000244e-01 3.858088846430110408e+01
3.410000000000000253e-01 3.872923840195972645e+01
3.420000000000000262e-01 3.887779267817196427e+01
3.430000000000000271e-01 3.902655096536338419e+01
3.440000000000000280e-01 3.917551293707379756e+01
3.450000000000000289e-01 3.932467826795245003e+01
3.460000000000000298e-01 3.947404663375301936e+01
3.470000000000000306e-01 3.962361771132889743e+01
3.480000000000000315e-01 3.977339117862830165e+01
3.490000000000000324e-01 3.992336671468928699e+01
3.500000000000000333e-01 4.007354399963529090e+01
3.510000000000000342e-01 4.022392271466977576e+01
3.519999999999999796e-01 4.037450254207200828e+01
3.529999999999999805e-01 4.052528316519189389e+01
3.539999999999999813e-01 4.067626426844538656e+01
3.549999999999999822e-01 4.082744553730960035e+01
3.559999999999999831e-01 4.097882665831826188e+01
3.569999999999999840e-01 4.113040731905694258e+01
3.579999999999999849e-01 4.128218720815822707e+01
3.589999999999999858e-01 4.143416601529717980e+01
3.599999999999999867e-01 4.158634343118666266e+01
3.609999999999999876e-01 4.173871914757253165e+01
3.619999999999999885e-01 4.189129285722928842e+01
3.629999999999999893e-01 4.204406425395520586e+01
3.639999999999999902e-01 4.219703303256783755e+01
3.649999999999999911e-01 4.235019888889941342e+01
3.659999999999999920e-01 4.250356151979241304e+01
3.669999999999999929e-01 4.265712062309464869e+01
3.679999999999999938e-01 4.281087589765536450e+01
3.689999999999999947e-01 4.296482704331997837e+01
3.699999999999999956e-01 4.311897376092626644e+01
3.709999999999999964e-01 4.327331575229938210e+01
3.719999999999999973e-01 4.342785272024774201e+01
3.729999999999999982e-01 4.358258436855841467e+01
3.739999999999999991e-01 4.373751040199277185e+01
3.750000000000000000e-01 4.389263052628201933e+01
3.760000000000000009e-01 4.404794444812296206e+01
3.770000000000000018e-01 4.420345187517343533e+01
3.780000000000000027e-01 4.435915251604810550e+01
3.790000000000000036e-01 4.451504608031422094e+01
3.800000000000000044e-01 4.467113227848702195e+01
3.810000000000000053e-01 4.482741082202577587e+01
3.820000000000000062e-01 4.498388142332927941e+01
3.830000000000000071e-01 4.514054379573178721e+01
3.840000000000000080e-01 4.529739765349854252e+01
3.850000000000000089e-01 4.545444271182182661e+01
3.860000000000000098e-01 4.561167868681673099e+01
3.870000000000000107e-01 4.576910529551665974e+01
3.880000000000000115e-01 4.592672225586964885e+01
3.890000000000000124e-01 4.608452928673393956e+01
3.900000000000000133e-01 4.624252610787382167e+01
3.910000000000000142e-01 4.640071243995593164e+01
3.920000000000000151e-01 4.655908800454449903e+01
3.930000000000000160e-01 4.671765252409798563e+01
3.940000000000000169e-01 4.687640572196465172e+01
3.950000000000000178e-01 4.703534732237848459e+01
3.960000000000000187e-01 4.719447705045557484e+01
3.970000000000000195e-01 4.735379463218976070e+01
3.980000000000000204e-01 4.751329979444874141e+01
3.990000000000000213e-01 4.767299226497026154e+01
4.000000000000000222e-01 4.783287177235808940e+01
4.010000000000000231e-01 4.799293804607815161e+01
4.020000000000000240e-01 4.815319081645466071e+01
4.030000000000000249e-01 4.831362981466607920e+01
4.040000000000000258e-01 4.847425477274158823e+01
4.050000000000000266e-01 4.863506542355695217e+01
4.060000000000000275e-01 4.879606150083080962e+01
4.070000000000000284e-01 4.895724273912100699e+01
4.080000000000000293e-01 4.911860887382058394e+01
4.090000000000000302e-01 4.928015964115419223e+01
4.100000000000000311e-01 4.944189477817439382e+01
4.110000000000000320e-01 4.960381402275763918e+01
4.120000000000000329e-01 4.976591711360106274e+01
4.130000000000000338e-01 4.992820379021836175e+01
4.140000000000000346e-01 5.009067379293619382e+01
4.150000000000000355e-01 5.025332686289095108e+01
4.160000000000000364e-01 5.041616274202453951e+01
4.169999999999999818e-01 5.057918117308114603e+01
4.179999999999999827e-01 5.074238189960348677e+01
4.189999999999999836e-01 5.090576466592931126e+01
4.199999999999999845e-01 5.106932921718802021e+01
4.209999999999999853e-01 5.123307529929652304e+01
4.219999999999999862e-01 5.139700265895662312e+01
4.229999999999999871e-01 5.156111104365069053e+01
4.239999999999999880e-01 5.172540020163862806e+01
4.249999999999999889e-01 5.188986988195433270e+01
4.259999999999999898e-01 5.205451983440216424e+01
4.269999999999999907e-01 5.221934980955365546e+01
4.279999999999999916e-01 5.238435955874379601e+01
4.289999999999999925e-01 5.254954883406806232e+01
4.299999999999999933e-01 5.271491738837879382e+01
4.309999999999999942e-01 5.288046497528188894e+01
4.319999999999999951e-01 5.304619134913320977e+01
4.329999999999999960e-01 5.321209626503584644e+01
4.339999999999999969e-01 5.337817947883637260e+01
4.349999999999999978e-01 5.354444074712137791e+01
4.359999999999999987e-01 5.371087982721470411e+01
4.369999999999999996e-01 5.387749647717399881e+01
4.380000000000000004e-01 5.404429045578715574e+01
4.390000000000000013e-01 5.421126152256953645e+01
4.400000000000000022e-01 5.437840943776054559e+01
4.410000000000000031e-01 5.454573396232046179e+01
4.420000000000000040e-01 5.471323485792732555e+01
4.430000000000000049e-01 5.488091188697369915e+01
4.440000000000000058e-01 5.504876481256359000e+01
4.450000000000000067e-01 5.521679339850933133e+01
4.460000000000000075e-01 5.538499740932831372e+01
4.470000000000000084e-01 5.555337661024034901e+01
4.480000000000000093e-01 5.572193076716383331e+01
4.490000000000000102e-01 5.589065964671343778e+01
4.500000000000000111e-01 5.605956301619676907e+01
4.510000000000000120e-01 5.622864064361113634e+01
4.520000000000000129e-01 5.639789229764096490e+01
4.530000000000000138e-01 5.656731774765441401e+01
4.540000000000000147e-01 5.673691676370068393e+01
4.550000000000000155e-01 5.690668911650676876e+01
4.560000000000000164e-01 5.707663457747499081e+01
4.570000000000000173e-01 5.724675291867929161e+01
4.580000000000000182e-01 5.741704391286314291e+01
4.590000000000000191e-01 5.758750733343618577e+01
4.600000000000000200e-01 5.775814295447133873e+01
4.610000000000000209e-01 5.792895055070205501e+01
4.620000000000000218e-01 5.809992989751955861e+01
4.630000000000000226e-01 5.827108077096976757e+01
4.640000000000000235e-01 5.844240294775050870e+01
4.650000000000000244e-01 5.861389620520896671e+01
4.660000000000000253e-01 5.878556032133858622e+01
4.670000000000000262e-01 5.895739507477640018e+01
4.680000000000000271e-01 5.912940024480032974e+01
4.690000000000000280e-01 5.930157561132632793e+01
4.700000000000000289e-01 5.947392095490570796e+01
4.710000000000000298e-01 5.964643605672235083e+01
4.720000000000000306e-01 5.981912069859011893e+01
4.730000000000000315e-01 5.999197466295005654e+01
4.740000000000000324e-01 6.016499773286766128e+01
4.750000000000000333e-01 6.033818969203041860e+01
4.760000000000000342e-01 6.051155032474500928e+01
4.770000000000000351e-01 6.068507941593447441e+01
4.780000000000000360e-01 6.085877675113616192e+01
4.790000000000000369e-01 6.103264211649871385e+01
4.799999999999999822e-01 6.120667529877909629e+01
4.809999999999999831e-01 6.138087608534090123e+01
4.819999999999999840e-01 6.155524426415115613e+01
4.829999999999999849e-01 6.172977962377796501e+01
4.839999999999999858e-01 6.190448195338762361e+01
4.849999999999999867e-01 6.207935104274293536e+01
4.859999999999999876e-01 6.225438668219984351e+01
4.869999999999999885e-01 6.242958866270511464e+01
4.879999999999999893e-01 6.260495677579430662e+01
4.889999999999999902e-01 6.278049081358872741e+01
4.899999999999999911e-01 6.295619056879328213e+01
4.909999999999999920e-01 6.313205583469382276e+01
4.919999999999999929e-01 6.330808640515521546e+01
4.929999999999999938e-01 6.348428207461801520e+01
4.939999999999999947e-01 6.366064263809699497e+01
4.949999999999999956e-01 6.383716789117802648e+01
4.959999999999999964e-01 6.401385763001626117e+01
4.969999999999999973e-01 6.419071165133337331e+01
4.979999999999999982e-01 6.436772975241512995e+01
4.989999999999999991e-01 6.454491173110976376e+01
5.000000000000000000e-01 6.472225738582437771e+01
5.010000000000000009e-01 6.489976651552393605e+01
5.020000000000000018e-01 6.507743891972815220e+01
5.030000000000000027e-01 6.525527439850915812e+01
5.040000000000000036e-01 6.543327275248992692e+01
5.050000000000000044e-01 6.561143378284126015e+01
5.060000000000000053e-01 6.578975729127961358e+01
5.070000000000000062e-01 6.596824308006536342e+01
5.080000000000000071e-01 6.614689095200017732e+01
5.090000000000000080e-01 6.632570071042454174e+01
5.100000000000000089e-01 6.650467215921607078e+01
5.110000000000000098e-01 6.668380510278701934e+01
5.120000000000000107e-01 6.686309934608223671e+01
5.130000000000000115e-01 6.704255469457663708e+01
5.140000000000000124e-01 6.722217095427343736e+01
5.150000000000000133e-01 6.740194793170192611e+01
5.160000000000000142e-01 6.758188543391484870e+01
5.170000000000000151e-01 6.776198326848700049e+01
5.180000000000000160e-01 6.794224124351275407e+01
5.190000000000000169e-01 6.812265916760362927e+01
5.200000000000000178e-01 6.830323684988678679e+01
5.210000000000000187e-01 6.848397410000247021e+01
5.220000000000000195e-01 6.866487072810208758e+01
5.230000000000000204e-01 6.884592654484629293e+01
5.240000000000000213e-01 6.902714136140249934e+01
5.250000000000000222e-01 6.920851498944354319e+01
5.260000000000000231e-01 6.939004724114471401e+01
5.270000000000000240e-01 6.957173792918247557e+01
5.280000000000000249e-01 6.975358686673227737e+01
5.290000000000000258e-01 6.993559386746615303e+01
5.300000000000000266e-01 7.011775874555141286e+01
5.310000000000000275e-01 7.030008131564792961e+01
5.320000000000000284e-01 7.048256139290664635e+01
5.330000000000000293e-01 7.066519879296741635e+01
5.340000000000000302e-01 7.084799333195725524e+01
5.350000000000000311e-01 7.103094482648788244e+01
5.360000000000000320e-01 7.121405309365454173e+01
5.370000000000000329e-01 7.139731795103338641e+01
5.380000000000000338e-01 7.158073921668002981e+01
5.390000000000000346e-01 7.176431670912712946e+01
5.400000000000000355e-01 7.194805024738313648e+01
5.410000000000000364e-01 7.213193965093013560e+01
5.420000000000000373e-01 7.231598473972144347e+01
5.430000000000000382e-01 7.250018533418067079e+01
5.440000000000000391e-01 7.268454125519927800e+01
5.450000000000000400e-01 7.286905232413457156e+01
5.460000000000000409e-01 7.305371836280860975e+01
5.470000000000000417e-01 7.323853919350551678e+01
5.480000000000000426e-01 7.342351463897021802e+01
5.490000000000000435e-01 7.360864452240636524e+01
5.500000000000000444e-01 7.379392866747470237e+01
5.510000000000000453e-01 7.397936689829120382e+01
5.520000000000000462e-01 7.416495903942522716e+01
5.530000000000000471e-01 7.435070491589775088e+01
5.540000000000000480e-01 7.453660435317978283e+01
5.550000000000000488e-01 7.472265717719022859e+01
5.560000000000000497e-01 7.490886321429462669e+01
5.570000000000000506e-01 7.509522229130297433e+01
5.580000000000000515e-01 7.528173423546836318e+01
5.590000000000000524e-01 7.546839887448480511e+01
5.600000000000000533e-01 7.565521603648613791e+01
5.610000000000000542e-01 7.584218555004362372e+01
5.620000000000000551e-01 7.602930724416482633e+01
5.630000000000000560e-01 7.621658094829169272e+01
5.640000000000000568e-01 7.640400649229873409e+01
5.650000000000000577e-01 7.659158370649144842e+01
5.660000000000000586e-01 7.677931242160502734e+01
5.670000000000000595e-01 7.696719246880212495e+01
5.680000000000000604e-01 7.715522367967155049e+01
5.690000000000000613e-01 7.734340588622639245e+01
5.700000000000000622e-01 7.753173892090272545e+01
5.710000000000000631e-01 7.772022261655767750e+01
5.720000000000000639e-01 7.790885680646816525e+01
5.730000000000000648e-01 7.809764132432881922e+01
5.740000000000000657e-01 7.828657600425077590e+01
5.750000000000000666e-01 7.847566068075977341e+01
5.760000000000000675e-01 7.866489518879514264e+01
5.769999999999999574e-01 7.885427936370724922e+01
5.779999999999999583e-01 7.904381304125696772e+01
5.789999999999999591e-01 7.923349605761357850e+01
5.799999999999999600e-01 7.942332824935317603e+01
5.809999999999999609e-01 7.961330945345740417e+01
5.819999999999999618e-01 7.980343950731153768e+01
5.829999999999999627e-01 7.999371824870362957e+01
5.839999999999999636e-01 8.018414551582203842e+01
5.849999999999999645e-01 8.037472114725490258e+01
5.859999999999999654e-01 8.056544498198773852e+01
5.869999999999999662e-01 8.075631685940255977e+01
5.879999999999999671e-01 8.094733661927637058e+01
5.889999999999999680e-01 8.113850410177916217e+01
5.899999999999999689e-01 8.132981914747318797e+01
5.909999999999999698e-01 8.152128159731059043e+01
5.919999999999999707e-01 8.171289129263284678e+01
5.929999999999999716e-01 8.190464807516873691e+01
5.939999999999999725e-01 8.209655178703309275e+01
5.949999999999999734e-01 8.228860227072529199e+01
5.959999999999999742e-01 8.248079936912806431e+01
5.969999999999999751e-01 8.267314292550554455e+01
5.979999999999999760e-01 8.286563278350220685e+01
5.989999999999999769e-01 8.305826878714198358e+01
5.999999999999999778e-01 8.325105078082555110e+01
6.009999999999999787e-01 8.344397860932996025e+01
6.019999999999999796e-01 8.363705211780717264e+01
6.029999999999999805e-01 8.383027115178229849e+01
6.039999999999999813e-01 8.402363555715224663e+01
6.049999999999999822e-01 8.421714518018472972e+01
6.059999999999999831e-01 8.441079986751658737e+01
6.069999999999999840e-01 8.460459946615236504e+01
6.079999999999999849e-01 8.479854382346333352e+01
6.089999999999999858e-01 8.499263278718581205e+01
6.099999999999999867e-01 8.518686620541980403e+01
6.109999999999999876e-01 8.538124392662793127e+01
6.119999999999999885e-01 8.557576579963418340e+01
6.129999999999999893e-01 8.577043167362188569e+01
6.139999999999999902e-01 8.596524139813314491e+01
6.149999999999999911e-01 8.616019482306735711e+01
6.159999999999999920e-01 8.635529179867981497e+01
6.169999999999999929e-01 8.655053217558020151e+01
6.179999999999999938e-01 8.674591580473186525e+01
6.189999999999999947e-01 8.694144253745005813e+01
6.199999999999999956e-01 8.713711222540061385e+01
6.209999999999999964e-01 8.733292472059929423e+01
6.219999999999999973e-01 8.752887987540964332e+01
6.229999999999999982e-01 8.772497754254256108e+01
6.239999999999999991e-01 8.792121757505449864e+01
6.250000000000000000e-01 8.811759982634636401e+01
6.260000000000000009e-01 8.831412415016247053e+01
6.270000000000000018e-01 8.851079040058903047e+01
6.280000000000000027e-01 8.870759843205296136e+01
6.290000000000000036e-01 8.890454809932099067e+01
6.300000000000000044e-01 8.910163925749793634e+01
6.310000000000000053e-01 8.929887176202591093e+01
6.320000000000000062e-01 8.949624546868297159e+01
6.330000000000000071e-01 8.969376023358178429e+01
6.340000000000000080e-01 8.989141591316878532e+01
6.350000000000000089e-01 9.008921236422244760e+01
6.360000000000000098e-01 9.028714944385262697e+01
6.370000000000000107e-01 9.048522700949922637e+01
6.380000000000000115e-01 9.068344491893081738e+01
6.390000000000000124e-01 9.088180303024364548e+01
6.400000000000000133e-01 9.108030120186045053e+01
6.410000000000000142e-01 9.127893929252954308e+01
6.420000000000000151e-01 9.147771716132299957e+01
6.430000000000000160e-01 9.167663466763632130e+01
6.440000000000000169e-01 9.187569167118695646e+01
6.450000000000000178e-01 9.207488803201273697e+01
6.460000000000000187e-01 9.227422361047140953e+01
6.470000000000000195e-01 9.247369826723934239e+01
6.480000000000000204e-01 9.267331186331009008e+01
6.490000000000000213e-01 9.287306425999355497e+01
6.500000000000000222e-01 9.307295531891497831e+01
6.510000000000000231e-01 9.327298490201354753e+01
6.520000000000000240e-01 9.347315287154148677e+01
6.530000000000000249e-01 9.367345909006277793e+01
6.540000000000000258e-01 9.387390342045263480e+01
6.550000000000000266e-01 9.407448572589542835e+01
6.560000000000000275e-01 9.427520586988472928e+01
6.570000000000000284e-01 9.447606371622130439e+01
6.580000000000000293e-01 9.467705912901256227e+01
6.590000000000000302e-01 9.487819197267127436e+01
6.600000000000000311e-01 9.507946211191483599e+01
6.610000000000000320e-01 9.528086941176387370e+01
6.620000000000000329e-01 9.548241373754130734e+01
6.630000000000000338e-01 9.568409495487115635e+01
6.640000000000000346e-01 9.588591292967778656e+01
6.650000000000000355e-01 9.608786752818498655e+01
6.660000000000000364e-01 9.628995861691420544e+01
6.670000000000000373e-01 9.649218606268443921e+01
6.680000000000000382e-01 9.669454973261065334e+01
6.690000000000000391e-01 9.689704949410268853e+01
6.700000000000000400e-01 9.709968521486480597e+01
6.710000000000000409e-01 9.730245676289433732e+01
6.720000000000000417e-01 9.750536400648044832e+01
6.730000000000000426e-01 9.770840681420362728e+01
6.740000000000000435e-01 9.791158505493429232e+01
6.750000000000000444e-01 9.811489859783178247e+01
6.760000000000000453e-01 9.831834731234427238e+01
6.770000000000000462e-01 9.852193106820634227e+01
6.780000000000000471e-01 9.872564973543912004e+01
6.790000000000000480e-01 9.892950318434856172e+01
6.800000000000000488e-01 9.913349128552565048e+01
6.810000000000000497e-01 9.933761390984372497e+01
6.820000000000000506e-01 9.954187092845893403e+01
6.830000000000000515e-01 9.974626221280870197e+01
6.840000000000000524e-01 9.995078763461096116e+01
6.850000000000000533e-01 1.001554470658629583e+02
6.860000000000000542e-01 1.003602403788405866e+02
6.870000000000000551e-01 1.005651674460974903e+02
6.880000000000000560e-01 1.007702281404635585e+02
6.890000000000000568e-01 1.009754223350447546e+02
6.900000000000000577e-01 1.011807499032218658e+02
6.910000000000000586e-01 1.013862107186494654e+02
6.920000000000000595e-01 1.015918046552551175e+02
6.930000000000000604e-01 1.017975315872385522e+02
6.940000000000000613e-01 1.020033913890706714e+02
6.950000000000000622e-01 1.022093839354923688e+02
6.960000000000000631e-01 1.024155091015143455e+02
6.970000000000000639e-01 1.026217667624156178e+02
6.980000000000000648e-01 1.028281567937426502e+02
6.990000000000000657e-01 1.030346790713088154e+02
7.000000000000000666e-01 1.032413334711929878e+02
7.010000000000000675e-01 1.034481198697393438e+02
7.020000000000000684e-01 1.036550381435559558e+02
7.030000000000000693e-01 1.038620881695141094e+02
7.039999999999999591e-01 1.040692698247473089e+02
7.049999999999999600e-01 1.042765829866507232e+02
7.059999999999999609e-01 1.044840275328800061e+02
7.069999999999999618e-01 1.046916033413505716e+02
7.079999999999999627e-01 1.048993102902367411e+02
7.089999999999999636e-01 1.051071482579708913e+02
7.099999999999999645e-01 1.053151171232426151e+02
7.109999999999999654e-01 1.055232167649977555e+02
7.119999999999999662e-01 1.057314470624377520e+02
7.129999999999999671e-01 1.059398078950189586e+02
7.139999999999999680e-01 1.061482991424512363e+02
7.149999999999999689e-01 1.063569206846975561e+02
7.159999999999999698e-01 1.065656724019734440e+02
7.169999999999999707e-01 1.067745541747452194e+02
7.179999999999999716e-01 1.069835658837303356e+02
7.189999999999999725e-01 1.071927074098957746e+02
7.199999999999999734e-01 1.074019786344574356e+02
7.209999999999999742e-01 1.076113794388793679e+02
7.219999999999999751e-01 1.078209097048731451e+02
7.229999999999999760e-01 1.080305693143967005e+02
7.239999999999999769e-01 1.082403581496539147e+02
7.249999999999999778e-01 1.084502760930933931e+02
7.259999999999999787e-01 1.086603230274081682e+02
7.269999999999999796e-01 1.088704988355344199e+02
7.279999999999999805e-01 1.090808034006511491e+02
7.289999999999999813e-01 1.092912366061792540e+02
7.299999999999999822e-01 1.095017983357803075e+02
7.309999999999999831e-01 1.097124884733565011e+02
7.319999999999999840e-01 1.099233069030495926e+02
7.329999999999999849e-01 1.101342535092397270e+02
7.339999999999999858e-01 1.103453281765454790e+02
7.349999999999999867e-01 1.105565307898225171e+02
7.359999999999999876e-01 1.107678612341628792e+02
7.369999999999999885e-01 1.109793193948943468e+02
7.379999999999999893e-01 1.111909051575798344e+02
7.389999999999999902e-01 1.114026184080165365e+02
7.399999999999999911e-01 1.116144590322346914e+02
7.409999999999999920e-01 1.118264269164978373e+02
7.419999999999999929e-01 1.120385219473013194e+02
7.429999999999999938e-01 1.122507440113716939e+02
7.439999999999999947e-01 1.124630929956662442e+02
7.449999999999999956e-01 1.126755687873718159e+02
7.459999999999999964e-01 1.128881712739048027e+02
7.469999999999999973e-01 1.131009003429095401e+02
7.479999999999999982e-01 1.133137558822582776e+02
7.489999999999999991e-01 1.135267377800503112e+02
7.500000000000000000e-01 1.137398459246107905e+02
7.510000000000000009e-01 1.139530802044908455e+02
7.520000000000000018e-01 1.141664405084663656e+02
7.530000000000000027e-01 1.143799267255368477e+02
7.540000000000000036e-01 1.145935387449259366e+02
7.550000000000000044e-01 1.148072764560797623e+02
7.560000000000000053e-01 1.150211397486661582e+02
7.570000000000000062e-01 1.152351285125748461e+02
7.580000000000000071e-01 1.154492426379158445e+02
7.590000000000000080e-01 1.156634820150192269e+02
7.600000000000000089e-01 1.158778465344344824e+02
7.610000000000000098e-01 1.160923360869295919e+02
7.620000000000000107e-01 1.163069505634905170e+02
7.630000000000000115e-01 1.165216898553203890e+02
7.640000000000000124e-01 1.167365538538391263e+02
7.650000000000000133e-01 1.169515424506825099e+02
7.660000000000000142e-01 1.171666555377013594e+02
7.670000000000000151e-01 1.173818930069613913e+02
7.680000000000000160e-01 1.175972547507422519e+02
7.690000000000000169e-01 1.178127406615366937e+02
7.700000000000000178e-01 1.180283506320500493e+02
7.710000000000000187e-01 1.182440845551999331e+02
7.720000000000000195e-01 1.184599423241149196e+02
7.730000000000000204e-01 1.186759238321345578e+02
7.740000000000000213e-01 1.188920289728082480e+02
7.750000000000000222e-01 1.191082576398949868e+02
7.760000000000000231e-01 1.193246097273622297e+02
7.770000000000000240e-01 1.195410851293858627e+02
7.780000000000000249e-01 1.197576837403490941e+02
7.790000000000000258e-01 1.199744054548418291e+02
7.800000000000000266e-01 1.201912501676604705e+02
7.810000000000000275e-01 1.204082177738072232e+02
7.820000000000000284e-01 1.206253081684886865e+02
7.830000000000000293e-01 1.208425212471160677e+02
7.840000000000000302e-01 1.210598569053044997e+02
7.850000000000000311e-01 1.212773150388721319e+02
7.860000000000000320e-01 1.214948955438396041e+02
7.870000000000000329e-01 1.217125983164294354e+02
7.880000000000000338e-01 1.219304232530654133e+02
7.890000000000000346e-01 1.221483702503721389e+02
7.900000000000000355e-01 1.223664392051741885e+02
7.910000000000000364e-01 1.225846300144957013e+02
7.920000000000000373e-01 1.228029425755596122e+02
7.930000000000000382e-01 1.230213767857872256e+02
7.940000000000000391e-01 1.232399325427975612e+02
7.950000000000000400e-01 1.234586097444066297e+02
7.960000000000000409e-01 1.236774082886269781e+02
7.970000000000000417e-01 1.238963280736673482e+02
7.980000000000000426e-01 1.241153689979313128e+02
7.990000000000000435e-01 1.243345309600178155e+02
8.000000000000000444e-01 1.245538138587195505e+02
8.010000000000000453e-01 1.247732175930229062e+02
8.020000000000000462e-01 1.249927420621074958e+02
8.030000000000000471e-01 1.252123871653452056e+02
8.040000000000000480e-01 1.254321528022999104e+02
8.050000000000000488e-01 1.256520388727265924e+02
8.060000000000000497e-01 1.258720452765712992e+02
8.070000000000000506e-01 1.260921719139701480e+02
8.080000000000000515e-01 1.263124186852489856e+02
8.090000000000000524e-01 1.265327854909224072e+02
8.100000000000000533e-01 1.267532722316940124e+02
8.110000000000000542e-01 1.269738788084548702e+02
8.120000000000000551e-01 1.271946051222838463e+02
8.130000000000000560e-01 1.274154510744465512e+02
8.140000000000000568e-01 1.276364165663947148e+02
8.150000000000000577e-01 1.278575014997660446e+02
8.160000000000000586e-01 1.280787057763835719e+02
8.170000000000000595e-01 1.283000292982548274e+02
8.180000000000000604e-01 1.285214719675715003e+02
8.190000000000000613e-01 1.287430336867087703e+02
8.200000000000000622e-01 1.289647143582252795e+02
8.210000000000000631e-01 1.291865138848618244e+02
8.220000000000000639e-01 1.294084321695413280e+02
8.230000000000000648e-01 1.296304691153683279e+02
8.240000000000000657e-01 1.298526246256280103e+02
8.250000000000000666e-01 1.300748986037863233e+02
8.260000000000000675e-01 1.302972909534889538e+02
8.270000000000000684e-01 1.305198015785610437e+02
8.280000000000000693e-01 1.307424303830062513e+02
8.290000000000000702e-01 1.309651772710073772e+02
8.300000000000000711e-01 1.311880421469242037e+02
8.310000000000000719e-01 1.314110249152942060e+02
8.320000000000000728e-01 1.316341254808317274e+02
8.329999999999999627e-01 1.318573437484275814e+02
8.339999999999999636e-01 1.320806796231477165e+02
8.349999999999999645e-01 1.323041330102339259e+02
8.359999999999999654e-01 1.325277038151027682e+02
8.369999999999999662e-01 1.327513919433448564e+02
8.379999999999999671e-01 1.329751973007247159e+02
8.389999999999999680e-01 1.331991197931803015e+02
8.399999999999999689e-01 1.334231593268221729e+02
8.409999999999999698e-01 1.336473158079329835e+02
8.419999999999999707e-01 1.338715891429678209e+02
8.429999999999999716e-01 1.340959792385525873e+02
8.439999999999999725e-01 1.343204860014839426e+02
8.449999999999999734e-01 1.345451093387296737e+02
8.459999999999999742e-01 1.347698491574263926e+02
8.469999999999999751e-01 1.349947053648807014e+02
8.479999999999999760e-01 1.352196778685680272e+02
8.489999999999999769e-01 1.354447665761322810e+02
8.499999999999999778e-01 1.356699713953850051e+02
8.509999999999999787e-01 1.358952922343054865e+02
8.519999999999999796e-01 1.361207290010399333e+02
8.529999999999999805e-01 1.363462816039012466e+02
8.539999999999999813e-01 1.365719499513684241e+02
8.549999999999999822e-01 1.367977339520854798e+02
8.559999999999999831e-01 1.370236335148620128e+02
8.569999999999999840e-01 1.372496485486724112e+02
8.579999999999999849e-01 1.374757789626549993e+02
8.589999999999999858e-01 1.377020246661120666e+02
8.599999999999999867e-01 1.379283855685087872e+02
8.609999999999999876e-01 1.381548615794738453e+02
8.619999999999999885e-01 1.383814526087974741e+02
8.629999999999999893e-01 1.386081585664323086e+02
8.639999999999999902e-01 1.388349793624924189e+02
8.649999999999999911e-01 1.390619149072528273e+02
8.659999999999999920e-01 1.392889651111491958e+02
8.669999999999999929e-01 1.395161298847773423e+02
8.679999999999999938e-01 1.397434091388924458e+02
8.689999999999999947e-01 1.399708027844091873e+02
8.699999999999999956e-01 1.401983107324010405e+02
8.709999999999999964e-01 1.404259328940996170e+02
8.719999999999999973e-01 1.406536691808948660e+02
8.729999999999999982e-01 1.408815195043339372e+02
8.739999999999999991e-01 1.411094837761208396e+02
8.750000000000000000e-01 1.413375619081161858e+02
8.760000000000000009e-01 1.415657538123373342e+02
8.770000000000000018e-01 1.417940594009569679e+02
8.780000000000000027e-01 1.420224785863029808e+02
8.790000000000000036e-01 1.422510112808582790e+02
8.800000000000000044e-01 1.424796573972606097e+02
8.810000000000000053e-01 1.427084168483008000e+02
8.820000000000000062e-01 1.429372895469240632e+02
8.830000000000000071e-01 1.431662754062290617e+02
8.840000000000000080e-01 1.433953743394663434e+02
8.850000000000000089e-01 1.436245862600394787e+02
8.860000000000000098e-01 1.438539110815037247e+02
8.870000000000000107e-01 1.440833487175659684e+02
8.880000000000000115e-01 1.443128990820842432e+02
8.890000000000000124e-01 1.445425620890670757e+02
8.900000000000000133e-01 1.447723376526733148e+02
8.910000000000000142e-01 1.450022256872120465e+02
8.920000000000000151e-01 1.452322261071414857e+02
8.930000000000000160e-01 1.454623388270691748e+02
8.940000000000000169e-01 1.456925637617508187e+02
8.950000000000000178e-01 1.459229008260908245e+02
8.960000000000000187e-01 1.461533499351415344e+02
8.970000000000000195e-01 1.463839110041025435e+02
8.980000000000000204e-01 1.466145839483205009e+02
8.990000000000000213e-01 1.468453686832889105e+02
9.000000000000000222e-01 1.470762651246472217e+02
9.010000000000000231e-01 1.473072731881810000e+02
9.020000000000000240e-01 1.475383927898214438e+02
9.030000000000000249e-01 1.477696238456444462e+02
9.040000000000000258e-01 1.480009662718709649e+02
9.050000000000000266e-01 1.482324199848661692e+02
9.060000000000000275e-01 1.484639849011390993e+02
9.070000000000000284e-01 1.486956609373422395e+02
9.080000000000000293e-01 1.489274480102714904e+02
9.090000000000000302e-01 1.491593460368651733e+02
9.100000000000000311e-01 1.493913549342046849e+02
9.110000000000000320e-01 1.496234746195125922e+02
9.120000000000000329e-01 1.498557050101538834e+02
9.130000000000000338e-01 1.500880460236340639e+02
9.140000000000000346e-01 1.503204975776000651e+02
9.150000000000000355e-01 1.505530595898390231e+02
9.160000000000000364e-01 1.507857319782785339e+02
9.170000000000000373e-01 1.510185146609857156e+02
9.180000000000000382e-01 1.512514075561670381e+02
9.190000000000000391e-01 1.514844105821682945e+02
9.200000000000000400e-01 1.517175236574736061e+02
9.210000000000000409e-01 1.519507467007055368e+02
9.220000000000000417e-01 1.521840796306245238e+02
9.230000000000000426e-01 1.524175223661286509e+02
9.240000000000000435e-01 1.526510748262531649e+02
9.250000000000000444e-01 1.528847369301701917e+02
9.260000000000000453e-01 1.531185085971882529e+02
9.270000000000000462e-01 1.533523897467520953e+02
9.280000000000000471e-01 1.535863802984419806e+02
9.290000000000000480e-01 1.538204801719740544e+02
9.300000000000000488e-01 1.540546892871989542e+02
9.310000000000000497e-01 1.542890075641025476e+02
9.320000000000000506e-01 1.545234349228045687e+02
9.330000000000000515e-01 1.547579712835589589e+02
9.340000000000000524e-01 1.549926165667536395e+02
9.350000000000000533e-01 1.552273706929091190e+02
9.360000000000000542e-01 1.554622335826795165e+02
9.370000000000000551e-01 1.556972051568510835e+02
9.380000000000000560e-01 1.559322853363428862e+02
9.390000000000000568e-01 1.561674740422049865e+02
9.400000000000000577e-01 1.564027711956198630e+02
9.410000000000000586e-01 1.566381767179010183e+02
9.420000000000000595e-01 1.568736905304926097e+02
9.430000000000000604e-01 1.571093125549696481e+02
9.440000000000000613e-01 1.573450427130371452e+02
9.450000000000000622e-01 1.575808809265301136e+02
9.460000000000000631e-01 1.578168271174127995e+02
9.470000000000000639e-01 1.580528812077792509e+02
9.480000000000000648e-01 1.582890431198516978e+02
9.490000000000000657e-01 1.585253127759815186e+02
9.500000000000000666e-01 1.587616900986478470e+02
9.510000000000000675e-01 1.589981750104582545e+02
9.520000000000000684e-01 1.592347674341470167e+02
9.530000000000000693e-01 1.594714672925762784e+02
9.540000000000000702e-01 1.597082745087351441e+02
9.550000000000000711e-01 1.599451890057388823e+02
9.560000000000000719e-01 1.601822107068292951e+02
9.570000000000000728e-01 1.604193395353739220e+02
9.580000000000000737e-01 1.606565754148661540e+02
9.590000000000000746e-01 1.608939182689242955e+02
9.599999999999999645e-01 1.611313680212917916e+02
9.609999999999999654e-01 1.613689245958371714e+02
9.619999999999999662e-01 1.616065879165524564e+02
9.629999999999999671e-01 1.618443579075543823e+02
9.639999999999999680e-01 1.620822344930831491e+02
9.649999999999999689e-01 1.623202175975022783e+02
9.659999999999999698e-01 1.625583071452983290e+02
9.669999999999999707e-01 1.627965030610805286e+02
9.679999999999999716e-01 1.630348052695810566e+02
9.689999999999999725e-01 1.632732136956536806e+02
9.699999999999999734e-01 1.635117282642744101e+02
9.709999999999999742e-01 1.637503489005403878e+02
9.719999999999999751e-01 1.639890755296700604e+02
9.729999999999999760e-01 1.642279080770030077e+02
9.739999999999999769e-01 1.644668464679993463e+02
9.749999999999999778e-01 1.647058906282393878e+02
9.759999999999999787e-01 1.649450404834233552e+02
9.769999999999999796e-01 1.651842959593715534e+02
9.779999999999999805e-01 1.654236569820232035e+02
9.789999999999999813e-01 1.656631234774370114e+02
9.799999999999999822e-01 1.659026953717901733e+02
9.809999999999999831e-01 1.661423725913786313e+02
9.819999999999999840e-01 1.663821550626163912e+02
9.829999999999999849e-01 1.666220427120355225e+02
9.839999999999999858e-01 1.668620354662855334e+02
9.849999999999999867e-01 1.671021332521332567e+02
9.859999999999999876e-01 1.673423359964626798e+02
9.869999999999999885e-01 1.675826436262743471e+02
9.879999999999999893e-01 1.678230560686856734e+02
9.889999999999999902e-01 1.680635732509295508e+02
9.899999999999999911e-01 1.683041951003556846e+02
9.909999999999999920e-01 1.685449215444281492e+02
9.919999999999999929e-01 1.687857525107274057e+02
9.929999999999999938e-01 1.690266879269483411e+02
9.939999999999999947e-01 1.692677277209007798e+02
9.949999999999999956e-01 1.695088718205087446e+02
9.959999999999999964e-01 1.697501201538108546e+02
9.969999999999999973e-01 1.699914726489592738e+02
9.979999999999999982e-01 1.702329292342197675e+02
9.989999999999999991e-01 1.704744898379713050e+02
1.000000000000000000e+00 1.707161543887064852e+02
