0.000000000000000000e+00 0.000000000000000000e+00
1.000000000000000021e-03 9.106443861684545560e-01
2.000000000000000042e-03 1.337331614505146371e+00
3.000000000000000062e-03 1.656797029449032843e+00
4.000000000000000083e-03 1.918075193073204066e+00
5.000000000000000104e-03 2.141365527922876488e+00
6.000000000000000125e-03 2.337443929810557819e+00
7.000000000000000146e-03 2.512897940838161759e+00
8.000000000000000167e-03 2.672115695285279369e+00
9.000000000000001055e-03 2.818199461719106846e+00
1.000000000000000021e-02 2.953440686177831509e+00
1.099999999999999936e-02 3.079589875278483824e+00
1.200000000000000025e-02 3.198020495253547146e+00
1.300000000000000114e-02 3.309833841324212766e+00
1.400000000000000029e-02 3.415929019912898212e+00
1.499999999999999944e-02 3.517051296499671409e+00
1.600000000000000033e-02 3.613826482472278556e+00
1.700000000000000122e-02 3.706786005274198104e+00
1.800000000000000211e-02 3.796385580268887949e+00
1.899999999999999953e-02 3.883019378177491987e+00
2.000000000000000042e-02 3.967030951869650046e+00
2.100000000000000130e-02 4.048721786719765348e+00
2.199999999999999872e-02 4.128358078423252309e+00
2.299999999999999961e-02 4.206176168466656762e+00
2.400000000000000050e-02 4.282386949043152313e+00
2.500000000000000139e-02 4.357179466934959500e+00
2.600000000000000228e-02 4.430723897722582016e+00
2.699999999999999969e-02 4.503174019911872605e+00
2.800000000000000058e-02 4.574669288140501777e+00
2.900000000000000147e-02 4.645336582164283357e+00
2.999999999999999889e-02 4.715291691543040287e+00
3.099999999999999978e-02 4.784640583268617853e+00
3.200000000000000067e-02 4.853480489901356165e+00
3.300000000000000155e-02 4.921900848324673561e+00
3.400000000000000244e-02 4.989984113429732027e+00
3.500000000000000333e-02 5.057806466497064335e+00
3.600000000000000422e-02 5.125438434450574121e+00
3.699999999999999817e-02 5.192945433301389357e+00
3.799999999999999906e-02 5.260388246808465951e+00
3.899999999999999994e-02 5.327823449535710409e+00
4.000000000000000083e-02 5.395303781986550362e+00
4.100000000000000172e-02 5.462878484273465673e+00
4.200000000000000261e-02 5.530593593776603534e+00
4.300000000000000350e-02 5.598492211417415376e+00
4.399999999999999745e-02 5.666614740487537993e+00
4.499999999999999833e-02 5.734999101401667687e+00
4.599999999999999922e-02 5.803680925265490842e+00
4.700000000000000011e-02 5.872693728748631159e+00
4.800000000000000100e-02 5.942069072414049913e+00
4.900000000000000189e-02 6.011836704369229345e+00
5.000000000000000278e-02 6.082024690860992955e+00
5.100000000000000366e-02 6.152659535228695908e+00
5.200000000000000455e-02 6.223766286452780072e+00
5.299999999999999850e-02 6.295368638383974869e+00
5.399999999999999939e-02 6.367489020606901029e+00
5.500000000000000028e-02 6.440148681779126250e+00
5.600000000000000117e-02 6.513367766188674857e+00
5.700000000000000205e-02 6.587165384187930961e+00
5.800000000000000294e-02 6.661559677088014553e+00
5.900000000000000383e-02 6.736567877033167839e+00
5.999999999999999778e-02 6.812206362318006470e+00
6.099999999999999867e-02 6.888490708561406883e+00
6.199999999999999956e-02 6.965435736106813991e+00
6.300000000000000044e-02 7.043055553980813954e+00
6.400000000000000133e-02 7.121363600707868891e+00
6.500000000000000222e-02 7.200372682249114753e+00
6.600000000000000311e-02 7.280095007306879751e+00
6.700000000000000400e-02 7.360542220212794362e+00
6.800000000000000488e-02 7.441725431596551310e+00
6.900000000000000577e-02 7.523655247013878444e+00
7.000000000000000666e-02 7.606341793695313491e+00
7.100000000000000755e-02 7.689794745562826606e+00
7.200000000000000844e-02 7.774023346647868316e+00
7.299999999999999545e-02 7.859036433032375868e+00
7.399999999999999634e-02 7.944842453423767381e+00
7.499999999999999722e-02 8.031449488465018050e+00
7.599999999999999811e-02 8.118865268872529128e+00
7.699999999999999900e-02 8.207097192486266124e+00
7.799999999999999989e-02 8.296152340309944861e+00
7.900000000000000078e-02 8.386037491612285066e+00
8.000000000000000167e-02 8.476759138154715600e+00
8.100000000000000255e-02 8.568323497605677019e+00
8.200000000000000344e-02 8.660736526196709306e+00
8.300000000000000433e-02 8.754003930671256484e+00
8.400000000000000522e-02 8.848131179573194061e+00
8.500000000000000611e-02 8.943123513918369127e+00
8.600000000000000699e-02 9.038985957289222384e+00
8.700000000000000788e-02 9.135723325389506044e+00
8.799999999999999489e-02 9.233340235093344006e+00
8.899999999999999578e-02 9.331841113020425738e+00
8.999999999999999667e-02 9.431230203666730816e+00
9.099999999999999756e-02 9.531511577118136458e+00
9.199999999999999845e-02 9.632689136372251326e+00
9.299999999999999933e-02 9.734766624292031878e+00
9.400000000000000022e-02 9.837747630213172556e+00
9.500000000000000111e-02 9.941635596225701477e+00
9.600000000000000200e-02 1.004643382314865008e+01
9.700000000000000289e-02 1.015214547621580365e+01
9.800000000000000377e-02 1.025877359048878290e+01
9.900000000000000466e-02 1.036632107601315411e+01
1.000000000000000056e-01 1.047479072273187661e+01
1.010000000000000064e-01 1.058418520516955752e+01
1.020000000000000073e-01 1.069450708690028407e+01
1.030000000000000082e-01 1.080575882481065086e+01
1.040000000000000091e-01 1.091794277316930994e+01
1.049999999999999961e-01 1.103106118751312970e+01
1.059999999999999970e-01 1.114511622835993876e+01
1.069999999999999979e-01 1.126010996475690185e+01
1.079999999999999988e-01 1.137604437767308063e+01
1.089999999999999997e-01 1.149292136324423197e+01
1.100000000000000006e-01 1.161074273587754924e+01
1.110000000000000014e-01 1.172951023122331549e+01
1.120000000000000023e-01 1.184922550902022209e+01
1.130000000000000032e-01 1.196989015582080640e+01
1.140000000000000041e-01 1.209150568760268385e+01
1.150000000000000050e-01 1.221407355227148983e+01
1.160000000000000059e-01 1.233759513206063119e+01
1.170000000000000068e-01 1.246207174583284072e+01
1.180000000000000077e-01 1.258750465128836993e+01
1.190000000000000085e-01 1.271389504708414364e+01
1.199999999999999956e-01 1.284124407486820729e+01
1.209999999999999964e-01 1.296955282123331088e+01
1.219999999999999973e-01 1.309882231959344523e+01
1.229999999999999982e-01 1.322905355198696142e+01
1.239999999999999991e-01 1.336024745080954546e+01
1.250000000000000000e-01 1.349240490048024910e+01
1.260000000000000009e-01 1.362552673904368561e+01
1.270000000000000018e-01 1.375961375971111522e+01
1.280000000000000027e-01 1.389466671234331940e+01
1.290000000000000036e-01 1.403068630487759449e+01
1.300000000000000044e-01 1.416767320470163227e+01
1.310000000000000053e-01 1.430562803997623789e+01
1.320000000000000062e-01 1.444455140090950351e+01
1.330000000000000071e-01 1.458444384098409330e+01
1.340000000000000080e-01 1.472530587813998437e+01
1.350000000000000089e-01 1.486713799591446517e+01
1.360000000000000098e-01 1.500994064454096133e+01
1.370000000000000107e-01 1.515371424200882444e+01
1.380000000000000115e-01 1.529845917508533404e+01
1.390000000000000124e-01 1.544417580030166448e+01
1.400000000000000133e-01 1.559086444490422707e+01
1.410000000000000142e-01 1.573852540777286180e+01
1.420000000000000151e-01 1.588715896030715058e+01
1.430000000000000160e-01 1.603676534728216296e+01
1.440000000000000169e-01 1.618734478767483864e+01
1.449999999999999900e-01 1.633889747546219340e+01
1.459999999999999909e-01 1.649142358039250311e+01
1.469999999999999918e-01 1.664492324873041085e+01
1.479999999999999927e-01 1.679939660397705836e+01
1.489999999999999936e-01 1.695484374756621193e+01
1.499999999999999944e-01 1.711126475953729553e+01
1.509999999999999953e-01 1.726865969918613430e+01
1.519999999999999962e-01 1.742702860569445278e+01
1.529999999999999971e-01 1.758637149873867855e+01
1.539999999999999980e-01 1.774668837907900354e+01
1.549999999999999989e-01 1.790797922912947371e+01
1.559999999999999998e-01 1.807024401350960829e+01
1.570000000000000007e-01 1.823348267957847568e+01
1.580000000000000016e-01 1.839769515795164878e+01
1.590000000000000024e-01 1.856288136300181435e+01
1.600000000000000033e-01 1.872904119334367579e+01
1.610000000000000042e-01 1.889617453230343003e+01
1.620000000000000051e-01 1.906428124837380622e+01
1.630000000000000060e-01 1.923336119565471947e+01
1.640000000000000069e-01 1.940341421428043844e+01
1.650000000000000078e-01 1.957444013083356182e+01
1.660000000000000087e-01 1.974643875874622623e+01
1.670000000000000095e-01 1.991940989868909284e+01
1.680000000000000104e-01 2.009335333894854614e+01
1.690000000000000113e-01 2.026826885579237114e+01
1.700000000000000122e-01 2.044415621382450610e+01
1.710000000000000131e-01 2.062101516632912279e+01
1.720000000000000140e-01 2.079884545560432940e+01
1.730000000000000149e-01 2.097764681328606429e+01
1.740000000000000158e-01 2.115741896066231220e+01
1.750000000000000167e-01 2.133816160897806924e+01
1.759999999999999898e-01 2.151987445973129809e+01
1.769999999999999907e-01 2.170255720496032126e+01
1.779999999999999916e-01 2.188620952752266646e+01
1.789999999999999925e-01 2.207083110136592552e+01
1.799999999999999933e-01 2.225642159179080437e+01
1.809999999999999942e-01 2.244298065570642819e+01
1.819999999999999951e-01 2.263050794187846293e+01
1.829999999999999960e-01 2.281900309117011005e+01
1.839999999999999969e-01 2.300846573677610962e+01
1.849999999999999978e-01 2.319889550445027027e+01
1.859999999999999987e-01 2.339029201272637692e+01
1.869999999999999996e-01 2.358265487313306608e+01
1.880000000000000004e-01 2.377598369040248372e+01
1.890000000000000013e-01 2.397027806267313821e+01
1.900000000000000022e-01 2.416553758168718957e+01
1.910000000000000031e-01 2.436176183298214681e+01
1.920000000000000040e-01 2.455895039607724328e+01
1.930000000000000049e-01 2.475710284465471744e+01
1.940000000000000058e-01 2.495621874673607721e+01
1.950000000000000067e-01 2.515629766485350416e+01
1.960000000000000075e-01 2.535733915621661794e+01
1.970000000000000084e-01 2.555934277287454393e+01
1.980000000000000093e-01 2.576230806187385980e+01
1.990000000000000102e-01 2.596623456541184538e+01
2.000000000000000111e-01 2.617112182098600925e+01
2.010000000000000120e-01 2.637696936153928817e+01
2.020000000000000129e-01 2.658377671560146638e+01
2.030000000000000138e-01 2.679154340742675799e+01
2.040000000000000147e-01 2.700026895712775143e+01
2.050000000000000155e-01 2.720995288080577978e+01
2.060000000000000164e-01 2.742059469067776689e+01
2.070000000000000173e-01 2.763219389519973390e+01
2.080000000000000182e-01 2.784474999918710836e+01
2.089999999999999913e-01 2.805826250393175059e+01
2.099999999999999922e-01 2.827273090731602423e+01
2.109999999999999931e-01 2.848815470392366933e+01
2.119999999999999940e-01 2.870453338514800379e+01
2.129999999999999949e-01 2.892186643929721157e+01
2.139999999999999958e-01 2.914015335169679588e+01
2.149999999999999967e-01 2.935939360478948856e+01
2.159999999999999976e-01 2.957958667823249499e+01
2.169999999999999984e-01 2.980073204899228045e+01
2.179999999999999993e-01 3.002282919143689810e+01
2.190000000000000002e-01 3.024587757742584415e+01
2.200000000000000011e-01 3.046987667639770336e+01
2.210000000000000020e-01 3.069482595545557047e+01
2.220000000000000029e-01 3.092072487945017656e+01
2.230000000000000038e-01 3.114757291106089809e+01
2.240000000000000047e-01 3.137536951087487580e+01
2.250000000000000056e-01 3.160411413746385989e+01
2.260000000000000064e-01 3.183380624745933574e+01
2.270000000000000073e-01 3.206444529562549661e+01
2.280000000000000082e-01 3.229603073493068877e+01
2.290000000000000091e-01 3.252856201661667512e+01
2.300000000000000100e-01 3.276203859026652765e+01
2.310000000000000109e-01 3.299645990387050887e+01
2.320000000000000118e-01 3.323182540389042572e+01
2.330000000000000127e-01 3.346813453532244154e+01
2.340000000000000135e-01 3.370538674175801930e+01
2.350000000000000144e-01 3.394358146544381327e+01
2.360000000000000153e-01 3.418271814733959957e+01
2.370000000000000162e-01 3.442279622717495613e+01
2.380000000000000171e-01 3.466381514350469217e+01
2.390000000000000180e-01 3.490577433376245864e+01
2.399999999999999911e-01 3.514867323431353441e+01
2.409999999999999920e-01 3.539251128050594986e+01
2.419999999999999929e-01 3.563728790672037405e+01
2.429999999999999938e-01 3.588300254641904985e+01
2.439999999999999947e-01 3.612965463219303075e+01
2.449999999999999956e-01 3.637724359580875699e+01
2.459999999999999964e-01 3.662576886825314659e+01
2.469999999999999973e-01 3.687522987977757793e+01
2.479999999999999982e-01 3.712562605994106235e+01
2.489999999999999991e-01 3.737695683765195298e+01
2.500000000000000000e-01 3.762922164120904966e+01
2.510000000000000009e-01 3.788241989834126144e+01
2.520000000000000018e-01 3.813655103624668641e+01
2.530000000000000027e-01 3.839161448163041257e+01
2.540000000000000036e-01 3.864760966074157977e+01
2.550000000000000044e-01 3.890453599940949658e+01
2.560000000000000053e-01 3.916239292307875530e+01
2.570000000000000062e-01 3.942117985684366488e+01
2.580000000000000071e-01 3.968089622548170325e+01
2.590000000000000080e-01 3.994154145348612417e+01
2.600000000000000089e-01 4.020311496509796712e+01
2.610000000000000098e-01 4.046561618433693752e+01
2.620000000000000107e-01 4.072904453503194588e+01
2.630000000000000115e-01 4.099339944085049581e+01
2.640000000000000124e-01 4.125868032532765284e+01
2.650000000000000133e-01 4.152488661189404695e+01
2.660000000000000142e-01 4.179201772390343450e+01
2.670000000000000151e-01 4.206007308465946437e+01
2.680000000000000160e-01 4.232905211744162699e+01
2.690000000000000169e-01 4.259895424553089782e+01
2.700000000000000178e-01 4.286977889223449978e+01
2.710000000000000187e-01 4.314152548091006167e+01
2.720000000000000195e-01 4.341419343498936456e+01
2.730000000000000204e-01 4.368778217800129227e+01
2.740000000000000213e-01 4.396229113359429874e+01
2.750000000000000222e-01 4.423771972555836385e+01
2.760000000000000231e-01 4.451406737784631673e+01
2.770000000000000240e-01 4.479133351459476131e+01
2.780000000000000249e-01 4.506951756014428412e+01
2.790000000000000258e-01 4.534861893905932817e+01
2.800000000000000266e-01 4.562863707614747000e+01
2.810000000000000275e-01 4.590957139647833429e+01
2.820000000000000284e-01 4.619142132540194723e+01
2.830000000000000293e-01 4.647418628856660661e+01
2.840000000000000302e-01 4.675786571193626173e+01
2.850000000000000311e-01 4.704245902180777250e+01
2.860000000000000320e-01 4.732796564482725188e+01
2.870000000000000329e-01 4.761438500800640838e+01
2.880000000000000338e-01 4.790171653873825619e+01
2.889999999999999791e-01 4.818995966481237758e+01
2.899999999999999800e-01 4.847911381443014989e+01
2.909999999999999809e-01 4.876917841621909133e+01
2.919999999999999818e-01 4.906015289924719980e+01
2.929999999999999827e-01 4.935203669303685814e+01
2.939999999999999836e-01 4.964482922757822081e+01
2.949999999999999845e-01 4.993852993334243706e+01
2.959999999999999853e-01 5.023313824129451177e+01
2.969999999999999862e-01 5.052865358290568309e+01
2.979999999999999871e-01 5.082507539016576459e+01
2.989999999999999880e-01 5.112240309559470575e+01
2.999999999999999889e-01 5.142063613225452912e+01
3.009999999999999898e-01 5.171977393376015186e+01
3.019999999999999907e-01 5.201981593429056971e+01
3.029999999999999916e-01 5.232076156859960037e+01
3.039999999999999925e-01 5.262261027202588082e+01
3.049999999999999933e-01 5.292536148050335498e+01
3.059999999999999942e-01 5.322901463057087312e+01
3.069999999999999951e-01 5.353356915938186944e+01
3.079999999999999960e-01 5.383902450471355650e+01
3.089999999999999969e-01 5.414538010497604148e+01
3.099999999999999978e-01 5.445263539922118667e+01
3.109999999999999987e-01 5.476078982715099386e+01
3.119999999999999996e-01 5.506984282912620898e+01
3.130000000000000004e-01 5.537979384617418077e+01
3.140000000000000013e-01 5.569064231999677617e+01
3.150000000000000022e-01 5.600238769297817498e+01
3.160000000000000031e-01 5.631502940819217429e+01
3.170000000000000040e-01 5.662856690940945725e+01
3.180000000000000049e-01 5.694299964110466306e+01
3.190000000000000058e-01 5.725832704846312993e+01
3.200000000000000067e-01 5.757454857738756004e+01
3.210000000000000075e-01 5.789166367450454942e+01
3.220000000000000084e-01 5.820967178717059909e+01
3.230000000000000093e-01 5.852857236347844605e+01
3.240000000000000102e-01 5.884836485226279734e+01
3.250000000000000111e-01 5.916904870310604281e+01
3.260000000000000120e-01 5.949062336634379022e+01
3.270000000000000129e-01 5.981308829307036490e+01
3.280000000000000138e-01 6.013644293514384742e+01
3.290000000000000147e-01 6.046068674519116826e+01
3.300000000000000155e-01 6.078581917661302469e+01
3.310000000000000164e-01 6.111183968358859175e+01
3.320000000000000173e-01 6.143874772108013360e+01
3.330000000000000182e-01 6.176654274483741602e+01
3.340000000000000191e-01 6.209522421140193416e+01
3.350000000000000200e-01 6.242479157811123258e+01
3.360000000000000209e-01 6.275524430310269253e+01
3.370000000000000218e-01 6.308658184531766722e+01
3.380000000000000226e-01 6.341880366450494932e+01
3.390000000000000235e-01 6.375190922122467185e+01
3.400000000000000244e-01 6.408589797685161216e+01
3.410000000000000253e-01 6.442076939357858123e+01
3.420000000000000262e-01 6.475652293441970642e+01
3.430000000000000271e-01 6.509315806321362174e+01
3.440000000000000280e-01 6.543067424462640247e+01
3.450000000000000289e-01 6.576907094415447830e+01
3.460000000000000298e-01 6.610834762812743293e+01
3.470000000000000306e-01 6.644850376371070411e+01
3.480000000000000315e-01 6.678953881890814159e+01
3.490000000000000324e-01 6.713145226256455089e+01
3.500000000000000333e-01 6.747424356436798121e+01
3.510000000000000342e-01 6.781791219485201339e+01
3.519999999999999796e-01 6.816245762539799102e+01
3.529999999999999805e-01 6.850787932823709525e+01
3.539999999999999813e-01 6.885417677645232004e+01
3.549999999999999822e-01 6.920134944398037646e+01
3.559999999999999831e-01 6.954939680561344062e+01
3.569999999999999840e-01 6.989831833700104369e+01
3.579999999999999849e-01 7.024811351465163511e+01
3.589999999999999858e-01 7.059878181593404634e+01
3.599999999999999867e-01 7.095032271907911081e+01
3.609999999999999876e-01 7.130273570318098564e+01
3.619999999999999885e-01 7.165602024819860105e+01
3.629999999999999893e-01 7.201017583495661256e+01
3.639999999999999902e-01 7.236520194514696414e+01
3.649999999999999911e-01 7.272109806132974086e+01
3.659999999999999920e-01 7.307786366693416369e+01
3.669999999999999929e-01 7.343549824625975475e+01
3.679999999999999938e-01 7.379400128447704788e+01
3.689999999999999947e-01 7.415337226762858336e+01
3.699999999999999956e-01 7.451361068262947640e+01
3.709999999999999964e-01 7.487471601726821291e+01
3.719999999999999973e-01 7.523668776020736004e+01
3.729999999999999982e-01 7.559952540098403517e+01
3.739999999999999991e-01 7.596322843001046010e+01
3.750000000000000000e-01 7.632779633857447266e+01
3.760000000000000009e-01 7.669322861883971143e+01
3.770000000000000018e-01 7.705952476384636896e+01
3.780000000000000027e-01 7.742668426751104960e+01
3.790000000000000036e-01 7.779470662462728114e+01
3.800000000000000044e-01 7.816359133086567113e+01
3.810000000000000053e-01 7.853333788277393523e+01
3.820000000000000062e-01 7.890394577777706786e+01
3.830000000000000071e-01 7.927541451417738472e+01
3.840000000000000080e-01 7.964774359115445179e+01
3.850000000000000089e-01 8.002093250876518482e+01
3.860000000000000098e-01 8.039498076794350823e+01
3.870000000000000107e-01 8.076988787050045460e+01
3.880000000000000115e-01 8.114565331912376678e+01
3.890000000000000124e-01 8.152227661737789788e+01
3.900000000000000133e-01 8.189975726970357073e+01
3.910000000000000142e-01 8.227809478141746524e+01
3.920000000000000151e-01 8.265728865871196263e+01
3.930000000000000160e-01 8.303733840865473326e+01
3.940000000000000169e-01 8.341824353918826773e+01
3.950000000000000178e-01 8.380000355912953580e+01
3.960000000000000187e-01 8.418261797816913372e+01
3.970000000000000195e-01 8.456608630687135530e+01
3.980000000000000204e-01 8.495040805667302664e+01
3.990000000000000213e-01 8.533558273988323606e+01
4.000000000000000222e-01 8.572160986968272312e+01
4.010000000000000231e-01 8.610848896012294063e+01
4.020000000000000240e-01 8.649621952612572784e+01
4.030000000000000249e-01 8.688480108348217357e+01
4.040000000000000258e-01 8.727423314885226091e+01
4.050000000000000266e-01 8.766451523976381566e+01
4.060000000000000275e-01 8.805564687461176732e+01
4.070000000000000284e-01 8.844762757265731068e+01
4.080000000000000293e-01 8.884045685402708159e+01
4.090000000000000302e-01 8.923413423971219061e+01
4.100000000000000311e-01 8.962865925156741298e+01
4.110000000000000320e-01 9.002403141230996653e+01
4.120000000000000329e-01 9.042025024551892898e+01
4.130000000000000338e-01 9.081731527563397322e+01
4.140000000000000346e-01 9.121522602795438672e+01
4.150000000000000355e-01 9.161398202863826157e+01
4.160000000000000364e-01 9.201358280470097384e+01
4.169999999999999818e-01 9.241402788401458679e+01
4.179999999999999827e-01 9.281531679530638712e+01
4.189999999999999836e-01 9.321744906815804654e+01
4.199999999999999845e-01 9.362042423300415805e+01
4.209999999999999853e-01 9.402424182113135487e+01
4.219999999999999862e-01 9.442890136467705986e+01
4.229999999999999871e-01 9.483440239662809290e+01
4.239999999999999880e-01 9.524074445081973295e+01
4.249999999999999889e-01 9.564792706193418326e+01
4.259999999999999898e-01 9.605594976549970454e+01
4.269999999999999907e-01 9.646481209788890965e+01
4.279999999999999916e-01 9.687451359631772618e+01
4.289999999999999925e-01 9.728505379884408910e+01
4.299999999999999933e-01 9.769643224436659068e+01
4.309999999999999942e-01 9.810864847262300259e+01
4.319999999999999951e-01 9.852170202418922429e+01
4.329999999999999960e-01 9.893559244047757772e+01
4.339999999999999969e-01 9.935031926373572730e+01
4.349999999999999978e-01 9.976588203704515934e+01
4.359999999999999987e-01 1.001822803043196473e+02
4.369999999999999996e-01 1.005995136103041432e+02
4.380000000000000004e-01 1.010175815005730584e+02
4.390000000000000013e-01 1.014364835215289133e+02
4.400000000000000022e-01 1.018562192204010444e+02
4.410000000000000031e-01 1.022767881452438701e+02
4.420000000000000040e-01 1.026981898449355981e+02
4.430000000000000049e-01 1.031204238691767188e+02
4.440000000000000058e-01 1.035434897684884845e+02
4.450000000000000067e-01 1.039673870942112330e+02
4.460000000000000075e-01 1.043921153985033072e+02
4.470000000000000084e-01 1.048176742343391084e+02
4.480000000000000093e-01 1.052440631555076465e+02
4.490000000000000102e-01 1.056712817166112472e+02
4.500000000000000111e-01 1.060993294730636620e+02
4.510000000000000120e-01 1.065282059810887176e+02
4.520000000000000129e-01 1.069579107977188102e+02
4.530000000000000138e-01 1.073884434807929296e+02
4.540000000000000147e-01 1.078198035889555939e+02
4.550000000000000155e-01 1.082519906816550019e+02
4.560000000000000164e-01 1.086850043191413420e+02
4.570000000000000173e-01 1.091188440624654419e+02
4.580000000000000182e-01 1.095535094734768791e+02
4.590000000000000191e-01 1.099890001148226162e+02
4.600000000000000200e-01 1.104253155499451964e+02
4.610000000000000209e-01 1.108624553430811943e+02
4.620000000000000218e-01 1.113004190592596245e+02
4.630000000000000226e-01 1.117392062643001651e+02
4.640000000000000235e-01 1.121788165248115945e+02
4.650000000000000244e-01 1.126192494081902282e+02
4.660000000000000253e-01 1.130605044826181711e+02
4.670000000000000262e-01 1.135025813170614271e+02
4.680000000000000271e-01 1.139454794812687766e+02
4.690000000000000280e-01 1.143891985457697018e+02
4.700000000000000289e-01 1.148337380818726814e+02
4.710000000000000298e-01 1.152790976616638261e+02
4.720000000000000306e-01 1.157252768580048894e+02
4.730000000000000315e-01 1.161722752445318747e+02
4.740000000000000324e-01 1.166200923956529607e+02
4.750000000000000333e-01 1.170687278865472649e+02
4.760000000000000342e-01 1.175181812931626979e+02
4.770000000000000351e-01 1.179684521922147837e+02
4.780000000000000360e-01 1.184195401611843437e+02
4.790000000000000369e-01 1.188714447783164303e+02
4.799999999999999822e-01 1.193241656226180254e+02
4.809999999999999831e-01 1.197777022738569741e+02
4.819999999999999840e-01 1.202320543125596828e+02
4.829999999999999849e-01 1.206872213200096553e+02
4.839999999999999858e-01 1.211432028782458588e+02
4.849999999999999867e-01 1.215999985700610324e+02
4.859999999999999876e-01 1.220576079789997692e+02
4.869999999999999885e-01 1.225160306893568247e+02
4.879999999999999893e-01 1.229752662861757386e+02
4.889999999999999902e-01 1.234353143552466889e+02
4.899999999999999911e-01 1.238961744831048577e+02
4.909999999999999920e-01 1.243578462570291379e+02
4.919999999999999929e-01 1.248203292650398168e+02
4.929999999999999938e-01 1.252836230958971129e+02
4.939999999999999947e-01 1.257477273390995833e+02
4.949999999999999956e-01 1.262126415848822489e+02
4.959999999999999964e-01 1.266783654242148742e+02
4.969999999999999973e-01 1.271448984488003617e+02
4.979999999999999982e-01 1.276122402510727625e+02
4.989999999999999991e-01 1.280803904241959685e+02
5.000000000000000000e-01 1.285493485620615388e+02
5.010000000000000009e-01 1.290191142592872779e+02
5.020000000000000018e-01 1.294896871112155452e+02
5.030000000000000027e-01 1.299610667139112934e+02
5.040000000000000036e-01 1.304332526641605341e+02
5.050000000000000044e-01 1.309062445594684618e+02
5.060000000000000053e-01 1.313800419980581182e+02
5.070000000000000062e-01 1.318546445788678625e+02
5.080000000000000071e-01 1.323300519015507746e+02
5.090000000000000080e-01 1.328062635664719551e+02
5.100000000000000089e-01 1.332832791747073031e+02
5.110000000000000098e-01 1.337610983280417543e+02
5.120000000000000107e-01 1.342397206289674330e+02
5.130000000000000115e-01 1.347191456806820895e+02
5.140000000000000124e-01 1.351993730870871673e+02
5.150000000000000133e-01 1.356804024527865522e+02
5.160000000000000142e-01 1.361622333830841853e+02
5.170000000000000151e-01 1.366448654839829260e+02
5.180000000000000160e-01 1.371282983621826759e+02
5.190000000000000169e-01 1.376125316250786454e+02
5.200000000000000178e-01 1.380975648807594212e+02
5.210000000000000187e-01 1.385833977380058002e+02
5.220000000000000195e-01 1.390700298062886873e+02
5.230000000000000204e-01 1.395574606957674177e+02
5.240000000000000213e-01 1.400456900172882513e+02
5.250000000000000222e-01 1.405347173823825813e+02
5.260000000000000231e-01 1.410245424032651727e+02
5.270000000000000240e-01 1.415151646928324851e+02
5.280000000000000249e-01 1.420065838646613656e+02
5.290000000000000258e-01 1.424987995330065473e+02
5.300000000000000266e-01 1.429918113127998822e+02
5.310000000000000275e-01 1.434856188196480389e+02
5.320000000000000284e-01 1.439802216698312236e+02
5.330000000000000293e-01 1.444756194803009635e+02
5.340000000000000302e-01 1.449718118686790831e+02
5.350000000000000311e-01 1.454687984532557437e+02
5.360000000000000320e-01 1.459665788529875670e+02
5.370000000000000329e-01 1.464651526874964134e+02
5.380000000000000338e-01 1.469645195770672217e+02
5.390000000000000346e-01 1.474646791426468724e+02
5.400000000000000355e-01 1.479656310058421127e+02
5.410000000000000364e-01 1.484673747889181072e+02
5.420000000000000373e-01 1.489699101147967895e+02
5.430000000000000382e-01 1.494732366070550995e+02
5.440000000000000391e-01 1.499773538899233642e+02
5.450000000000000400e-01 1.504822615882839614e+02
5.460000000000000409e-01 1.509879593276689889e+02
5.470000000000000417e-01 1.514944467342593839e+02
5.480000000000000426e-01 1.520017234348829902e+02
5.490000000000000435e-01 1.525097890570127106e+02
5.500000000000000444e-01 1.530186432287651712e+02
5.510000000000000453e-01 1.535282855788988741e+02
5.520000000000000462e-01 1.540387157368130886e+02
5.530000000000000471e-01 1.545499333325453790e+02
5.540000000000000480e-01 1.550619379967706664e+02
5.550000000000000488e-01 1.555747293607994948e+02
5.560000000000000497e-01 1.560883070565762125e+02
5.570000000000000506e-01 1.566026707166775509e+02
5.580000000000000515e-01 1.571178199743109758e+02
5.590000000000000524e-01 1.576337544633130392e+02
5.600000000000000533e-01 1.581504738181478729e+02
5.610000000000000542e-01 1.586679776739055114e+02
5.620000000000000551e-01 1.591862656663004714e+02
5.630000000000000560e-01 1.597053374316698182e+02
5.640000000000000568e-01 1.602251926069720298e+02
5.650000000000000577e-01 1.607458308297850635e+02
5.660000000000000586e-01 1.612672517383049922e+02
5.670000000000000595e-01 1.617894549713442700e+02
5.680000000000000604e-01 1.623124401683304256e+02
5.690000000000000613e-01 1.628362069693041292e+02
5.700000000000000622e-01 1.633607550149179133e+02
5.710000000000000631e-01 1.638860839464345531e+02
5.720000000000000639e-01 1.644121934057254464e+02
5.730000000000000648e-01 1.649390830352693342e+02
5.740000000000000657e-01 1.654667524781500560e+02
5.750000000000000666e-01 1.659952013780559810e+02
5.760000000000000675e-01 1.665244293792777626e+02
5.769999999999999574e-01 1.670544361267068609e+02
5.779999999999999583e-01 1.675852212658345479e+02
5.789999999999999591e-01 1.681167844427496334e+02
5.799999999999999600e-01 1.686491253041374421e+02
5.809999999999999609e-01 1.691822434972781934e+02
5.819999999999999618e-01 1.697161386700454386e+02
5.829999999999999627e-01 1.702508104709045824e+02
5.839999999999999636e-01 1.707862585489111780e+02
5.849999999999999645e-01 1.713224825537098468e+02
5.859999999999999654e-01 1.718594821355322608e+02
5.869999999999999662e-01 1.723972569451961192e+02
5.879999999999999671e-01 1.729358066341033577e+02
5.889999999999999680e-01 1.734751308542386710e+02
5.899999999999999689e-01 1.740152292581682616e+02
5.909999999999999698e-01 1.745561014990379931e+02
5.919999999999999707e-01 1.750977472305723381e+02
5.929999999999999716e-01 1.756401661070723890e+02
5.939999999999999725e-01 1.761833577834150049e+02
5.949999999999999734e-01 1.767273219150507657e+02
5.959999999999999742e-01 1.772720581580027783e+02
5.969999999999999751e-01 1.778175661688653122e+02
5.979999999999999760e-01 1.783638456048020657e+02
5.989999999999999769e-01 1.789108961235450010e+02
5.999999999999999778e-01 1.794587173833927238e+02
6.009999999999999787e-01 1.800073090432088634e+02
6.019999999999999796e-01 1.805566707624214473e+02
6.029999999999999805e-01 1.811068022010201162e+02
6.039999999999999813e-01 1.816577030195558677e+02
6.049999999999999822e-01 1.822093728791390390e+02
6.059999999999999831e-01 1.827618114414382831e+02
6.069999999999999840e-01 1.833150183686785510e+02
6.079999999999999849e-01 1.838689933236402680e+02
6.089999999999999858e-01 1.844237359696575709e+02
6.099999999999999867e-01 1.849792459706170007e+02
6.109999999999999876e-01 1.855355229909561956e+02
6.119999999999999885e-01 1.860925666956621285e+02
6.129999999999999893e-01 1.866503767502703681e+02
6.139999999999999902e-01 1.872089528208628622e+02
6.149999999999999911e-01 1.877682945740671983e+02
6.159999999999999920e-01 1.883284016770550693e+02
6.169999999999999929e-01 1.888892737975405112e+02
6.179999999999999938e-01 1.894509106037790787e+02
6.189999999999999947e-01 1.900133117645661400e+02
6.199999999999999956e-01 1.905764769492353423e+02
6.209999999999999964e-01 1.911404058276578439e+02
6.219999999999999973e-01 1.917050980702402967e+02
6.229999999999999982e-01 1.922705533479239079e+02
6.239999999999999991e-01 1.928367713321828205e+02
6.250000000000000000e-01 1.934037516950230611e+02
6.260000000000000009e-01 1.939714941089808917e+02
6.270000000000000018e-01 1.945399982471213889e+02
6.280000000000000027e-01 1.951092637830375907e+02
6.290000000000000036e-01 1.956792903908488483e+02
6.300000000000000044e-01 1.962500777451991780e+02
6.310000000000000053e-01 1.968216255212566921e+02
6.320000000000000062e-01 1.973939333947114676e+02
6.330000000000000071e-01 1.979670010417748642e+02
6.340000000000000080e-01 1.985408281391777621e+02
6.350000000000000089e-01 1.991154143641695100e+02
6.360000000000000098e-01 1.996907593945164194e+02
6.370000000000000107e-01 2.002668629085005989e+02
6.380000000000000115e-01 2.008437245849186752e+02
6.390000000000000124e-01 2.014213441030803153e+02
6.400000000000000133e-01 2.019997211428071751e+02
6.410000000000000142e-01 2.025788553844313071e+02
6.420000000000000151e-01 2.031587465087942235e+02
6.430000000000000160e-01 2.037393941972451898e+02
6.440000000000000169e-01 2.043207981316404016e+02
6.450000000000000178e-01 2.049029579943413353e+02
6.460000000000000187e-01 2.054858734682137822e+02
6.470000000000000195e-01 2.060695442366260863e+02
6.480000000000000204e-01 2.066539699834485191e+02
6.490000000000000213e-01 2.072391503930516592e+02
6.500000000000000222e-01 2.078250851503050853e+02
6.510000000000000231e-01 2.084117739405761540e+02
6.520000000000000240e-01 2.089992164497290332e+02
6.530000000000000249e-01 2.095874123641230824e+02
6.540000000000000258e-01 2.101763613706116871e+02
6.550000000000000266e-01 2.107660631565411791e+02
6.560000000000000275e-01 2.113565174097494719e+02
6.570000000000000284e-01 2.119477238185649242e+02
6.580000000000000293e-01 2.125396820718048616e+02
6.590000000000000302e-01 2.131323918587748665e+02
6.600000000000000311e-01 2.137258528692667596e+02
6.610000000000000320e-01 2.143200647935582595e+02
6.620000000000000329e-01 2.149150273224111061e+02
6.630000000000000338e-01 2.155107401470702086e+02
6.640000000000000346e-01 2.161072029592622243e+02
6.650000000000000355e-01 2.167044154511945635e+02
6.660000000000000364e-01 2.173023773155539971e+02
6.670000000000000373e-01 2.179010882455055196e+02
6.680000000000000382e-01 2.185005479346912693e+02
6.690000000000000391e-01 2.191007560772291072e+02
6.700000000000000400e-01 2.197017123677116786e+02
6.710000000000000409e-01 2.203034165012051346e+02
6.720000000000000417e-01 2.209058681732477112e+02
6.730000000000000426e-01 2.215090670798491317e+02
6.740000000000000435e-01 2.221130129174887315e+02
6.750000000000000444e-01 2.227177053831147759e+02
6.760000000000000453e-01 2.233231441741432377e+02
6.770000000000000462e-01 2.239293289884565183e+02
6.780000000000000471e-01 2.245362595244021122e+02
6.790000000000000480e-01 2.251439354807920665e+02
6.800000000000000488e-01 2.257523565569009065e+02
6.810000000000000497e-01 2.263615224524654082e+02
6.820000000000000506e-01 2.269714328676829496e+02
6.830000000000000515e-01 2.275820875032104027e+02
6.840000000000000524e-01 2.281934860601630817e+02
6.850000000000000533e-01 2.288056282401136912e+02
6.860000000000000542e-01 2.294185137450909338e+02
6.870000000000000551e-01 2.300321422775786573e+02
6.880000000000000560e-01 2.306465135405145190e+02
6.890000000000000568e-01 2.312616272372891615e+02
6.900000000000000577e-01 2.318774830717445639e+02
6.910000000000000586e-01 2.324940807481735874e+02
6.920000000000000595e-01 2.331114199713183552e+02
6.930000000000000604e-01 2.337295004463693715e+02
6.940000000000000613e-01 2.343483218789643843e+02
6.950000000000000622e-01 2.349678839751871919e+02
6.960000000000000631e-01 2.355881864415669327e+02
6.970000000000000639e-01 2.362092289850761517e+02
6.980000000000000648e-01 2.368310113131306593e+02
6.990000000000000657e-01 2.374535331335879960e+02
7.000000000000000666e-01 2.380767941547462101e+02
7.010000000000000675e-01 2.387007940853431194e+02
7.020000000000000684e-01 2.393255326345549179e+02
7.030000000000000693e-01 2.399510095119952666e+02
7.039999999999999591e-01 2.405772244277143272e+02
7.049999999999999600e-01 2.412041770921975967e+02
7.059999999999999609e-01 2.418318672163645999e+02
7.069999999999999618e-01 2.424602945115681223e+02
7.079999999999999627e-01 2.430894586895932434e+02
7.089999999999999636e-01 2.437193594626558308e+02
7.099999999999999645e-01 2.443499965434021135e+02
7.109999999999999654e-01 2.449813696449070335e+02
7.119999999999999662e-01 2.456134784806735354e+02
7.129999999999999671e-01 2.462463227646314863e+02
7.139999999999999680e-01 2.468799022111365389e+02
7.149999999999999689e-01 2.475142165349692505e+02
7.159999999999999698e-01 2.481492654513338039e+02
7.169999999999999707e-01 2.487850486758574107e+02
7.179999999999999716e-01 2.494215659245886627e+02
7.189999999999999725e-01 2.500588169139971342e+02
7.199999999999999734e-01 2.506968013609719037e+02
7.209999999999999742e-01 2.513355189828208722e+02
7.219999999999999751e-01 2.519749694972693987e+02
7.229999999999999760e-01 2.526151526224597319e+02
7.239999999999999769e-01 2.532560680769495889e+02
7.249999999999999778e-01 2.538977155797113596e+02
7.259999999999999787e-01 2.545400948501309983e+02
7.269999999999999796e-01 2.551832056080073130e+02
7.279999999999999805e-01 2.558270475735505158e+02
7.289999999999999813e-01 2.564716204673815128e+02
7.299999999999999822e-01 2.571169240105309655e+02
7.309999999999999831e-01 2.577629579244381262e+02
7.319999999999999840e-01 2.584097219309500133e+02
7.329999999999999849e-01 2.590572157523203600e+02
7.339999999999999858e-01 2.597054391112084204e+02
7.349999999999999867e-01 2.603543917306784579e+02
7.359999999999999876e-01 2.610040733341983810e+02
7.369999999999999885e-01 2.616544836456391749e+02
7.379999999999999893e-01 2.623056223892733669e+02
7.389999999999999902e-01 2.629574892897745713e+02
7.399999999999999911e-01 2.636100840722161252e+02
7.409999999999999920e-01 2.642634064620705772e+02
7.419999999999999929e-01 2.649174561852084366e+02
7.429999999999999938e-01 2.655722329678973210e+02
7.439999999999999947e-01 2.662277365368007622e+02
7.449999999999999956e-01 2.668839666189778654e+02
7.459999999999999964e-01 2.675409229418816608e+02
7.469999999999999973e-01 2.681986052333585917e+02
7.479999999999999982e-01 2.688570132216474349e+02
7.489999999999999991e-01 2.695161466353786182e+02
7.500000000000000000e-01 2.701760052035726289e+02
7.510000000000000009e-01 2.708365886556400710e+02
7.520000000000000018e-01 2.714978967213797887e+02
7.530000000000000027e-01 2.721599291309785258e+02
7.540000000000000036e-01 2.728226856150100161e+02
7.550000000000000044e-01 2.734861659044335056e+02
7.560000000000000053e-01 2.741503697305935248e+02
7.570000000000000062e-01 2.748152968252186383e+02
7.580000000000000071e-01 2.754809469204203651e+02
7.590000000000000080e-01 2.761473197486928939e+02
7.600000000000000089e-01 2.768144150429114347e+02
7.610000000000000098e-01 2.774822325363318214e+02
7.620000000000000107e-01 2.781507719625894310e+02
7.630000000000000115e-01 2.788200330556982180e+02
7.640000000000000124e-01 2.794900155500500887e+02
7.650000000000000133e-01 2.801607191804136505e+02
7.660000000000000142e-01 2.808321436819338714e+02
7.670000000000000151e-01 2.815042887901303743e+02
7.680000000000000160e-01 2.821771542408974369e+02
7.690000000000000169e-01 2.828507397705024005e+02
7.700000000000000178e-01 2.835250451155853852e+02
7.710000000000000187e-01 2.842000700131578697e+02
7.720000000000000195e-01 2.848758142006023490e+02
7.730000000000000204e-01 2.855522774156708579e+02
7.740000000000000213e-01 2.862294593964847991e+02
7.750000000000000222e-01 2.869073598815336936e+02
7.760000000000000231e-01 2.875859786096741573e+02
7.770000000000000240e-01 2.882653153201293890e+02
7.780000000000000249e-01 2.889453697524882045e+02
7.790000000000000258e-01 2.896261416467042409e+02
7.800000000000000266e-01 2.903076307430947054e+02
7.810000000000000275e-01 2.909898367823402054e+02
7.820000000000000284e-01 2.916727595054834410e+02
7.830000000000000293e-01 2.923563986539283519e+02
7.840000000000000302e-01 2.930407539694394927e+02
7.850000000000000311e-01 2.937258251941412937e+02
7.860000000000000320e-01 2.944116120705168100e+02
7.870000000000000329e-01 2.950981143414072676e+02
7.880000000000000338e-01 2.957853317500106982e+02
7.890000000000000346e-01 2.964732640398822809e+02
7.900000000000000355e-01 2.971619109549318409e+02
7.910000000000000364e-01 2.978512722394249295e+02
7.920000000000000373e-01 2.985413476379799818e+02
7.930000000000000382e-01 2.992321368955692833e+02
7.940000000000000391e-01 2.999236397575172077e+02
7.950000000000000400e-01 3.006158559694991936e+02
7.960000000000000409e-01 3.013087852775421425e+02
7.970000000000000417e-01 3.020024274280221448e+02
7.980000000000000426e-01 3.026967821676644803e+02
7.990000000000000435e-01 3.033918492435430494e+02
8.000000000000000444e-01 3.040876284030787815e+02
8.010000000000000453e-01 3.047841193940394078e+02
8.020000000000000462e-01 3.054813219645385516e+02
8.030000000000000471e-01 3.061792358630350463e+02
8.040000000000000480e-01 3.068778608383318556e+02
8.050000000000000488e-01 3.075771966395752770e+02
8.060000000000000497e-01 3.082772430162549426e+02
8.070000000000000506e-01 3.089779997182016587e+02
8.080000000000000515e-01 3.096794664955877465e+02
8.090000000000000524e-01 3.103816430989260198e+02
8.100000000000000533e-01 3.110845292790688745e+02
8.110000000000000542e-01 3.117881247872073800e+02
8.120000000000000551e-01 3.124924293748705963e+02
8.130000000000000560e-01 3.131974427939252337e+02
8.140000000000000568e-01 3.139031647965743446e+02
8.150000000000000577e-01 3.146095951353565852e+02
8.160000000000000586e-01 3.153167335631458741e+02
8.170000000000000595e-01 3.160245798331502556e+02
8.180000000000000604e-01 3.167331336989112742e+02
8.190000000000000613e-01 3.174423949143032928e+02
8.200000000000000622e-01 3.181523632335326397e+02
8.210000000000000631e-01 3.188630384111367562e+02
8.220000000000000639e-01 3.195744202019836848e+02
8.230000000000000648e-01 3.202865083612712169e+02
8.240000000000000657e-01 3.209993026445263240e+02
8.250000000000000666e-01 3.217128028076038504e+02
8.260000000000000675e-01 3.224270086066863428e+02
8.270000000000000684e-01 3.231419197982834248e+02
8.280000000000000693e-01 3.238575361392300920e+02
8.290000000000000702e-01 3.245738573866875640e+02
8.300000000000000711e-01 3.252908832981410114e+02
8.310000000000000719e-01 3.260086136313997258e+02
8.320000000000000728e-01 3.267270481445958694e+02
8.329999999999999627e-01 3.274461865961843614e+02
8.339999999999999636e-01 3.281660287449417979e+02
8.349999999999999645e-01 3.288865743499655423e+02
8.359999999999999654e-01 3.296078231706733277e+02
8.369999999999999662e-01 3.303297749668025745e+02
8.379999999999999671e-01 3.310524294984093103e+02
8.389999999999999680e-01 3.317757865258678862e+02
8.399999999999999689e-01 3.324998458098698961e+02
8.409999999999999698e-01 3.332246071114237793e+02
8.419999999999999707e-01 3.339500701918540244e+02
8.429999999999999716e-01 3.346762348128003737e+02
8.439999999999999725e-01 3.354031007362170840e+02
8.449999999999999734e-01 3.361306677243724153e+02
8.459999999999999742e-01 3.368589355398480052e+02
8.469999999999999751e-01 3.375879039455377892e+02
8.479999999999999760e-01 3.383175727046474890e+02
8.489999999999999769e-01 3.390479415806942143e+02
8.499999999999999778e-01 3.397790103375054969e+02
8.509999999999999787e-01 3.405107787392184377e+02
8.519999999999999796e-01 3.412432465502793661e+02
8.529999999999999805e-01 3.419764135354430437e+02
8.539999999999999813e-01 3.427102794597719821e+02
8.549999999999999822e-01 3.434448440886356479e+02
8.559999999999999831e-01 3.441801071877098366e+02
8.569999999999999840e-01 3.449160685229763885e+02
8.579999999999999849e-01 3.456527278607217681e+02
8.589999999999999858e-01 3.463900849675370637e+02
8.599999999999999867e-01 3.471281396103166799e+02
8.609999999999999876e-01 3.478668915562587927e+02
8.619999999999999885e-01 3.486063405728633029e+02
8.629999999999999893e-01 3.493464864279320636e+02
8.639999999999999902e-01 3.500873288895678570e+02
8.649999999999999911e-01 3.508288677261741100e+02
8.659999999999999920e-01 3.515711027064537575e+02
8.669999999999999929e-01 3.523140335994087877e+02
8.679999999999999938e-01 3.530576601743398442e+02
8.689999999999999947e-01 3.538019822008452024e+02
8.699999999999999956e-01 3.545469994488202019e+02
8.709999999999999964e-01 3.552927116884569614e+02
8.719999999999999973e-01 3.560391186902431286e+02
8.729999999999999982e-01 3.567862202249617098e+02
8.739999999999999991e-01 3.575340160636902169e+02
8.750000000000000000e-01 3.582825059778001560e+02
8.760000000000000009e-01 3.590316897389563451e+02
8.770000000000000018e-01 3.597815671191161755e+02
8.780000000000000027e-01 3.605321378905289862e+02
8.790000000000000036e-01 3.612834018257358935e+02
8.800000000000000044e-01 3.620353586975681424e+02
8.810000000000000053e-01 3.627880082791476752e+02
8.820000000000000062e-01 3.635413503438855969e+02
8.830000000000000071e-01 3.642953846654821177e+02
8.840000000000000080e-01 3.650501110179255875e+02
8.850000000000000089e-01 3.658055291754921541e+02
8.860000000000000098e-01 3.665616389127447405e+02
8.870000000000000107e-01 3.673184400045329880e+02
8.880000000000000115e-01 3.680759322259921191e+02
8.890000000000000124e-01 3.688341153525424261e+02
8.900000000000000133e-01 3.695929891598890435e+02
8.910000000000000142e-01 3.703525534240210391e+02
8.920000000000000151e-01 3.711128079212107878e+02
8.930000000000000160e-01 3.718737524280132902e+02
8.940000000000000169e-01 3.726353867212657747e+02
8.950000000000000178e-01 3.733977105780870716e+02
8.960000000000000187e-01 3.741607237758769315e+02
8.970000000000000195e-01 3.749244260923155139e+02
8.980000000000000204e-01 3.756888173053624769e+02
8.990000000000000213e-01 3.764538971932570348e+02
9.000000000000000222e-01 3.772196655345165937e+02
9.010000000000000231e-01 3.779861221079366942e+02
9.020000000000000240e-01 3.787532666925902163e+02
9.030000000000000249e-01 3.795210990678268104e+02
9.040000000000000258e-01 3.802896190132723859e+02
9.050000000000000266e-01 3.810588263088286567e+02
9.060000000000000275e-01 3.818287207346719470e+02
9.070000000000000284e-01 3.825993020712531916e+02
9.080000000000000293e-01 3.833705700992974812e+02
9.090000000000000302e-01 3.841425245998029254e+02
9.100000000000000311e-01 3.849151653540402549e+02
9.110000000000000320e-01 3.856884921435527076e+02
9.120000000000000329e-01 3.864625047501547783e+02
9.130000000000000338e-01 3.872372029559321618e+02
9.140000000000000346e-01 3.880125865432407863e+02
9.150000000000000355e-01 3.887886552947065866e+02
9.160000000000000364e-01 3.895654089932246507e+02
9.170000000000000373e-01 3.903428474219591635e+02
9.180000000000000382e-01 3.911209703643419857e+02
9.190000000000000391e-01 3.918997776040728240e+02
9.200000000000000400e-01 3.926792689251184925e+02
9.210000000000000409e-01 3.934594441117120596e+02
9.220000000000000417e-01 3.942403029483529053e+02
9.230000000000000426e-01 3.950218452198055274e+02
9.240000000000000435e-01 3.958040707110989729e+02
9.250000000000000444e-01 3.965869792075269515e+02
9.260000000000000453e-01 3.973705704946470405e+02
9.270000000000000462e-01 3.981548443582794334e+02
9.280000000000000471e-01 3.989398005845073385e+02
9.290000000000000480e-01 3.997254389596760120e+02
9.300000000000000488e-01 4.005117592703918490e+02
9.310000000000000497e-01 4.012987613035230083e+02
9.320000000000000506e-01 4.020864448461973097e+02
9.330000000000000515e-01 4.028748096858026315e+02
9.340000000000000524e-01 4.036638556099867401e+02
9.350000000000000533e-01 4.044535824066557552e+02
9.360000000000000542e-01 4.052439898639740363e+02
9.370000000000000551e-01 4.060350777703637846e+02
9.380000000000000560e-01 4.068268459145050429e+02
9.390000000000000568e-01 4.076192940853332516e+02
9.400000000000000577e-01 4.084124220720415224e+02
9.410000000000000586e-01 4.092062296640772843e+02
9.420000000000000595e-01 4.100007166511438754e+02
9.430000000000000604e-01 4.107958828231990651e+02
9.440000000000000613e-01 4.115917279704544285e+02
9.450000000000000622e-01 4.123882518833754602e+02
9.460000000000000631e-01 4.131854543526804378e+02
9.470000000000000639e-01 4.139833351693402506e+02
9.480000000000000648e-01 4.147818941245774909e+02
9.490000000000000657e-01 4.155811310098666809e+02
9.500000000000000666e-01 4.163810456169328518e+02
9.510000000000000675e-01 4.171816377377519984e+02
9.520000000000000684e-01 4.179829071645494878e+02
9.530000000000000693e-01 4.187848536898002294e+02
9.540000000000000702e-01 4.195874771062284481e+02
9.550000000000000711e-01 4.203907772068063196e+02
9.560000000000000719e-01 4.211947537847541980e+02
9.570000000000000728e-01 4.219994066335395360e+02
9.580000000000000737e-01 4.228047355468769979e+02
9.590000000000000746e-01 4.236107403187274940e+02
9.599999999999999645e-01 4.244174207432976687e+02
9.609999999999999654e-01 4.252247766150397297e+02
9.619999999999999662e-01 4.260328077286510506e+02
9.629999999999999671e-01 4.268415138790727497e+02
9.639999999999999680e-01 4.276508948614902579e+02
9.649999999999999689e-01 4.284609504713322394e+02
9.659999999999999698e-01 4.292716805042707051e+02
9.669999999999999707e-01 4.300830847562194208e+02
9.679999999999999716e-01 4.308951630233344758e+02
9.689999999999999725e-01 4.317079151020135441e+02
9.699999999999999734e-01 4.325213407888948041e+02
9.709999999999999742e-01 4.333354398808572796e+02
9.719999999999999751e-01 4.341502121750199876e+02
9.729999999999999760e-01 4.349656574687410853e+02
9.739999999999999769e-01 4.357817755596180405e+02
9.749999999999999778e-01 4.365985662454869498e+02
9.759999999999999787e-01 4.374160293244217428e+02
9.769999999999999796e-01 4.382341645947340680e+02
9.779999999999999805e-01 4.390529718549726681e+02
9.789999999999999813e-01 4.398724509039228678e+02
9.799999999999999822e-01 4.406926015406063470e+02
9.809999999999999831e-01 4.415134235642801741e+02
9.819999999999999840e-01 4.423349167744368629e+02
9.829999999999999849e-01 4.431570809708034062e+02
9.839999999999999858e-01 4.439799159533416741e+02
9.849999999999999867e-01 4.448034215222467083e+02
9.859999999999999876e-01 4.456275974779470062e+02
9.869999999999999885e-01 4.464524436211044645e+02
9.879999999999999893e-01 4.472779597526129010e+02
9.889999999999999902e-01 4.481041456735981683e+02
9.899999999999999911e-01 4.489310011854176992e+02
9.909999999999999920e-01 4.497585260896597674e+02
9.919999999999999929e-01 4.505867201881439428e+02
9.929999999999999938e-01 4.514155832829189308e+02
9.939999999999999947e-01 4.522451151762636528e+02
9.949999999999999956e-01 4.530753156706861660e+02
9.959999999999999964e-01 4.539061845689233792e+02
9.969999999999999973e-01 4.547377216739403138e+02
9.979999999999999982e-01 4.555699267889300472e+02
9.989999999999999991e-01 4.564027997173129734e+02
1.000000000000000000e+00 4.572363402627363484e+02
