0.000000000000000000e+00 0.000000000000000000e+00
1.000000000000000021e-03 1.047184267003638647e+00
2.000000000000000042e-03 1.593377049645116950e+00
3.000000000000000062e-03 2.021704231957350384e+00
4.000000000000000083e-03 2.383446248668242617e+00
5.000000000000000104e-03 2.700104517312898356e+00
6.000000000000000125e-03 2.983336510122965191e+00
7.000000000000000146e-03 3.240379051470302141e+00
8.000000000000000167e-03 3.476124784837840043e+00
9.000000000000001055e-03 3.694082899233273487e+00
1.000000000000000021e-02 3.896882219488111865e+00
1.099999999999999936e-02 4.086558971630042336e+00
1.200000000000000025e-02 4.264732704052359935e+00
1.300000000000000114e-02 4.432719582682096870e+00
1.400000000000000029e-02 4.591608480126598835e+00
1.499999999999999944e-02 4.742313874084034708e+00
1.600000000000000033e-02 4.885613704787972189e+00
1.700000000000000122e-02 5.022177145045964686e+00
1.800000000000000211e-02 5.152585408625784069e+00
1.899999999999999953e-02 5.277347633759406520e+00
2.000000000000000042e-02 5.396913206452185641e+00
2.100000000000000130e-02 5.511681460578362390e+00
2.199999999999999872e-02 5.622009412122436878e+00
2.299999999999999961e-02 5.728217997701096742e+00
2.400000000000000050e-02 5.830597159442634236e+00
2.500000000000000139e-02 5.929410029020526274e+00
2.600000000000000228e-02 6.024896400307836686e+00
2.699999999999999969e-02 6.117275634486688318e+00
2.800000000000000058e-02 6.206749108092983747e+00
2.900000000000000147e-02 6.293502289775274150e+00
2.999999999999999889e-02 6.377706513032251223e+00
3.099999999999999978e-02 6.459520498160909341e+00
3.200000000000000067e-02 6.539091665901887396e+00
3.300000000000000155e-02 6.616557276961560596e+00
3.400000000000000244e-02 6.692045425110668688e+00
3.500000000000000333e-02 6.765675906463518352e+00
3.600000000000000422e-02 6.837560983502354972e+00
3.699999999999999817e-02 6.907806059186949454e+00
3.799999999999999906e-02 6.976510273897025272e+00
3.899999999999999994e-02 7.043767035857985803e+00
4.000000000000000083e-02 7.109664493993355983e+00
4.100000000000000172e-02 7.174285960749870128e+00
4.200000000000000261e-02 7.237710291291131526e+00
4.300000000000000350e-02 7.300012224504052405e+00
4.399999999999999745e-02 7.361262690471440884e+00
4.499999999999999833e-02 7.421529088403409524e+00
4.599999999999999922e-02 7.480875538466013275e+00
4.700000000000000011e-02 7.539363110478896068e+00
4.800000000000000100e-02 7.597050032058774605e+00
4.900000000000000189e-02 7.653991878450391084e+00
5.000000000000000278e-02 7.710241746001113228e+00
5.100000000000000366e-02 7.765850410991101072e+00
5.200000000000000455e-02 7.820866475321285094e+00
5.299999999999999850e-02 7.875336500381518334e+00
5.399999999999999939e-02 7.929305130265229096e+00
5.500000000000000028e-02 7.982815205362204125e+00
5.600000000000000117e-02 8.035907867244432623e+00
5.700000000000000205e-02 8.088622655657644600e+00
5.800000000000000294e-02 8.140997598342435637e+00
5.900000000000000383e-02 8.193069294331257524e+00
5.999999999999999778e-02 8.244872991298716869e+00
6.099999999999999867e-02 8.296442657483305894e+00
6.199999999999999956e-02 8.347811048645198184e+00
6.300000000000000044e-02 8.399009770478262027e+00
6.400000000000000133e-02 8.450069336853200497e+00
6.500000000000000222e-02 8.501019224231665561e+00
6.600000000000000311e-02 8.551887922559135546e+00
6.700000000000000400e-02 8.602702982914721019e+00
6.800000000000000488e-02 8.653491062170679982e+00
6.900000000000000577e-02 8.704277964891051766e+00
7.000000000000000666e-02 8.755088682678078271e+00
7.100000000000000755e-02 8.805947431156699423e+00
7.200000000000000844e-02 8.856877684770452674e+00
7.299999999999999545e-02 8.907902209547508221e+00
7.399999999999999634e-02 8.959043093981534867e+00
7.499999999999999722e-02 9.010321778160523820e+00
7.599999999999999811e-02 9.061759081264924021e+00
7.699999999999999900e-02 9.113375227547354740e+00
7.799999999999999989e-02 9.165189870896277569e+00
7.900000000000000078e-02 9.217222118078385762e+00
8.000000000000000167e-02 9.269490550746890989e+00
8.100000000000000255e-02 9.322013246295817623e+00
8.200000000000000344e-02 9.374807797634741036e+00
8.300000000000000433e-02 9.427891331952437781e+00
8.400000000000000522e-02 9.481280528532849416e+00
8.500000000000000611e-02 9.534991635681983269e+00
8.600000000000000699e-02 9.589040486820550768e+00
8.700000000000000788e-02 9.643442515792308711e+00
8.799999999999999489e-02 9.698212771435457569e+00
8.899999999999999578e-02 9.753365931460507454e+00
8.999999999999999667e-02 9.808916315674949260e+00
9.099999999999999756e-02 9.864877898592908423e+00
9.199999999999999845e-02 9.921264321464555280e+00
9.299999999999999933e-02 9.978088903758234096e+00
9.400000000000000022e-02 1.003536465412583567e+01
9.500000000000000111e-02 1.009310428088012657e+01
9.600000000000000200e-02 1.015132020201054530e+01
9.700000000000000289e-02 1.021002455476274662e+01
9.800000000000000377e-02 1.026922920480475909e+01
9.900000000000000466e-02 1.032894575500233003e+01
1.000000000000000056e-01 1.038918555382339548e+01
1.010000000000000064e-01 1.044995970339130764e+01
1.020000000000000073e-01 1.051127906720474670e+01
1.030000000000000082e-01 1.057315427754116399e+01
1.040000000000000091e-01 1.063559574256007068e+01
1.049999999999999961e-01 1.069861365312078050e+01
1.059999999999999970e-01 1.076221798932881057e+01
1.069999999999999979e-01 1.082641852682458961e+01
1.079999999999999988e-01 1.089122484282634673e+01
1.089999999999999997e-01 1.095664632193956578e+01
1.100000000000000006e-01 1.102269216174379096e+01
1.110000000000000014e-01 1.108937137816741370e+01
1.120000000000000023e-01 1.115669281066021767e+01
1.130000000000000032e-01 1.122466512717343079e+01
1.140000000000000041e-01 1.129329682895545517e+01
1.150000000000000050e-01 1.136259625517236316e+01
1.160000000000000059e-01 1.143257158736058443e+01
1.170000000000000068e-01 1.150323085371960019e+01
1.180000000000000077e-01 1.157458193325130935e+01
1.190000000000000085e-01 1.164663255975347056e+01
1.199999999999999956e-01 1.171939032567279071e+01
1.209999999999999964e-01 1.179286268582438879e+01
1.219999999999999973e-01 1.186705696098303520e+01
1.229999999999999982e-01 1.194198034135158082e+01
1.239999999999999991e-01 1.201763988991187659e+01
1.250000000000000000e-01 1.209404254566317150e+01
1.260000000000000009e-01 1.217119512675235171e+01
1.270000000000000018e-01 1.224910433350073902e+01
1.280000000000000027e-01 1.232777675133164053e+01
1.290000000000000036e-01 1.240721885360242993e+01
1.300000000000000044e-01 1.248743700434549453e+01
1.310000000000000053e-01 1.256843746092087599e+01
1.320000000000000062e-01 1.265022637658512394e+01
1.330000000000000071e-01 1.273280980297860765e+01
1.340000000000000080e-01 1.281619369253529328e+01
1.350000000000000089e-01 1.290038390081734576e+01
1.360000000000000098e-01 1.298538618877815054e+01
1.370000000000000107e-01 1.307120622495565954e+01
1.380000000000000115e-01 1.315784958759917345e+01
1.390000000000000124e-01 1.324532176673221784e+01
1.400000000000000133e-01 1.333362816615334623e+01
1.410000000000000142e-01 1.342277410537769811e+01
1.420000000000000151e-01 1.351276482152105984e+01
1.430000000000000160e-01 1.360360547112907170e+01
1.440000000000000169e-01 1.369530113195268939e+01
1.449999999999999900e-01 1.378785680467275654e+01
1.459999999999999909e-01 1.388127741457508080e+01
1.469999999999999918e-01 1.397556781317753405e+01
1.479999999999999927e-01 1.407073277981146475e+01
1.489999999999999936e-01 1.416677702315828924e+01
1.499999999999999944e-01 1.426370518274362098e+01
1.509999999999999953e-01 1.436152183038963415e+01
1.519999999999999962e-01 1.446023147162757994e+01
1.529999999999999971e-01 1.455983854707173464e+01
1.539999999999999980e-01 1.466034743375583105e+01
1.549999999999999989e-01 1.476176244643376378e+01
1.559999999999999998e-01 1.486408783884482432e+01
1.570000000000000007e-01 1.496732780494599524e+01
1.580000000000000016e-01 1.507148648011096270e+01
1.590000000000000024e-01 1.517656794229797868e+01
1.600000000000000033e-01 1.528257621318702775e+01
1.610000000000000042e-01 1.538951525928750641e+01
1.620000000000000051e-01 1.549738899301739536e+01
1.630000000000000060e-01 1.560620127375476329e+01
1.640000000000000069e-01 1.571595590886219895e+01
1.650000000000000078e-01 1.582665665468576321e+01
1.660000000000000087e-01 1.593830721752833313e+01
1.670000000000000095e-01 1.605091125459900070e+01
1.680000000000000104e-01 1.616447237493846956e+01
1.690000000000000113e-01 1.627899414032189895e+01
1.700000000000000122e-01 1.639448006613955044e+01
1.710000000000000131e-01 1.651093362225563510e+01
1.720000000000000140e-01 1.662835823384631340e+01
1.730000000000000149e-01 1.674675728221842519e+01
1.740000000000000158e-01 1.686613410560676130e+01
1.750000000000000167e-01 1.698649199995426784e+01
1.759999999999999898e-01 1.710783421967209961e+01
1.769999999999999907e-01 1.723016397838318881e+01
1.779999999999999916e-01 1.735348444964711234e+01
1.789999999999999925e-01 1.747779876766875873e+01
1.799999999999999933e-01 1.760311002799070934e+01
1.809999999999999942e-01 1.772942128816890772e+01
1.819999999999999951e-01 1.785673556843394749e+01
1.829999999999999960e-01 1.798505585233601778e+01
1.839999999999999969e-01 1.811438508737612096e+01
1.849999999999999978e-01 1.824472618562285220e+01
1.859999999999999987e-01 1.837608202431536597e+01
1.869999999999999996e-01 1.850845544645250129e+01
1.880000000000000004e-01 1.864184926136962872e+01
1.890000000000000013e-01 1.877626624530174126e+01
1.900000000000000022e-01 1.891170914193526187e+01
1.910000000000000031e-01 1.904818066294708956e+01
1.920000000000000040e-01 1.918568348853196426e+01
1.930000000000000049e-01 1.932422026791914504e+01
1.940000000000000058e-01 1.946379361987681023e+01
1.950000000000000067e-01 1.960440613320682246e+01
1.960000000000000075e-01 1.974606036722835256e+01
1.970000000000000084e-01 1.988875885225135676e+01
1.980000000000000093e-01 2.003250409004013477e+01
1.990000000000000102e-01 2.017729855426722452e+01
2.000000000000000111e-01 2.032314469095783238e+01
2.010000000000000120e-01 2.047004491892499800e+01
2.020000000000000129e-01 2.061800163019574939e+01
2.030000000000000138e-01 2.076701719042870309e+01
2.040000000000000147e-01 2.091709393932291050e+01
2.050000000000000155e-01 2.106823419101846184e+01
2.060000000000000164e-01 2.122044023448913208e+01
2.070000000000000173e-01 2.137371433392695508e+01
2.080000000000000182e-01 2.152805872911932283e+01
2.089999999999999913e-01 2.168347563581792770e+01
2.099999999999999922e-01 2.183996724610165074e+01
2.109999999999999931e-01 2.199753572873069629e+01
2.119999999999999940e-01 2.215618322949524099e+01
2.129999999999999949e-01 2.231591187155621014e+01
2.139999999999999958e-01 2.247672375578002857e+01
2.149999999999999967e-01 2.263862096106660715e+01
2.159999999999999976e-01 2.280160554467110501e+01
2.169999999999999984e-01 2.296567954251958099e+01
2.179999999999999993e-01 2.313084496951850610e+01
2.190000000000000002e-01 2.329710381985819367e+01
2.200000000000000011e-01 2.346445806731148309e+01
2.210000000000000020e-01 2.363290966552503392e+01
2.220000000000000029e-01 2.380246054830669777e+01
2.230000000000000038e-01 2.397311262990751857e+01
2.240000000000000047e-01 2.414486780529665566e+01
2.250000000000000056e-01 2.431772795043400492e+01
2.260000000000000064e-01 2.449169492253534486e+01
2.270000000000000073e-01 2.466677056033398685e+01
2.280000000000000082e-01 2.484295668433739479e+01
2.290000000000000091e-01 2.502025509707880246e+01
2.300000000000000100e-01 2.519866758336462453e+01
2.310000000000000109e-01 2.537819591051732004e+01
2.320000000000000118e-01 2.555884182861396425e+01
2.330000000000000127e-01 2.574060707072018772e+01
2.340000000000000135e-01 2.592349335312061953e+01
2.350000000000000144e-01 2.610750237554472619e+01
2.360000000000000153e-01 2.629263582138852939e+01
2.370000000000000162e-01 2.647889535793368054e+01
2.380000000000000171e-01 2.666628263656036779e+01
2.390000000000000180e-01 2.685479929295911461e+01
2.399999999999999911e-01 2.704444694733729193e+01
2.409999999999999920e-01 2.723522720462219127e+01
2.419999999999999929e-01 2.742714165466136933e+01
2.429999999999999938e-01 2.762019187241872942e+01
2.439999999999999947e-01 2.781437941816807324e+01
2.449999999999999956e-01 2.800970583768219058e+01
2.459999999999999964e-01 2.820617266242055621e+01
2.469999999999999973e-01 2.840378140971165521e+01
2.479999999999999982e-01 2.860253358293419979e+01
2.489999999999999991e-01 2.880243067169416804e+01
2.500000000000000000e-01 2.900347415199951229e+01
2.510000000000000009e-01 2.920566548643125770e+01
2.520000000000000018e-01 2.940900612431266836e+01
2.530000000000000027e-01 2.961349750187525842e+01
2.540000000000000036e-01 2.981914104242139274e+01
2.550000000000000044e-01 3.002593815648555164e+01
2.560000000000000053e-01 3.023389024199212827e+01
2.570000000000000062e-01 3.044299868441049739e+01
2.580000000000000071e-01 3.065326485690843583e+01
2.590000000000000080e-01 3.086469012050241645e+01
2.600000000000000089e-01 3.107727582420534418e+01
2.610000000000000098e-01 3.129102330517264363e+01
2.620000000000000107e-01 3.150593388884550450e+01
2.630000000000000115e-01 3.172200888909208061e+01
2.640000000000000124e-01 3.193924960834618787e+01
2.650000000000000133e-01 3.215765733774446744e+01
2.660000000000000142e-01 3.237723335726025198e+01
2.670000000000000151e-01 3.259797893583686346e+01
2.680000000000000160e-01 3.281989533151755722e+01
2.690000000000000169e-01 3.304298379157398813e+01
2.700000000000000178e-01 3.326724555263297134e+01
2.710000000000000187e-01 3.349268184080057154e+01
2.720000000000000195e-01 3.371929387178488469e+01
2.730000000000000204e-01 3.394708285101700085e+01
2.740000000000000213e-01 3.417604997376980691e+01
2.750000000000000222e-01 3.440619642527457245e+01
2.760000000000000231e-01 3.463752338083730820e+01
2.770000000000000240e-01 3.487003200595148655e+01
2.780000000000000249e-01 3.510372345641036418e+01
2.790000000000000258e-01 3.533859887841754244e+01
2.800000000000000266e-01 3.557465940869491305e+01
2.810000000000000275e-01 3.581190617459009218e+01
2.820000000000000284e-01 3.605034029418186492e+01
2.830000000000000293e-01 3.628996287638409513e+01
2.840000000000000302e-01 3.653077502104775931e+01
2.850000000000000311e-01 3.677277781906252585e+01
2.860000000000000320e-01 3.701597235245526463e+01
2.870000000000000329e-01 3.726035969448878404e+01
2.880000000000000338e-01 3.750594090975829431e+01
2.889999999999999791e-01 3.775271705428588120e+01
2.899999999999999800e-01 3.800068917561543458e+01
2.909999999999999809e-01 3.824985831290422311e+01
2.919999999999999818e-01 3.850022549701458274e+01
2.929999999999999827e-01 3.875179175060344505e+01
2.939999999999999836e-01 3.900455808821101300e+01
2.949999999999999845e-01 3.925852551634864085e+01
2.959999999999999853e-01 3.951369503358381507e+01
2.969999999999999862e-01 3.977006763062638584e+01
2.979999999999999871e-01 4.002764429041138783e+01
2.989999999999999880e-01 4.028642598818220222e+01
2.999999999999999889e-01 4.054641369157116060e+01
3.009999999999999898e-01 4.080760836068100161e+01
3.019999999999999907e-01 4.107001094816337172e+01
3.029999999999999916e-01 4.133362239929670068e+01
3.039999999999999925e-01 4.159844365206413386e+01
3.049999999999999933e-01 4.186447563722867926e+01
3.059999999999999942e-01 4.213171927840852504e+01
3.069999999999999951e-01 4.240017549215104964e+01
3.079999999999999960e-01 4.266984518800609294e+01
3.089999999999999969e-01 4.294072926859678319e+01
3.099999999999999978e-01 4.321282862969218286e+01
3.109999999999999987e-01 4.348614416027606921e+01
3.119999999999999996e-01 4.376067674261656748e+01
3.130000000000000004e-01 4.403642725233430610e+01
3.140000000000000013e-01 4.431339655846988990e+01
3.150000000000000022e-01 4.459158552355023630e+01
3.160000000000000031e-01 4.487099500365377480e+01
3.170000000000000040e-01 4.515162584847581684e+01
3.180000000000000049e-01 4.543347890139199308e+01
3.190000000000000058e-01 4.571655499952083801e+01
3.200000000000000067e-01 4.600085497378722721e+01
3.210000000000000075e-01 4.628637964898251766e+01
3.220000000000000084e-01 4.657312984382593868e+01
3.230000000000000093e-01 4.686110637102416376e+01
3.240000000000000102e-01 4.715031003732980253e+01
3.250000000000000111e-01 4.744074164360131363e+01
3.260000000000000120e-01 4.773240198485876817e+01
3.270000000000000129e-01 4.802529185034137527e+01
3.280000000000000138e-01 4.831941202356409804e+01
3.290000000000000147e-01 4.861476328237222333e+01
3.300000000000000155e-01 4.891134639899695458e+01
3.310000000000000164e-01 4.920916214010833301e+01
3.320000000000000173e-01 4.950821126686969365e+01
3.330000000000000182e-01 4.980849453498956336e+01
3.340000000000000191e-01 5.011001269477378628e+01
3.350000000000000200e-01 5.041276649117776287e+01
3.360000000000000209e-01 5.071675666385601744e+01
3.370000000000000218e-01 5.102198394721227714e+01
3.380000000000000226e-01 5.132844907045097216e+01
3.390000000000000235e-01 5.163615275762327883e+01
3.400000000000000244e-01 5.194509572767736927e+01
3.410000000000000253e-01 5.225527869450564822e+01
3.420000000000000262e-01 5.256670236699187626e+01
3.430000000000000271e-01 5.287936744905721298e+01
3.440000000000000280e-01 5.319327463970699910e+01
3.450000000000000289e-01 5.350842463307577646e+01
3.460000000000000298e-01 5.382481811847242170e+01
3.470000000000000306e-01 5.414245578042397256e+01
3.480000000000000315e-01 5.446133829872053411e+01
3.490000000000000324e-01 5.478146634845705876e+01
3.500000000000000333e-01 5.510284060007757034e+01
3.510000000000000342e-01 5.542546171941677358e+01
3.519999999999999796e-01 5.574933036774194761e+01
3.529999999999999805e-01 5.607444720179410069e+01
3.539999999999999813e-01 5.640081287382878372e+01
3.549999999999999822e-01 5.672842803165747227e+01
3.559999999999999831e-01 5.705729331868514009e+01
3.569999999999999840e-01 5.738740937395226638e+01
3.579999999999999849e-01 5.771877683217206823e+01
3.589999999999999858e-01 5.805139632376915415e+01
3.599999999999999867e-01 5.838526847491891658e+01
3.609999999999999876e-01 5.872039390758322952e+01
3.619999999999999885e-01 5.905677323954853364e+01
3.629999999999999893e-01 5.939440708446346662e+01
3.639999999999999902e-01 5.973329605187342395e+01
3.649999999999999911e-01 6.007344074725790506e+01
3.659999999999999920e-01 6.041484177206552886e+01
3.669999999999999929e-01 6.075749972374882191e+01
3.679999999999999938e-01 6.110141519579957503e+01
3.689999999999999947e-01 6.144658877778221040e+01
3.699999999999999956e-01 6.179302105536959289e+01
3.709999999999999964e-01 6.214071261037435079e+01
3.719999999999999973e-01 6.248966402078309557e+01
3.729999999999999982e-01 6.283987586078956156e+01
3.739999999999999991e-01 6.319134870082655198e+01
3.750000000000000000e-01 6.354408310759811229e+01
3.760000000000000009e-01 6.389807964411158991e+01
3.770000000000000018e-01 6.425333886970861386e+01
3.780000000000000027e-01 6.460986134009590387e+01
3.790000000000000036e-01 6.496764760737698907e+01
3.800000000000000044e-01 6.532669822008153915e+01
3.810000000000000053e-01 6.568701372319560505e+01
3.820000000000000062e-01 6.604859465819254183e+01
3.830000000000000071e-01 6.641144156306006607e+01
3.840000000000000080e-01 6.677555497233106507e+01
3.850000000000000089e-01 6.714093541711224589e+01
3.860000000000000098e-01 6.750758342511244336e+01
3.870000000000000107e-01 6.787549952066933656e+01
3.880000000000000115e-01 6.824468422477991680e+01
3.890000000000000124e-01 6.861513805512561248e+01
3.900000000000000133e-01 6.898686152610116551e+01
3.910000000000000142e-01 6.935985514884055192e+01
3.920000000000000151e-01 6.973411943124438039e+01
3.930000000000000160e-01 7.010965487800547180e+01
3.940000000000000169e-01 7.048646199063591666e+01
3.950000000000000178e-01 7.086454126749242732e+01
3.960000000000000187e-01 7.124389320380180379e+01
3.970000000000000195e-01 7.162451829168594486e+01
3.980000000000000204e-01 7.200641702018833712e+01
3.990000000000000213e-01 7.238958987529645128e+01
4.000000000000000222e-01 7.277403733996834490e+01
4.010000000000000231e-01 7.315975989415619551e+01
4.020000000000000240e-01 7.354675801482983388e+01
4.030000000000000249e-01 7.393503217600130029e+01
4.040000000000000258e-01 7.432458284874780929e+01
4.050000000000000266e-01 7.471541050123505556e+01
4.060000000000000275e-01 7.510751559874108807e+01
4.070000000000000284e-01 7.550089860367745587e+01
4.080000000000000293e-01 7.589555997561319600e+01
4.090000000000000302e-01 7.629150017129700245e+01
4.100000000000000311e-01 7.668871964467837188e+01
4.110000000000000320e-01 7.708721884693068205e+01
4.120000000000000329e-01 7.748699822647245128e+01
4.130000000000000338e-01 7.788805822898825681e+01
4.140000000000000346e-01 7.829039929745056270e+01
4.150000000000000355e-01 7.869402187214052447e+01
4.160000000000000364e-01 7.909892639066890752e+01
4.169999999999999818e-01 7.950511328799655075e+01
4.179999999999999827e-01 7.991258299645494390e+01
4.189999999999999836e-01 8.032133594576669111e+01
4.199999999999999845e-01 8.073137256306404197e+01
4.209999999999999853e-01 8.114269327291071932e+01
4.219999999999999862e-01 8.155529849732033654e+01
4.229999999999999871e-01 8.196918865577595170e+01
4.239999999999999880e-01 8.238436416524962169e+01
4.249999999999999889e-01 8.280082544022070579e+01
4.259999999999999898e-01 8.321857289269541980e+01
4.269999999999999907e-01 8.363760693222593545e+01
4.279999999999999916e-01 8.405792796592720606e+01
4.289999999999999925e-01 8.447953639849663432e+01
4.299999999999999933e-01 8.490243263223192116e+01
4.309999999999999942e-01 8.532661706704891458e+01
4.319999999999999951e-01 8.575209010049923108e+01
4.329999999999999960e-01 8.617885212778844561e+01
4.339999999999999969e-01 8.660690354179223505e+01
4.349999999999999978e-01 8.703624473307536391e+01
4.359999999999999987e-01 8.746687608990748686e+01
4.369999999999999996e-01 8.789879799828054274e+01
4.380000000000000004e-01 8.833201084192535291e+01
4.390000000000000013e-01 8.876651500232924263e+01
4.400000000000000022e-01 8.920231085875082044e+01
4.410000000000000031e-01 8.963939878823737217e+01
4.420000000000000040e-01 9.007777916564077714e+01
4.430000000000000049e-01 9.051745236363365166e+01
4.440000000000000058e-01 9.095841875272446941e+01
4.450000000000000067e-01 9.140067870127506922e+01
4.460000000000000075e-01 9.184423257551407005e+01
4.470000000000000084e-01 9.228908073955312830e+01
4.480000000000000093e-01 9.273522355540274020e+01
4.490000000000000102e-01 9.318266138298690748e+01
4.500000000000000111e-01 9.363139458015780292e+01
4.510000000000000120e-01 9.408142350271111809e+01
4.520000000000000129e-01 9.453274850440072896e+01
4.530000000000000138e-01 9.498536993695302044e+01
4.540000000000000147e-01 9.543928815008155198e+01
4.550000000000000155e-01 9.589450349150126840e+01
4.560000000000000164e-01 9.635101630694259711e+01
4.570000000000000173e-01 9.680882694016543155e+01
4.580000000000000182e-01 9.726793573297368312e+01
4.590000000000000191e-01 9.772834302522824146e+01
4.600000000000000200e-01 9.819004915486164009e+01
4.610000000000000209e-01 9.865305445788953875e+01
4.620000000000000218e-01 9.911735926842720801e+01
4.630000000000000226e-01 9.958296391869998843e+01
4.640000000000000235e-01 1.000498687390589794e+02
4.650000000000000244e-01 1.005180740579916119e+02
4.660000000000000253e-01 1.009875802021362006e+02
4.670000000000000262e-01 1.014583874962946766e+02
4.680000000000000271e-01 1.019304962634447520e+02
4.690000000000000280e-01 1.024039068247528803e+02
4.700000000000000289e-01 1.028786194995865344e+02
4.710000000000000298e-01 1.033546346055271670e+02
4.720000000000000306e-01 1.038319524583814655e+02
4.730000000000000315e-01 1.043105733721943125e+02
4.740000000000000324e-01 1.047904976592609501e+02
4.750000000000000333e-01 1.052717256301381212e+02
4.760000000000000342e-01 1.057542575936570302e+02
4.770000000000000351e-01 1.062380938569334603e+02
4.780000000000000360e-01 1.067232347253817579e+02
4.790000000000000369e-01 1.072096805027238133e+02
4.799999999999999822e-01 1.076974314910024759e+02
4.809999999999999831e-01 1.081864879905916723e+02
4.819999999999999840e-01 1.086768503002090256e+02
4.829999999999999849e-01 1.091685187169250639e+02
4.839999999999999858e-01 1.096614935361761809e+02
4.849999999999999867e-01 1.101557750517735030e+02
4.859999999999999876e-01 1.106513635559165323e+02
4.869999999999999885e-01 1.111482593392016724e+02
4.879999999999999893e-01 1.116464626906328022e+02
4.889999999999999902e-01 1.121459738976340077e+02
4.899999999999999911e-01 1.126467932460578822e+02
4.909999999999999920e-01 1.131489210201973492e+02
4.919999999999999929e-01 1.136523575027946436e+02
4.929999999999999938e-01 1.141571029750531352e+02
4.939999999999999947e-01 1.146631577166458555e+02
4.949999999999999956e-01 1.151705220057269798e+02
4.959999999999999964e-01 1.156791961189408084e+02
4.969999999999999973e-01 1.161891803314319986e+02
4.979999999999999982e-01 1.167004749168560238e+02
4.989999999999999991e-01 1.172130801473872452e+02
5.000000000000000000e-01 1.177269962937305081e+02
5.010000000000000009e-01 1.182422236251292134e+02
5.020000000000000018e-01 1.187587624093752083e+02
5.030000000000000027e-01 1.192766129128195871e+02
5.040000000000000036e-01 1.197957754003786022e+02
5.050000000000000044e-01 1.203162501355469658e+02
5.060000000000000053e-01 1.208380373804047849e+02
5.070000000000000062e-01 1.213611373956264288e+02
5.080000000000000071e-01 1.218855504404903058e+02
5.090000000000000080e-01 1.224112767728883000e+02
5.100000000000000089e-01 1.229383166493331601e+02
5.110000000000000098e-01 1.234666703249683906e+02
5.120000000000000107e-01 1.239963380535776878e+02
5.130000000000000115e-01 1.245273200875911925e+02
5.140000000000000124e-01 1.250596166780962903e+02
5.150000000000000133e-01 1.255932280748454559e+02
5.160000000000000142e-01 1.261281545262643249e+02
5.170000000000000151e-01 1.266643962794604477e+02
5.180000000000000160e-01 1.272019535802317023e+02
5.190000000000000169e-01 1.277408266730747073e+02
5.200000000000000178e-01 1.282810158011917565e+02
5.210000000000000187e-01 1.288225212065002552e+02
5.220000000000000195e-01 1.293653431296415874e+02
5.230000000000000204e-01 1.299094818099857775e+02
5.240000000000000213e-01 1.304549374856429722e+02
5.250000000000000222e-01 1.310017103934695797e+02
5.260000000000000231e-01 1.315498007690760005e+02
5.270000000000000240e-01 1.320992088468351540e+02
5.280000000000000249e-01 1.326499348598895267e+02
5.290000000000000258e-01 1.332019790401589034e+02
5.300000000000000266e-01 1.337553416183482113e+02
5.310000000000000275e-01 1.343100228239543412e+02
5.320000000000000284e-01 1.348660228852745604e+02
5.330000000000000293e-01 1.354233420294133339e+02
5.340000000000000302e-01 1.359819804822894866e+02
5.350000000000000311e-01 1.365419384686435933e+02
5.360000000000000320e-01 1.371032162120451403e+02
5.370000000000000329e-01 1.376658139349002568e+02
5.380000000000000338e-01 1.382297318584580808e+02
5.390000000000000346e-01 1.387949702028180354e+02
5.400000000000000355e-01 1.393615291869366501e+02
5.410000000000000364e-01 1.399294090286355186e+02
5.420000000000000373e-01 1.404986099446058461e+02
5.430000000000000382e-01 1.410691321504179996e+02
5.440000000000000391e-01 1.416409758605271918e+02
5.450000000000000400e-01 1.422141412882787108e+02
5.460000000000000409e-01 1.427886286459170151e+02
5.470000000000000417e-01 1.433644381445913041e+02
5.480000000000000426e-01 1.439415699943614300e+02
5.490000000000000435e-01 1.445200244042055147e+02
5.500000000000000444e-01 1.450998015820255205e+02
5.510000000000000453e-01 1.456809017346548671e+02
5.520000000000000462e-01 1.462633250678630930e+02
5.530000000000000471e-01 1.468470717863631307e+02
5.540000000000000480e-01 1.474321420938183564e+02
5.550000000000000488e-01 1.480185361928475913e+02
5.560000000000000497e-01 1.486062542850316959e+02
5.570000000000000506e-01 1.491952965709194814e+02
5.580000000000000515e-01 1.497856632500339629e+02
5.590000000000000524e-01 1.503773545208790665e+02
5.600000000000000533e-01 1.509703705809448593e+02
5.610000000000000542e-01 1.515647116267127785e+02
5.620000000000000551e-01 1.521603778536639311e+02
5.630000000000000560e-01 1.527573694562818218e+02
5.640000000000000568e-01 1.533556866280609938e+02
5.650000000000000577e-01 1.539553295615112347e+02
5.660000000000000586e-01 1.545562984481630338e+02
5.670000000000000595e-01 1.551585934785753125e+02
5.680000000000000604e-01 1.557622148423383805e+02
5.690000000000000613e-01 1.563671627280816665e+02
5.700000000000000622e-01 1.569734373234775830e+02
5.710000000000000631e-01 1.575810388152490304e+02
5.720000000000000639e-01 1.581899673891730345e+02
5.730000000000000648e-01 1.588002232300866581e+02
5.740000000000000657e-01 1.594118065218935953e+02
5.750000000000000666e-01 1.600247174475684915e+02
5.760000000000000675e-01 1.606389561891617177e+02
5.769999999999999574e-01 1.612545229278052830e+02
5.779999999999999583e-01 1.618714178437192004e+02
5.789999999999999591e-01 1.624896411162148979e+02
5.799999999999999600e-01 1.631091929237013574e+02
5.809999999999999609e-01 1.637300734436898892e+02
5.819999999999999618e-01 1.643522828527991351e+02
5.829999999999999627e-01 1.649758213267605242e+02
5.839999999999999636e-01 1.656006890404237311e+02
5.849999999999999645e-01 1.662268861677603127e+02
5.859999999999999654e-01 1.668544128818703030e+02
5.869999999999999662e-01 1.674832693549844862e+02
5.879999999999999671e-01 1.681134557584737195e+02
5.889999999999999680e-01 1.687449722628482505e+02
5.899999999999999689e-01 1.693778190377677220e+02
5.909999999999999698e-01 1.700119962520423087e+02
5.919999999999999707e-01 1.706475040736393112e+02
5.929999999999999716e-01 1.712843426696870210e+02
5.939999999999999725e-01 1.719225122064801781e+02
5.949999999999999734e-01 1.725620128494836081e+02
5.959999999999999742e-01 1.732028447633381347e+02
5.969999999999999751e-01 1.738450081118630806e+02
5.979999999999999760e-01 1.744885030580635430e+02
5.989999999999999769e-01 1.751333297641326681e+02
5.999999999999999778e-01 1.757794883914580168e+02
6.009999999999999787e-01 1.764269791006236119e+02
6.019999999999999796e-01 1.770758020514156215e+02
6.029999999999999805e-01 1.777259574028294082e+02
6.039999999999999813e-01 1.783774453130686197e+02
6.049999999999999822e-01 1.790302659395529190e+02
6.059999999999999831e-01 1.796844194389220775e+02
6.069999999999999840e-01 1.803399059670402949e+02
6.079999999999999849e-01 1.809967256789980183e+02
6.089999999999999858e-01 1.816548787291205826e+02
6.099999999999999867e-01 1.823143652709677554e+02
6.109999999999999876e-01 1.829751854573407854e+02
6.119999999999999885e-01 1.836373394402869508e+02
6.129999999999999893e-01 1.843008273710997855e+02
6.139999999999999902e-01 1.849656494003288572e+02
6.149999999999999911e-01 1.856318056777788570e+02
6.159999999999999920e-01 1.862992963525148298e+02
6.169999999999999929e-01 1.869681215728705865e+02
6.179999999999999938e-01 1.876382814864443844e+02
6.189999999999999947e-01 1.883097762401096134e+02
6.199999999999999956e-01 1.889826059800177518e+02
6.209999999999999964e-01 1.896567708515983668e+02
6.219999999999999973e-01 1.903322709995682089e+02
6.229999999999999982e-01 1.910091065679293933e+02
6.239999999999999991e-01 1.916872776999800863e+02
6.250000000000000000e-01 1.923667845383106396e+02
6.260000000000000009e-01 1.930476272248135956e+02
6.270000000000000018e-01 1.937298059006848234e+02
6.280000000000000027e-01 1.944133207064260205e+02
6.290000000000000036e-01 1.950981717818510788e+02
6.300000000000000044e-01 1.957843592660881313e+02
6.310000000000000053e-01 1.964718832975825080e+02
6.320000000000000062e-01 1.971607440141026473e+02
6.330000000000000071e-01 1.978509415527410056e+02
6.340000000000000080e-01 1.985424760499197419e+02
6.350000000000000089e-01 1.992353476413932185e+02
6.360000000000000098e-01 1.999295564622523216e+02
6.370000000000000107e-01 2.006251026469260523e+02
6.380000000000000115e-01 2.013219863291872116e+02
6.390000000000000124e-01 2.020202076421546735e+02
6.400000000000000133e-01 2.027197667182972509e+02
6.410000000000000142e-01 2.034206636894364237e+02
6.420000000000000151e-01 2.041228986867499771e+02
6.430000000000000160e-01 2.048264718407763212e+02
6.440000000000000169e-01 2.055313832814172201e+02
6.450000000000000178e-01 2.062376331379396106e+02
6.460000000000000187e-01 2.069452215389808316e+02
6.470000000000000195e-01 2.076541486125518077e+02
6.480000000000000204e-01 2.083644144860393226e+02
6.490000000000000213e-01 2.090760192862092026e+02
6.500000000000000222e-01 2.097889631392101819e+02
6.510000000000000231e-01 2.105032461705779951e+02
6.520000000000000240e-01 2.112188685052353776e+02
6.530000000000000249e-01 2.119358302674988863e+02
6.540000000000000258e-01 2.126541315810795822e+02
6.550000000000000266e-01 2.133737725690873503e+02
6.560000000000000275e-01 2.140947533540329459e+02
6.570000000000000284e-01 2.148170740578318600e+02
6.580000000000000293e-01 2.155407348018079574e+02
6.590000000000000302e-01 2.162657357066946133e+02
6.600000000000000311e-01 2.169920768926388064e+02
6.610000000000000320e-01 2.177197584792047564e+02
6.620000000000000329e-01 2.184487805853766531e+02
6.630000000000000338e-01 2.191791433295593379e+02
6.640000000000000346e-01 2.199108468295842158e+02
6.650000000000000355e-01 2.206438912027113020e+02
6.660000000000000364e-01 2.213782765656312677e+02
6.670000000000000373e-01 2.221140030344690786e+02
6.680000000000000382e-01 2.228510707247862683e+02
6.690000000000000391e-01 2.235894797515845767e+02
6.700000000000000400e-01 2.243292302293079956e+02
6.710000000000000409e-01 2.250703222718457255e+02
6.720000000000000417e-01 2.258127559925355854e+02
6.730000000000000426e-01 2.265565315041658323e+02
6.740000000000000435e-01 2.273016489189787990e+02
6.750000000000000444e-01 2.280481083486729403e+02
6.760000000000000453e-01 2.287959099044062441e+02
6.770000000000000462e-01 2.295450536967973676e+02
6.780000000000000471e-01 2.302955398359299579e+02
6.790000000000000480e-01 2.310473684313558351e+02
6.800000000000000488e-01 2.318005395920947649e+02
6.810000000000000497e-01 2.325550534266405975e+02
6.820000000000000506e-01 2.333109100429612681e+02
6.830000000000000515e-01 2.340681095485024343e+02
6.840000000000000524e-01 2.348266520501899777e+02
6.850000000000000533e-01 2.355865376544325045e+02
6.860000000000000542e-01 2.363477664671240746e+02
6.870000000000000551e-01 2.371103385936457926e+02
6.880000000000000560e-01 2.378742541388710379e+02
6.890000000000000568e-01 2.386395132071634180e+02
6.900000000000000577e-01 2.394061159023842720e+02
6.910000000000000586e-01 2.401740623278910789e+02
6.920000000000000595e-01 2.409433525865420052e+02
6.930000000000000604e-01 2.417139867806986331e+02
6.940000000000000613e-01 2.424859650122273251e+02
6.950000000000000622e-01 2.432592873825008155e+02
6.960000000000000631e-01 2.440339539924032124e+02
6.970000000000000639e-01 2.448099649423306801e+02
6.980000000000000648e-01 2.455873203321932579e+02
6.990000000000000657e-01 2.463660202614196351e+02
7.000000000000000666e-01 2.471460648289555593e+02
7.010000000000000675e-01 2.479274541332704302e+02
7.020000000000000684e-01 2.487101882723572999e+02
7.030000000000000693e-01 2.494942673437346912e+02
7.039999999999999591e-01 2.502796914444495542e+02
7.049999999999999600e-01 2.510664606710820408e+02
7.059999999999999609e-01 2.518545751197430036e+02
7.069999999999999618e-01 2.526440348860787708e+02
7.079999999999999627e-01 2.534348400652743294e+02
7.089999999999999636e-01 2.542269907520549168e+02
7.099999999999999645e-01 2.550204870406851114e+02
7.109999999999999654e-01 2.558153290249770180e+02
7.119999999999999662e-01 2.566115167982868570e+02
7.129999999999999671e-01 2.574090504535197397e+02
7.139999999999999680e-01 2.582079300831323962e+02
7.149999999999999689e-01 2.590081557791340856e+02
7.159999999999999698e-01 2.598097276330879595e+02
7.169999999999999707e-01 2.606126457361147004e+02
7.179999999999999716e-01 2.614169101788957050e+02
7.189999999999999725e-01 2.622225210516705829e+02
7.199999999999999734e-01 2.630294784442455693e+02
7.209999999999999742e-01 2.638377824459903422e+02
7.219999999999999751e-01 2.646474331458421148e+02
7.229999999999999760e-01 2.654584306323081364e+02
7.239999999999999769e-01 2.662707749934666026e+02
7.249999999999999778e-01 2.670844663169693831e+02
7.259999999999999787e-01 2.678995046900447505e+02
7.269999999999999796e-01 2.687158901994969256e+02
7.279999999999999805e-01 2.695336229317103971e+02
7.289999999999999813e-01 2.703527029726521960e+02
7.299999999999999822e-01 2.711731304078709854e+02
7.309999999999999831e-01 2.719949053225016087e+02
7.319999999999999840e-01 2.728180278012662257e+02
7.329999999999999849e-01 2.736424979284761321e+02
7.339999999999999858e-01 2.744683157880338058e+02
7.349999999999999867e-01 2.752954814634349532e+02
7.359999999999999876e-01 2.761239950377696459e+02
7.369999999999999885e-01 2.769538565937250496e+02
7.379999999999999893e-01 2.777850662135872426e+02
7.389999999999999902e-01 2.786176239792428078e+02
7.399999999999999911e-01 2.794515299721801966e+02
7.409999999999999920e-01 2.802867842734922306e+02
7.419999999999999929e-01 2.811233869638792839e+02
7.429999999999999938e-01 2.819613381236470104e+02
7.439999999999999947e-01 2.828006378327129369e+02
7.449999999999999956e-01 2.836412861706037347e+02
7.459999999999999964e-01 2.844832832164620413e+02
7.469999999999999973e-01 2.853266290490437314e+02
7.479999999999999982e-01 2.861713237467224644e+02
7.489999999999999991e-01 2.870173673874892302e+02
7.500000000000000000e-01 2.878647600489564411e+02
7.510000000000000009e-01 2.887135018083574778e+02
7.520000000000000018e-01 2.895635927425507816e+02
7.530000000000000027e-01 2.904150329280187179e+02
7.540000000000000036e-01 2.912678224408725782e+02
7.550000000000000044e-01 2.921219613568509885e+02
7.560000000000000053e-01 2.929774497513237748e+02
7.570000000000000062e-01 2.938342876992930996e+02
7.580000000000000071e-01 2.946924752753950543e+02
7.590000000000000080e-01 2.955520125539001128e+02
7.600000000000000089e-01 2.964128996087183623e+02
7.610000000000000098e-01 2.972751365133963191e+02
7.620000000000000107e-01 2.981387233411217039e+02
7.630000000000000115e-01 2.990036601647254884e+02
7.640000000000000124e-01 2.998699470566809850e+02
7.650000000000000133e-01 3.007375840891074859e+02
7.660000000000000142e-01 3.016065713337707166e+02
7.670000000000000151e-01 3.024769088620848834e+02
7.680000000000000160e-01 3.033485967451144916e+02
7.690000000000000169e-01 3.042216350535763922e+02
7.700000000000000178e-01 3.050960238578397821e+02
7.710000000000000187e-01 3.059717632279284771e+02
7.720000000000000195e-01 3.068488532335229593e+02
7.730000000000000204e-01 3.077272939439617403e+02
7.740000000000000213e-01 3.086070854282420441e+02
7.750000000000000222e-01 3.094882277550218532e+02
7.760000000000000231e-01 3.103707209926235464e+02
7.770000000000000240e-01 3.112545652090304884e+02
7.780000000000000249e-01 3.121397604718933962e+02
7.790000000000000258e-01 3.130263068485287477e+02
7.800000000000000266e-01 3.139142044059215095e+02
7.810000000000000275e-01 3.148034532107285486e+02
7.820000000000000284e-01 3.156940533292734017e+02
7.830000000000000293e-01 3.165860048275578720e+02
7.840000000000000302e-01 3.174793077712531613e+02
7.850000000000000311e-01 3.183739622257085102e+02
7.860000000000000320e-01 3.192699682559507437e+02
7.870000000000000329e-01 3.201673259266824516e+02
7.880000000000000338e-01 3.210660353022888103e+02
7.890000000000000346e-01 3.219660964468343991e+02
7.900000000000000355e-01 3.228675094240684302e+02
7.910000000000000364e-01 3.237702742974215653e+02
7.920000000000000373e-01 3.246743911300127365e+02
7.930000000000000382e-01 3.255798599846452817e+02
7.940000000000000391e-01 3.264866809238112637e+02
7.950000000000000400e-01 3.273948540096941997e+02
7.960000000000000409e-01 3.283043793041647405e+02
7.970000000000000417e-01 3.292152568687897656e+02
7.980000000000000426e-01 3.301274867648278359e+02
7.990000000000000435e-01 3.310410690532316949e+02
8.000000000000000444e-01 3.319560037946521334e+02
8.010000000000000453e-01 3.328722910494361713e+02
8.020000000000000462e-01 3.337899308776302405e+02
8.030000000000000471e-01 3.347089233389797300e+02
8.040000000000000480e-01 3.356292684929333063e+02
8.050000000000000488e-01 3.365509663986417763e+02
8.060000000000000497e-01 3.374740171149601338e+02
8.070000000000000506e-01 3.383984207004466498e+02
8.080000000000000515e-01 3.393241772133699214e+02
8.090000000000000524e-01 3.402512867117031874e+02
8.100000000000000533e-01 3.411797492531302396e+02
8.110000000000000542e-01 3.421095648950451960e+02
8.120000000000000551e-01 3.430407336945527277e+02
8.130000000000000560e-01 3.439732557084723794e+02
8.140000000000000568e-01 3.449071309933347038e+02
8.150000000000000577e-01 3.458423596053885376e+02
8.160000000000000586e-01 3.467789416005980456e+02
8.170000000000000595e-01 3.477168770346443125e+02
8.180000000000000604e-01 3.486561659629280712e+02
8.190000000000000613e-01 3.495968084405712943e+02
8.200000000000000622e-01 3.505388045224149209e+02
8.210000000000000631e-01 3.514821542630240856e+02
8.220000000000000639e-01 3.524268577166874366e+02
8.230000000000000648e-01 3.533729149374175904e+02
8.240000000000000657e-01 3.543203259789545427e+02
8.250000000000000666e-01 3.552690908947629396e+02
8.260000000000000675e-01 3.562192097380393534e+02
8.270000000000000684e-01 3.571706825617065988e+02
8.280000000000000693e-01 3.581235094184207810e+02
8.290000000000000702e-01 3.590776903605676580e+02
8.300000000000000711e-01 3.600332254402658236e+02
8.310000000000000719e-01 3.609901147093692089e+02
8.320000000000000728e-01 3.619483582194679911e+02
8.329999999999999627e-01 3.629079560218849565e+02
8.339999999999999636e-01 3.638689081676832302e+02
8.349999999999999645e-01 3.648312147076630936e+02
8.359999999999999654e-01 3.657948756923660767e+02
8.369999999999999662e-01 3.667598911720710930e+02
8.379999999999999671e-01 3.677262611968021702e+02
8.389999999999999680e-01 3.686939858163239023e+02
8.399999999999999689e-01 3.696630650801462252e+02
8.409999999999999698e-01 3.706334990375225971e+02
8.419999999999999707e-01 3.716052877374538639e+02
8.429999999999999716e-01 3.725784312286878048e+02
8.439999999999999725e-01 3.735529295597202690e+02
8.449999999999999734e-01 3.745287827787947208e+02
8.459999999999999742e-01 3.755059909339061051e+02
8.469999999999999751e-01 3.764845540728019841e+02
8.479999999999999760e-01 3.774644722429798094e+02
8.489999999999999769e-01 3.784457454916923780e+02
8.499999999999999778e-01 3.794283738659446499e+02
8.509999999999999787e-01 3.804123574124992047e+02
8.519999999999999796e-01 3.813976961778735131e+02
8.529999999999999805e-01 3.823843902083431203e+02
8.539999999999999813e-01 3.833724395499416460e+02
8.549999999999999822e-01 3.843618442484616935e+02
8.559999999999999831e-01 3.853526043494580335e+02
8.569999999999999840e-01 3.863447198982435111e+02
8.579999999999999849e-01 3.873381909398981406e+02
8.589999999999999858e-01 3.883330175192591014e+02
8.599999999999999867e-01 3.893291996809343800e+02
8.609999999999999876e-01 3.903267374692914018e+02
8.619999999999999885e-01 3.913256309284679446e+02
8.629999999999999893e-01 3.923258801023666820e+02
8.639999999999999902e-01 3.933274850346588210e+02
8.649999999999999911e-01 3.943304457687863760e+02
8.659999999999999920e-01 3.953347623479585309e+02
8.669999999999999929e-01 3.963404348151580052e+02
8.679999999999999938e-01 3.973474632131374165e+02
8.689999999999999947e-01 3.983558475844238274e+02
8.699999999999999956e-01 3.993655879713164722e+02
8.709999999999999964e-01 4.003766844158917593e+02
8.719999999999999973e-01 4.013891369599969039e+02
8.729999999999999982e-01 4.024029456452617524e+02
8.739999999999999991e-01 4.034181105130892320e+02
8.750000000000000000e-01 4.044346316046612628e+02
8.760000000000000009e-01 4.054525089609396673e+02
8.770000000000000018e-01 4.064717426226679891e+02
8.780000000000000027e-01 4.074923326303669455e+02
8.790000000000000036e-01 4.085142790243417039e+02
8.800000000000000044e-01 4.095375818446809717e+02
8.810000000000000053e-01 4.105622411312533586e+02
8.820000000000000062e-01 4.115882569237155622e+02
8.830000000000000071e-01 4.126156292615087295e+02
8.840000000000000080e-01 4.136443581838598220e+02
8.850000000000000089e-01 4.146744437297820696e+02
8.860000000000000098e-01 4.157058859380786089e+02
8.870000000000000107e-01 4.167386848473388454e+02
8.880000000000000115e-01 4.177728404959452746e+02
8.890000000000000124e-01 4.188083529220671153e+02
8.900000000000000133e-01 4.198452221636680406e+02
8.910000000000000142e-01 4.208834482585007208e+02
8.920000000000000151e-01 4.219230312441140995e+02
8.930000000000000160e-01 4.229639711578497554e+02
8.940000000000000169e-01 4.240062680368419024e+02
8.950000000000000178e-01 4.250499219180219370e+02
8.960000000000000187e-01 4.260949328381184387e+02
8.970000000000000195e-01 4.271413008336558050e+02
8.980000000000000204e-01 4.281890259409560713e+02
8.990000000000000213e-01 4.292381081961398195e+02
9.000000000000000222e-01 4.302885476351298166e+02
9.010000000000000231e-01 4.313403442936446481e+02
9.020000000000000240e-01 4.323934982072073581e+02
9.030000000000000249e-01 4.334480094111422659e+02
9.040000000000000258e-01 4.345038779405740570e+02
9.050000000000000266e-01 4.355611038304346039e+02
9.060000000000000275e-01 4.366196871154575092e+02
9.070000000000000284e-01 4.376796278301808343e+02
9.080000000000000293e-01 4.387409260089489180e+02
9.090000000000000302e-01 4.398035816859155602e+02
9.100000000000000311e-01 4.408675948950367456e+02
9.110000000000000320e-01 4.419329656700801934e+02
9.120000000000000329e-01 4.429996940446217195e+02
9.130000000000000338e-01 4.440677800520438723e+02
9.140000000000000346e-01 4.451372237255445725e+02
9.150000000000000355e-01 4.462080250981284735e+02
9.160000000000000364e-01 4.472801842026133272e+02
9.170000000000000373e-01 4.483537010716299847e+02
9.180000000000000382e-01 4.494285757376233050e+02
9.190000000000000391e-01 4.505048082328471537e+02
9.200000000000000400e-01 4.515823985893766803e+02
9.210000000000000409e-01 4.526613468391001334e+02
9.220000000000000417e-01 4.537416530137197697e+02
9.230000000000000426e-01 4.548233171447559471e+02
9.240000000000000435e-01 4.559063392635471246e+02
9.250000000000000444e-01 4.569907194012498621e+02
9.260000000000000453e-01 4.580764575888401851e+02
9.270000000000000462e-01 4.591635538571122197e+02
9.280000000000000471e-01 4.602520082366822862e+02
9.290000000000000480e-01 4.613418207579861701e+02
9.300000000000000488e-01 4.624329914512832147e+02
9.310000000000000497e-01 4.635255203466526837e+02
9.320000000000000506e-01 4.646194074739987627e+02
9.330000000000000515e-01 4.657146528630496505e+02
9.340000000000000524e-01 4.668112565433575583e+02
9.350000000000000533e-01 4.679092185442991649e+02
9.360000000000000542e-01 4.690085388950797096e+02
9.370000000000000551e-01 4.701092176247266252e+02
9.380000000000000560e-01 4.712112547620968144e+02
9.390000000000000568e-01 4.723146503358775590e+02
9.400000000000000577e-01 4.734194043745796989e+02
9.410000000000000586e-01 4.745255169065467271e+02
9.420000000000000595e-01 4.756329879599511514e+02
9.430000000000000604e-01 4.767418175627958590e+02
9.440000000000000613e-01 4.778520057429145709e+02
9.450000000000000622e-01 4.789635525279732065e+02
9.460000000000000631e-01 4.800764579454694285e+02
9.470000000000000639e-01 4.811907220227353719e+02
9.480000000000000648e-01 4.823063447869358242e+02
9.490000000000000657e-01 4.834233262650691358e+02
9.500000000000000666e-01 4.845416664839726764e+02
9.510000000000000675e-01 4.856613654703110114e+02
9.520000000000000684e-01 4.867824232505954569e+02
9.530000000000000693e-01 4.879048398511663436e+02
9.540000000000000702e-01 4.890286152982062049e+02
9.550000000000000711e-01 4.901537496177311368e+02
9.560000000000000719e-01 4.912802428355989832e+02
9.570000000000000728e-01 4.924080949775075169e+02
9.580000000000000737e-01 4.935373060689930753e+02
9.590000000000000746e-01 4.946678761354323797e+02
9.599999999999999645e-01 4.957998052020425348e+02
9.609999999999999654e-01 4.969330932938869410e+02
9.619999999999999662e-01 4.980677404358639251e+02
9.629999999999999671e-01 4.992037466527203833e+02
9.639999999999999680e-01 5.003411119690458690e+02
9.649999999999999689e-01 5.014798364092721386e+02
9.659999999999999698e-01 5.026199199976781529e+02
9.669999999999999707e-01 5.037613627583855305e+02
9.679999999999999716e-01 5.049041647153635495e+02
9.689999999999999725e-01 5.060483258924277834e+02
9.699999999999999734e-01 5.071938463132410106e+02
9.709999999999999742e-01 5.083407260013109408e+02
9.719999999999999751e-01 5.094889649799983999e+02
9.729999999999999760e-01 5.106385632725091455e+02
9.739999999999999769e-01 5.117895209018988680e+02
9.749999999999999778e-01 5.129418378910741012e+02
9.759999999999999787e-01 5.140955142627922214e+02
9.769999999999999796e-01 5.152505500396591742e+02
9.779999999999999805e-01 5.164069452441349313e+02
9.789999999999999813e-01 5.175646998985307619e+02
9.799999999999999822e-01 5.187238140250101424e+02
9.809999999999999831e-01 5.198842876455910300e+02
9.819999999999999840e-01 5.210461207821435892e+02
9.829999999999999849e-01 5.222093134563933745e+02
9.839999999999999858e-01 5.233738656899213311e+02
9.849999999999999867e-01 5.245397775041601562e+02
9.859999999999999876e-01 5.257070489204047590e+02
9.869999999999999885e-01 5.268756799598008911e+02
9.879999999999999893e-01 5.280456706433528780e+02
9.889999999999999902e-01 5.292170209919258923e+02
9.899999999999999911e-01 5.303897310262377687e+02
9.909999999999999920e-01 5.315638007668685532e+02
9.919999999999999929e-01 5.327392302342568655e+02
9.929999999999999938e-01 5.339160194487003537e+02
9.939999999999999947e-01 5.350941684303561487e+02
9.949999999999999956e-01 5.362736771992440481e+02
9.959999999999999964e-01 5.374545457752433322e+02
9.969999999999999973e-01 5.386367741780964025e+02
9.979999999999999982e-01 5.398203624274060530e+02
9.989999999999999991e-01 5.410053105426391085e+02
1.000000000000000000e+00 5.421916185431246049e+02
