0.000000000000000000e+00 0.000000000000000000e+00
1.000000000000000021e-03 9.853925413647529608e-01
2.000000000000000042e-03 1.491785956287674297e+00
3.000000000000000062e-03 1.891810834747502224e+00
4.000000000000000083e-03 2.233458027016063330e+00
5.000000000000000104e-03 2.536425678345775481e+00
6.000000000000000125e-03 2.811199227484918683e+00
7.000000000000000146e-03 3.064180172795901047e+00
8.000000000000000167e-03 3.299629780187360417e+00
9.000000000000001055e-03 3.520560058401074333e+00
1.000000000000000021e-02 3.729196289181828217e+00
1.099999999999999936e-02 3.927239425178113752e+00
1.200000000000000025e-02 4.116025247026766642e+00
1.300000000000000114e-02 4.296626090389464636e+00
1.400000000000000029e-02 4.469918668888282376e+00
1.499999999999999944e-02 4.636630893162342559e+00
1.600000000000000033e-02 4.797375147826054231e+00
1.700000000000000122e-02 4.952672538486036835e+00
1.800000000000000211e-02 5.102970941844160890e+00
1.899999999999999953e-02 5.248658695934267371e+00
2.000000000000000042e-02 5.390075155508703197e+00
2.100000000000000130e-02 5.527518949743872589e+00
2.199999999999999872e-02 5.661254526919105245e+00
2.299999999999999961e-02 5.791517402333037801e+00
2.400000000000000050e-02 5.918518411004829893e+00
2.500000000000000139e-02 6.042447187041124046e+00
2.600000000000000228e-02 6.163475035256396062e+00
2.699999999999999969e-02 6.281757320226102337e+00
2.800000000000000058e-02 6.397435468526352587e+00
2.900000000000000147e-02 6.510638658202299922e+00
2.999999999999999889e-02 6.621485253292786588e+00
3.099999999999999978e-02 6.730084028993411849e+00
3.200000000000000067e-02 6.836535223696428076e+00
3.300000000000000155e-02 6.940931446947556260e+00
3.400000000000000244e-02 7.043358466764499504e+00
3.500000000000000333e-02 7.143895895376445537e+00
3.600000000000000422e-02 7.242617788979440085e+00
3.699999999999999817e-02 7.339593174346036086e+00
3.799999999999999906e-02 7.434886512918917667e+00
3.899999999999999994e-02 7.528558111237307671e+00
4.000000000000000083e-02 7.620664485099992724e+00
4.100000000000000172e-02 7.711258683689757198e+00
4.200000000000000261e-02 7.800390578916639228e+00
4.300000000000000350e-02 7.888107124439739160e+00
4.399999999999999745e-02 7.974452588166077938e+00
4.499999999999999833e-02 8.059468761474676057e+00
4.599999999999999922e-02 8.143195147953546709e+00
4.700000000000000011e-02 8.225669134050914266e+00
4.800000000000000100e-02 8.306926143715790190e+00
4.900000000000000189e-02 8.386999778827281204e+00
5.000000000000000278e-02 8.465921946977555734e+00
5.100000000000000366e-02 8.543722977973610355e+00
5.200000000000000455e-02 8.620431730251929991e+00
5.299999999999999850e-02 8.696075688253682046e+00
5.399999999999999939e-02 8.770681051681609830e+00
5.500000000000000028e-02 8.844272817450846702e+00
5.600000000000000117e-02 8.916874855051588611e+00
5.700000000000000205e-02 8.988509975959507514e+00
5.800000000000000294e-02 9.059199997658463843e+00
5.900000000000000383e-02 9.128965802777988969e+00
5.999999999999999778e-02 9.197827393793232886e+00
6.099999999999999867e-02 9.265803943687737743e+00
6.199999999999999956e-02 9.332913842937063720e+00
6.300000000000000044e-02 9.399174743134503629e+00
6.400000000000000133e-02 9.464603597547515790e+00
6.500000000000000222e-02 9.529216698864479085e+00
6.600000000000000311e-02 9.593029714366062777e+00
6.700000000000000400e-02 9.656057718732409256e+00
6.800000000000000488e-02 9.718315224677485986e+00
6.900000000000000577e-02 9.779816211583820973e+00
7.000000000000000666e-02 9.840574152294557564e+00
7.100000000000000755e-02 9.900602038205750688e+00
7.200000000000000844e-02 9.959912402788596353e+00
7.299999999999999545e-02 1.001851734366002589e+01
7.399999999999999634e-02 1.007642854330936544e+01
7.499999999999999722e-02 1.013365728857985637e+01
7.599999999999999811e-02 1.019021448899489357e+01
7.699999999999999900e-02 1.024611069401171193e+01
7.799999999999999989e-02 1.030135610927804279e+01
7.900000000000000078e-02 1.035596061196118001e+01
8.000000000000000167e-02 1.040993376521327285e+01
8.100000000000000255e-02 1.046328483183145153e+01
8.200000000000000344e-02 1.051602278716684680e+01
8.300000000000000433e-02 1.056815633133225418e+01
8.400000000000000522e-02 1.061969390075440955e+01
8.500000000000000611e-02 1.067064367911327061e+01
8.600000000000000699e-02 1.072101360770754752e+01
8.700000000000000788e-02 1.077081139528273113e+01
8.799999999999999489e-02 1.082004452735524680e+01
8.899999999999999578e-02 1.086872027506395000e+01
8.999999999999999667e-02 1.091684570357770667e+01
9.099999999999999756e-02 1.096442768008610535e+01
9.199999999999999845e-02 1.101147288139807046e+01
9.299999999999999933e-02 1.105798780117168789e+01
9.400000000000000022e-02 1.110397875679674939e+01
9.500000000000000111e-02 1.114945189595026775e+01
9.600000000000000200e-02 1.119441320284357566e+01
9.700000000000000289e-02 1.123886850417857275e+01
9.800000000000000377e-02 1.128282347482950598e+01
9.900000000000000466e-02 1.132628364326544279e+01
1.000000000000000056e-01 1.136925439672782723e+01
1.010000000000000064e-01 1.141174098617640098e+01
1.020000000000000073e-01 1.145374853101602852e+01
1.030000000000000082e-01 1.149528202361604023e+01
1.040000000000000091e-01 1.153634633363335382e+01
1.049999999999999961e-01 1.157694621214928077e+01
1.059999999999999970e-01 1.161708629563002937e+01
1.069999999999999979e-01 1.165677110971979147e+01
1.079999999999999988e-01 1.169600507287507263e+01
1.089999999999999997e-01 1.173479249984816875e+01
1.100000000000000006e-01 1.177313760502745055e+01
1.110000000000000014e-01 1.181104450564151520e+01
1.120000000000000023e-01 1.184851722483388770e+01
1.130000000000000032e-01 1.188555969461465089e+01
1.140000000000000041e-01 1.192217575869489110e+01
1.150000000000000050e-01 1.195836917520959020e+01
1.160000000000000059e-01 1.199414361933428808e+01
1.170000000000000068e-01 1.202950268580048920e+01
1.180000000000000077e-01 1.206444989131457568e+01
1.190000000000000085e-01 1.209898867688465884e+01
1.199999999999999956e-01 1.213312241005968772e+01
1.209999999999999964e-01 1.216685438708465128e+01
1.219999999999999973e-01 1.220018783497584458e+01
1.229999999999999982e-01 1.223312591351966461e+01
1.239999999999999991e-01 1.226567171719839422e+01
1.250000000000000000e-01 1.229782827704616466e+01
1.260000000000000009e-01 1.232959856243818564e+01
1.270000000000000018e-01 1.236098548281607101e+01
1.280000000000000027e-01 1.239199188935217499e+01
1.290000000000000036e-01 1.242262057655529794e+01
1.300000000000000044e-01 1.245287428382054884e+01
1.310000000000000053e-01 1.248275569692539122e+01
1.320000000000000062e-01 1.251226744947446790e+01
1.330000000000000071e-01 1.254141212429498786e+01
1.340000000000000080e-01 1.257019225478500424e+01
1.350000000000000089e-01 1.259861032621634536e+01
1.360000000000000098e-01 1.262666877699402157e+01
1.370000000000000107e-01 1.265436999987402089e+01
1.380000000000000115e-01 1.268171634314099450e+01
1.390000000000000124e-01 1.270871011174746990e+01
1.400000000000000133e-01 1.273535356841616029e+01
1.410000000000000142e-01 1.276164893470683026e+01
1.420000000000000151e-01 1.278759839204889559e+01
1.430000000000000160e-01 1.281320408274146416e+01
1.440000000000000169e-01 1.283846811092160323e+01
1.449999999999999900e-01 1.286339254350241035e+01
1.459999999999999909e-01 1.288797941108191658e+01
1.469999999999999918e-01 1.291223070882377577e+01
1.479999999999999927e-01 1.293614839731106336e+01
1.489999999999999936e-01 1.295973440337393434e+01
1.499999999999999944e-01 1.298299062089225231e+01
1.509999999999999953e-01 1.300591891157404234e+01
1.519999999999999962e-01 1.302852110571068067e+01
1.529999999999999971e-01 1.305079900290962058e+01
1.539999999999999980e-01 1.307275437280548225e+01
1.549999999999999989e-01 1.309438895575035389e+01
1.559999999999999998e-01 1.311570446348383179e+01
1.570000000000000007e-01 1.313670257978381350e+01
1.580000000000000016e-01 1.315738496109842792e+01
1.590000000000000024e-01 1.317775323715990687e+01
1.600000000000000033e-01 1.319780901158109820e+01
1.610000000000000042e-01 1.321755386243495245e+01
1.620000000000000051e-01 1.323698934281790152e+01
1.630000000000000060e-01 1.325611698139735850e+01
1.640000000000000069e-01 1.327493828294415223e+01
1.650000000000000078e-01 1.329345472885017010e+01
1.660000000000000087e-01 1.331166777763185216e+01
1.670000000000000095e-01 1.332957886541997894e+01
1.680000000000000104e-01 1.334718940643610274e+01
1.690000000000000113e-01 1.336450079345620523e+01
1.700000000000000122e-01 1.338151439826196132e+01
1.710000000000000131e-01 1.339823157207989901e+01
1.720000000000000140e-01 1.341465364600892585e+01
1.730000000000000149e-01 1.343078193143671051e+01
1.740000000000000158e-01 1.344661772044502612e+01
1.750000000000000167e-01 1.346216228620464861e+01
1.759999999999999898e-01 1.347741688335992194e+01
1.769999999999999907e-01 1.349238274840350371e+01
1.779999999999999916e-01 1.350706110004146687e+01
1.789999999999999925e-01 1.352145313954910399e+01
1.799999999999999933e-01 1.353556005111778759e+01
1.809999999999999942e-01 1.354938300219298952e+01
1.819999999999999951e-01 1.356292314380385022e+01
1.829999999999999960e-01 1.357618161088461051e+01
1.839999999999999969e-01 1.358915952258802129e+01
1.849999999999999978e-01 1.360185798259098178e+01
1.859999999999999987e-01 1.361427807939273649e+01
1.869999999999999996e-01 1.362642088660584427e+01
1.880000000000000004e-01 1.363828746323990160e+01
1.890000000000000013e-01 1.364987885397865774e+01
1.900000000000000022e-01 1.366119608945029995e+01
1.910000000000000031e-01 1.367224018649131168e+01
1.920000000000000040e-01 1.368301214840409230e+01
1.930000000000000049e-01 1.369351296520844130e+01
1.940000000000000058e-01 1.370374361388721240e+01
1.950000000000000067e-01 1.371370505862605427e+01
1.960000000000000075e-01 1.372339825104772970e+01
1.970000000000000084e-01 1.373282413044087846e+01
1.980000000000000093e-01 1.374198362398361795e+01
1.990000000000000102e-01 1.375087764696184678e+01
2.000000000000000111e-01 1.375950710298276292e+01
2.010000000000000120e-01 1.376787288418336885e+01
2.020000000000000129e-01 1.377597587143430147e+01
2.030000000000000138e-01 1.378381693453914636e+01
2.040000000000000147e-01 1.379139693242912657e+01
2.050000000000000155e-01 1.379871671335368788e+01
2.060000000000000164e-01 1.380577711506659000e+01
2.070000000000000173e-01 1.381257896500804350e+01
2.080000000000000182e-01 1.381912308048288196e+01
2.089999999999999913e-01 1.382541026883466273e+01
2.099999999999999922e-01 1.383144132761614031e+01
2.109999999999999931e-01 1.383721704475599878e+01
2.119999999999999940e-01 1.384273819872190003e+01
2.129999999999999949e-01 1.384800555868015692e+01
2.139999999999999958e-01 1.385301988465191769e+01
2.149999999999999967e-01 1.385778192766602501e+01
2.159999999999999976e-01 1.386229242990870958e+01
2.169999999999999984e-01 1.386655212487000810e+01
2.179999999999999993e-01 1.387056173748722898e+01
2.190000000000000002e-01 1.387432198428529517e+01
2.200000000000000011e-01 1.387783357351429103e+01
2.210000000000000020e-01 1.388109720528410662e+01
2.220000000000000029e-01 1.388411357169623273e+01
2.230000000000000038e-01 1.388688335697299081e+01
2.240000000000000047e-01 1.388940723758400253e+01
2.250000000000000056e-01 1.389168588237014745e+01
2.260000000000000064e-01 1.389371995266498772e+01
2.270000000000000073e-01 1.389551010241374129e+01
2.280000000000000082e-01 1.389705697828987141e+01
2.290000000000000091e-01 1.389836121980933115e+01
2.300000000000000100e-01 1.389942345944259117e+01
2.310000000000000109e-01 1.390024432272428712e+01
2.320000000000000118e-01 1.390082442836093790e+01
2.330000000000000127e-01 1.390116438833632273e+01
2.340000000000000135e-01 1.390126480801492548e+01
2.350000000000000144e-01 1.390112628624331137e+01
2.360000000000000153e-01 1.390074941544956033e+01
2.370000000000000162e-01 1.390013478174076766e+01
2.380000000000000171e-01 1.389928296499861560e+01
2.390000000000000180e-01 1.389819453897322177e+01
2.399999999999999911e-01 1.389687007137509411e+01
2.409999999999999920e-01 1.389531012396535203e+01
2.419999999999999929e-01 1.389351525264429910e+01
2.429999999999999938e-01 1.389148600753825136e+01
2.439999999999999947e-01 1.388922293308479894e+01
2.449999999999999956e-01 1.388672656811639072e+01
2.459999999999999964e-01 1.388399744594241270e+01
2.469999999999999973e-01 1.388103609442977771e+01
2.479999999999999982e-01 1.387784303608193426e+01
2.489999999999999991e-01 1.387441878811643292e+01
2.500000000000000000e-01 1.387076386254121729e+01
2.510000000000000009e-01 1.386687876622930560e+01
2.520000000000000018e-01 1.386276400099220041e+01
2.530000000000000027e-01 1.385842006365205492e+01
2.540000000000000036e-01 1.385384744611239682e+01
2.550000000000000044e-01 1.384904663542761227e+01
2.560000000000000053e-01 1.384401811387129655e+01
2.570000000000000062e-01 1.383876235900321916e+01
2.580000000000000071e-01 1.383327984373516628e+01
2.590000000000000080e-01 1.382757103639571028e+01
2.600000000000000089e-01 1.382163640079364342e+01
2.610000000000000098e-01 1.381547639628046298e+01
2.620000000000000107e-01 1.380909147781165558e+01
2.630000000000000115e-01 1.380248209600699383e+01
2.640000000000000124e-01 1.379564869720971032e+01
2.650000000000000133e-01 1.378859172354468754e+01
2.660000000000000142e-01 1.378131161297558194e+01
2.670000000000000151e-01 1.377380879936115221e+01
2.680000000000000160e-01 1.376608371251027307e+01
2.690000000000000169e-01 1.375813677823646231e+01
2.700000000000000178e-01 1.374996841841102935e+01
2.710000000000000187e-01 1.374157905101558441e+01
2.720000000000000195e-01 1.373296909019374823e+01
2.730000000000000204e-01 1.372413894630162190e+01
2.740000000000000213e-01 1.371508902595779134e+01
2.750000000000000222e-01 1.370581973209230142e+01
2.760000000000000231e-01 1.369633146399478818e+01
2.770000000000000240e-01 1.368662461736202118e+01
2.780000000000000249e-01 1.367669958434433042e+01
2.790000000000000258e-01 1.366655675359163880e+01
2.800000000000000266e-01 1.365619651029837911e+01
2.810000000000000275e-01 1.364561923624798467e+01
2.820000000000000284e-01 1.363482530985643848e+01
2.830000000000000293e-01 1.362381510621524328e+01
2.840000000000000302e-01 1.361258899713354253e+01
2.850000000000000311e-01 1.360114735117982221e+01
2.860000000000000320e-01 1.358949053372266391e+01
2.870000000000000329e-01 1.357761890697101137e+01
2.880000000000000338e-01 1.356553283001372989e+01
2.889999999999999791e-01 1.355323265885854767e+01
2.899999999999999800e-01 1.354071874647043927e+01
2.909999999999999809e-01 1.352799144280924537e+01
2.919999999999999818e-01 1.351505109486686962e+01
2.929999999999999827e-01 1.350189804670382898e+01
2.939999999999999836e-01 1.348853263948520009e+01
2.949999999999999845e-01 1.347495521151601849e+01
2.959999999999999853e-01 1.346116609827613075e+01
2.969999999999999862e-01 1.344716563245457763e+01
2.979999999999999871e-01 1.343295414398330934e+01
2.989999999999999880e-01 1.341853196007050286e+01
2.999999999999999889e-01 1.340389940523322565e+01
3.009999999999999898e-01 1.338905680132982212e+01
3.019999999999999907e-01 1.337400446759163231e+01
3.029999999999999916e-01 1.335874272065419177e+01
3.039999999999999925e-01 1.334327187458815445e+01
3.049999999999999933e-01 1.332759224092951911e+01
3.059999999999999942e-01 1.331170412870964270e+01
3.069999999999999951e-01 1.329560784448457866e+01
3.079999999999999960e-01 1.327930369236405284e+01
3.089999999999999969e-01 1.326279197404014809e+01
3.099999999999999978e-01 1.324607298881534234e+01
3.109999999999999987e-01 1.322914703363021971e+01
3.119999999999999996e-01 1.321201440309083353e+01
3.130000000000000004e-01 1.319467538949565011e+01
3.140000000000000013e-01 1.317713028286193122e+01
3.150000000000000022e-01 1.315937937095199572e+01
3.160000000000000031e-01 1.314142293929887728e+01
3.170000000000000040e-01 1.312326127123174047e+01
3.180000000000000049e-01 1.310489464790089187e+01
3.190000000000000058e-01 1.308632334830237909e+01
3.200000000000000067e-01 1.306754764930222734e+01
3.210000000000000075e-01 1.304856782566061213e+01
3.220000000000000084e-01 1.302938415005512240e+01
3.230000000000000093e-01 1.300999689310427954e+01
3.240000000000000102e-01 1.299040632339033152e+01
3.250000000000000111e-01 1.297061270748191220e+01
3.260000000000000120e-01 1.295061630995627411e+01
3.270000000000000129e-01 1.293041739342129404e+01
3.280000000000000138e-01 1.291001621853713743e+01
3.290000000000000147e-01 1.288941304403758181e+01
3.300000000000000155e-01 1.286860812675108434e+01
3.310000000000000164e-01 1.284760172162152969e+01
3.320000000000000173e-01 1.282639408172875051e+01
3.330000000000000182e-01 1.280498545830866419e+01
3.340000000000000191e-01 1.278337610077323205e+01
3.350000000000000200e-01 1.276156625673003475e+01
3.360000000000000209e-01 1.273955617200169854e+01
3.370000000000000218e-01 1.271734609064496624e+01
3.380000000000000226e-01 1.269493625496954792e+01
3.390000000000000235e-01 1.267232690555673713e+01
3.400000000000000244e-01 1.264951828127766476e+01
3.410000000000000253e-01 1.262651061931141783e+01
3.420000000000000262e-01 1.260330415516292391e+01
3.430000000000000271e-01 1.257989912268052279e+01
3.440000000000000280e-01 1.255629575407330378e+01
3.450000000000000289e-01 1.253249427992823684e+01
3.460000000000000298e-01 1.250849492922716166e+01
3.470000000000000306e-01 1.248429792936334337e+01
3.480000000000000315e-01 1.245990350615799258e+01
3.490000000000000324e-01 1.243531188387648712e+01
3.500000000000000333e-01 1.241052328524446580e+01
3.510000000000000342e-01 1.238553793146354565e+01
3.519999999999999796e-01 1.236035604222693962e+01
3.529999999999999805e-01 1.233497783573492512e+01
3.539999999999999813e-01 1.230940352870998566e+01
3.549999999999999822e-01 1.228363333641181754e+01
3.559999999999999831e-01 1.225766747265216594e+01
3.569999999999999840e-01 1.223150614980947637e+01
3.579999999999999849e-01 1.220514957884317653e+01
3.589999999999999858e-01 1.217859796930815008e+01
3.599999999999999867e-01 1.215185152936858515e+01
3.609999999999999876e-01 1.212491046581190801e+01
3.619999999999999885e-01 1.209777498406255347e+01
3.629999999999999893e-01 1.207044528819548646e+01
3.639999999999999902e-01 1.204292158094944654e+01
3.649999999999999911e-01 1.201520406374029193e+01
3.659999999999999920e-01 1.198729293667389584e+01
3.669999999999999929e-01 1.195918839855904992e+01
3.679999999999999938e-01 1.193089064692021140e+01
3.689999999999999947e-01 1.190239987800995181e+01
3.699999999999999956e-01 1.187371628682136304e+01
3.709999999999999964e-01 1.184484006710032133e+01
3.719999999999999973e-01 1.181577141135752385e+01
3.729999999999999982e-01 1.178651051088043999e+01
3.739999999999999991e-01 1.175705755574503542e+01
3.750000000000000000e-01 1.172741273482748170e+01
3.760000000000000009e-01 1.169757623581563877e+01
3.770000000000000018e-01 1.166754824522030276e+01
3.780000000000000027e-01 1.163732894838647525e+01
3.790000000000000036e-01 1.160691852950451874e+01
3.800000000000000044e-01 1.157631717162094986e+01
3.810000000000000053e-01 1.154552505664933193e+01
3.820000000000000062e-01 1.151454236538098996e+01
3.830000000000000071e-01 1.148336927749540592e+01
3.840000000000000080e-01 1.145200597157080580e+01
3.850000000000000089e-01 1.142045262509429193e+01
3.860000000000000098e-01 1.138870941447221696e+01
3.870000000000000107e-01 1.135677651503998220e+01
3.880000000000000115e-01 1.132465410107223391e+01
3.890000000000000124e-01 1.129234234579234908e+01
3.900000000000000133e-01 1.125984142138258193e+01
3.910000000000000142e-01 1.122715149899312337e+01
3.920000000000000151e-01 1.119427274875198464e+01
3.930000000000000160e-01 1.116120533977417040e+01
3.940000000000000169e-01 1.112794944017085186e+01
3.950000000000000178e-01 1.109450521705874593e+01
3.960000000000000187e-01 1.106087283656888332e+01
3.970000000000000195e-01 1.102705246385568927e+01
3.980000000000000204e-01 1.099304426310578719e+01
3.990000000000000213e-01 1.095884839754667439e+01
4.000000000000000222e-01 1.092446502945534803e+01
4.010000000000000231e-01 1.088989432016691694e+01
4.020000000000000240e-01 1.085513643008283680e+01
4.030000000000000249e-01 1.082019151867944373e+01
4.040000000000000258e-01 1.078505974451599769e+01
4.050000000000000266e-01 1.074974126524294604e+01
4.060000000000000275e-01 1.071423623760994559e+01
4.070000000000000284e-01 1.067854481747377804e+01
4.080000000000000293e-01 1.064266715980618017e+01
4.090000000000000302e-01 1.060660341870173795e+01
4.100000000000000311e-01 1.057035374738541122e+01
4.110000000000000320e-01 1.053391829822027859e+01
4.120000000000000329e-01 1.049729722271491283e+01
4.130000000000000338e-01 1.046049067153104772e+01
4.140000000000000346e-01 1.042349879449050576e+01
4.150000000000000355e-01 1.038632174058291469e+01
4.160000000000000364e-01 1.034895965797259976e+01
4.169999999999999818e-01 1.031141269400583127e+01
4.179999999999999827e-01 1.027368099521772393e+01
4.189999999999999836e-01 1.023576470733927835e+01
4.199999999999999845e-01 1.019766397530425905e+01
4.209999999999999853e-01 1.015937894325593049e+01
4.219999999999999862e-01 1.012090975455379294e+01
4.229999999999999871e-01 1.008225655178025448e+01
4.239999999999999880e-01 1.004341947674717517e+01
4.249999999999999889e-01 1.000439867050243947e+01
4.259999999999999898e-01 9.965194273336209108e+00
4.269999999999999907e-01 9.925806424787516846e+00
4.279999999999999916e-01 9.886235263650490879e+00
4.289999999999999925e-01 9.846480927980358899e+00
4.299999999999999933e-01 9.806543555099963783e+00
4.309999999999999942e-01 9.766423281605582929e+00
4.319999999999999951e-01 9.726120243373138408e+00
4.329999999999999960e-01 9.685634575564002091e+00
4.339999999999999969e-01 9.644966412630971320e+00
4.349999999999999978e-01 9.604115888324145089e+00
4.359999999999999987e-01 9.563083135696629711e+00
4.369999999999999996e-01 9.521868287110251572e+00
4.380000000000000004e-01 9.480471474241298324e+00
4.390000000000000013e-01 9.438892828085982956e+00
4.400000000000000022e-01 9.397132478966085500e+00
4.410000000000000031e-01 9.355190556534367374e+00
4.420000000000000040e-01 9.313067189780042554e+00
4.430000000000000049e-01 9.270762507034064015e+00
4.440000000000000058e-01 9.228276635974495434e+00
4.450000000000000067e-01 9.185609703631754996e+00
4.460000000000000075e-01 9.142761836393773933e+00
4.470000000000000084e-01 9.099733160011197697e+00
4.480000000000000093e-01 9.056523799602388181e+00
4.490000000000000102e-01 9.013133879658568048e+00
4.500000000000000111e-01 8.969563524048751901e+00
4.510000000000000120e-01 8.925812856024620601e+00
4.520000000000000129e-01 8.881881998225523489e+00
4.530000000000000138e-01 8.837771072683267448e+00
4.540000000000000147e-01 8.793480200826834903e+00
4.550000000000000155e-01 8.749009503487258144e+00
4.560000000000000164e-01 8.704359100902053115e+00
4.570000000000000173e-01 8.659529112720250055e+00
4.580000000000000182e-01 8.614519658006599911e+00
4.590000000000000191e-01 8.569330855246391820e+00
4.600000000000000200e-01 8.523962822349773205e+00
4.610000000000000209e-01 8.478415676656311462e+00
4.620000000000000218e-01 8.432689534939427745e+00
4.630000000000000226e-01 8.386784513410646014e+00
4.640000000000000235e-01 8.340700727724026819e+00
4.650000000000000244e-01 8.294438292980359506e+00
4.660000000000000253e-01 8.247997323731496522e+00
4.670000000000000262e-01 8.201377933984488777e+00
4.680000000000000271e-01 8.154580237205706794e+00
4.690000000000000280e-01 8.107604346325047118e+00
4.700000000000000289e-01 8.060450373739939778e+00
4.710000000000000298e-01 8.013118431319483648e+00
4.720000000000000306e-01 7.965608630408198110e+00
4.730000000000000315e-01 7.917921081830229468e+00
4.740000000000000324e-01 7.870055895893173670e+00
4.750000000000000333e-01 7.822013182391955866e+00
4.760000000000000342e-01 7.773793050612624711e+00
4.770000000000000351e-01 7.725395609336231928e+00
4.780000000000000360e-01 7.676820966842541338e+00
4.790000000000000369e-01 7.628069230913851584e+00
4.799999999999999822e-01 7.579140508838548840e+00
4.809999999999999831e-01 7.530034907414759004e+00
4.819999999999999840e-01 7.480752532954312528e+00
4.829999999999999849e-01 7.431293491285785535e+00
4.839999999999999858e-01 7.381657887758436232e+00
4.849999999999999867e-01 7.331845827245672353e+00
4.859999999999999876e-01 7.281857414148419139e+00
4.869999999999999885e-01 7.231692752398757307e+00
4.879999999999999893e-01 7.181351945463077868e+00
4.889999999999999902e-01 7.130835096345677471e+00
4.899999999999999911e-01 7.080142307592112161e+00
4.909999999999999920e-01 7.029273681292380616e+00
4.919999999999999929e-01 6.978229319084448434e+00
4.929999999999999938e-01 6.927009322157118731e+00
4.939999999999999947e-01 6.875613791253812224e+00
4.949999999999999956e-01 6.824042826675238871e+00
4.959999999999999964e-01 6.772296528282865324e+00
4.969999999999999973e-01 6.720374995502012894e+00
4.979999999999999982e-01 6.668278327325026567e+00
4.989999999999999991e-01 6.616006622314102970e+00
5.000000000000000000e-01 6.563559978604573075e+00
5.010000000000000009e-01 6.510938493908071223e+00
5.020000000000000018e-01 6.458142265515064651e+00
5.030000000000000027e-01 6.405171390298306733e+00
5.040000000000000036e-01 6.352025964715437567e+00
5.050000000000000044e-01 6.298706084812152994e+00
5.060000000000000053e-01 6.245211846224890451e+00
5.070000000000000062e-01 6.191543344183926934e+00
5.080000000000000071e-01 6.137700673515936955e+00
5.090000000000000080e-01 6.083683928646948402e+00
5.100000000000000089e-01 6.029493203605241547e+00
5.110000000000000098e-01 5.975128592023878582e+00
5.120000000000000107e-01 5.920590187143631056e+00
5.130000000000000115e-01 5.865878081815594669e+00
5.140000000000000124e-01 5.810992368503917760e+00
5.150000000000000133e-01 5.755933139288373468e+00
5.160000000000000142e-01 5.700700485867216116e+00
5.170000000000000151e-01 5.645294499559497581e+00
5.180000000000000160e-01 5.589715271307909461e+00
5.190000000000000169e-01 5.533962891681227347e+00
5.200000000000000178e-01 5.478037450876925618e+00
5.210000000000000187e-01 5.421939038723635917e+00
5.220000000000000195e-01 5.365667744683662477e+00
5.230000000000000204e-01 5.309223657855582701e+00
5.240000000000000213e-01 5.252606866976407218e+00
5.250000000000000222e-01 5.195817460424379419e+00
5.260000000000000231e-01 5.138855526221135506e+00
5.270000000000000240e-01 5.081721152034205602e+00
5.280000000000000249e-01 5.024414425179372756e+00
5.290000000000000258e-01 4.966935432623003521e+00
5.300000000000000266e-01 4.909284260984392745e+00
5.310000000000000275e-01 4.851460996538008885e+00
5.320000000000000284e-01 4.793465725215966700e+00
5.330000000000000293e-01 4.735298532610073607e+00
5.340000000000000302e-01 4.676959503974288168e+00
5.350000000000000311e-01 4.618448724226709601e+00
5.360000000000000320e-01 4.559766277952064684e+00
5.370000000000000329e-01 4.500912249403654641e+00
5.380000000000000338e-01 4.441886722505714147e+00
5.390000000000000346e-01 4.382689780855457684e+00
5.400000000000000355e-01 4.323321507725268020e+00
5.410000000000000364e-01 4.263781986064785201e+00
5.420000000000000373e-01 4.204071298503123444e+00
5.430000000000000382e-01 4.144189527350633284e+00
5.440000000000000391e-01 4.084136754601374264e+00
5.450000000000000400e-01 4.023913061934933921e+00
5.460000000000000409e-01 3.963518530718488364e+00
5.470000000000000417e-01 3.902953242008763368e+00
5.480000000000000426e-01 3.842217276554222849e+00
5.490000000000000435e-01 3.781310714796788375e+00
5.500000000000000444e-01 3.720233636874013428e+00
5.510000000000000453e-01 3.658986122620930814e+00
5.520000000000000462e-01 3.597568251572027975e+00
5.530000000000000471e-01 3.535980102963051763e+00
5.540000000000000480e-01 3.474221755733054806e+00
5.550000000000000488e-01 3.412293288526214496e+00
5.560000000000000497e-01 3.350194779693737246e+00
5.570000000000000506e-01 3.287926307295521156e+00
5.580000000000000515e-01 3.225487949102287644e+00
5.590000000000000524e-01 3.162879782597201483e+00
5.600000000000000533e-01 3.100101884977661371e+00
5.610000000000000542e-01 3.037154333157317865e+00
5.620000000000000551e-01 2.974037203767537108e+00
5.630000000000000560e-01 2.910750573159432975e+00
5.640000000000000568e-01 2.847294517405401848e+00
5.650000000000000577e-01 2.783669112300913184e+00
5.660000000000000586e-01 2.719874433366427979e+00
5.670000000000000595e-01 2.655910555848834065e+00
5.680000000000000604e-01 2.591777554723194044e+00
5.690000000000000613e-01 2.527475504694606911e+00
5.700000000000000622e-01 2.463004480199586510e+00
5.710000000000000631e-01 2.398364555407951570e+00
5.720000000000000639e-01 2.333555804224360486e+00
5.730000000000000648e-01 2.268578300289846084e+00
5.740000000000000657e-01 2.203432116983705669e+00
5.750000000000000666e-01 2.138117327424751579e+00
5.760000000000000675e-01 2.072634004473144387e+00
5.769999999999999574e-01 2.006982220731842403e+00
5.779999999999999583e-01 1.941162048548221719e+00
5.789999999999999591e-01 1.875173560015539920e+00
5.799999999999999600e-01 1.809016826974698233e+00
5.809999999999999609e-01 1.742691921015335765e+00
5.819999999999999618e-01 1.676198913477847441e+00
5.829999999999999627e-01 1.609537875454435607e+00
5.839999999999999636e-01 1.542708877790929023e+00
5.849999999999999645e-01 1.475711991088076047e+00
5.859999999999999654e-01 1.408547285703107832e+00
5.869999999999999662e-01 1.341214831750974668e+00
5.879999999999999671e-01 1.273714699106093917e+00
5.889999999999999680e-01 1.206046957403628994e+00
5.899999999999999689e-01 1.138211676040896236e+00
5.909999999999999698e-01 1.070208924178672305e+00
5.919999999999999707e-01 1.002038770742927909e+00
5.929999999999999716e-01 9.337012844257372990e-01
5.939999999999999725e-01 8.651965336870972578e-01
5.949999999999999734e-01 7.965245867560071247e-01
5.959999999999999742e-01 7.276855116319040917e-01
5.969999999999999751e-01 6.586793760860416569e-01
5.979999999999999760e-01 5.895062476627970227e-01
5.989999999999999769e-01 5.201661936808648079e-01
5.999999999999999778e-01 4.506592812349339283e-01
6.009999999999999787e-01 3.809855771965260374e-01
6.019999999999999796e-01 3.111451482156155635e-01
6.029999999999999805e-01 2.411380607217665784e-01
6.039999999999999813e-01 1.709643809254259850e-01
6.049999999999999822e-01 1.006241748192309160e-01
6.059999999999999831e-01 3.011750817918823486e-02
6.069999999999999840e-01 -4.055555343397543311e-02
6.079999999999999849e-01 -1.113949446737194648e-01
6.089999999999999858e-01 -1.824006004063676301e-01
6.099999999999999867e-01 -2.535724557098859577e-01
6.109999999999999876e-01 -3.249104458727174460e-01
6.119999999999999885e-01 -3.964145063926736157e-01
6.129999999999999893e-01 -4.680845729754850026e-01
6.139999999999999902e-01 -5.399205815339342962e-01
6.149999999999999911e-01 -6.119224681864068316e-01
6.159999999999999920e-01 -6.840901692560521496e-01
6.169999999999999929e-01 -7.564236212691923811e-01
6.179999999999999938e-01 -8.289227609547111797e-01
6.189999999999999947e-01 -9.015875252423626307e-01
6.199999999999999956e-01 -9.744178512621317623e-01
6.209999999999999964e-01 -1.047413676342770827e+00
6.219999999999999973e-01 -1.120574938010904020e+00
6.229999999999999982e-01 -1.193901573989791132e+00
6.239999999999999991e-01 -1.267393522198247524e+00
6.250000000000000000e-01 -1.341050720749777270e+00
6.260000000000000009e-01 -1.414873107951081010e+00
6.270000000000000018e-01 -1.488860622301302783e+00
6.280000000000000027e-01 -1.563013202491021048e+00
6.290000000000000036e-01 -1.637330787400870236e+00
6.300000000000000044e-01 -1.711813316100744942e+00
6.310000000000000053e-01 -1.786460727848734109e+00
6.320000000000000062e-01 -1.861272962090083638e+00
6.330000000000000071e-01 -1.936249958456002673e+00
6.340000000000000080e-01 -2.011391656762967273e+00
6.350000000000000089e-01 -2.086697997011384587e+00
6.360000000000000098e-01 -2.162168919384811261e+00
6.370000000000000107e-01 -2.237804364248873412e+00
6.380000000000000115e-01 -2.313604272150342922e+00
6.390000000000000124e-01 -2.389568583815943725e+00
6.400000000000000133e-01 -2.465697240151868641e+00
6.410000000000000142e-01 -2.541990182242031437e+00
6.420000000000000151e-01 -2.618447351347938934e+00
6.430000000000000160e-01 -2.695068688907241494e+00
6.440000000000000169e-01 -2.771854136532937218e+00
6.450000000000000178e-01 -2.848803636012306129e+00
6.460000000000000187e-01 -2.925917129306185416e+00
6.470000000000000195e-01 -3.003194558547917836e+00
6.480000000000000204e-01 -3.080635866042428006e+00
6.490000000000000213e-01 -3.158240994265341328e+00
6.500000000000000222e-01 -3.236009885862074498e+00
6.510000000000000231e-01 -3.313942483646840742e+00
6.520000000000000240e-01 -3.392038730602152441e+00
6.530000000000000249e-01 -3.470298569877229511e+00
6.540000000000000258e-01 -3.548721944787800453e+00
6.550000000000000266e-01 -3.627308798814880220e+00
6.560000000000000275e-01 -3.706059075603945985e+00
6.570000000000000284e-01 -3.784972718964112914e+00
6.580000000000000293e-01 -3.864049672867182039e+00
6.590000000000000302e-01 -3.943289881447043399e+00
6.600000000000000311e-01 -4.022693288998553385e+00
6.610000000000000320e-01 -4.102259839976824196e+00
6.620000000000000329e-01 -4.181989478996356979e+00
6.630000000000000338e-01 -4.261882150830274441e+00
6.640000000000000346e-01 -4.341937800409382930e+00
6.650000000000000355e-01 -4.422156372821447690e+00
6.660000000000000364e-01 -4.502537813310581782e+00
6.670000000000000373e-01 -4.583082067275853433e+00
6.680000000000000382e-01 -4.663789080271143916e+00
6.690000000000000391e-01 -4.744658798003996480e+00
6.700000000000000400e-01 -4.825691166334792115e+00
6.710000000000000409e-01 -4.906886131276223750e+00
6.720000000000000417e-01 -4.988243638992301499e+00
6.730000000000000426e-01 -5.069763635797755796e+00
6.740000000000000435e-01 -5.151446068157042646e+00
6.750000000000000444e-01 -5.233290882683689915e+00
6.760000000000000453e-01 -5.315298026139700482e+00
6.770000000000000462e-01 -5.397467445434628530e+00
6.780000000000000471e-01 -5.479799087624854792e+00
6.790000000000000480e-01 -5.562292899912733901e+00
6.800000000000000488e-01 -5.644948829646153854e+00
6.810000000000000497e-01 -5.727766824317598093e+00
6.820000000000000506e-01 -5.810746831563363912e+00
6.830000000000000515e-01 -5.893888799163079284e+00
6.840000000000000524e-01 -5.977192675038793368e+00
6.850000000000000533e-01 -6.060658407254180702e+00
6.860000000000000542e-01 -6.144285944014200140e+00
6.870000000000000551e-01 -6.228075233663986410e+00
6.880000000000000560e-01 -6.312026224688395359e+00
6.890000000000000568e-01 -6.396138865711293420e+00
6.900000000000000577e-01 -6.480413105494676529e+00
6.910000000000000586e-01 -6.564848892938329072e+00
6.920000000000000595e-01 -6.649446177078829123e+00
6.930000000000000604e-01 -6.734204907088951586e+00
6.940000000000000613e-01 -6.819125032277128184e+00
6.950000000000000622e-01 -6.904206502086765340e+00
6.960000000000000631e-01 -6.989449266095334679e+00
6.970000000000000639e-01 -7.074853274014003546e+00
6.980000000000000648e-01 -7.160418475686810780e+00
6.990000000000000657e-01 -7.246144821090240384e+00
7.000000000000000666e-01 -7.332032260332226770e+00
7.010000000000000675e-01 -7.418080743651785269e+00
7.020000000000000684e-01 -7.504290221418330020e+00
7.030000000000000693e-01 -7.590660644130906576e+00
7.039999999999999591e-01 -7.677191962417964533e+00
7.049999999999999600e-01 -7.763884127036050131e+00
7.059999999999999609e-01 -7.850737088869891522e+00
7.069999999999999618e-01 -7.937750798931233476e+00
7.079999999999999627e-01 -8.024925208358638429e+00
7.089999999999999636e-01 -8.112260268416633835e+00
7.099999999999999645e-01 -8.199755930495200573e+00
7.109999999999999654e-01 -8.287412146109176092e+00
7.119999999999999662e-01 -8.375228866897600710e+00
7.129999999999999671e-01 -8.463206044623120761e+00
7.139999999999999680e-01 -8.551343631171533843e+00
7.149999999999999689e-01 -8.639641578551220391e+00
7.159999999999999698e-01 -8.728099838892092066e+00
7.169999999999999707e-01 -8.816718364445762290e+00
7.179999999999999716e-01 -8.905497107584324112e+00
7.189999999999999725e-01 -8.994436020800264941e+00
7.199999999999999734e-01 -9.083535056705585475e+00
7.209999999999999742e-01 -9.172794168031288109e+00
7.219999999999999751e-01 -9.262213307627035874e+00
7.229999999999999760e-01 -9.351792428460157680e+00
7.239999999999999769e-01 -9.441531483615705156e+00
7.249999999999999778e-01 -9.531430426295258940e+00
7.259999999999999787e-01 -9.621489209816985522e+00
7.269999999999999796e-01 -9.711707787614500376e+00
7.279999999999999805e-01 -9.802086113236924803e+00
7.289999999999999813e-01 -9.892624140347862749e+00
7.299999999999999822e-01 -9.983321822725145012e+00
7.309999999999999831e-01 -1.007417911426031765e+01
7.319999999999999840e-01 -1.016519596895778932e+01
7.329999999999999849e-01 -1.025637234093488814e+01
7.339999999999999858e-01 -1.034770818442072482e+01
7.349999999999999867e-01 -1.043920345375593683e+01
7.359999999999999876e-01 -1.053085810339257478e+01
7.369999999999999885e-01 -1.062267208789276651e+01
7.379999999999999893e-01 -1.071464536192894457e+01
7.389999999999999902e-01 -1.080677788028296504e+01
7.399999999999999911e-01 -1.089906959784576657e+01
7.409999999999999920e-01 -1.099152046961668816e+01
7.419999999999999929e-01 -1.108413045070329872e+01
7.429999999999999938e-01 -1.117689949632051594e+01
7.439999999999999947e-01 -1.126982756179052103e+01
7.449999999999999956e-01 -1.136291460254196295e+01
7.459999999999999964e-01 -1.145616057410953204e+01
7.469999999999999973e-01 -1.154956543213364739e+01
7.479999999999999982e-01 -1.164312913235974634e+01
7.489999999999999991e-01 -1.173685163063817072e+01
7.500000000000000000e-01 -1.183073288292328584e+01
7.510000000000000009e-01 -1.192477284527313941e+01
7.520000000000000018e-01 -1.201897147384917730e+01
7.530000000000000027e-01 -1.211332872491570356e+01
7.540000000000000036e-01 -1.220784455483931197e+01
7.550000000000000044e-01 -1.230251892008843129e+01
7.560000000000000053e-01 -1.239735177723304105e+01
7.570000000000000062e-01 -1.249234308294398943e+01
7.580000000000000071e-01 -1.258749279399296483e+01
7.590000000000000080e-01 -1.268280086725155797e+01
7.600000000000000089e-01 -1.277826725969094923e+01
7.610000000000000098e-01 -1.287389192838165286e+01
7.620000000000000107e-01 -1.296967483049311909e+01
7.630000000000000115e-01 -1.306561592329296673e+01
7.640000000000000124e-01 -1.316171516414678422e+01
7.650000000000000133e-01 -1.325797251051764647e+01
7.660000000000000142e-01 -1.335438791996583063e+01
7.670000000000000151e-01 -1.345096135014821925e+01
7.680000000000000160e-01 -1.354769275881784552e+01
7.690000000000000169e-01 -1.364458210382355219e+01
7.700000000000000178e-01 -1.374162934310973583e+01
7.710000000000000187e-01 -1.383883443471572150e+01
7.720000000000000195e-01 -1.393619733677522277e+01
7.730000000000000204e-01 -1.403371800751642695e+01
7.740000000000000213e-01 -1.413139640526102880e+01
7.750000000000000222e-01 -1.422923248842425892e+01
7.760000000000000231e-01 -1.432722621551425846e+01
7.770000000000000240e-01 -1.442537754513162440e+01
7.780000000000000249e-01 -1.452368643596923903e+01
7.790000000000000258e-01 -1.462215284681172989e+01
7.800000000000000266e-01 -1.472077673653515717e+01
7.810000000000000275e-01 -1.481955806410633159e+01
7.820000000000000284e-01 -1.491849678858298489e+01
7.830000000000000293e-01 -1.501759286911286040e+01
7.840000000000000302e-01 -1.511684626493357086e+01
7.850000000000000311e-01 -1.521625693537220059e+01
7.860000000000000320e-01 -1.531582483984496434e+01
7.870000000000000329e-01 -1.541554993785663896e+01
7.880000000000000338e-01 -1.551543218900042120e+01
7.890000000000000346e-01 -1.561547155295750144e+01
7.900000000000000355e-01 -1.571566798949643839e+01
7.910000000000000364e-01 -1.581602145847344332e+01
7.920000000000000373e-01 -1.591653191983104421e+01
7.930000000000000382e-01 -1.601719933359865422e+01
7.940000000000000391e-01 -1.611802365989160535e+01
7.950000000000000400e-01 -1.621900485891097787e+01
7.960000000000000409e-01 -1.632014289094354353e+01
7.970000000000000417e-01 -1.642143771636074234e+01
7.980000000000000426e-01 -1.652288929561893838e+01
7.990000000000000435e-01 -1.662449758925896504e+01
8.000000000000000444e-01 -1.672626255790524397e+01
8.010000000000000453e-01 -1.682818416226632507e+01
8.020000000000000462e-01 -1.693026236313363597e+01
8.030000000000000471e-01 -1.703249712138205041e+01
8.040000000000000480e-01 -1.713488839796858088e+01
8.050000000000000488e-01 -1.723743615393280493e+01
8.060000000000000497e-01 -1.734014035039623991e+01
8.070000000000000506e-01 -1.744300094856191663e+01
8.080000000000000515e-01 -1.754601790971418040e+01
8.090000000000000524e-01 -1.764919119521832158e+01
8.100000000000000533e-01 -1.775252076652037658e+01
8.110000000000000542e-01 -1.785600658514644579e+01
8.120000000000000551e-01 -1.795964861270280721e+01
8.130000000000000560e-01 -1.806344681087512072e+01
8.140000000000000568e-01 -1.816740114142865536e+01
8.150000000000000577e-01 -1.827151156620749362e+01
8.160000000000000586e-01 -1.837577804713444607e+01
8.170000000000000595e-01 -1.848020054621071040e+01
8.180000000000000604e-01 -1.858477902551547345e+01
8.190000000000000613e-01 -1.868951344720562702e+01
8.200000000000000622e-01 -1.879440377351568259e+01
8.210000000000000631e-01 -1.889944996675700395e+01
8.220000000000000639e-01 -1.900465198931783561e+01
8.230000000000000648e-01 -1.911000980366301860e+01
8.240000000000000657e-01 -1.921552337233353569e+01
8.250000000000000666e-01 -1.932119265794617036e+01
8.260000000000000675e-01 -1.942701762319336467e+01
8.270000000000000684e-01 -1.953299823084279296e+01
8.280000000000000693e-01 -1.963913444373721973e+01
8.290000000000000702e-01 -1.974542622479401643e+01
8.300000000000000711e-01 -1.985187353700501944e+01
8.310000000000000719e-01 -1.995847634343598997e+01
8.320000000000000728e-01 -2.006523460722669938e+01
8.329999999999999627e-01 -2.017214829159027545e+01
8.339999999999999636e-01 -2.027921735981325924e+01
8.349999999999999645e-01 -2.038644177525500822e+01
8.359999999999999654e-01 -2.049382150134749736e+01
8.369999999999999662e-01 -2.060135650159520537e+01
8.379999999999999671e-01 -2.070904673957460318e+01
8.389999999999999680e-01 -2.081689217893395494e+01
8.399999999999999689e-01 -2.092489278339317593e+01
8.409999999999999698e-01 -2.103304851674326414e+01
8.419999999999999707e-01 -2.114135934284641394e+01
8.429999999999999716e-01 -2.124982522563519183e+01
8.439999999999999725e-01 -2.135844612911296281e+01
8.449999999999999734e-01 -2.146722201735292401e+01
8.459999999999999742e-01 -2.157615285449850262e+01
8.469999999999999751e-01 -2.168523860476230425e+01
8.479999999999999760e-01 -2.179447923242670981e+01
8.489999999999999769e-01 -2.190387470184282392e+01
8.499999999999999778e-01 -2.201342497743087279e+01
8.509999999999999787e-01 -2.212313002367937997e+01
8.519999999999999796e-01 -2.223298980514533696e+01
8.529999999999999805e-01 -2.234300428645363468e+01
8.539999999999999813e-01 -2.245317343229703511e+01
8.549999999999999822e-01 -2.256349720743580178e+01
8.559999999999999831e-01 -2.267397557669730190e+01
8.569999999999999840e-01 -2.278460850497623369e+01
8.579999999999999849e-01 -2.289539595723368848e+01
8.589999999999999858e-01 -2.300633789849734967e+01
8.599999999999999867e-01 -2.311743429386129378e+01
8.609999999999999876e-01 -2.322868510848547885e+01
8.619999999999999885e-01 -2.334009030759554548e+01
8.629999999999999893e-01 -2.345164985648276001e+01
8.639999999999999902e-01 -2.356336372050355976e+01
8.649999999999999911e-01 -2.367523186507938249e+01
8.659999999999999920e-01 -2.378725425569646745e+01
8.669999999999999929e-01 -2.389943085790557120e+01
8.679999999999999938e-01 -2.401176163732171176e+01
8.689999999999999947e-01 -2.412424655962399811e+01
8.699999999999999956e-01 -2.423688559055514702e+01
8.709999999999999964e-01 -2.434967869592173884e+01
8.719999999999999973e-01 -2.446262584159353537e+01
8.729999999999999982e-01 -2.457572699350325252e+01
8.739999999999999991e-01 -2.468898211764667394e+01
8.750000000000000000e-01 -2.480239118008225319e+01
8.760000000000000009e-01 -2.491595414693054522e+01
8.770000000000000018e-01 -2.502967098437454752e+01
8.780000000000000027e-01 -2.514354165865904633e+01
8.790000000000000036e-01 -2.525756613609073042e+01
8.800000000000000044e-01 -2.537174438303742363e+01
8.810000000000000053e-01 -2.548607636592859649e+01
8.820000000000000062e-01 -2.560056205125451356e+01
8.830000000000000071e-01 -2.571520140556634715e+01
8.840000000000000080e-01 -2.582999439547569409e+01
8.850000000000000089e-01 -2.594494098765488843e+01
8.860000000000000098e-01 -2.606004114883603506e+01
8.870000000000000107e-01 -2.617529484581140764e+01
8.880000000000000115e-01 -2.629070204543270961e+01
8.890000000000000124e-01 -2.640626271461155739e+01
8.900000000000000133e-01 -2.652197682031848558e+01
8.910000000000000142e-01 -2.663784432958340176e+01
8.920000000000000151e-01 -2.675386520949470537e+01
8.930000000000000160e-01 -2.687003942719979932e+01
8.940000000000000169e-01 -2.698636694990426577e+01
8.950000000000000178e-01 -2.710284774487209347e+01
8.960000000000000187e-01 -2.721948177942519465e+01
8.970000000000000195e-01 -2.733626902094329125e+01
8.980000000000000204e-01 -2.745320943686351711e+01
8.990000000000000213e-01 -2.757030299468092949e+01
9.000000000000000222e-01 -2.768754966194714484e+01
9.010000000000000231e-01 -2.780494940627133360e+01
9.020000000000000240e-01 -2.792250219531899802e+01
9.030000000000000249e-01 -2.804020799681237008e+01
9.040000000000000258e-01 -2.815806677853018414e+01
9.050000000000000266e-01 -2.827607850830733582e+01
9.060000000000000275e-01 -2.839424315403454102e+01
9.070000000000000284e-01 -2.851256068365836427e+01
9.080000000000000293e-01 -2.863103106518119034e+01
9.090000000000000302e-01 -2.874965426666040003e+01
9.100000000000000311e-01 -2.886843025620893854e+01
9.110000000000000320e-01 -2.898735900199457660e+01
9.120000000000000329e-01 -2.910644047223976827e+01
9.130000000000000338e-01 -2.922567463522196363e+01
9.140000000000000346e-01 -2.934506145927267085e+01
9.150000000000000355e-01 -2.946460091277788251e+01
9.160000000000000364e-01 -2.958429296417747878e+01
9.170000000000000373e-01 -2.970413758196534104e+01
9.180000000000000382e-01 -2.982413473468892562e+01
9.190000000000000391e-01 -2.994428439094932060e+01
9.200000000000000400e-01 -3.006458651940076265e+01
9.210000000000000409e-01 -3.018504108875058023e+01
9.220000000000000417e-01 -3.030564806775930720e+01
9.230000000000000426e-01 -3.042640742523991548e+01
9.240000000000000435e-01 -3.054731913005812771e+01
9.250000000000000444e-01 -3.066838315113204771e+01
9.260000000000000453e-01 -3.078959945743190474e+01
9.270000000000000462e-01 -3.091096801798019555e+01
9.280000000000000471e-01 -3.103248880185091707e+01
9.290000000000000480e-01 -3.115416177817004950e+01
9.300000000000000488e-01 -3.127598691611478898e+01
9.310000000000000497e-01 -3.139796418491408758e+01
9.320000000000000506e-01 -3.152009355384757328e+01
9.330000000000000515e-01 -3.164237499224611838e+01
9.340000000000000524e-01 -3.176480846949141323e+01
9.350000000000000533e-01 -3.188739395501562512e+01
9.360000000000000542e-01 -3.201013141830168252e+01
9.370000000000000551e-01 -3.213302082888230871e+01
9.380000000000000560e-01 -3.225606215634073237e+01
9.390000000000000568e-01 -3.237925537031009071e+01
9.400000000000000577e-01 -3.250260044047328734e+01
9.410000000000000586e-01 -3.262609733656267963e+01
9.420000000000000595e-01 -3.274974602836022086e+01
9.430000000000000604e-01 -3.287354648569720439e+01
9.440000000000000613e-01 -3.299749867845389417e+01
9.450000000000000622e-01 -3.312160257655963846e+01
9.460000000000000631e-01 -3.324585814999244349e+01
9.470000000000000639e-01 -3.337026536877905869e+01
9.480000000000000648e-01 -3.349482420299466412e+01
9.490000000000000657e-01 -3.361953462276267146e+01
9.500000000000000666e-01 -3.374439659825478088e+01
9.510000000000000675e-01 -3.386941009969058314e+01
9.520000000000000684e-01 -3.399457509733744587e+01
9.530000000000000693e-01 -3.411989156151054203e+01
9.540000000000000702e-01 -3.424535946257253727e+01
9.550000000000000711e-01 -3.437097877093316356e+01
9.560000000000000719e-01 -3.449674945704978768e+01
9.570000000000000728e-01 -3.462267149142667222e+01
9.580000000000000737e-01 -3.474874484461469137e+01
9.590000000000000746e-01 -3.487496948721187096e+01
9.599999999999999645e-01 -3.500134538986250732e+01
9.609999999999999654e-01 -3.512787252325742315e+01
9.619999999999999662e-01 -3.525455085813385381e+01
9.629999999999999671e-01 -3.538138036527487884e+01
9.639999999999999680e-01 -3.550836101550981994e+01
9.649999999999999689e-01 -3.563549277971372931e+01
9.659999999999999698e-01 -3.576277562880724759e+01
9.669999999999999707e-01 -3.589020953375680278e+01
9.679999999999999716e-01 -3.601779446557381448e+01
9.689999999999999725e-01 -3.614553039531529066e+01
9.699999999999999734e-01 -3.627341729408314563e+01
9.709999999999999742e-01 -3.640145513302422842e+01
9.719999999999999751e-01 -3.652964388333037959e+01
9.729999999999999760e-01 -3.665798351623777762e+01
9.739999999999999769e-01 -3.678647400302745041e+01
9.749999999999999778e-01 -3.691511531502459320e+01
9.759999999999999787e-01 -3.704390742359859701e+01
9.769999999999999796e-01 -3.717285030016302017e+01
9.779999999999999805e-01 -3.730194391617544625e+01
9.789999999999999813e-01 -3.743118824313708615e+01
9.799999999999999822e-01 -3.756058325259294861e+01
9.809999999999999831e-01 -3.769012891613144234e+01
9.819999999999999840e-01 -3.781982520538451809e+01
9.829999999999999849e-01 -3.794967209202732761e+01
9.839999999999999858e-01 -3.807966954777793944e+01
9.849999999999999867e-01 -3.820981754439779365e+01
9.859999999999999876e-01 -3.834011605369070708e+01
9.869999999999999885e-01 -3.847056504750352701e+01
9.879999999999999893e-01 -3.860116449772570490e+01
9.889999999999999902e-01 -3.873191437628878475e+01
9.899999999999999911e-01 -3.886281465516699996e+01
9.909999999999999920e-01 -3.899386530637644910e+01
9.919999999999999929e-01 -3.912506630197543700e+01
9.929999999999999938e-01 -3.925641761406424735e+01
9.939999999999999947e-01 -3.938791921478468794e+01
9.949999999999999956e-01 -3.951957107632040334e+01
9.959999999999999964e-01 -3.965137317089656221e+01
9.969999999999999973e-01 -3.978332547077948789e+01
9.979999999999999982e-01 -3.991542794827714147e+01
9.989999999999999991e-01 -4.004768057573838291e+01
1.000000000000000000e+00 -4.018008332555291418e+01
