0.000000000000000000e+00 0.000000000000000000e+00
1.000000000000000021e-03 1.033076700048744856e+00
2.000000000000000042e-03 1.569694885295261244e+00
3.000000000000000062e-03 1.991706543253441319e+00
4.000000000000000083e-03 2.349717365228551014e+00
5.000000000000000104e-03 2.664789062134143904e+00
6.000000000000000125e-03 2.948260643862857577e+00
7.000000000000000146e-03 3.207123484780361355e+00
8.000000000000000167e-03 3.446073056652243061e+00
9.000000000000001055e-03 3.668455388145608342e+00
1.000000000000000021e-02 3.876761232594976292e+00
1.099999999999999936e-02 4.072907911617956067e+00
1.200000000000000025e-02 4.258411122469405008e+00
1.300000000000000114e-02 4.434495269798960138e+00
1.400000000000000029e-02 4.602167356065362647e+00
1.499999999999999944e-02 4.762268208008470616e+00
1.600000000000000033e-02 4.915509036072685412e+00
1.700000000000000122e-02 5.062498178642756308e+00
1.800000000000000211e-02 5.203761087171936417e+00
1.899999999999999953e-02 5.339755540012967039e+00
2.000000000000000042e-02 5.470883414465965267e+00
2.100000000000000130e-02 5.597499928258766744e+00
2.199999999999999872e-02 5.719920988616588708e+00
2.299999999999999961e-02 5.838429104521822843e+00
2.400000000000000050e-02 5.953278193087264469e+00
2.500000000000000139e-02 6.064697524171967835e+00
2.600000000000000228e-02 6.172894985893804254e+00
2.699999999999999969e-02 6.278059809462479102e+00
2.800000000000000058e-02 6.380364859475068151e+00
2.900000000000000147e-02 6.479968571944224820e+00
2.999999999999999889e-02 6.577016604462463611e+00
3.099999999999999978e-02 6.671643249384162644e+00
3.200000000000000067e-02 6.763972650567517064e+00
3.300000000000000155e-02 6.854119856237097075e+00
3.400000000000000244e-02 6.942191734310862117e+00
3.500000000000000333e-02 7.028287771653292104e+00
3.600000000000000422e-02 7.112500774851985064e+00
3.699999999999999817e-02 7.194917487034388159e+00
3.799999999999999906e-02 7.275619132768408548e+00
3.899999999999999994e-02 7.354681901092668284e+00
4.000000000000000083e-02 7.432177375098494743e+00
4.100000000000000172e-02 7.508172915157985905e+00
4.200000000000000261e-02 7.582732001801778310e+00
4.300000000000000350e-02 7.655914543348435686e+00
4.399999999999999745e-02 7.727777152639394131e+00
4.499999999999999833e-02 7.798373396609115993e+00
4.599999999999999922e-02 7.867754021897377825e+00
4.700000000000000011e-02 7.935967159270979288e+00
4.800000000000000100e-02 8.003058509250442043e+00
4.900000000000000189e-02 8.069071511022720244e+00
5.000000000000000278e-02 8.134047496452680548e+00
5.100000000000000366e-02 8.198025830777600831e+00
5.200000000000000455e-02 8.261044041372610280e+00
5.299999999999999850e-02 8.323137935806922627e+00
5.399999999999999939e-02 8.384341710265028169e+00
5.500000000000000028e-02 8.444688049281790398e+00
5.600000000000000117e-02 8.504208217631289202e+00
5.700000000000000205e-02 8.562932145114642069e+00
5.800000000000000294e-02 8.620888504909476779e+00
5.900000000000000383e-02 8.678104786071616061e+00
5.999999999999999778e-02 8.734607360716232449e+00
6.099999999999999867e-02 8.790421546350419391e+00
6.199999999999999956e-02 8.845571663780049221e+00
6.300000000000000044e-02 8.900081090970882514e+00
6.400000000000000133e-02 8.953972313205735389e+00
6.500000000000000222e-02 9.007266969845687754e+00
6.600000000000000311e-02 9.059985897973641400e+00
6.700000000000000400e-02 9.112149173171507854e+00
6.800000000000000488e-02 9.163776147658989402e+00
6.900000000000000577e-02 9.214885486000532921e+00
7.000000000000000666e-02 9.265495198568107327e+00
7.100000000000000755e-02 9.315622672930610193e+00
7.200000000000000844e-02 9.365284703325436055e+00
7.299999999999999545e-02 9.414497518354160377e+00
7.399999999999999634e-02 9.463276807031839155e+00
7.499999999999999722e-02 9.511637743308613224e+00
7.599999999999999811e-02 9.559595009172046076e+00
7.699999999999999900e-02 9.607162816429774210e+00
7.799999999999999989e-02 9.654354927263836927e+00
7.900000000000000078e-02 9.701184673640574019e+00
8.000000000000000167e-02 9.747664975653353991e+00
8.100000000000000255e-02 9.793808358869256381e+00
8.200000000000000344e-02 9.839626970745253942e+00
8.300000000000000433e-02 9.885132596174434738e+00
8.400000000000000522e-02 9.930336672218125216e+00
8.500000000000000611e-02 9.975250302075643560e+00
8.600000000000000699e-02 1.001988426833950818e+01
8.700000000000000788e-02 1.006424904558041433e+01
8.799999999999999489e-02 1.010835481230311927e+01
8.899999999999999578e-02 1.015221146231130867e+01
8.999999999999999667e-02 1.019582861551696240e+01
9.099999999999999756e-02 1.023921562822711095e+01
9.199999999999999845e-02 1.028238160293864567e+01
9.299999999999999933e-02 1.032533539766971131e+01
9.400000000000000022e-02 1.036808563485431023e+01
9.500000000000000111e-02 1.041064070982491430e+01
9.600000000000000200e-02 1.045300879890621282e+01
9.700000000000000289e-02 1.049519786714167857e+01
9.800000000000000377e-02 1.053721567567313144e+01
9.900000000000000466e-02 1.057906978879219828e+01
1.000000000000000056e-01 1.062076758068142723e+01
1.010000000000000064e-01 1.066231624186157489e+01
1.020000000000000073e-01 1.070372278536065913e+01
1.030000000000000082e-01 1.074499405261926910e+01
1.040000000000000091e-01 1.078613671914598982e+01
1.049999999999999961e-01 1.082715729993552145e+01
1.059999999999999970e-01 1.086806215466181769e+01
1.069999999999999979e-01 1.090885749265748217e+01
1.079999999999999988e-01 1.094954937769005454e+01
1.089999999999999997e-01 1.099014373254533439e+01
1.100000000000000006e-01 1.103064634342713823e+01
1.110000000000000014e-01 1.107106286418250818e+01
1.120000000000000023e-01 1.111139882036059134e+01
1.130000000000000032e-01 1.115165961311341647e+01
1.140000000000000041e-01 1.119185052294573879e+01
1.150000000000000050e-01 1.123197671332130909e+01
1.160000000000000059e-01 1.127204323413205067e+01
1.170000000000000068e-01 1.131205502503656390e+01
1.180000000000000077e-01 1.135201691867395368e+01
1.190000000000000085e-01 1.139193364375851125e+01
1.199999999999999956e-01 1.143180982806079804e+01
1.209999999999999964e-01 1.147165000127999868e+01
1.219999999999999973e-01 1.151145859781249214e+01
1.229999999999999982e-01 1.155123995942115478e+01
1.239999999999999991e-01 1.159099833780972055e+01
1.250000000000000000e-01 1.163073789710623629e+01
1.260000000000000009e-01 1.167046271625964415e+01
1.270000000000000018e-01 1.171017679135299794e+01
1.280000000000000027e-01 1.174988403783708968e+01
1.290000000000000036e-01 1.178958829268743891e+01
1.300000000000000044e-01 1.182929331648828963e+01
1.310000000000000053e-01 1.186900279544618364e+01
1.320000000000000062e-01 1.190872034333633955e+01
1.330000000000000071e-01 1.194844950338427481e+01
1.340000000000000080e-01 1.198819375008555710e+01
1.350000000000000089e-01 1.202795649096597330e+01
1.360000000000000098e-01 1.206774106828446413e+01
1.370000000000000107e-01 1.210755076068124581e+01
1.380000000000000115e-01 1.214738878477316675e+01
1.390000000000000124e-01 1.218725829669826766e+01
1.400000000000000133e-01 1.222716239361165158e+01
1.410000000000000142e-01 1.226710411513448662e+01
1.420000000000000151e-01 1.230708644475780744e+01
1.430000000000000160e-01 1.234711231120307851e+01
1.440000000000000169e-01 1.238718458974081571e+01
1.449999999999999900e-01 1.242730610346907838e+01
1.459999999999999909e-01 1.246747962455325798e+01
1.469999999999999918e-01 1.250770787542849938e+01
1.479999999999999927e-01 1.254799352996624506e+01
1.489999999999999936e-01 1.258833921460607819e+01
1.499999999999999944e-01 1.262874750945424296e+01
1.509999999999999953e-01 1.266922094934990639e+01
1.519999999999999962e-01 1.270976202490044749e+01
1.529999999999999971e-01 1.275037318348671178e+01
1.539999999999999980e-01 1.279105683023940720e+01
1.549999999999999989e-01 1.283181532898763422e+01
1.559999999999999998e-01 1.287265100318042066e+01
1.570000000000000007e-01 1.291356613678234133e+01
1.580000000000000016e-01 1.295456297514397725e+01
1.590000000000000024e-01 1.299564372584807082e+01
1.600000000000000033e-01 1.303681055953240886e+01
1.610000000000000042e-01 1.307806561068985118e+01
1.620000000000000051e-01 1.311941097844666615e+01
1.630000000000000060e-01 1.316084872731950917e+01
1.640000000000000069e-01 1.320238088795210096e+01
1.650000000000000078e-01 1.324400945783203554e+01
1.660000000000000087e-01 1.328573640198841588e+01
1.670000000000000095e-01 1.332756365367098894e+01
1.680000000000000104e-01 1.336949311501137849e+01
1.690000000000000113e-01 1.341152665766688301e+01
1.700000000000000122e-01 1.345366612344751900e+01
1.710000000000000131e-01 1.349591332492684614e+01
1.720000000000000140e-01 1.353827004603685147e+01
1.730000000000000149e-01 1.358073804264776996e+01
1.740000000000000158e-01 1.362331904313297848e+01
1.750000000000000167e-01 1.366601474891961843e+01
1.759999999999999898e-01 1.370882683502525978e+01
1.769999999999999907e-01 1.375175695058119452e+01
1.779999999999999916e-01 1.379480671934254943e+01
1.789999999999999925e-01 1.383797774018582771e+01
1.799999999999999933e-01 1.388127158759412616e+01
1.809999999999999942e-01 1.392468981213044898e+01
1.819999999999999951e-01 1.396823394089943093e+01
1.829999999999999960e-01 1.401190547799790309e+01
1.839999999999999969e-01 1.405570590495449146e+01
1.849999999999999978e-01 1.409963668115870838e+01
1.859999999999999987e-01 1.414369924427971803e+01
1.869999999999999996e-01 1.418789501067523773e+01
1.880000000000000004e-01 1.423222537579066049e+01
1.890000000000000013e-01 1.427669171454880193e+01
1.900000000000000022e-01 1.432129538173055927e+01
1.910000000000000031e-01 1.436603771234669225e+01
1.920000000000000040e-01 1.441092002200088196e+01
1.930000000000000049e-01 1.445594360724452976e+01
1.940000000000000058e-01 1.450110974592339197e+01
1.950000000000000067e-01 1.454641969751622632e+01
1.960000000000000075e-01 1.459187470346581250e+01
1.970000000000000084e-01 1.463747598750238410e+01
1.980000000000000093e-01 1.468322475595998000e+01
1.990000000000000102e-01 1.472912219808542034e+01
2.000000000000000111e-01 1.477516948634067262e+01
2.010000000000000120e-01 1.482136777669834160e+01
2.020000000000000129e-01 1.486771820893064699e+01
2.030000000000000138e-01 1.491422190689212712e+01
2.040000000000000147e-01 1.496087997879607556e+01
2.050000000000000155e-01 1.500769351748505187e+01
2.060000000000000164e-01 1.505466360069541665e+01
2.070000000000000173e-01 1.510179129131623910e+01
2.080000000000000182e-01 1.514907763764263393e+01
2.089999999999999913e-01 1.519652367362369461e+01
2.099999999999999922e-01 1.524413041910512590e+01
2.109999999999999931e-01 1.529189888006670017e+01
2.119999999999999940e-01 1.533983004885482870e+01
2.129999999999999949e-01 1.538792490441016625e+01
2.139999999999999958e-01 1.543618441249043371e+01
2.149999999999999967e-01 1.548460952588870043e+01
2.159999999999999976e-01 1.553320118464709765e+01
2.169999999999999984e-01 1.558196031626606270e+01
2.179999999999999993e-01 1.563088783590945852e+01
2.190000000000000002e-01 1.567998464660531610e+01
2.200000000000000011e-01 1.572925163944258031e+01
2.210000000000000020e-01 1.577868969376393693e+01
2.220000000000000029e-01 1.582829967735461452e+01
2.230000000000000038e-01 1.587808244662745594e+01
2.240000000000000047e-01 1.592803884680436610e+01
2.250000000000000056e-01 1.597816971209400450e+01
2.260000000000000064e-01 1.602847586586610973e+01
2.270000000000000073e-01 1.607895812082217546e+01
2.280000000000000082e-01 1.612961727916303545e+01
2.290000000000000091e-01 1.618045413275293853e+01
2.300000000000000100e-01 1.623146946328059315e+01
2.310000000000000109e-01 1.628266404241692555e+01
2.320000000000000118e-01 1.633403863196994621e+01
2.330000000000000127e-01 1.638559398403651457e+01
2.340000000000000135e-01 1.643733084115127951e+01
2.350000000000000144e-01 1.648924993643272074e+01
2.360000000000000153e-01 1.654135199372639065e+01
2.370000000000000162e-01 1.659363772774556267e+01
2.380000000000000171e-01 1.664610784420909795e+01
2.390000000000000180e-01 1.669876303997674682e+01
2.399999999999999911e-01 1.675160400318200260e+01
2.409999999999999920e-01 1.680463141336235822e+01
2.419999999999999929e-01 1.685784594158720395e+01
2.429999999999999938e-01 1.691124825058344427e+01
2.439999999999999947e-01 1.696483899485859581e+01
2.449999999999999956e-01 1.701861882082179989e+01
2.459999999999999964e-01 1.707258836690261106e+01
2.469999999999999973e-01 1.712674826366748704e+01
2.479999999999999982e-01 1.718109913393434240e+01
2.489999999999999991e-01 1.723564159288488185e+01
2.500000000000000000e-01 1.729037624817501495e+01
2.510000000000000009e-01 1.734530370004326016e+01
2.520000000000000018e-01 1.740042454141717343e+01
2.530000000000000027e-01 1.745573935801792942e+01
2.540000000000000036e-01 1.751124872846303049e+01
2.550000000000000044e-01 1.756695322436723217e+01
2.560000000000000053e-01 1.762285341044158216e+01
2.570000000000000062e-01 1.767894984459091035e+01
2.580000000000000071e-01 1.773524307800942879e+01
2.590000000000000080e-01 1.779173365527476491e+01
2.600000000000000089e-01 1.784842211444037119e+01
2.610000000000000098e-01 1.790530898712631824e+01
2.620000000000000107e-01 1.796239479860844312e+01
2.630000000000000115e-01 1.801968006790616883e+01
2.640000000000000124e-01 1.807716530786857234e+01
2.650000000000000133e-01 1.813485102525918435e+01
2.660000000000000142e-01 1.819273772083926843e+01
2.670000000000000151e-01 1.825082588944972528e+01
2.680000000000000160e-01 1.830911602009146932e+01
2.690000000000000169e-01 1.836760859600478213e+01
2.700000000000000178e-01 1.842630409474694275e+01
2.710000000000000187e-01 1.848520298826885622e+01
2.720000000000000195e-01 1.854430574299031065e+01
2.730000000000000204e-01 1.860361281987390214e+01
2.740000000000000213e-01 1.866312467449790091e+01
2.750000000000000222e-01 1.872284175712782783e+01
2.760000000000000231e-01 1.878276451278683368e+01
2.770000000000000240e-01 1.884289338132499836e+01
2.780000000000000249e-01 1.890322879748744356e+01
2.790000000000000258e-01 1.896377119098137598e+01
2.800000000000000266e-01 1.902452098654202928e+01
2.810000000000000275e-01 1.908547860399754725e+01
2.820000000000000284e-01 1.914664445833284034e+01
2.830000000000000293e-01 1.920801895975240470e+01
2.840000000000000302e-01 1.926960251374205413e+01
2.850000000000000311e-01 1.933139552112992376e+01
2.860000000000000320e-01 1.939339837814620537e+01
2.870000000000000329e-01 1.945561147648207978e+01
2.880000000000000338e-01 1.951803520334779662e+01
2.889999999999999791e-01 1.958066994152964213e+01
2.899999999999999800e-01 1.964351606944621409e+01
2.909999999999999809e-01 1.970657396120375182e+01
2.919999999999999818e-01 1.976984398665049980e+01
2.929999999999999827e-01 1.983332651143041403e+01
2.939999999999999836e-01 1.989702189703587365e+01
2.949999999999999845e-01 1.996093050085969267e+01
2.959999999999999853e-01 2.002505267624630392e+01
2.969999999999999862e-01 2.008938877254206190e+01
2.979999999999999871e-01 2.015393913514502344e+01
2.989999999999999880e-01 2.021870410555359499e+01
2.999999999999999889e-01 2.028368402141490279e+01
3.009999999999999898e-01 2.034887921657199428e+01
3.019999999999999907e-01 2.041429002111059177e+01
3.029999999999999916e-01 2.047991676140512851e+01
3.039999999999999925e-01 2.054575976016395344e+01
3.049999999999999933e-01 2.061181933647399589e+01
3.059999999999999942e-01 2.067809580584471973e+01
3.069999999999999951e-01 2.074458948025143457e+01
3.079999999999999960e-01 2.081130066817789626e+01
3.089999999999999969e-01 2.087822967465840662e+01
3.099999999999999978e-01 2.094537680131922741e+01
3.109999999999999987e-01 2.101274234641932637e+01
3.119999999999999996e-01 2.108032660489066146e+01
3.130000000000000004e-01 2.114812986837774744e+01
3.140000000000000013e-01 2.121615242527673217e+01
3.150000000000000022e-01 2.128439456077386893e+01
3.160000000000000031e-01 2.135285655688347362e+01
3.170000000000000040e-01 2.142153869248523890e+01
3.180000000000000049e-01 2.149044124336118955e+01
3.190000000000000058e-01 2.155956448223187749e+01
3.200000000000000067e-01 2.162890867879222156e+01
3.210000000000000075e-01 2.169847409974688901e+01
3.220000000000000084e-01 2.176826100884494153e+01
3.230000000000000093e-01 2.183826966691419358e+01
3.240000000000000102e-01 2.190850033189508395e+01
3.250000000000000111e-01 2.197895325887386164e+01
3.260000000000000120e-01 2.204962870011559062e+01
3.270000000000000129e-01 2.212052690509652919e+01
3.280000000000000138e-01 2.219164812053606894e+01
3.290000000000000147e-01 2.226299259042819401e+01
3.300000000000000155e-01 2.233456055607265967e+01
3.310000000000000164e-01 2.240635225610555992e+01
3.320000000000000173e-01 2.247836792652958948e+01
3.330000000000000182e-01 2.255060780074379778e+01
3.340000000000000191e-01 2.262307210957305159e+01
3.350000000000000200e-01 2.269576108129697545e+01
3.360000000000000209e-01 2.276867494167855810e+01
3.370000000000000218e-01 2.284181391399244276e+01
3.380000000000000226e-01 2.291517821905259567e+01
3.390000000000000235e-01 2.298876807523990351e+01
3.400000000000000244e-01 2.306258369852918477e+01
3.410000000000000253e-01 2.313662530251589544e+01
3.420000000000000262e-01 2.321089309844248305e+01
3.430000000000000271e-01 2.328538729522448136e+01
3.440000000000000280e-01 2.336010809947602951e+01
3.450000000000000289e-01 2.343505571553524902e+01
3.460000000000000298e-01 2.351023034548926915e+01
3.470000000000000306e-01 2.358563218919877613e+01
3.480000000000000315e-01 2.366126144432243450e+01
3.490000000000000324e-01 2.373711830634076136e+01
3.500000000000000333e-01 2.381320296857998642e+01
3.510000000000000342e-01 2.388951562223520853e+01
3.519999999999999796e-01 2.396605645639371573e+01
3.529999999999999805e-01 2.404282565805750238e+01
3.539999999999999813e-01 2.411982341216591408e+01
3.549999999999999822e-01 2.419704990161777403e+01
3.559999999999999831e-01 2.427450530729325351e+01
3.569999999999999840e-01 2.435218980807546529e+01
3.579999999999999849e-01 2.443010358087197886e+01
3.589999999999999858e-01 2.450824680063553984e+01
3.599999999999999867e-01 2.458661964038515890e+01
3.609999999999999876e-01 2.466522227122647593e+01
3.619999999999999885e-01 2.474405486237215257e+01
3.629999999999999893e-01 2.482311758116168221e+01
3.639999999999999902e-01 2.490241059308134197e+01
3.649999999999999911e-01 2.498193406178354792e+01
3.659999999999999920e-01 2.506168814910615339e+01
3.669999999999999929e-01 2.514167301509152708e+01
3.679999999999999938e-01 2.522188881800517635e+01
3.689999999999999947e-01 2.530233571435447715e+01
3.699999999999999956e-01 2.538301385890679285e+01
3.709999999999999964e-01 2.546392340470764992e+01
3.719999999999999973e-01 2.554506450309863652e+01
3.729999999999999982e-01 2.562643730373488182e+01
3.739999999999999991e-01 2.570804195460262775e+01
3.750000000000000000e-01 2.578987860203635307e+01
3.760000000000000009e-01 2.587194739073569849e+01
3.770000000000000018e-01 2.595424846378241313e+01
3.780000000000000027e-01 2.603678196265671829e+01
3.790000000000000036e-01 2.611954802725387026e+01
3.800000000000000044e-01 2.620254679590019009e+01
3.810000000000000053e-01 2.628577840536909349e+01
3.820000000000000062e-01 2.636924299089691459e+01
3.830000000000000071e-01 2.645294068619835315e+01
3.840000000000000080e-01 2.653687162348204254e+01
3.850000000000000089e-01 2.662103593346561325e+01
3.860000000000000098e-01 2.670543374539084880e+01
3.870000000000000107e-01 2.679006518703846496e+01
3.880000000000000115e-01 2.687493038474280382e+01
3.890000000000000124e-01 2.696002946340627204e+01
3.900000000000000133e-01 2.704536254651383587e+01
3.910000000000000142e-01 2.713092975614692648e+01
3.920000000000000151e-01 2.721673121299763665e+01
3.930000000000000160e-01 2.730276703638243418e+01
3.940000000000000169e-01 2.738903734425585412e+01
3.950000000000000178e-01 2.747554225322399191e+01
3.960000000000000187e-01 2.756228187855779765e+01
3.970000000000000195e-01 2.764925633420637041e+01
3.980000000000000204e-01 2.773646573280984029e+01
3.990000000000000213e-01 2.782391018571235008e+01
4.000000000000000222e-01 2.791158980297475267e+01
4.010000000000000231e-01 2.799950469338716630e+01
4.020000000000000240e-01 2.808765496448143040e+01
4.030000000000000249e-01 2.817604072254334113e+01
4.040000000000000258e-01 2.826466207262487274e+01
4.050000000000000266e-01 2.835351911855615725e+01
4.060000000000000275e-01 2.844261196295734351e+01
4.070000000000000284e-01 2.853194070725028553e+01
4.080000000000000293e-01 2.862150545167024518e+01
4.090000000000000302e-01 2.871130629527724665e+01
4.100000000000000311e-01 2.880134333596746643e+01
4.110000000000000320e-01 2.889161667048441728e+01
4.120000000000000329e-01 2.898212639443007532e+01
4.130000000000000338e-01 2.907287260227577974e+01
4.140000000000000346e-01 2.916385538737303307e+01
4.150000000000000355e-01 2.925507484196434405e+01
4.160000000000000364e-01 2.934653105719363708e+01
4.169999999999999818e-01 2.943822412311683223e+01
4.179999999999999827e-01 2.953015412871217649e+01
4.189999999999999836e-01 2.962232116189048270e+01
4.199999999999999845e-01 2.971472530950514823e+01
4.209999999999999853e-01 2.980736665736235835e+01
4.219999999999999862e-01 2.990024529023084909e+01
4.229999999999999871e-01 2.999336129185167721e+01
4.239999999999999880e-01 3.008671474494795461e+01
4.249999999999999889e-01 3.018030573123441940e+01
4.259999999999999898e-01 3.027413433142689314e+01
4.269999999999999907e-01 3.036820062525163877e+01
4.279999999999999916e-01 3.046250469145455497e+01
4.289999999999999925e-01 3.055704660781046300e+01
4.299999999999999933e-01 3.065182645113212345e+01
4.309999999999999942e-01 3.074684429727907542e+01
4.319999999999999951e-01 3.084210022116668171e+01
4.329999999999999960e-01 3.093759429677474770e+01
4.339999999999999969e-01 3.103332659715631081e+01
4.349999999999999978e-01 3.112929719444607457e+01
4.359999999999999987e-01 3.122550615986903466e+01
4.369999999999999996e-01 3.132195356374879225e+01
4.380000000000000004e-01 3.141863947551588865e+01
4.390000000000000013e-01 3.151556396371594815e+01
4.400000000000000022e-01 3.161272709601792030e+01
4.410000000000000031e-01 3.171012893922204512e+01
4.420000000000000040e-01 3.180776955926778271e+01
4.430000000000000049e-01 3.190564902124175006e+01
4.440000000000000058e-01 3.200376738938550858e+01
4.450000000000000067e-01 3.210212472710310294e+01
4.460000000000000075e-01 3.220072109696890550e+01
4.470000000000000084e-01 3.229955656073509118e+01
4.480000000000000093e-01 3.239863117933892767e+01
4.490000000000000102e-01 3.249794501291043503e+01
4.500000000000000111e-01 3.259749812077945563e+01
4.510000000000000120e-01 3.269729056148300828e+01
4.520000000000000129e-01 3.279732239277245753e+01
4.530000000000000138e-01 3.289759367162040604e+01
4.540000000000000147e-01 3.299810445422796334e+01
4.550000000000000155e-01 3.309885479603151026e+01
4.560000000000000164e-01 3.319984475170950589e+01
4.570000000000000173e-01 3.330107437518952906e+01
4.580000000000000182e-01 3.340254371965465907e+01
4.590000000000000191e-01 3.350425283755039629e+01
4.600000000000000200e-01 3.360620178059114949e+01
4.610000000000000209e-01 3.370839059976661645e+01
4.620000000000000218e-01 3.381081934534851285e+01
4.630000000000000226e-01 3.391348806689670425e+01
4.640000000000000235e-01 3.401639681326557962e+01
4.650000000000000244e-01 3.411954563261035389e+01
4.660000000000000253e-01 3.422293457239329939e+01
4.670000000000000262e-01 3.432656367938965047e+01
4.680000000000000271e-01 3.443043299969392024e+01
4.690000000000000280e-01 3.453454257872572697e+01
4.700000000000000289e-01 3.463889246123588350e+01
4.710000000000000298e-01 3.474348269131204603e+01
4.720000000000000306e-01 3.484831331238478924e+01
4.730000000000000315e-01 3.495338436723326225e+01
4.740000000000000324e-01 3.505869589799076635e+01
4.750000000000000333e-01 3.516424794615059568e+01
4.760000000000000342e-01 3.527004055257150839e+01
4.770000000000000351e-01 3.537607375748342520e+01
4.780000000000000360e-01 3.548234760049255243e+01
4.790000000000000369e-01 3.558886212058725107e+01
4.799999999999999822e-01 3.569561735614302478e+01
4.809999999999999831e-01 3.580261334492814740e+01
4.819999999999999840e-01 3.590985012410868649e+01
4.829999999999999849e-01 3.601732773025379686e+01
4.839999999999999858e-01 3.612504619934097150e+01
4.849999999999999867e-01 3.623300556676100825e+01
4.859999999999999876e-01 3.634120586732318969e+01
4.869999999999999885e-01 3.644964713526014322e+01
4.879999999999999893e-01 3.655832940423305644e+01
4.889999999999999902e-01 3.666725270733625308e+01
4.899999999999999911e-01 3.677641707710231600e+01
4.909999999999999920e-01 3.688582254550687622e+01
4.919999999999999929e-01 3.699546914397325992e+01
4.929999999999999938e-01 3.710535690337722059e+01
4.939999999999999947e-01 3.721548585405187737e+01
4.949999999999999956e-01 3.732585602579192141e+01
4.959999999999999964e-01 3.743646744785855418e+01
4.969999999999999973e-01 3.754732014898393544e+01
4.979999999999999982e-01 3.765841415737551756e+01
4.989999999999999991e-01 3.776974950072078485e+01
5.000000000000000000e-01 3.788132620619142443e+01
5.010000000000000009e-01 3.799314430044786661e+01
5.020000000000000018e-01 3.810520380964346998e+01
5.030000000000000027e-01 3.821750475942893388e+01
5.040000000000000036e-01 3.833004717495653324e+01
5.050000000000000044e-01 3.844283108088412604e+01
5.060000000000000053e-01 3.855585650137972920e+01
5.070000000000000062e-01 3.866912346012509971e+01
5.080000000000000071e-01 3.878263198032040293e+01
5.090000000000000080e-01 3.889638208468782210e+01
5.100000000000000089e-01 3.901037379547575057e+01
5.110000000000000098e-01 3.912460713446274241e+01
5.120000000000000107e-01 3.923908212296151277e+01
5.130000000000000115e-01 3.935379878182268953e+01
5.140000000000000124e-01 3.946875713143879949e+01
5.150000000000000133e-01 3.958395719174807681e+01
5.160000000000000142e-01 3.969939898223822183e+01
5.170000000000000151e-01 3.981508252195013142e+01
5.180000000000000160e-01 3.993100782948167904e+01
5.190000000000000169e-01 4.004717492299140247e+01
5.200000000000000178e-01 4.016358382020206363e+01
5.210000000000000187e-01 4.028023453840445001e+01
5.220000000000000195e-01 4.039712709446072836e+01
5.230000000000000204e-01 4.051426150480815380e+01
5.240000000000000213e-01 4.063163778546253724e+01
5.250000000000000222e-01 4.074925595202177675e+01
5.260000000000000231e-01 4.086711601966920426e+01
5.270000000000000240e-01 4.098521800317709562e+01
5.280000000000000249e-01 4.110356191691009542e+01
5.290000000000000258e-01 4.122214777482845705e+01
5.300000000000000266e-01 4.134097559049149595e+01
5.310000000000000275e-01 4.146004537706072313e+01
5.320000000000000284e-01 4.157935714730340493e+01
5.330000000000000293e-01 4.169891091359537683e+01
5.340000000000000302e-01 4.181870668792472401e+01
5.350000000000000311e-01 4.193874448189453119e+01
5.360000000000000320e-01 4.205902430672641401e+01
5.370000000000000329e-01 4.217954617326335409e+01
5.380000000000000338e-01 4.230031009197282543e+01
5.390000000000000346e-01 4.242131607295015527e+01
5.400000000000000355e-01 4.254256412592113179e+01
5.410000000000000364e-01 4.266405426024534364e+01
5.420000000000000373e-01 4.278578648491899372e+01
5.430000000000000382e-01 4.290776080857795449e+01
5.440000000000000391e-01 4.302997723950065279e+01
5.450000000000000400e-01 4.315243578561094040e+01
5.460000000000000409e-01 4.327513645448100021e+01
5.470000000000000417e-01 4.339807925333424521e+01
5.480000000000000426e-01 4.352126418904816774e+01
5.490000000000000435e-01 4.364469126815698985e+01
5.500000000000000444e-01 4.376836049685456231e+01
5.510000000000000453e-01 4.389227188099711441e+01
5.520000000000000462e-01 4.401642542610599662e+01
5.530000000000000471e-01 4.414082113737029545e+01
5.540000000000000480e-01 4.426545901964960450e+01
5.550000000000000488e-01 4.439033907747661800e+01
5.560000000000000497e-01 4.451546131505976689e+01
5.570000000000000506e-01 4.464082573628601125e+01
5.580000000000000515e-01 4.476643234472312116e+01
5.590000000000000524e-01 4.489228114362244071e+01
5.600000000000000533e-01 4.501837213592142461e+01
5.610000000000000542e-01 4.514470532424606830e+01
5.620000000000000551e-01 4.527128071091350847e+01
5.630000000000000560e-01 4.539809829793442475e+01
5.640000000000000568e-01 4.552515808701554789e+01
5.650000000000000577e-01 4.565246007956203300e+01
5.660000000000000586e-01 4.578000427667990380e+01
5.670000000000000595e-01 4.590779067917851819e+01
5.680000000000000604e-01 4.603581928757283492e+01
5.690000000000000613e-01 4.616409010208579389e+01
5.700000000000000622e-01 4.629260312265058985e+01
5.710000000000000631e-01 4.642135834891319490e+01
5.720000000000000639e-01 4.655035578023436926e+01
5.730000000000000648e-01 4.667959541569219084e+01
5.740000000000000657e-01 4.680907725408400921e+01
5.750000000000000666e-01 4.693880129392902489e+01
5.760000000000000675e-01 4.706876753347021491e+01
5.769999999999999574e-01 4.719897597067667760e+01
5.779999999999999583e-01 4.732942660324582818e+01
5.789999999999999591e-01 4.746011942860533139e+01
5.799999999999999600e-01 4.759105444391561690e+01
5.809999999999999609e-01 4.772223164607164136e+01
5.819999999999999618e-01 4.785365103170516221e+01
5.829999999999999627e-01 4.798531259718694741e+01
5.839999999999999636e-01 4.811721633862844527e+01
5.849999999999999645e-01 4.824936225188430683e+01
5.859999999999999654e-01 4.838175033255400592e+01
5.869999999999999662e-01 4.851438057598424081e+01
5.879999999999999671e-01 4.864725297727057551e+01
5.889999999999999680e-01 4.878036753125966385e+01
5.899999999999999689e-01 4.891372423255112523e+01
5.909999999999999698e-01 4.904732307549945602e+01
5.919999999999999707e-01 4.918116405421608306e+01
5.929999999999999716e-01 4.931524716257112573e+01
5.939999999999999725e-01 4.944957239419537132e+01
5.949999999999999734e-01 4.958413974248226452e+01
5.959999999999999742e-01 4.971894920058953460e+01
5.969999999999999751e-01 4.985400076144127013e+01
5.979999999999999760e-01 4.998929441772966697e+01
5.989999999999999769e-01 5.012483016191681884e+01
5.999999999999999778e-01 5.026060798623657888e+01
6.009999999999999787e-01 5.039662788269630767e+01
6.019999999999999796e-01 5.053288984307879161e+01
6.029999999999999805e-01 5.066939385894370673e+01
6.039999999999999813e-01 5.080613992162965076e+01
6.049999999999999822e-01 5.094312802225580583e+01
6.059999999999999831e-01 5.108035815172354432e+01
6.069999999999999840e-01 5.121783030071836151e+01
6.079999999999999849e-01 5.135554445971126825e+01
6.089999999999999858e-01 5.149350061896066677e+01
6.099999999999999867e-01 5.163169876851395657e+01
6.109999999999999876e-01 5.177013889820935333e+01
6.119999999999999885e-01 5.190882099767709690e+01
6.129999999999999893e-01 5.204774505634165394e+01
6.139999999999999902e-01 5.218691106342274111e+01
6.149999999999999911e-01 5.232631900793738566e+01
6.159999999999999920e-01 5.246596887870128967e+01
6.169999999999999929e-01 5.260586066433043584e+01
6.179999999999999938e-01 5.274599435324257968e+01
6.189999999999999947e-01 5.288636993365901162e+01
6.199999999999999956e-01 5.302698739360579339e+01
6.209999999999999964e-01 5.316784672091554853e+01
6.219999999999999973e-01 5.330894790322875565e+01
6.229999999999999982e-01 5.345029092799542525e+01
6.239999999999999991e-01 5.359187578247646400e+01
6.250000000000000000e-01 5.373370245374515264e+01
6.260000000000000009e-01 5.387577092868870920e+01
6.270000000000000018e-01 5.401808119400959640e+01
6.280000000000000027e-01 5.416063323622707060e+01
6.290000000000000036e-01 5.430342704167861712e+01
6.300000000000000044e-01 5.444646259652112974e+01
6.310000000000000053e-01 5.458973988673275812e+01
6.320000000000000062e-01 5.473325889811383149e+01
6.330000000000000071e-01 5.487701961628853553e+01
6.340000000000000080e-01 5.502102202670621978e+01
6.350000000000000089e-01 5.516526611464269081e+01
6.360000000000000098e-01 5.530975186520157649e+01
6.370000000000000107e-01 5.545447926331574706e+01
6.380000000000000115e-01 5.559944829374859410e+01
6.390000000000000124e-01 5.574465894109529529e+01
6.400000000000000133e-01 5.589011118978415027e+01
6.410000000000000142e-01 5.603580502407794484e+01
6.420000000000000151e-01 5.618174042807510205e+01
6.430000000000000160e-01 5.632791738571114593e+01
6.440000000000000169e-01 5.647433588075983835e+01
6.450000000000000178e-01 5.662099589683428746e+01
6.460000000000000187e-01 5.676789741738861039e+01
6.470000000000000195e-01 5.691504042571874322e+01
6.480000000000000204e-01 5.706242490496391895e+01
6.490000000000000213e-01 5.721005083810777592e+01
6.500000000000000222e-01 5.735791820797963680e+01
6.510000000000000231e-01 5.750602699725563127e+01
6.520000000000000240e-01 5.765437718845988968e+01
6.530000000000000249e-01 5.780296876396587891e+01
6.540000000000000258e-01 5.795180170599732605e+01
6.550000000000000266e-01 5.810087599662956848e+01
6.560000000000000275e-01 5.825019161779056276e+01
6.570000000000000284e-01 5.839974855126217790e+01
6.580000000000000293e-01 5.854954677868121848e+01
6.590000000000000302e-01 5.869958628154064684e+01
6.600000000000000311e-01 5.884986704119053513e+01
6.610000000000000320e-01 5.900038903883935859e+01
6.620000000000000329e-01 5.915115225555491918e+01
6.630000000000000338e-01 5.930215667226565301e+01
6.640000000000000346e-01 5.945340226976158249e+01
6.650000000000000355e-01 5.960488902869526839e+01
6.660000000000000364e-01 5.975661692958314575e+01
6.670000000000000373e-01 5.990858595280634802e+01
6.680000000000000382e-01 6.006079607861200031e+01
6.690000000000000391e-01 6.021324728711385887e+01
6.700000000000000400e-01 6.036593955829384583e+01
6.710000000000000409e-01 6.051887287200277399e+01
6.720000000000000417e-01 6.067204720796125628e+01
6.730000000000000426e-01 6.082546254576111266e+01
6.740000000000000435e-01 6.097911886486596700e+01
6.750000000000000444e-01 6.113301614461254019e+01
6.760000000000000453e-01 6.128715436421138918e+01
6.770000000000000462e-01 6.144153350274810066e+01
6.780000000000000471e-01 6.159615353918420055e+01
6.790000000000000480e-01 6.175101445235799247e+01
6.800000000000000488e-01 6.190611622098565192e+01
6.810000000000000497e-01 6.206145882366216426e+01
6.820000000000000506e-01 6.221704223886224838e+01
6.830000000000000515e-01 6.237286644494126620e+01
6.840000000000000524e-01 6.252893142013617478e+01
6.850000000000000533e-01 6.268523714256649271e+01
6.860000000000000542e-01 6.284178359023512428e+01
6.870000000000000551e-01 6.299857074102931165e+01
6.880000000000000560e-01 6.315559857272154431e+01
6.890000000000000568e-01 6.331286706297053968e+01
6.900000000000000577e-01 6.347037618932191094e+01
6.910000000000000586e-01 6.362812592920926136e+01
6.920000000000000595e-01 6.378611625995495160e+01
6.930000000000000604e-01 6.394434715877102349e+01
6.940000000000000613e-01 6.410281860275993893e+01
6.950000000000000622e-01 6.426153056891565996e+01
6.960000000000000631e-01 6.442048303412434507e+01
6.970000000000000639e-01 6.457967597516513081e+01
6.980000000000000648e-01 6.473910936871104127e+01
6.990000000000000657e-01 6.489878319133003970e+01
7.000000000000000666e-01 6.505869741948536955e+01
7.010000000000000675e-01 6.521885202953683347e+01
7.020000000000000684e-01 6.537924699774136172e+01
7.030000000000000693e-01 6.553988230025379380e+01
7.039999999999999591e-01 6.570075791312791580e+01
7.049999999999999600e-01 6.586187381231697202e+01
7.059999999999999609e-01 6.602322997367465973e+01
7.069999999999999618e-01 6.618482637295578286e+01
7.079999999999999627e-01 6.634666298581713306e+01
7.089999999999999636e-01 6.650873978781810081e+01
7.099999999999999645e-01 6.667105675442164170e+01
7.109999999999999654e-01 6.683361386099493018e+01
7.119999999999999662e-01 6.699641108281007007e+01
7.129999999999999671e-01 6.715944839504496144e+01
7.139999999999999680e-01 6.732272577278385484e+01
7.149999999999999689e-01 6.748624319101850233e+01
7.159999999999999698e-01 6.765000062464824282e+01
7.169999999999999707e-01 6.781399804848128099e+01
7.179999999999999716e-01 6.797823543723522732e+01
7.189999999999999725e-01 6.814271276553779444e+01
7.199999999999999734e-01 6.830743000792735131e+01
7.209999999999999742e-01 6.847238713885407435e+01
7.219999999999999751e-01 6.863758413268013214e+01
7.229999999999999760e-01 6.880302096368076548e+01
7.239999999999999769e-01 6.896869760604472788e+01
7.249999999999999778e-01 6.913461403387516668e+01
7.259999999999999787e-01 6.930077022119012042e+01
7.269999999999999796e-01 6.946716614192339989e+01
7.279999999999999805e-01 6.963380176992505710e+01
7.289999999999999813e-01 6.980067707896208162e+01
7.299999999999999822e-01 6.996779204271931007e+01
7.309999999999999831e-01 7.013514663479973876e+01
7.319999999999999840e-01 7.030274082872533370e+01
7.329999999999999849e-01 7.047057459793784062e+01
7.339999999999999858e-01 7.063864791579894131e+01
7.349999999999999867e-01 7.080696075559156100e+01
7.359999999999999876e-01 7.097551309051989676e+01
7.369999999999999885e-01 7.114430489371045496e+01
7.379999999999999893e-01 7.131333613821246331e+01
7.389999999999999902e-01 7.148260679699855302e+01
7.399999999999999911e-01 7.165211684296534145e+01
7.409999999999999920e-01 7.182186624893405735e+01
7.419999999999999929e-01 7.199185498765123725e+01
7.429999999999999938e-01 7.216208303178930805e+01
7.439999999999999947e-01 7.233255035394684285e+01
7.449999999999999956e-01 7.250325692664983990e+01
7.459999999999999964e-01 7.267420272235158052e+01
7.469999999999999973e-01 7.284538771343369490e+01
7.479999999999999982e-01 7.301681187220658842e+01
7.489999999999999991e-01 7.318847517091005273e+01
7.500000000000000000e-01 7.336037758171369205e+01
7.510000000000000009e-01 7.353251907671774745e+01
7.520000000000000018e-01 7.370489962795343786e+01
7.530000000000000027e-01 7.387751920738359956e+01
7.540000000000000036e-01 7.405037778690342520e+01
7.550000000000000044e-01 7.422347533834059163e+01
7.560000000000000053e-01 7.439681183345621207e+01
7.570000000000000062e-01 7.457038724394517715e+01
7.580000000000000071e-01 7.474420154143676598e+01
7.590000000000000080e-01 7.491825469749522881e+01
7.600000000000000089e-01 7.509254668362009966e+01
7.610000000000000098e-01 7.526707747124704895e+01
7.620000000000000107e-01 7.544184703174821038e+01
7.630000000000000115e-01 7.561685533643266410e+01
7.640000000000000124e-01 7.579210235654701933e+01
7.650000000000000133e-01 7.596758806327603963e+01
7.660000000000000142e-01 7.614331242774305508e+01
7.670000000000000151e-01 7.631927542101036011e+01
7.680000000000000160e-01 7.649547701407998090e+01
7.690000000000000169e-01 7.667191717789377492e+01
7.700000000000000178e-01 7.684859588333446823e+01
7.710000000000000187e-01 7.702551310122562711e+01
7.720000000000000195e-01 7.720266880233262441e+01
7.730000000000000204e-01 7.738006295736254003e+01
7.740000000000000213e-01 7.755769553696531204e+01
7.750000000000000222e-01 7.773556651173370824e+01
7.760000000000000231e-01 7.791367585220407932e+01
7.770000000000000240e-01 7.809202352885661469e+01
7.780000000000000249e-01 7.827060951211608142e+01
7.790000000000000258e-01 7.844943377235209425e+01
7.800000000000000266e-01 7.862849627987952772e+01
7.810000000000000275e-01 7.880779700495922668e+01
7.820000000000000284e-01 7.898733591779829055e+01
7.830000000000000293e-01 7.916711298855048540e+01
7.840000000000000302e-01 7.934712818731679818e+01
7.850000000000000311e-01 7.952738148414587727e+01
7.860000000000000320e-01 7.970787284903438774e+01
7.870000000000000329e-01 7.988860225192765085e+01
7.880000000000000338e-01 8.006956966271974352e+01
7.890000000000000346e-01 8.025077505125429411e+01
7.900000000000000355e-01 8.043221838732469564e+01
7.910000000000000364e-01 8.061389964067473102e+01
7.920000000000000373e-01 8.079581878099860148e+01
7.930000000000000382e-01 8.097797577794180768e+01
7.940000000000000391e-01 8.116037060110144807e+01
7.950000000000000400e-01 8.134300322002633266e+01
7.960000000000000409e-01 8.152587360421782137e+01
7.970000000000000417e-01 8.170898172312999463e+01
7.980000000000000426e-01 8.189232754617006549e+01
7.990000000000000435e-01 8.207591104269899063e+01
8.000000000000000444e-01 8.225973218203154147e+01
8.010000000000000453e-01 8.244379093343691522e+01
8.020000000000000462e-01 8.262808726613931753e+01
8.030000000000000471e-01 8.281262114931780616e+01
8.040000000000000480e-01 8.299739255210728572e+01
8.050000000000000488e-01 8.318240144359846511e+01
8.060000000000000497e-01 8.336764779283861060e+01
8.070000000000000506e-01 8.355313156883147485e+01
8.080000000000000515e-01 8.373885274053817795e+01
8.090000000000000524e-01 8.392481127687717901e+01
8.100000000000000533e-01 8.411100714672498668e+01
8.110000000000000542e-01 8.429744031891617340e+01
8.120000000000000551e-01 8.448411076224402905e+01
8.130000000000000560e-01 8.467101844546095890e+01
8.140000000000000568e-01 8.485816333727859728e+01
8.150000000000000577e-01 8.504554540636829074e+01
8.160000000000000586e-01 8.523316462136159544e+01
8.170000000000000595e-01 8.542102095085041924e+01
8.180000000000000604e-01 8.560911436338754754e+01
8.190000000000000613e-01 8.579744482748695589e+01
8.200000000000000622e-01 8.598601231162398051e+01
8.210000000000000631e-01 8.617481678423602887e+01
8.220000000000000639e-01 8.636385821372257965e+01
8.230000000000000648e-01 8.655313656844573700e+01
8.240000000000000657e-01 8.674265181673050051e+01
8.250000000000000666e-01 8.693240392686514895e+01
8.260000000000000675e-01 8.712239286710143915e+01
8.270000000000000684e-01 8.731261860565514610e+01
8.280000000000000693e-01 8.750308111070619077e+01
8.290000000000000702e-01 8.769378035039923702e+01
8.300000000000000711e-01 8.788471629284376263e+01
8.310000000000000719e-01 8.807588890611445720e+01
8.320000000000000728e-01 8.826729815825162007e+01
8.329999999999999627e-01 8.845894401726143030e+01
8.339999999999999636e-01 8.865082645111630200e+01
8.349999999999999645e-01 8.884294542775508319e+01
8.359999999999999654e-01 8.903530091508358169e+01
8.369999999999999662e-01 8.922789288097473559e+01
8.379999999999999671e-01 8.942072129326888330e+01
8.389999999999999680e-01 8.961378611977421826e+01
8.399999999999999689e-01 8.980708732826693108e+01
8.409999999999999698e-01 9.000062488649165005e+01
8.419999999999999707e-01 9.019439876216183904e+01
8.429999999999999716e-01 9.038840892295965546e+01
8.439999999999999725e-01 9.058265533653687385e+01
8.449999999999999734e-01 9.077713797051460176e+01
8.459999999999999742e-01 9.097185679248406132e+01
8.469999999999999751e-01 9.116681177000647551e+01
8.479999999999999760e-01 9.136200287061360825e+01
8.489999999999999769e-01 9.155743006180804855e+01
8.499999999999999778e-01 9.175309331106335264e+01
8.509999999999999787e-01 9.194899258582447032e+01
8.519999999999999796e-01 9.214512785350795809e+01
8.529999999999999805e-01 9.234149908150224917e+01
8.539999999999999813e-01 9.253810623716809403e+01
8.549999999999999822e-01 9.273494928783843250e+01
8.559999999999999831e-01 9.293202820081926063e+01
8.569999999999999840e-01 9.312934294338936070e+01
8.579999999999999849e-01 9.332689348280096908e+01
8.589999999999999858e-01 9.352467978627974787e+01
8.599999999999999867e-01 9.372270182102521119e+01
8.609999999999999876e-01 9.392095955421106623e+01
8.619999999999999885e-01 9.411945295298534120e+01
8.629999999999999893e-01 9.431818198447068369e+01
8.639999999999999902e-01 9.451714661576447440e+01
8.649999999999999911e-01 9.471634681393952349e+01
8.659999999999999920e-01 9.491578254604387155e+01
8.669999999999999929e-01 9.511545377910127286e+01
8.679999999999999938e-01 9.531536048011133744e+01
8.689999999999999947e-01 9.551550261604998582e+01
8.699999999999999956e-01 9.571588015386943482e+01
8.709999999999999964e-01 9.591649306049869494e+01
8.719999999999999973e-01 9.611734130284354194e+01
8.729999999999999982e-01 9.631842484778708524e+01
8.739999999999999991e-01 9.651974366218973955e+01
8.750000000000000000e-01 9.672129771288967959e+01
8.760000000000000009e-01 9.692308696670291113e+01
8.770000000000000018e-01 9.712511139042359787e+01
8.780000000000000027e-01 9.732737095082430301e+01
8.790000000000000036e-01 9.752986561465630189e+01
8.800000000000000044e-01 9.773259534864943987e+01
8.810000000000000053e-01 9.793556011951299922e+01
8.820000000000000062e-01 9.813875989393538646e+01
8.830000000000000071e-01 9.834219463858454446e+01
8.840000000000000080e-01 9.854586432010836461e+01
8.850000000000000089e-01 9.874976890513462990e+01
8.860000000000000098e-01 9.895390836027135606e+01
8.870000000000000107e-01 9.915828265210714676e+01
8.880000000000000115e-01 9.936289174721112261e+01
8.890000000000000124e-01 9.956773561213343271e+01
8.900000000000000133e-01 9.977281421340529732e+01
8.910000000000000142e-01 9.997812751753941996e+01
8.920000000000000151e-01 1.001836754910299021e+02
8.930000000000000160e-01 1.003894581003526696e+02
8.940000000000000169e-01 1.005954753119658136e+02
8.950000000000000178e-01 1.008017270923094060e+02
8.960000000000000187e-01 1.010082134078061387e+02
8.970000000000000195e-01 1.012149342248612101e+02
8.980000000000000204e-01 1.014218895098627229e+02
8.990000000000000213e-01 1.016290792291818974e+02
9.000000000000000222e-01 1.018365033491731424e+02
9.010000000000000231e-01 1.020441618361742826e+02
9.020000000000000240e-01 1.022520546565069992e+02
9.030000000000000249e-01 1.024601817764766452e+02
9.040000000000000258e-01 1.026685431623727993e+02
9.050000000000000266e-01 1.028771387804692949e+02
9.060000000000000275e-01 1.030859685970243760e+02
9.070000000000000284e-01 1.032950325782809813e+02
9.080000000000000293e-01 1.035043306904669862e+02
9.090000000000000302e-01 1.037138628997952878e+02
9.100000000000000311e-01 1.039236291724640608e+02
9.110000000000000320e-01 1.041336294746568853e+02
9.120000000000000329e-01 1.043438637725430169e+02
9.130000000000000338e-01 1.045543320322776140e+02
9.140000000000000346e-01 1.047650342200017803e+02
9.150000000000000355e-01 1.049759703018428070e+02
9.160000000000000364e-01 1.051871402439143850e+02
9.170000000000000373e-01 1.053985440123169894e+02
9.180000000000000382e-01 1.056101815731375666e+02
9.190000000000000391e-01 1.058220528924501735e+02
9.200000000000000400e-01 1.060341579363159639e+02
9.210000000000000409e-01 1.062464966707834293e+02
9.220000000000000417e-01 1.064590690618885844e+02
9.230000000000000426e-01 1.066718750756550094e+02
9.240000000000000435e-01 1.068849146780941624e+02
9.250000000000000444e-01 1.070981878352055645e+02
9.260000000000000453e-01 1.073116945129770130e+02
9.270000000000000462e-01 1.075254346773844389e+02
9.280000000000000471e-01 1.077394082943924616e+02
9.290000000000000480e-01 1.079536153299545163e+02
9.300000000000000488e-01 1.081680557500126980e+02
9.310000000000000497e-01 1.083827295204984011e+02
9.320000000000000506e-01 1.085976366073319639e+02
9.330000000000000515e-01 1.088127769764233506e+02
9.340000000000000524e-01 1.090281505936719952e+02
9.350000000000000533e-01 1.092437574249669865e+02
9.360000000000000542e-01 1.094595974361874084e+02
9.370000000000000551e-01 1.096756705932022840e+02
9.380000000000000560e-01 1.098919768618709440e+02
9.390000000000000568e-01 1.101085162080429427e+02
9.400000000000000577e-01 1.103252885975586537e+02
9.410000000000000586e-01 1.105422939962486737e+02
9.420000000000000595e-01 1.107595323699348455e+02
9.430000000000000604e-01 1.109770036844298602e+02
9.440000000000000613e-01 1.111947079055375411e+02
9.450000000000000622e-01 1.114126449990531285e+02
9.460000000000000631e-01 1.116308149307631084e+02
9.470000000000000639e-01 1.118492176664458952e+02
9.480000000000000648e-01 1.120678531718713202e+02
9.490000000000000657e-01 1.122867214128014268e+02
9.500000000000000666e-01 1.125058223549901015e+02
9.510000000000000675e-01 1.127251559641836991e+02
9.520000000000000684e-01 1.129447222061206162e+02
9.530000000000000693e-01 1.131645210465320019e+02
9.540000000000000702e-01 1.133845524511415306e+02
9.550000000000000711e-01 1.136048163856657993e+02
9.560000000000000719e-01 1.138253128158142715e+02
9.570000000000000728e-01 1.140460417072895041e+02
9.580000000000000737e-01 1.142670030257871758e+02
9.590000000000000746e-01 1.144881967369965423e+02
9.599999999999999645e-01 1.147096228066002368e+02
9.609999999999999654e-01 1.149312812002745545e+02
9.619999999999999662e-01 1.151531718836896800e+02
9.629999999999999671e-01 1.153752948225094883e+02
9.639999999999999680e-01 1.155976499823921415e+02
9.649999999999999689e-01 1.158202373289898617e+02
9.659999999999999698e-01 1.160430568279493002e+02
9.669999999999999707e-01 1.162661084449115378e+02
9.679999999999999716e-01 1.164893921455122552e+02
9.689999999999999725e-01 1.167129078953817896e+02
9.699999999999999734e-01 1.169366556601454761e+02
9.709999999999999742e-01 1.171606354054235055e+02
9.719999999999999751e-01 1.173848470968313222e+02
9.729999999999999760e-01 1.176092906999794820e+02
9.739999999999999769e-01 1.178339661804739649e+02
9.749999999999999778e-01 1.180588735039164305e+02
9.759999999999999787e-01 1.182840126359039630e+02
9.769999999999999796e-01 1.185093835420293260e+02
9.779999999999999805e-01 1.187349861878814181e+02
9.789999999999999813e-01 1.189608205390451303e+02
9.799999999999999822e-01 1.191868865611011756e+02
9.809999999999999831e-01 1.194131842196269417e+02
9.819999999999999840e-01 1.196397134801958373e+02
9.829999999999999849e-01 1.198664743083779172e+02
9.839999999999999858e-01 1.200934666697399109e+02
9.849999999999999867e-01 1.203206905298451943e+02
9.859999999999999876e-01 1.205481458542539599e+02
9.869999999999999885e-01 1.207758326085233875e+02
9.879999999999999893e-01 1.210037507582079286e+02
9.889999999999999902e-01 1.212319002688590217e+02
9.899999999999999911e-01 1.214602811060253771e+02
9.909999999999999920e-01 1.216888932352534596e+02
9.919999999999999929e-01 1.219177366220870056e+02
9.929999999999999938e-01 1.221468112320674209e+02
9.939999999999999947e-01 1.223761170307339512e+02
9.949999999999999956e-01 1.226056539836237675e+02
9.959999999999999964e-01 1.228354220562720513e+02
9.969999999999999973e-01 1.230654212142119377e+02
9.979999999999999982e-01 1.232956514229749132e+02
9.989999999999999991e-01 1.235261126480907308e+02
1.000000000000000000e+00 1.237568048550876370e+02
