0.000000000000000000e+00 0.000000000000000000e+00
1.000000000000000021e-03 9.457108573376837857e-01
2.000000000000000042e-03 1.411053562521153104e+00
3.000000000000000062e-03 1.769909687218678140e+00
4.000000000000000083e-03 2.070617369789973239e+00
5.000000000000000104e-03 2.333046072012660233e+00
6.000000000000000125e-03 2.567782145290330664e+00
7.000000000000000146e-03 2.781292466974556454e+00
8.000000000000000167e-03 2.977883259131975713e+00
9.000000000000001055e-03 3.160598710990524030e+00
1.000000000000000021e-02 3.331687798529227251e+00
1.099999999999999936e-02 3.492869273062752633e+00
1.200000000000000025e-02 3.645492473108311593e+00
1.300000000000000114e-02 3.790640155895498964e+00
1.400000000000000029e-02 3.929197084092081571e+00
1.499999999999999944e-02 4.061897388729012626e+00
1.600000000000000033e-02 4.189358243045509411e+00
1.700000000000000122e-02 4.312104405240543059e+00
1.800000000000000211e-02 4.430586492931908538e+00
1.899999999999999953e-02 4.545194846276747747e+00
2.000000000000000042e-02 4.656270218414581663e+00
2.100000000000000130e-02 4.764112139961770964e+00
2.199999999999999872e-02 4.868985549039982708e+00
2.299999999999999961e-02 4.971126108064807703e+00
2.400000000000000050e-02 5.070744512503708279e+00
2.500000000000000139e-02 5.168030016224352430e+00
2.600000000000000228e-02 5.263153341097567051e+00
2.699999999999999969e-02 5.356269097626074505e+00
2.800000000000000058e-02 5.447517813585786683e+00
2.900000000000000147e-02 5.537027645686303678e+00
2.999999999999999889e-02 5.624915832839083585e+00
3.099999999999999978e-02 5.711289937220967339e+00
3.200000000000000067e-02 5.796248909856709375e+00
3.300000000000000155e-02 5.879884010152469642e+00
3.400000000000000244e-02 5.962279603143403328e+00
3.500000000000000333e-02 6.043513853774921785e+00
3.600000000000000422e-02 6.123659334026543277e+00
3.699999999999999817e-02 6.202783555893679690e+00
3.799999999999999906e-02 6.280949441004088918e+00
3.899999999999999994e-02 6.358215735840417437e+00
4.000000000000000083e-02 6.434637380075731272e+00
4.100000000000000172e-02 6.510265834333235802e+00
4.200000000000000261e-02 6.585149372701106785e+00
4.300000000000000350e-02 6.659333344524040577e+00
4.399999999999999745e-02 6.732860409323135897e+00
4.499999999999999833e-02 6.805770748137375925e+00
4.599999999999999922e-02 6.878102254113205305e+00
4.700000000000000011e-02 6.949890704776782613e+00
4.800000000000000100e-02 7.021169918092797779e+00
4.900000000000000189e-02 7.091971894134042387e+00
5.000000000000000278e-02 7.162326943948132296e+00
5.100000000000000366e-02 7.232263807005290701e+00
5.200000000000000455e-02 7.301809758437486586e+00
5.299999999999999850e-02 7.370990707130877340e+00
5.399999999999999939e-02 7.439831285604977751e+00
5.500000000000000028e-02 7.508354932501906553e+00
5.600000000000000117e-02 7.576583968412964332e+00
5.700000000000000205e-02 7.644539665687021923e+00
5.800000000000000294e-02 7.712242312792586318e+00
5.900000000000000383e-02 7.779711273742579536e+00
5.999999999999999778e-02 7.846965043035367238e+00
6.099999999999999867e-02 7.914021296517404380e+00
6.199999999999999956e-02 7.980896938530198881e+00
6.300000000000000044e-02 8.047608145666725221e+00
6.400000000000000133e-02 8.114170407429609710e+00
6.500000000000000222e-02 8.180598564053834565e+00
6.600000000000000311e-02 8.246906841731055593e+00
6.700000000000000400e-02 8.313108885449363328e+00
6.800000000000000488e-02 8.379217789642012804e+00
6.900000000000000577e-02 8.445246126820403987e+00
7.000000000000000666e-02 8.511205974350037451e+00
7.100000000000000755e-02 8.577108939514008767e+00
7.200000000000000844e-02 8.642966182995206026e+00
7.299999999999999545e-02 8.708788440896796601e+00
7.399999999999999634e-02 8.774586045410138979e+00
7.499999999999999722e-02 8.840368944229672010e+00
7.599999999999999811e-02 8.906146718805803886e+00
7.699999999999999900e-02 8.971928601519181257e+00
7.799999999999999989e-02 9.037723491852879931e+00
7.900000000000000078e-02 9.103539971632306660e+00
8.000000000000000167e-02 9.169386319397556662e+00
8.100000000000000255e-02 9.235270523967139766e+00
8.200000000000000344e-02 9.301200297247850912e+00
8.300000000000000433e-02 9.367183086340773457e+00
8.400000000000000522e-02 9.433226084989941640e+00
8.500000000000000611e-02 9.499336244416326736e+00
8.600000000000000699e-02 9.565520283576756100e+00
8.700000000000000788e-02 9.631784698884326090e+00
8.799999999999999489e-02 9.698135773424116479e+00
8.899999999999999578e-02 9.764579585695747355e+00
8.999999999999999667e-02 9.831122017911688715e+00
9.099999999999999756e-02 9.897768763878577403e+00
9.199999999999999845e-02 9.964525336486417473e+00
9.299999999999999933e-02 1.003139707482926646e+01
9.400000000000000022e-02 1.009838915097891032e+01
9.500000000000000111e-02 1.016550657643192146e+01
9.600000000000000200e-02 1.023275420824891313e+01
9.700000000000000289e-02 1.030013675490357272e+01
9.800000000000000377e-02 1.036765878185792999e+01
9.900000000000000466e-02 1.043532471687913876e+01
1.000000000000000056e-01 1.050313885511223333e+01
1.010000000000000064e-01 1.057110536392215039e+01
1.020000000000000073e-01 1.063922828751761784e+01
1.030000000000000082e-01 1.070751155136868249e+01
1.040000000000000091e-01 1.077595896642892015e+01
1.049999999999999961e-01 1.084457423317257607e+01
1.059999999999999970e-01 1.091336094545638957e+01
1.069999999999999979e-01 1.098232259421527601e+01
1.079999999999999988e-01 1.105146257100031093e+01
1.089999999999999997e-01 1.112078417136706854e+01
1.100000000000000006e-01 1.119029059812196003e+01
1.110000000000000014e-01 1.125998496443366292e+01
1.120000000000000023e-01 1.132987029681625124e+01
1.130000000000000032e-01 1.139994953799051736e+01
1.140000000000000041e-01 1.147022554962921959e+01
1.150000000000000050e-01 1.154070111499213525e+01
1.160000000000000059e-01 1.161137894145594274e+01
1.170000000000000068e-01 1.168226166294413559e+01
1.180000000000000077e-01 1.175335184226162255e+01
1.190000000000000085e-01 1.182465197333843676e+01
1.199999999999999956e-01 1.189616448338688315e+01
1.209999999999999964e-01 1.196789173497598213e+01
1.219999999999999973e-01 1.203983602802711239e+01
1.229999999999999982e-01 1.211199960173436097e+01
1.239999999999999991e-01 1.218438463641295222e+01
1.250000000000000000e-01 1.225699325527907391e+01
1.260000000000000009e-01 1.232982752616396915e+01
1.270000000000000018e-01 1.240288946316538343e+01
1.280000000000000027e-01 1.247618102823894048e+01
1.290000000000000036e-01 1.254970413273211349e+01
1.300000000000000044e-01 1.262346063886332814e+01
1.310000000000000053e-01 1.269745236114832565e+01
1.320000000000000062e-01 1.277168106777638101e+01
1.330000000000000071e-01 1.284614848193802317e+01
1.340000000000000080e-01 1.292085628310674750e+01
1.350000000000000089e-01 1.299580610827629457e+01
1.360000000000000098e-01 1.307099955315544726e+01
1.370000000000000107e-01 1.314643817332214049e+01
1.380000000000000115e-01 1.322212348533840398e+01
1.390000000000000124e-01 1.329805696782784707e+01
1.400000000000000133e-01 1.337424006251704967e+01
1.410000000000000142e-01 1.345067417524249187e+01
1.420000000000000151e-01 1.352736067692411837e+01
1.430000000000000160e-01 1.360430090450714857e+01
1.440000000000000169e-01 1.368149616187303508e+01
1.449999999999999900e-01 1.375894772072110328e+01
1.459999999999999909e-01 1.383665682142177111e+01
1.469999999999999918e-01 1.391462467384249457e+01
1.479999999999999927e-01 1.399285245814751377e+01
1.489999999999999936e-01 1.407134132557233741e+01
1.499999999999999944e-01 1.415009239917395334e+01
1.509999999999999953e-01 1.422910677455763384e+01
1.519999999999999962e-01 1.430838552058122914e+01
1.529999999999999971e-01 1.438792968003777517e+01
1.539999999999999980e-01 1.446774027031714738e+01
1.549999999999999989e-01 1.454781828404769684e+01
1.559999999999999998e-01 1.462816468971830375e+01
1.570000000000000007e-01 1.470878043228183962e+01
1.580000000000000016e-01 1.478966643374058343e+01
1.590000000000000024e-01 1.487082359371409979e+01
1.600000000000000033e-01 1.495225278999049401e+01
1.610000000000000042e-01 1.503395487906129979e+01
1.620000000000000051e-01 1.511593069664088240e+01
1.630000000000000060e-01 1.519818105817060605e+01
1.640000000000000069e-01 1.528070675930845290e+01
1.650000000000000078e-01 1.536350857640467105e+01
1.660000000000000087e-01 1.544658726696365925e+01
1.670000000000000095e-01 1.552994357009280613e+01
1.680000000000000104e-01 1.561357820693861065e+01
1.690000000000000113e-01 1.569749188111052973e+01
1.700000000000000122e-01 1.578168527909294738e+01
1.710000000000000131e-01 1.586615907064571473e+01
1.720000000000000140e-01 1.595091390919352214e+01
1.730000000000000149e-01 1.603595043220460781e+01
1.740000000000000158e-01 1.612126926155903561e+01
1.750000000000000167e-01 1.620687100390697211e+01
1.759999999999999898e-01 1.629275625101720237e+01
1.769999999999999907e-01 1.637892558011629518e+01
1.779999999999999916e-01 1.646537955421851507e+01
1.789999999999999925e-01 1.655211872244709781e+01
1.799999999999999933e-01 1.663914362034688565e+01
1.809999999999999942e-01 1.672645477018869187e+01
1.819999999999999951e-01 1.681405268126557928e+01
1.829999999999999960e-01 1.690193785018157868e+01
1.839999999999999969e-01 1.699011076113265872e+01
1.849999999999999978e-01 1.707857188618049094e+01
1.859999999999999987e-01 1.716732168551914128e+01
1.869999999999999996e-01 1.725636060773493341e+01
1.880000000000000004e-01 1.734568909005960791e+01
1.890000000000000013e-01 1.743530755861696946e+01
1.900000000000000022e-01 1.752521642866350149e+01
1.910000000000000031e-01 1.761541610482268538e+01
1.920000000000000040e-01 1.770590698131348972e+01
1.930000000000000049e-01 1.779668944217320359e+01
1.940000000000000058e-01 1.788776386147470632e+01
1.950000000000000067e-01 1.797913060353826609e+01
1.960000000000000075e-01 1.807079002313822258e+01
1.970000000000000084e-01 1.816274246570448270e+01
1.980000000000000093e-01 1.825498826751928760e+01
1.990000000000000102e-01 1.834752775590882834e+01
2.000000000000000111e-01 1.844036124943065147e+01
2.010000000000000120e-01 1.853348905805617974e+01
2.020000000000000129e-01 1.862691148334906899e+01
2.030000000000000138e-01 1.872062881863912054e+01
2.040000000000000147e-01 1.881464134919222886e+01
2.050000000000000155e-01 1.890894935237619734e+01
2.060000000000000164e-01 1.900355309782258217e+01
2.070000000000000173e-01 1.909845284758485207e+01
2.080000000000000182e-01 1.919364885629271811e+01
2.089999999999999913e-01 1.928914137130298201e+01
2.099999999999999922e-01 1.938493063284677120e+01
2.109999999999999931e-01 1.948101687417339889e+01
2.119999999999999940e-01 1.957740032169092359e+01
2.129999999999999949e-01 1.967408119510347220e+01
2.139999999999999958e-01 1.977105970754542597e+01
2.149999999999999967e-01 1.986833606571251565e+01
2.159999999999999976e-01 1.996591046998998920e+01
2.169999999999999984e-01 2.006378311457778452e+01
2.179999999999999993e-01 2.016195418761307678e+01
2.190000000000000002e-01 2.026042387128984501e+01
2.200000000000000011e-01 2.035919234197589489e+01
2.210000000000000020e-01 2.045825977032729526e+01
2.220000000000000029e-01 2.055762632140019974e+01
2.230000000000000038e-01 2.065729215476022773e+01
2.240000000000000047e-01 2.075725742458943301e+01
2.250000000000000056e-01 2.085752227979098450e+01
2.260000000000000064e-01 2.095808686409146304e+01
2.270000000000000073e-01 2.105895131614092719e+01
2.280000000000000082e-01 2.116011576961097163e+01
2.290000000000000091e-01 2.126158035329044793e+01
2.300000000000000100e-01 2.136334519117929887e+01
2.310000000000000109e-01 2.146541040258020416e+01
2.320000000000000118e-01 2.156777610218850327e+01
2.330000000000000127e-01 2.167044240017992607e+01
2.340000000000000135e-01 2.177340940229667865e+01
2.350000000000000144e-01 2.187667720993163911e+01
2.360000000000000153e-01 2.198024592021068457e+01
2.370000000000000162e-01 2.208411562607346568e+01
2.380000000000000171e-01 2.218828641635232302e+01
2.390000000000000180e-01 2.229275837584963682e+01
2.399999999999999911e-01 2.239753158541359923e+01
2.409999999999999920e-01 2.250260612201230259e+01
2.419999999999999929e-01 2.260798205880641731e+01
2.429999999999999938e-01 2.271365946522033141e+01
2.439999999999999947e-01 2.281963840701176238e+01
2.449999999999999956e-01 2.292591894634005811e+01
2.459999999999999964e-01 2.303250114183302344e+01
2.469999999999999973e-01 2.313938504865238954e+01
2.479999999999999982e-01 2.324657071855805768e+01
2.489999999999999991e-01 2.335405819997088983e+01
2.500000000000000000e-01 2.346184753803433409e+01
2.510000000000000009e-01 2.356993877467482790e+01
2.520000000000000018e-01 2.367833194866092938e+01
2.530000000000000027e-01 2.378702709566128703e+01
2.540000000000000036e-01 2.389602424830152216e+01
2.550000000000000044e-01 2.400532343621982179e+01
2.560000000000000053e-01 2.411492468612166817e+01
2.570000000000000062e-01 2.422482802183328587e+01
2.580000000000000071e-01 2.433503346435414016e+01
2.590000000000000080e-01 2.444554103190834837e+01
2.600000000000000089e-01 2.455635073999520301e+01
2.610000000000000098e-01 2.466746260143851543e+01
2.620000000000000107e-01 2.477887662643522404e+01
2.630000000000000115e-01 2.489059282260292605e+01
2.640000000000000124e-01 2.500261119502645357e+01
2.650000000000000133e-01 2.511493174630370362e+01
2.660000000000000142e-01 2.522755447659049111e+01
2.670000000000000151e-01 2.534047938364455277e+01
2.680000000000000160e-01 2.545370646286865224e+01
2.690000000000000169e-01 2.556723570735306339e+01
2.700000000000000178e-01 2.568106710791700209e+01
2.710000000000000187e-01 2.579520065314943977e+01
2.720000000000000195e-01 2.590963632944911765e+01
2.730000000000000204e-01 2.602437412106370829e+01
2.740000000000000213e-01 2.613941401012842292e+01
2.750000000000000222e-01 2.625475597670367023e+01
2.760000000000000231e-01 2.637039999881226038e+01
2.770000000000000240e-01 2.648634605247575990e+01
2.780000000000000249e-01 2.660259411175011834e+01
2.790000000000000258e-01 2.671914414876085786e+01
2.800000000000000266e-01 2.683599613373736403e+01
2.810000000000000275e-01 2.695315003504675389e+01
2.820000000000000284e-01 2.707060581922692322e+01
2.830000000000000293e-01 2.718836345101926355e+01
2.840000000000000302e-01 2.730642289340031326e+01
2.850000000000000311e-01 2.742478410761353302e+01
2.860000000000000320e-01 2.754344705319973841e+01
2.870000000000000329e-01 2.766241168802751105e+01
2.880000000000000338e-01 2.778167796832296688e+01
2.889999999999999791e-01 2.790124584869866098e+01
2.899999999999999800e-01 2.802111528218253511e+01
2.909999999999999809e-01 2.814128622024576742e+01
2.919999999999999818e-01 2.826175861283057600e+01
2.929999999999999827e-01 2.838253240837723368e+01
2.939999999999999836e-01 2.850360755385077027e+01
2.949999999999999845e-01 2.862498399476707078e+01
2.959999999999999853e-01 2.874666167521862548e+01
2.969999999999999862e-01 2.886864053789982876e+01
2.979999999999999871e-01 2.899092052413165277e+01
2.989999999999999880e-01 2.911350157388610072e+01
2.999999999999999889e-01 2.923638362581016281e+01
3.009999999999999898e-01 2.935956661724926064e+01
3.019999999999999907e-01 2.948305048427037178e+01
3.029999999999999916e-01 2.960683516168480267e+01
3.039999999999999925e-01 2.973092058307041796e+01
3.049999999999999933e-01 2.985530668079354299e+01
3.059999999999999942e-01 2.997999338603063180e+01
3.069999999999999951e-01 3.010498062878928138e+01
3.079999999999999960e-01 3.023026833792915014e+01
3.089999999999999969e-01 3.035585644118231841e+01
3.099999999999999978e-01 3.048174486517340398e+01
3.109999999999999987e-01 3.060793353543940398e+01
3.119999999999999996e-01 3.073442237644893282e+01
3.130000000000000004e-01 3.086121131162145304e+01
3.140000000000000013e-01 3.098830026334591992e+01
3.150000000000000022e-01 3.111568915299933735e+01
3.160000000000000031e-01 3.124337790096471679e+01
3.170000000000000040e-01 3.137136642664908592e+01
3.180000000000000049e-01 3.149965464850081531e+01
3.190000000000000058e-01 3.162824248402697691e+01
3.200000000000000067e-01 3.175712984981016263e+01
3.210000000000000075e-01 3.188631666152526023e+01
3.220000000000000084e-01 3.201580283395573190e+01
3.230000000000000093e-01 3.214558828100962984e+01
3.240000000000000102e-01 3.227567291573562613e+01
3.250000000000000111e-01 3.240605665033839955e+01
3.260000000000000120e-01 3.253673939619394417e+01
3.270000000000000129e-01 3.266772106386475372e+01
3.280000000000000138e-01 3.279900156311447290e+01
3.290000000000000147e-01 3.293058080292252043e+01
3.300000000000000155e-01 3.306245869149835670e+01
3.310000000000000164e-01 3.319463513629563778e+01
3.320000000000000173e-01 3.332711004402592891e+01
3.330000000000000182e-01 3.345988332067248905e+01
3.340000000000000191e-01 3.359295487150355086e+01
3.350000000000000200e-01 3.372632460108543739e+01
3.360000000000000209e-01 3.385999241329572840e+01
3.370000000000000218e-01 3.399395821133580853e+01
3.380000000000000226e-01 3.412822189774350079e+01
3.390000000000000235e-01 3.426278337440540867e+01
3.400000000000000244e-01 3.439764254256898823e+01
3.410000000000000253e-01 3.453279930285454213e+01
3.420000000000000262e-01 3.466825355526697194e+01
3.430000000000000271e-01 3.480400519920729607e+01
3.440000000000000280e-01 3.494005413348403977e+01
3.450000000000000289e-01 3.507640025632447589e+01
3.460000000000000298e-01 3.521304346538548202e+01
3.470000000000000306e-01 3.534998365776453255e+01
3.480000000000000315e-01 3.548722073001030708e+01
3.490000000000000324e-01 3.562475457813307855e+01
3.500000000000000333e-01 3.576258509761526483e+01
3.510000000000000342e-01 3.590071218342127679e+01
3.519999999999999796e-01 3.603913573000779280e+01
3.529999999999999805e-01 3.617785563133341498e+01
3.539999999999999813e-01 3.631687178086844625e+01
3.549999999999999822e-01 3.645618407160432639e+01
3.559999999999999831e-01 3.659579239606306089e+01
3.569999999999999840e-01 3.673569664630648646e+01
3.579999999999999849e-01 3.687589671394526647e+01
3.589999999999999858e-01 3.701639249014792910e+01
3.599999999999999867e-01 3.715718386564949327e+01
3.609999999999999876e-01 3.729827073076035759e+01
3.619999999999999885e-01 3.743965297537464210e+01
3.629999999999999893e-01 3.758133048897860107e+01
3.639999999999999902e-01 3.772330316065901457e+01
3.649999999999999911e-01 3.786557087911118202e+01
3.659999999999999920e-01 3.800813353264690164e+01
3.669999999999999929e-01 3.815099100920251374e+01
3.679999999999999938e-01 3.829414319634648223e+01
3.689999999999999947e-01 3.843758998128710402e+01
3.699999999999999956e-01 3.858133125088001947e+01
3.709999999999999964e-01 3.872536689163563750e+01
3.719999999999999973e-01 3.886969678972630504e+01
3.729999999999999982e-01 3.901432083099370374e+01
3.739999999999999991e-01 3.915923890095560012e+01
3.750000000000000000e-01 3.930445088481313576e+01
3.760000000000000009e-01 3.944995666745734297e+01
3.770000000000000018e-01 3.959575613347614365e+01
3.780000000000000027e-01 3.974184916716085780e+01
3.790000000000000036e-01 3.988823565251272640e+01
3.800000000000000044e-01 4.003491547324939148e+01
3.810000000000000053e-01 4.018188851281122709e+01
3.820000000000000062e-01 4.032915465436758495e+01
3.830000000000000071e-01 4.047671378082284832e+01
3.840000000000000080e-01 4.062456577482257813e+01
3.850000000000000089e-01 4.077271051875944607e+01
3.860000000000000098e-01 4.092114789477904679e+01
3.870000000000000107e-01 4.106987778478574569e+01
3.880000000000000115e-01 4.121890007044828508e+01
3.890000000000000124e-01 4.136821463320548986e+01
3.900000000000000133e-01 4.151782135427169607e+01
3.910000000000000142e-01 4.166772011464212255e+01
3.920000000000000151e-01 4.181791079509842746e+01
3.930000000000000160e-01 4.196839327621376725e+01
3.940000000000000169e-01 4.211916743835806898e+01
3.950000000000000178e-01 4.227023316170319589e+01
3.960000000000000187e-01 4.242159032622783599e+01
3.970000000000000195e-01 4.257323881172255398e+01
3.980000000000000204e-01 4.272517849779469401e+01
3.990000000000000213e-01 4.287740926387311191e+01
4.000000000000000222e-01 4.302993098921295001e+01
4.010000000000000231e-01 4.318274355290031252e+01
4.020000000000000240e-01 4.333584683385678460e+01
4.030000000000000249e-01 4.348924071084408638e+01
4.040000000000000258e-01 4.364292506246837178e+01
4.050000000000000266e-01 4.379689976718469069e+01
4.060000000000000275e-01 4.395116470330142988e+01
4.070000000000000284e-01 4.410571974898429914e+01
4.080000000000000293e-01 4.426056478226078639e+01
4.090000000000000302e-01 4.441569968102413668e+01
4.100000000000000311e-01 4.457112432303748051e+01
4.110000000000000320e-01 4.472683858593776307e+01
4.120000000000000329e-01 4.488284234723982280e+01
4.130000000000000338e-01 4.503913548434022118e+01
4.140000000000000346e-01 4.519571787452095180e+01
4.150000000000000355e-01 4.535258939495345487e+01
4.160000000000000364e-01 4.550974992270207053e+01
4.169999999999999818e-01 4.566719933472793969e+01
4.179999999999999827e-01 4.582493750789238618e+01
4.189999999999999836e-01 4.598296431896068270e+01
4.199999999999999845e-01 4.614127964460535480e+01
4.209999999999999853e-01 4.629988336140976912e+01
4.219999999999999862e-01 4.645877534587148006e+01
4.229999999999999871e-01 4.661795547440554088e+01
4.239999999999999880e-01 4.677742362334785042e+01
4.249999999999999889e-01 4.693717966895832205e+01
4.259999999999999898e-01 4.709722348742425169e+01
4.269999999999999907e-01 4.725755495486323809e+01
4.279999999999999916e-01 4.741817394732640878e+01
4.289999999999999925e-01 4.757908034080151083e+01
4.299999999999999933e-01 4.774027401121584546e+01
4.309999999999999942e-01 4.790175483443925231e+01
4.319999999999999951e-01 4.806352268628707947e+01
4.329999999999999960e-01 4.822557744252298306e+01
4.339999999999999969e-01 4.838791897886181204e+01
4.349999999999999978e-01 4.855054717097237926e+01
4.359999999999999987e-01 4.871346189448025399e+01
4.369999999999999996e-01 4.887666302497041926e+01
4.380000000000000004e-01 4.904015043798998619e+01
4.390000000000000013e-01 4.920392400905071639e+01
4.400000000000000022e-01 4.936798361363183574e+01
4.410000000000000031e-01 4.953232912718232939e+01
4.420000000000000040e-01 4.969696042512367029e+01
4.430000000000000049e-01 4.986187738285212134e+01
4.440000000000000058e-01 5.002707987574129334e+01
4.450000000000000067e-01 5.019256777914451106e+01
4.460000000000000075e-01 5.035834096839712970e+01
4.470000000000000084e-01 5.052439931881902169e+01
4.480000000000000093e-01 5.069074270571665153e+01
4.490000000000000102e-01 5.085737100438555558e+01
4.500000000000000111e-01 5.102428409011239552e+01
4.510000000000000120e-01 5.119148183817726050e+01
4.520000000000000129e-01 5.135896412385585563e+01
4.530000000000000138e-01 5.152673082242144176e+01
4.540000000000000147e-01 5.169478180914722998e+01
4.550000000000000155e-01 5.186311695930818644e+01
4.560000000000000164e-01 5.203173614818319948e+01
4.570000000000000173e-01 5.220063925105709046e+01
4.580000000000000182e-01 5.236982614322246121e+01
4.590000000000000191e-01 5.253929669998186824e+01
4.600000000000000200e-01 5.270905079664955650e+01
4.610000000000000209e-01 5.287908830855331388e+01
4.620000000000000218e-01 5.304940911103656731e+01
4.630000000000000226e-01 5.322001307946001702e+01
4.640000000000000235e-01 5.339090008920339159e+01
4.650000000000000244e-01 5.356207001566743742e+01
4.660000000000000253e-01 5.373352273427556725e+01
4.670000000000000262e-01 5.390525812047542331e+01
4.680000000000000271e-01 5.407727604974092372e+01
4.690000000000000280e-01 5.424957639757357697e+01
4.700000000000000289e-01 5.442215903950440747e+01
4.710000000000000298e-01 5.459502385109539091e+01
4.720000000000000306e-01 5.476817070794106712e+01
4.730000000000000315e-01 5.494159948567038043e+01
4.740000000000000324e-01 5.511531005994774546e+01
4.750000000000000333e-01 5.528930230647504374e+01
4.760000000000000342e-01 5.546357610099281032e+01
4.770000000000000351e-01 5.563813131928196754e+01
4.780000000000000360e-01 5.581296783716494048e+01
4.790000000000000369e-01 5.598808553050750447e+01
4.799999999999999822e-01 5.616348427521988640e+01
4.809999999999999831e-01 5.633916394725826393e+01
4.819999999999999840e-01 5.651512442262620795e+01
4.829999999999999849e-01 5.669136557737583360e+01
4.839999999999999858e-01 5.686788728760939193e+01
4.849999999999999867e-01 5.704468942948030730e+01
4.859999999999999876e-01 5.722177187919479024e+01
4.869999999999999885e-01 5.739913451301271152e+01
4.879999999999999893e-01 5.757677720724913684e+01
4.889999999999999902e-01 5.775469983827554188e+01
4.899999999999999911e-01 5.793290228252082130e+01
4.909999999999999920e-01 5.811138441647277375e+01
4.919999999999999929e-01 5.829014611667899715e+01
4.929999999999999938e-01 5.846918725974813213e+01
4.939999999999999947e-01 5.864850772235125476e+01
4.949999999999999956e-01 5.882810738122248750e+01
4.959999999999999964e-01 5.900798611316052700e+01
4.969999999999999973e-01 5.918814379502967427e+01
4.979999999999999982e-01 5.936858030376063056e+01
4.989999999999999991e-01 5.954929551635182605e+01
5.000000000000000000e-01 5.973028930987036489e+01
5.010000000000000009e-01 5.991156156145306255e+01
5.020000000000000018e-01 6.009311214830730563e+01
5.030000000000000027e-01 6.027494094771235922e+01
5.040000000000000036e-01 6.045704783701994955e+01
5.050000000000000044e-01 6.063943269365545774e+01
5.060000000000000053e-01 6.082209539511887186e+01
5.070000000000000062e-01 6.100503581898557570e+01
5.080000000000000071e-01 6.118825384290734348e+01
5.090000000000000080e-01 6.137174934461316411e+01
5.100000000000000089e-01 6.155552220191034962e+01
5.110000000000000098e-01 6.173957229268501834e+01
5.120000000000000107e-01 6.192389949490333123e+01
5.130000000000000115e-01 6.210850368661198928e+01
5.140000000000000124e-01 6.229338474593941299e+01
5.150000000000000133e-01 6.247854255109626820e+01
5.160000000000000142e-01 6.266397698037630448e+01
5.170000000000000151e-01 6.284968791215733575e+01
5.180000000000000160e-01 6.303567522490174468e+01
5.190000000000000169e-01 6.322193879715754150e+01
5.200000000000000178e-01 6.340847850755874759e+01
5.210000000000000187e-01 6.359529423482647559e+01
5.220000000000000195e-01 6.378238585776943381e+01
5.230000000000000204e-01 6.396975325528472922e+01
5.240000000000000213e-01 6.415739630635852109e+01
5.250000000000000222e-01 6.434531489006677418e+01
5.260000000000000231e-01 6.453350888557585563e+01
5.270000000000000240e-01 6.472197817214315307e+01
5.280000000000000249e-01 6.491072262911802682e+01
5.290000000000000258e-01 6.509974213594199455e+01
5.300000000000000266e-01 6.528903657214972611e+01
5.310000000000000275e-01 6.547860581736952668e+01
5.320000000000000284e-01 6.566844975132389095e+01
5.330000000000000293e-01 6.585856825383021373e+01
5.340000000000000302e-01 6.604896120480131572e+01
5.350000000000000311e-01 6.623962848424608296e+01
5.360000000000000320e-01 6.643056997226989324e+01
5.370000000000000329e-01 6.662178554907532657e+01
5.380000000000000338e-01 6.681327509496261996e+01
5.390000000000000346e-01 6.700503849033026427e+01
5.400000000000000355e-01 6.719707561567551579e+01
5.410000000000000364e-01 6.738938635159485102e+01
5.420000000000000373e-01 6.758197057878462033e+01
5.430000000000000382e-01 6.777482817804134640e+01
5.440000000000000391e-01 6.796795903026246322e+01
5.450000000000000400e-01 6.816136301644657181e+01
5.460000000000000409e-01 6.835504001769393767e+01
5.470000000000000417e-01 6.854898991520721552e+01
5.480000000000000426e-01 6.874321259029157716e+01
5.490000000000000435e-01 6.893770792435529415e+01
5.500000000000000444e-01 6.913247579891030625e+01
5.510000000000000453e-01 6.932751609557233508e+01
5.520000000000000462e-01 6.952282869606165150e+01
5.530000000000000471e-01 6.971841348220333145e+01
5.540000000000000480e-01 6.991427033592759699e+01
5.550000000000000488e-01 7.011039913927025680e+01
5.560000000000000497e-01 7.030679977437324624e+01
5.570000000000000506e-01 7.050347212348484049e+01
5.580000000000000515e-01 7.070041606896012354e+01
5.590000000000000524e-01 7.089763149326121550e+01
5.600000000000000533e-01 7.109511827895782687e+01
5.610000000000000542e-01 7.129287630872747172e+01
5.620000000000000551e-01 7.149090546535602186e+01
5.630000000000000560e-01 7.168920563173762162e+01
5.640000000000000568e-01 7.188777669087548361e+01
5.650000000000000577e-01 7.208661852588205932e+01
5.660000000000000586e-01 7.228573101997912431e+01
5.670000000000000595e-01 7.248511405649848882e+01
5.680000000000000604e-01 7.268476751888201193e+01
5.690000000000000613e-01 7.288469129068208474e+01
5.700000000000000622e-01 7.308488525556164461e+01
5.710000000000000631e-01 7.328534929729484304e+01
5.720000000000000639e-01 7.348608329976714515e+01
5.730000000000000648e-01 7.368708714697542916e+01
5.740000000000000657e-01 7.388836072302849800e+01
5.750000000000000666e-01 7.408990391214744875e+01
5.760000000000000675e-01 7.429171659866545951e+01
5.769999999999999574e-01 7.449379866702847153e+01
5.779999999999999583e-01 7.469615000179534547e+01
5.789999999999999591e-01 7.489877048763797518e+01
5.799999999999999600e-01 7.510166000934164288e+01
5.809999999999999609e-01 7.530481845180506184e+01
5.819999999999999618e-01 7.550824570004094483e+01
5.829999999999999627e-01 7.571194163917598985e+01
5.839999999999999636e-01 7.591590615445090862e+01
5.849999999999999645e-01 7.612013913122106601e+01
5.859999999999999654e-01 7.632464045495633798e+01
5.869999999999999662e-01 7.652941001124158049e+01
5.879999999999999671e-01 7.673444768577645902e+01
5.889999999999999680e-01 7.693975336437601698e+01
5.899999999999999689e-01 7.714532693297067567e+01
5.909999999999999698e-01 7.735116827760626279e+01
5.919999999999999707e-01 7.755727728444459501e+01
5.929999999999999716e-01 7.776365383976323642e+01
5.939999999999999725e-01 7.797029782995589642e+01
5.949999999999999734e-01 7.817720914153241552e+01
5.959999999999999742e-01 7.838438766111919165e+01
5.969999999999999751e-01 7.859183327545902387e+01
5.979999999999999760e-01 7.879954587141138234e+01
5.989999999999999769e-01 7.900752533595269256e+01
5.999999999999999778e-01 7.921577155617619326e+01
6.009999999999999787e-01 7.942428441929229166e+01
6.019999999999999796e-01 7.963306381262869138e+01
6.029999999999999805e-01 7.984210962363022190e+01
6.039999999999999813e-01 8.005142173985937859e+01
6.049999999999999822e-01 8.026100004899618057e+01
6.059999999999999831e-01 8.047084443883829863e+01
6.069999999999999840e-01 8.068095479730122577e+01
6.079999999999999849e-01 8.089133101241846191e+01
6.089999999999999858e-01 8.110197297234130076e+01
6.099999999999999867e-01 8.131288056533929876e+01
6.109999999999999876e-01 8.152405367980026085e+01
6.119999999999999885e-01 8.173549220423001316e+01
6.129999999999999893e-01 8.194719602725307084e+01
6.139999999999999902e-01 8.215916503761219758e+01
6.149999999999999911e-01 8.237139912416881771e+01
6.159999999999999920e-01 8.258389817590283144e+01
6.169999999999999929e-01 8.279666208191288490e+01
6.179999999999999938e-01 8.300969073141646959e+01
6.189999999999999947e-01 8.322298401374968080e+01
6.199999999999999956e-01 8.343654181836764394e+01
6.209999999999999964e-01 8.365036403484445771e+01
6.219999999999999973e-01 8.386445055287303774e+01
6.229999999999999982e-01 8.407880126226550033e+01
6.239999999999999991e-01 8.429341605295299189e+01
6.250000000000000000e-01 8.450829481498581686e+01
6.260000000000000009e-01 8.472343743853339504e+01
6.270000000000000018e-01 8.493884381388448901e+01
6.280000000000000027e-01 8.515451383144701936e+01
6.290000000000000036e-01 8.537044738174827785e+01
6.300000000000000044e-01 8.558664435543478533e+01
6.310000000000000053e-01 8.580310464327250486e+01
6.320000000000000062e-01 8.601982813614671386e+01
6.330000000000000071e-01 8.623681472506225987e+01
6.340000000000000080e-01 8.645406430114317686e+01
6.350000000000000089e-01 8.667157675563305474e+01
6.360000000000000098e-01 8.688935197989498249e+01
6.370000000000000107e-01 8.710738986541146289e+01
6.380000000000000115e-01 8.732569030378448360e+01
6.390000000000000124e-01 8.754425318673554557e+01
6.400000000000000133e-01 8.776307840610564881e+01
6.410000000000000142e-01 8.798216585385523558e+01
6.420000000000000151e-01 8.820151542206427564e+01
6.430000000000000160e-01 8.842112700293232308e+01
6.440000000000000169e-01 8.864100048877824634e+01
6.450000000000000178e-01 8.886113577204049818e+01
6.460000000000000187e-01 8.908153274527704468e+01
6.470000000000000195e-01 8.930219130116522308e+01
6.480000000000000204e-01 8.952311133250186970e+01
6.490000000000000213e-01 8.974429273220327730e+01
6.500000000000000222e-01 8.996573539330510982e+01
6.510000000000000231e-01 9.018743920896237398e+01
6.520000000000000240e-01 9.040940407244960397e+01
6.530000000000000249e-01 9.063162987716054886e+01
6.540000000000000258e-01 9.085411651660835730e+01
6.550000000000000266e-01 9.107686388442540704e+01
6.560000000000000275e-01 9.129987187436333329e+01
6.570000000000000284e-01 9.152314038029311405e+01
6.580000000000000293e-01 9.174666929620478584e+01
6.590000000000000302e-01 9.197045851620768531e+01
6.600000000000000311e-01 9.219450793453006554e+01
6.610000000000000320e-01 9.241881744551953659e+01
6.620000000000000329e-01 9.264338694364248283e+01
6.630000000000000338e-01 9.286821632348443245e+01
6.640000000000000346e-01 9.309330547974985848e+01
6.650000000000000355e-01 9.331865430726213617e+01
6.660000000000000364e-01 9.354426270096338669e+01
6.670000000000000373e-01 9.377013055591466184e+01
6.680000000000000382e-01 9.399625776729583038e+01
6.690000000000000391e-01 9.422264423040515169e+01
6.700000000000000400e-01 9.444928984065983002e+01
6.710000000000000409e-01 9.467619449359564499e+01
6.720000000000000417e-01 9.490335808486663893e+01
6.730000000000000426e-01 9.513078051024562853e+01
6.740000000000000435e-01 9.535846166562359372e+01
6.750000000000000444e-01 9.558640144701006136e+01
6.760000000000000453e-01 9.581459975053260791e+01
6.770000000000000462e-01 9.604305647243724309e+01
6.780000000000000471e-01 9.627177150908804037e+01
6.790000000000000480e-01 9.650074475696699494e+01
6.800000000000000488e-01 9.672997611267432205e+01
6.810000000000000497e-01 9.695946547292803075e+01
6.820000000000000506e-01 9.718921273456405174e+01
6.830000000000000515e-01 9.741921779453603847e+01
6.840000000000000524e-01 9.764948054991543813e+01
6.850000000000000533e-01 9.788000089789125013e+01
6.860000000000000542e-01 9.811077873576998343e+01
6.870000000000000551e-01 9.834181396097574179e+01
6.880000000000000560e-01 9.857310647104986856e+01
6.890000000000000568e-01 9.880465616365121662e+01
6.900000000000000577e-01 9.903646293655559418e+01
6.910000000000000586e-01 9.926852668765609167e+01
6.920000000000000595e-01 9.950084731496295376e+01
6.930000000000000604e-01 9.973342471660315312e+01
6.940000000000000613e-01 9.996625879082067456e+01
6.950000000000000622e-01 1.001993494359762309e+02
6.960000000000000631e-01 1.004326965505473908e+02
6.970000000000000639e-01 1.006663000331280386e+02
6.980000000000000648e-01 1.009001597824287586e+02
6.990000000000000657e-01 1.011342756972765926e+02
7.000000000000000666e-01 1.013686476766146995e+02
7.010000000000000675e-01 1.016032756195026252e+02
7.020000000000000684e-01 1.018381594251160038e+02
7.030000000000000693e-01 1.020732989927465297e+02
7.039999999999999591e-01 1.023086942218016446e+02
7.049999999999999600e-01 1.025443450118048645e+02
7.059999999999999609e-01 1.027802512623953248e+02
7.069999999999999618e-01 1.030164128733277522e+02
7.079999999999999627e-01 1.032528297444724501e+02
7.089999999999999636e-01 1.034895017758150573e+02
7.099999999999999645e-01 1.037264288674566473e+02
7.109999999999999654e-01 1.039636109196134583e+02
7.119999999999999662e-01 1.042010478326166947e+02
7.129999999999999671e-01 1.044387395069127820e+02
7.139999999999999680e-01 1.046766858430629128e+02
7.149999999999999689e-01 1.049148867417430182e+02
7.159999999999999698e-01 1.051533421037437535e+02
7.169999999999999707e-01 1.053920518299703986e+02
7.179999999999999716e-01 1.056310158214424888e+02
7.189999999999999725e-01 1.058702339792940563e+02
7.199999999999999734e-01 1.061097062047732891e+02
7.209999999999999742e-01 1.063494323992425876e+02
7.219999999999999751e-01 1.065894124641780394e+02
7.229999999999999760e-01 1.068296463011700297e+02
7.239999999999999769e-01 1.070701338119224317e+02
7.249999999999999778e-01 1.073108748982528056e+02
7.259999999999999787e-01 1.075518694620921991e+02
7.269999999999999796e-01 1.077931174054853045e+02
7.279999999999999805e-01 1.080346186305898186e+02
7.289999999999999813e-01 1.082763730396766562e+02
7.299999999999999822e-01 1.085183805351300066e+02
7.309999999999999831e-01 1.087606410194467799e+02
7.319999999999999840e-01 1.090031543952366775e+02
7.329999999999999849e-01 1.092459205652222636e+02
7.339999999999999858e-01 1.094889394322384533e+02
7.349999999999999867e-01 1.097322108992328822e+02
7.359999999999999876e-01 1.099757348692652386e+02
7.369999999999999885e-01 1.102195112455075048e+02
7.379999999999999893e-01 1.104635399312438153e+02
7.389999999999999902e-01 1.107078208298701298e+02
7.399999999999999911e-01 1.109523538448942190e+02
7.409999999999999920e-01 1.111971388799356930e+02
7.419999999999999929e-01 1.114421758387256318e+02
7.429999999999999938e-01 1.116874646251065428e+02
7.439999999999999947e-01 1.119330051430322328e+02
7.449999999999999956e-01 1.121787972965678222e+02
7.459999999999999964e-01 1.124248409898893044e+02
7.469999999999999973e-01 1.126711361272837024e+02
7.479999999999999982e-01 1.129176826131488554e+02
7.489999999999999991e-01 1.131644803519932907e+02
7.500000000000000000e-01 1.134115292484358406e+02
7.510000000000000009e-01 1.136588292072060398e+02
7.520000000000000018e-01 1.139063801331436139e+02
7.530000000000000027e-01 1.141541819311982380e+02
7.540000000000000036e-01 1.144022345064298918e+02
7.550000000000000044e-01 1.146505377640082628e+02
7.560000000000000053e-01 1.148990916092127605e+02
7.570000000000000062e-01 1.151478959474324597e+02
7.580000000000000071e-01 1.153969506841659296e+02
7.590000000000000080e-01 1.156462557250210779e+02
7.600000000000000089e-01 1.158958109757149373e+02
7.610000000000000098e-01 1.161456163420737226e+02
7.620000000000000107e-01 1.163956717300325323e+02
7.630000000000000115e-01 1.166459770456353056e+02
7.640000000000000124e-01 1.168965321950345526e+02
7.650000000000000133e-01 1.171473370844914115e+02
7.660000000000000142e-01 1.173983916203753921e+02
7.670000000000000151e-01 1.176496957091642628e+02
7.680000000000000160e-01 1.179012492574438511e+02
7.690000000000000169e-01 1.181530521719080298e+02
7.700000000000000178e-01 1.184051043593585746e+02
7.710000000000000187e-01 1.186574057267047380e+02
7.720000000000000195e-01 1.189099561809636612e+02
7.730000000000000204e-01 1.191627556292596779e+02
7.740000000000000213e-01 1.194158039788244565e+02
7.750000000000000222e-01 1.196691011369969004e+02
7.760000000000000231e-01 1.199226470112228355e+02
7.770000000000000240e-01 1.201764415090550671e+02
7.780000000000000249e-01 1.204304845381529816e+02
7.790000000000000258e-01 1.206847760062826609e+02
7.800000000000000266e-01 1.209393158213166828e+02
7.810000000000000275e-01 1.211941038912337518e+02
7.820000000000000284e-01 1.214491401241189692e+02
7.830000000000000293e-01 1.217044244281633354e+02
7.840000000000000302e-01 1.219599567116637786e+02
7.850000000000000311e-01 1.222157368830228990e+02
7.860000000000000320e-01 1.224717648507490821e+02
7.870000000000000329e-01 1.227280405234560305e+02
7.880000000000000338e-01 1.229845638098627063e+02
7.890000000000000346e-01 1.232413346187934735e+02
7.900000000000000355e-01 1.234983528591775297e+02
7.910000000000000364e-01 1.237556184400491901e+02
7.920000000000000373e-01 1.240131312705472766e+02
7.930000000000000382e-01 1.242708912599153024e+02
7.940000000000000391e-01 1.245288983175014010e+02
7.950000000000000400e-01 1.247871523527578574e+02
7.960000000000000409e-01 1.250456532752411789e+02
7.970000000000000417e-01 1.253044009946119246e+02
7.980000000000000426e-01 1.255633954206346345e+02
7.990000000000000435e-01 1.258226364631774032e+02
8.000000000000000444e-01 1.260821240322121355e+02
8.010000000000000453e-01 1.263418580378141058e+02
8.020000000000000462e-01 1.266018383901619160e+02
8.030000000000000471e-01 1.268620649995373384e+02
8.040000000000000480e-01 1.271225377763252027e+02
8.050000000000000488e-01 1.273832566310132819e+02
8.060000000000000497e-01 1.276442214741919656e+02
8.070000000000000506e-01 1.279054322165543027e+02
8.080000000000000515e-01 1.281668887688958876e+02
8.090000000000000524e-01 1.284285910421144195e+02
8.100000000000000533e-01 1.286905389472100580e+02
8.110000000000000542e-01 1.289527323952847269e+02
8.120000000000000551e-01 1.292151712975423266e+02
8.130000000000000560e-01 1.294778555652885075e+02
8.140000000000000568e-01 1.297407851099305276e+02
8.150000000000000577e-01 1.300039598429769399e+02
8.160000000000000586e-01 1.302673796760378764e+02
8.170000000000000595e-01 1.305310445208243095e+02
8.180000000000000604e-01 1.307949542891484498e+02
8.190000000000000613e-01 1.310591088929232910e+02
8.200000000000000622e-01 1.313235082441625821e+02
8.210000000000000631e-01 1.315881522549805425e+02
8.220000000000000639e-01 1.318530408375919194e+02
8.230000000000000648e-01 1.321181739043117318e+02
8.240000000000000657e-01 1.323835513675551567e+02
8.250000000000000666e-01 1.326491731398372451e+02
8.260000000000000675e-01 1.329150391337730923e+02
8.270000000000000684e-01 1.331811492620773265e+02
8.280000000000000693e-01 1.334475034375642224e+02
8.290000000000000702e-01 1.337141015731474738e+02
8.300000000000000711e-01 1.339809435818399663e+02
8.310000000000000719e-01 1.342480293767537773e+02
8.320000000000000728e-01 1.345153588710999770e+02
8.329999999999999627e-01 1.347829319781883726e+02
8.339999999999999636e-01 1.350507486114275650e+02
8.349999999999999645e-01 1.353188086843246651e+02
8.359999999999999654e-01 1.355871121104851227e+02
8.369999999999999662e-01 1.358556588036128119e+02
8.379999999999999671e-01 1.361244486775094060e+02
8.389999999999999680e-01 1.363934816460749175e+02
8.399999999999999689e-01 1.366627576233069021e+02
8.409999999999999698e-01 1.369322765233006010e+02
8.419999999999999707e-01 1.372020382602490258e+02
8.429999999999999716e-01 1.374720427484421634e+02
8.439999999999999725e-01 1.377422899022677143e+02
8.449999999999999734e-01 1.380127796362100980e+02
8.459999999999999742e-01 1.382835118648508796e+02
8.469999999999999751e-01 1.385544865028683148e+02
8.479999999999999760e-01 1.388257034650374635e+02
8.489999999999999769e-01 1.390971626662296217e+02
8.499999999999999778e-01 1.393688640214128327e+02
8.509999999999999787e-01 1.396408074456510917e+02
8.519999999999999796e-01 1.399129928541044876e+02
8.529999999999999805e-01 1.401854201620292315e+02
8.539999999999999813e-01 1.404580892847772020e+02
8.549999999999999822e-01 1.407310001377958315e+02
8.559999999999999831e-01 1.410041526366282199e+02
8.569999999999999840e-01 1.412775466969127365e+02
8.579999999999999849e-01 1.415511822343830772e+02
8.589999999999999858e-01 1.418250591648678665e+02
8.599999999999999867e-01 1.420991774042906002e+02
8.609999999999999876e-01 1.423735368686699019e+02
8.619999999999999885e-01 1.426481374741186414e+02
8.629999999999999893e-01 1.429229791368444182e+02
8.639999999999999902e-01 1.431980617731490781e+02
8.649999999999999911e-01 1.434733852994287417e+02
8.659999999999999920e-01 1.437489496321736056e+02
8.669999999999999929e-01 1.440247546879677145e+02
8.679999999999999938e-01 1.443008003834889337e+02
8.689999999999999947e-01 1.445770866355087207e+02
8.699999999999999956e-01 1.448536133608921546e+02
8.709999999999999964e-01 1.451303804765975087e+02
8.719999999999999973e-01 1.454073878996763938e+02
8.729999999999999982e-01 1.456846355472734444e+02
8.739999999999999991e-01 1.459621233366260640e+02
8.750000000000000000e-01 1.462398511850647651e+02
8.760000000000000009e-01 1.465178190100124311e+02
8.770000000000000018e-01 1.467960267289844296e+02
8.780000000000000027e-01 1.470744742595887260e+02
8.790000000000000036e-01 1.473531615195253153e+02
8.800000000000000044e-01 1.476320884265861935e+02
8.810000000000000053e-01 1.479112548986554430e+02
8.820000000000000062e-01 1.481906608537088630e+02
8.830000000000000071e-01 1.484703062098139412e+02
8.840000000000000080e-01 1.487501908851295411e+02
8.850000000000000089e-01 1.490303147979061009e+02
8.860000000000000098e-01 1.493106778664850935e+02
8.870000000000000107e-01 1.495912800092991688e+02
8.880000000000000115e-01 1.498721211448718407e+02
8.890000000000000124e-01 1.501532011918175726e+02
8.900000000000000133e-01 1.504345200688412092e+02
8.910000000000000142e-01 1.507160776947384591e+02
8.920000000000000151e-01 1.509978739883950993e+02
8.930000000000000160e-01 1.512799088687874018e+02
8.940000000000000169e-01 1.515621822549815079e+02
8.950000000000000178e-01 1.518446940661336839e+02
8.960000000000000187e-01 1.521274442214898954e+02
8.970000000000000195e-01 1.524104326403858636e+02
8.980000000000000204e-01 1.526936592422467811e+02
8.990000000000000213e-01 1.529771239465873975e+02
9.000000000000000222e-01 1.532608266730114792e+02
9.010000000000000231e-01 1.535447673412120935e+02
9.020000000000000240e-01 1.538289458709711823e+02
9.030000000000000249e-01 1.541133621821596194e+02
9.040000000000000258e-01 1.543980161947370107e+02
9.050000000000000266e-01 1.546829078287513255e+02
9.060000000000000275e-01 1.549680370043391235e+02
9.070000000000000284e-01 1.552534036417253276e+02
9.080000000000000293e-01 1.555390076612227404e+02
9.090000000000000302e-01 1.558248489832324708e+02
9.100000000000000311e-01 1.561109275282433373e+02
9.110000000000000320e-01 1.563972432168319244e+02
9.120000000000000329e-01 1.566837959696623557e+02
9.130000000000000338e-01 1.569705857074864070e+02
9.140000000000000346e-01 1.572576123511430239e+02
9.150000000000000355e-01 1.575448758215582643e+02
9.160000000000000364e-01 1.578323760397454407e+02
9.170000000000000373e-01 1.581201129268047225e+02
9.180000000000000382e-01 1.584080864039229368e+02
9.190000000000000391e-01 1.586962963923736254e+02
9.200000000000000400e-01 1.589847428135169594e+02
9.210000000000000409e-01 1.592734255887992276e+02
9.220000000000000417e-01 1.595623446397532064e+02
9.230000000000000426e-01 1.598514998879976190e+02
9.240000000000000435e-01 1.601408912552371362e+02
9.250000000000000444e-01 1.604305186632623759e+02
9.260000000000000453e-01 1.607203820339495621e+02
9.270000000000000462e-01 1.610104812892604969e+02
9.280000000000000471e-01 1.613008163512423891e+02
9.290000000000000480e-01 1.615913871420277985e+02
9.300000000000000488e-01 1.618821935838342654e+02
9.310000000000000497e-01 1.621732355989646521e+02
9.320000000000000506e-01 1.624645131098064326e+02
9.330000000000000515e-01 1.627560260388318625e+02
9.340000000000000524e-01 1.630477743085980080e+02
9.350000000000000533e-01 1.633397578417462910e+02
9.360000000000000542e-01 1.636319765610023467e+02
9.370000000000000551e-01 1.639244303891762513e+02
9.380000000000000560e-01 1.642171192491620957e+02
9.390000000000000568e-01 1.645100430639378999e+02
9.400000000000000577e-01 1.648032017565655281e+02
9.410000000000000586e-01 1.650965952501904326e+02
9.420000000000000595e-01 1.653902234680417109e+02
9.430000000000000604e-01 1.656840863334319636e+02
9.440000000000000613e-01 1.659781837697568960e+02
9.450000000000000622e-01 1.662725157004955179e+02
9.460000000000000631e-01 1.665670820492097448e+02
9.470000000000000639e-01 1.668618827395445408e+02
9.480000000000000648e-01 1.671569176952274347e+02
9.490000000000000657e-01 1.674521868400687765e+02
9.500000000000000666e-01 1.677476900979612537e+02
9.510000000000000675e-01 1.680434273928801758e+02
9.520000000000000684e-01 1.683393986488827636e+02
9.530000000000000693e-01 1.686356037901085756e+02
9.540000000000000702e-01 1.689320427407790817e+02
9.550000000000000711e-01 1.692287154251975494e+02
9.560000000000000719e-01 1.695256217677491293e+02
9.570000000000000728e-01 1.698227616929004569e+02
9.580000000000000737e-01 1.701201351251994538e+02
9.590000000000000746e-01 1.704177419892756404e+02
9.599999999999999645e-01 1.707155822098397380e+02
9.609999999999999654e-01 1.710136557116833274e+02
9.619999999999999662e-01 1.713119624196791904e+02
9.629999999999999671e-01 1.716105022587806275e+02
9.639999999999999680e-01 1.719092751540220263e+02
9.649999999999999689e-01 1.722082810305178100e+02
9.659999999999999698e-01 1.725075198134632899e+02
9.669999999999999707e-01 1.728069914281340118e+02
9.679999999999999716e-01 1.731066957998854434e+02
9.689999999999999725e-01 1.734066328541532869e+02
9.699999999999999734e-01 1.737068025164532514e+02
9.709999999999999742e-01 1.740072047123807124e+02
9.719999999999999751e-01 1.743078393676105975e+02
9.729999999999999760e-01 1.746087064078977562e+02
9.739999999999999769e-01 1.749098057590760220e+02
9.749999999999999778e-01 1.752111373470587523e+02
9.759999999999999787e-01 1.755127010978386011e+02
9.769999999999999796e-01 1.758144969374868936e+02
9.779999999999999805e-01 1.761165247921541095e+02
9.789999999999999813e-01 1.764187845880695704e+02
9.799999999999999822e-01 1.767212762515410702e+02
9.809999999999999831e-01 1.770239997089551593e+02
9.819999999999999840e-01 1.773269548867765764e+02
9.829999999999999849e-01 1.776301417115483616e+02
9.839999999999999858e-01 1.779335601098920563e+02
9.849999999999999867e-01 1.782372100085068212e+02
9.859999999999999876e-01 1.785410913341698915e+02
9.869999999999999885e-01 1.788452040137364349e+02
9.879999999999999893e-01 1.791495479741390682e+02
9.889999999999999902e-01 1.794541231423879992e+02
9.899999999999999911e-01 1.797589294455710842e+02
9.909999999999999920e-01 1.800639668108530600e+02
9.919999999999999929e-01 1.803692351654763684e+02
9.929999999999999938e-01 1.806747344367599908e+02
9.939999999999999947e-01 1.809804645521001021e+02
9.949999999999999956e-01 1.812864254389696725e+02
9.959999999999999964e-01 1.815926170249184395e+02
9.969999999999999973e-01 1.818990392375723957e+02
9.979999999999999982e-01 1.822056920046343009e+02
9.989999999999999991e-01 1.825125752538831705e+02
1.000000000000000000e+00 1.828196889131740193e+02
