0.000000000000000000e+00 0.000000000000000000e+00
1.000000000000000021e-03 8.223258829997027730e-01
2.000000000000000042e-03 1.197354973088341712e+00
3.000000000000000062e-03 1.479980780788408889e+00
4.000000000000000083e-03 1.713959357963967811e+00
5.000000000000000104e-03 1.916895757515175491e+00
6.000000000000000125e-03 2.098007021694355601e+00
7.000000000000000146e-03 2.262837160449192364e+00
8.000000000000000167e-03 2.415026032028059433e+00
9.000000000000001055e-03 2.557113011383908230e+00
1.000000000000000021e-02 2.690950838050545801e+00
1.099999999999999936e-02 2.817938637514391331e+00
1.200000000000000025e-02 2.939162261262516562e+00
1.300000000000000114e-02 3.055483382860022523e+00
1.400000000000000029e-02 3.167598515905173606e+00
1.499999999999999944e-02 3.276079500907993047e+00
1.600000000000000033e-02 3.381402107701957149e+00
1.700000000000000122e-02 3.483966753837061336e+00
1.800000000000000211e-02 3.584113839370887789e+00
1.899999999999999953e-02 3.682135312342151856e+00
2.000000000000000042e-02 3.778283536822898192e+00
2.100000000000000130e-02 3.872778193044344786e+00
2.199999999999999872e-02 3.965811716993873137e+00
2.299999999999999961e-02 4.057553639311618277e+00
2.400000000000000050e-02 4.148154083139575121e+00
2.500000000000000139e-02 4.237746611249722406e+00
2.600000000000000228e-02 4.326450563957799922e+00
2.699999999999999969e-02 4.414372994403023220e+00
2.800000000000000058e-02 4.501610282423906817e+00
2.900000000000000147e-02 4.588249489616768706e+00
2.999999999999999889e-02 4.674369504284386245e+00
3.099999999999999978e-02 4.760042014533813592e+00
3.200000000000000067e-02 4.845332339834460988e+00
3.300000000000000155e-02 4.930300145243513121e+00
3.400000000000000244e-02 5.015000057775280240e+00
3.500000000000000333e-02 5.099482200694745337e+00
3.600000000000000422e-02 5.183792658604184922e+00
3.699999999999999817e-02 5.267973883881989394e+00
3.799999999999999906e-02 5.352065053187804011e+00
3.899999999999999994e-02 5.436102381264234396e+00
4.000000000000000083e-02 5.520119398065423511e+00
4.100000000000000172e-02 5.604147194266043464e+00
4.200000000000000261e-02 5.688214639405367201e+00
4.300000000000000350e-02 5.772348576263968134e+00
4.399999999999999745e-02 5.856573994527692228e+00
4.499999999999999833e-02 5.940914186342611814e+00
4.599999999999999922e-02 6.025390885988754164e+00
4.700000000000000011e-02 6.110024395585482715e+00
4.800000000000000100e-02 6.194833698476547745e+00
4.900000000000000189e-02 6.279836561719457144e+00
5.000000000000000278e-02 6.365049628914218438e+00
5.100000000000000366e-02 6.450488504445769600e+00
5.200000000000000455e-02 6.536167830076754726e+00
5.299999999999999850e-02 6.622101354709920784e+00
5.399999999999999939e-02 6.708301998038570524e+00
5.500000000000000028e-02 6.794781908716192476e+00
5.600000000000000117e-02 6.881552517601923213e+00
5.700000000000000205e-02 6.968624586572990331e+00
5.800000000000000294e-02 7.056008253339149050e+00
5.900000000000000383e-02 7.143713072645015316e+00
5.999999999999999778e-02 7.231748054203064768e+00
6.099999999999999867e-02 7.320121697663076077e+00
6.199999999999999956e-02 7.408842024890400779e+00
6.300000000000000044e-02 7.497916609797001364e+00
6.400000000000000133e-02 7.587352605943542549e+00
6.500000000000000222e-02 7.677156772108491012e+00
6.600000000000000311e-02 7.767335496000320916e+00
6.700000000000000400e-02 7.857894816271421945e+00
6.800000000000000488e-02 7.948840442976554677e+00
6.900000000000000577e-02 8.040177776605235138e+00
7.000000000000000666e-02 8.131911925804537589e+00
7.100000000000000755e-02 8.224047723898294748e+00
7.200000000000000844e-02 8.316589744298534370e+00
7.299999999999999545e-02 8.409542314896475190e+00
7.399999999999999634e-02 8.502909531512131025e+00
7.499999999999999722e-02 8.596695270474786099e+00
7.599999999999999811e-02 8.690903200400292405e+00
7.699999999999999900e-02 8.785536793225025676e+00
7.799999999999999989e-02 8.880599334551648738e+00
7.900000000000000078e-02 8.976093933356770194e+00
8.000000000000000167e-02 9.072023531106641059e+00
8.100000000000000255e-02 9.168390910323051202e+00
8.200000000000000344e-02 9.265198702638098638e+00
8.300000000000000433e-02 9.362449396373730082e+00
8.400000000000000522e-02 9.460145343678428631e+00
8.500000000000000611e-02 9.558288767251548634e+00
8.600000000000000699e-02 9.656881766682873902e+00
8.700000000000000788e-02 9.755926324433303876e+00
8.799999999999999489e-02 9.855424311480042832e+00
8.899999999999999578e-02 9.955377492648445070e+00
8.999999999999999667e-02 1.005578753165065464e+01
9.099999999999999756e-02 1.015665599584992584e+01
9.199999999999999845e-02 1.025798436076765086e+01
9.299999999999999933e-02 1.035977401434972656e+01
9.400000000000000022e-02 1.046202626100680000e+01
9.500000000000000111e-02 1.056474232544240621e+01
9.600000000000000200e-02 1.066792335628199595e+01
9.700000000000000289e-02 1.077157042951482424e+01
9.800000000000000377e-02 1.087568455175975934e+01
9.900000000000000466e-02 1.098026666336561341e+01
1.000000000000000056e-01 1.108531764135552322e+01
1.010000000000000064e-01 1.119083830222468556e+01
1.020000000000000073e-01 1.129682940459963447e+01
1.030000000000000082e-01 1.140329165176702730e+01
1.040000000000000091e-01 1.151022569407951757e+01
1.049999999999999961e-01 1.161763213124533323e+01
1.059999999999999970e-01 1.172551151450826801e+01
1.069999999999999979e-01 1.183386434872393522e+01
1.079999999999999988e-01 1.194269109433803422e+01
1.089999999999999997e-01 1.205199216927211125e+01
1.100000000000000006e-01 1.216176795072139072e+01
1.110000000000000014e-01 1.227201877686980858e+01
1.120000000000000023e-01 1.238274494852634966e+01
1.130000000000000032e-01 1.249394673068693784e+01
1.140000000000000041e-01 1.260562435402567694e+01
1.150000000000000050e-01 1.271777801631924198e+01
1.160000000000000059e-01 1.283040788380758279e+01
1.170000000000000068e-01 1.294351409249459195e+01
1.180000000000000077e-01 1.305709674939134146e+01
1.190000000000000085e-01 1.317115593370498061e+01
1.199999999999999956e-01 1.328569169797611238e+01
1.209999999999999964e-01 1.340070406916694878e+01
1.219999999999999973e-01 1.351619304970275159e+01
1.229999999999999982e-01 1.363215861846896004e+01
1.239999999999999991e-01 1.374860073176605724e+01
1.250000000000000000e-01 1.386551932422397471e+01
1.260000000000000009e-01 1.398291430967855575e+01
1.270000000000000018e-01 1.410078558201111321e+01
1.280000000000000027e-01 1.421913301595360402e+01
1.290000000000000036e-01 1.433795646786030531e+01
1.300000000000000044e-01 1.445725577644804893e+01
1.310000000000000053e-01 1.457703076350631477e+01
1.320000000000000062e-01 1.469728123457841917e+01
1.330000000000000071e-01 1.481800697961547719e+01
1.340000000000000080e-01 1.493920777360380114e+01
1.350000000000000089e-01 1.506088337716758829e+01
1.360000000000000098e-01 1.518303353714748383e+01
1.370000000000000107e-01 1.530565798715636738e+01
1.380000000000000115e-01 1.542875644811327263e+01
1.390000000000000124e-01 1.555232862875639910e+01
1.400000000000000133e-01 1.567637422613614540e+01
1.410000000000000142e-01 1.580089292608914064e+01
1.420000000000000151e-01 1.592588440369371661e+01
1.430000000000000160e-01 1.605134832370821130e+01
1.440000000000000169e-01 1.617728434099223733e+01
1.449999999999999900e-01 1.630369210091203414e+01
1.459999999999999909e-01 1.643057123973053280e+01
1.469999999999999918e-01 1.655792138498237165e+01
1.479999999999999927e-01 1.668574215583522857e+01
1.489999999999999936e-01 1.681403316343722310e+01
1.499999999999999944e-01 1.694279401125163176e+01
1.509999999999999953e-01 1.707202429537904109e+01
1.519999999999999962e-01 1.720172360486754215e+01
1.529999999999999971e-01 1.733189152201158123e+01
1.539999999999999980e-01 1.746252762263965153e+01
1.549999999999999989e-01 1.759363147639163927e+01
1.559999999999999998e-01 1.772520264698592030e+01
1.570000000000000007e-01 1.785724069247677903e+01
1.580000000000000016e-01 1.798974516550240210e+01
1.590000000000000024e-01 1.812271561352403282e+01
1.600000000000000033e-01 1.825615157905649610e+01
1.610000000000000042e-01 1.839005259989025021e+01
1.620000000000000051e-01 1.852441820930573257e+01
1.630000000000000060e-01 1.865924793627984712e+01
1.640000000000000069e-01 1.879454130568529990e+01
1.650000000000000078e-01 1.893029783848256287e+01
1.660000000000000087e-01 1.906651705190537527e+01
1.670000000000000095e-01 1.920319845963931016e+01
1.680000000000000104e-01 1.934034157199445758e+01
1.690000000000000113e-01 1.947794589607165250e+01
1.700000000000000122e-01 1.961601093592314626e+01
1.710000000000000131e-01 1.975453619270740546e+01
1.720000000000000140e-01 1.989352116483879129e+01
1.730000000000000149e-01 2.003296534813174645e+01
1.740000000000000158e-01 2.017286823594010059e+01
1.750000000000000167e-01 2.031322931929154407e+01
1.759999999999999898e-01 2.045404808701730559e+01
1.769999999999999907e-01 2.059532402587760203e+01
1.779999999999999916e-01 2.073705662068239874e+01
1.789999999999999925e-01 2.087924535440832585e+01
1.799999999999999933e-01 2.102188970831128856e+01
1.809999999999999942e-01 2.116498916203556746e+01
1.819999999999999951e-01 2.130854319371860228e+01
1.829999999999999960e-01 2.145255128009278422e+01
1.839999999999999969e-01 2.159701289658345047e+01
1.849999999999999978e-01 2.174192751740335439e+01
1.859999999999999987e-01 2.188729461564427226e+01
1.869999999999999996e-01 2.203311366336531307e+01
1.880000000000000004e-01 2.217938413167802736e+01
1.890000000000000013e-01 2.232610549082894025e+01
1.900000000000000022e-01 2.247327721027897951e+01
1.910000000000000031e-01 2.262089875878034917e+01
1.920000000000000040e-01 2.276896960445070306e+01
1.930000000000000049e-01 2.291748921484492030e+01
1.940000000000000058e-01 2.306645705702412386e+01
1.950000000000000067e-01 2.321587259762266342e+01
1.960000000000000075e-01 2.336573530291269307e+01
1.970000000000000084e-01 2.351604463886647522e+01
1.980000000000000093e-01 2.366680007121669860e+01
1.990000000000000102e-01 2.381800106551442298e+01
2.000000000000000111e-01 2.396964708718557802e+01
2.010000000000000120e-01 2.412173760158488989e+01
2.020000000000000129e-01 2.427427207404853959e+01
2.030000000000000138e-01 2.442724996994459374e+01
2.040000000000000147e-01 2.458067075472177265e+01
2.050000000000000155e-01 2.473453389395682933e+01
2.060000000000000164e-01 2.488883885339990698e+01
2.070000000000000173e-01 2.504358509901862817e+01
2.080000000000000182e-01 2.519877209704034726e+01
2.089999999999999913e-01 2.535439931399326952e+01
2.099999999999999922e-01 2.551046621674608517e+01
2.109999999999999931e-01 2.566697227254578451e+01
2.119999999999999940e-01 2.582391694905479795e+01
2.129999999999999949e-01 2.598129971438641661e+01
2.139999999999999958e-01 2.613912003713904753e+01
2.149999999999999967e-01 2.629737738642928235e+01
2.159999999999999976e-01 2.645607123192401389e+01
2.169999999999999984e-01 2.661520104387081176e+01
2.179999999999999993e-01 2.677476629312805656e+01
2.190000000000000002e-01 2.693476645119311286e+01
2.200000000000000011e-01 2.709520099023022865e+01
2.210000000000000020e-01 2.725606938309699245e+01
2.220000000000000029e-01 2.741737110337002292e+01
2.230000000000000038e-01 2.757910562536959986e+01
2.240000000000000047e-01 2.774127242418349937e+01
2.250000000000000056e-01 2.790387097568993013e+01
2.260000000000000064e-01 2.806690075657943950e+01
2.270000000000000073e-01 2.823036124437646421e+01
2.280000000000000082e-01 2.839425191745947430e+01
2.290000000000000091e-01 2.855857225508084696e+01
2.300000000000000100e-01 2.872332173738568883e+01
2.310000000000000109e-01 2.888849984543010407e+01
2.320000000000000118e-01 2.905410606119879802e+01
2.330000000000000127e-01 2.922013986762165416e+01
2.340000000000000135e-01 2.938660074859018323e+01
2.350000000000000144e-01 2.955348818897290997e+01
2.360000000000000153e-01 2.972080167463027323e+01
2.370000000000000162e-01 2.988854069242904643e+01
2.380000000000000171e-01 3.005670473025605460e+01
2.390000000000000180e-01 3.022529327703130519e+01
2.399999999999999911e-01 3.039430582272058956e+01
2.409999999999999920e-01 3.056374185834775403e+01
2.419999999999999929e-01 3.073360087600618229e+01
2.429999999999999938e-01 3.090388236886977680e+01
2.439999999999999947e-01 3.107458583120386919e+01
2.449999999999999956e-01 3.124571075837510392e+01
2.459999999999999964e-01 3.141725664686132902e+01
2.469999999999999973e-01 3.158922299426071945e+01
2.479999999999999982e-01 3.176160929930072285e+01
2.489999999999999991e-01 3.193441506184636225e+01
2.500000000000000000e-01 3.210763978290839304e+01
2.510000000000000009e-01 3.228128296465094138e+01
2.520000000000000018e-01 3.245534411039876233e+01
2.530000000000000027e-01 3.262982272464396516e+01
2.540000000000000036e-01 3.280471831305285946e+01
2.550000000000000044e-01 3.298003038247198049e+01
2.560000000000000053e-01 3.315575844093399382e+01
2.570000000000000062e-01 3.333190199766336548e+01
2.580000000000000071e-01 3.350846056308148491e+01
2.590000000000000080e-01 3.368543364881157487e+01
2.600000000000000089e-01 3.386282076768357285e+01
2.610000000000000098e-01 3.404062143373830196e+01
2.620000000000000107e-01 3.421883516223167021e+01
2.630000000000000115e-01 3.439746146963835827e+01
2.640000000000000124e-01 3.457649987365567767e+01
2.650000000000000133e-01 3.475594989320659067e+01
2.660000000000000142e-01 3.493581104844300711e+01
2.670000000000000151e-01 3.511608286074852003e+01
2.680000000000000160e-01 3.529676485274107733e+01
2.690000000000000169e-01 3.547785654827535495e+01
2.700000000000000178e-01 3.565935747244492404e+01
2.710000000000000187e-01 3.584126715158433285e+01
2.720000000000000195e-01 3.602358511327079782e+01
2.730000000000000204e-01 3.620631088632580941e+01
2.740000000000000213e-01 3.638944400081649633e+01
2.750000000000000222e-01 3.657298398805686190e+01
2.760000000000000231e-01 3.675693038060884987e+01
2.770000000000000240e-01 3.694128271228321125e+01
2.780000000000000249e-01 3.712604051814014383e+01
2.790000000000000258e-01 3.731120333448988902e+01
2.800000000000000266e-01 3.749677069889301606e+01
2.810000000000000275e-01 3.768274215016088391e+01
2.820000000000000284e-01 3.786911722835537830e+01
2.830000000000000293e-01 3.805589547478922441e+01
2.840000000000000302e-01 3.824307643202546103e+01
2.850000000000000311e-01 3.843065964387734823e+01
2.860000000000000320e-01 3.861864465540791969e+01
2.870000000000000329e-01 3.880703101292908741e+01
2.880000000000000338e-01 3.899581826400147122e+01
2.889999999999999791e-01 3.918500595743294213e+01
2.899999999999999800e-01 3.937459364327835942e+01
2.909999999999999809e-01 3.956458087283801461e+01
2.919999999999999818e-01 3.975496719865674322e+01
2.929999999999999827e-01 3.994575217452266713e+01
2.939999999999999836e-01 4.013693535546573798e+01
2.949999999999999845e-01 4.032851629775636582e+01
2.959999999999999853e-01 4.052049455890393403e+01
2.969999999999999862e-01 4.071286969765502306e+01
2.979999999999999871e-01 4.090564127399198924e+01
2.989999999999999880e-01 4.109880884913079058e+01
2.999999999999999889e-01 4.129237198551946619e+01
3.009999999999999898e-01 4.148633024683604731e+01
3.019999999999999907e-01 4.168068319798639720e+01
3.029999999999999916e-01 4.187543040510239933e+01
3.039999999999999925e-01 4.207057143553947753e+01
3.049999999999999933e-01 4.226610585787469176e+01
3.059999999999999942e-01 4.246203324190413042e+01
3.069999999999999951e-01 4.265835315864071475e+01
3.079999999999999960e-01 4.285506518031185408e+01
3.089999999999999969e-01 4.305216888035666756e+01
3.099999999999999978e-01 4.324966383342375309e+01
3.109999999999999987e-01 4.344754961536852989e+01
3.119999999999999996e-01 4.364582580325034655e+01
3.130000000000000004e-01 4.384449197533015052e+01
3.140000000000000013e-01 4.404354771106752509e+01
3.150000000000000022e-01 4.424299259111789695e+01
3.160000000000000031e-01 4.444282619732977935e+01
3.170000000000000040e-01 4.464304811274190143e+01
3.180000000000000049e-01 4.484365792158016006e+01
3.190000000000000058e-01 4.504465520925481314e+01
3.200000000000000067e-01 4.524603956235742430e+01
3.210000000000000075e-01 4.544781056865772939e+01
3.220000000000000084e-01 4.564996781710078011e+01
3.230000000000000093e-01 4.585251089780355471e+01
3.240000000000000102e-01 4.605543940205212294e+01
3.250000000000000111e-01 4.625875292229821412e+01
3.260000000000000120e-01 4.646245105215619731e+01
3.270000000000000129e-01 4.666653338639986259e+01
3.280000000000000138e-01 4.687099952095894650e+01
3.290000000000000147e-01 4.707584905291604116e+01
3.300000000000000155e-01 4.728108158050335419e+01
3.310000000000000164e-01 4.748669670309924129e+01
3.320000000000000173e-01 4.769269402122471035e+01
3.330000000000000182e-01 4.789907313654046561e+01
3.340000000000000191e-01 4.810583365184321281e+01
3.350000000000000200e-01 4.831297517106226280e+01
3.360000000000000209e-01 4.852049729925614940e+01
3.370000000000000218e-01 4.872839964260926138e+01
3.380000000000000226e-01 4.893668180842821869e+01
3.390000000000000235e-01 4.914534340513852584e+01
3.400000000000000244e-01 4.935438404228103337e+01
3.410000000000000253e-01 4.956380333050826437e+01
3.420000000000000262e-01 4.977360088158131646e+01
3.430000000000000271e-01 4.998377630836591834e+01
3.440000000000000280e-01 5.019432922482900494e+01
3.450000000000000289e-01 5.040525924603523578e+01
3.460000000000000298e-01 5.061656598814346353e+01
3.470000000000000306e-01 5.082824906840291135e+01
3.480000000000000315e-01 5.104030810514983330e+01
3.490000000000000324e-01 5.125274271780388347e+01
3.500000000000000333e-01 5.146555252686454196e+01
3.510000000000000342e-01 5.167873715390719269e+01
3.519999999999999796e-01 5.189229622158028121e+01
3.529999999999999805e-01 5.210622935360060382e+01
3.539999999999999813e-01 5.232053617475068563e+01
3.549999999999999822e-01 5.253521631087463106e+01
3.559999999999999831e-01 5.275026938887467054e+01
3.569999999999999840e-01 5.296569503670747281e+01
3.579999999999999849e-01 5.318149288338038616e+01
3.589999999999999858e-01 5.339766255894821256e+01
3.599999999999999867e-01 5.361420369450907231e+01
3.609999999999999876e-01 5.383111592220120656e+01
3.619999999999999885e-01 5.404839887519893438e+01
3.629999999999999893e-01 5.426605218770931316e+01
3.639999999999999902e-01 5.448407549496852198e+01
3.649999999999999911e-01 5.470246843323793939e+01
3.659999999999999920e-01 5.492123063980085362e+01
3.669999999999999929e-01 5.514036175295862563e+01
3.679999999999999938e-01 5.535986141202695876e+01
3.689999999999999947e-01 5.557972925733267289e+01
3.699999999999999956e-01 5.579996493020964721e+01
3.709999999999999964e-01 5.602056807299537411e+01
3.719999999999999973e-01 5.624153832902752725e+01
3.729999999999999982e-01 5.646287534264004648e+01
3.739999999999999991e-01 5.668457875915963484e+01
3.750000000000000000e-01 5.690664822490218455e+01
3.760000000000000009e-01 5.712908338716927403e+01
3.770000000000000018e-01 5.735188389424438782e+01
3.780000000000000027e-01 5.757504939538937094e+01
3.790000000000000036e-01 5.779857954084092597e+01
3.800000000000000044e-01 5.802247398180714555e+01
3.810000000000000053e-01 5.824673237046345520e+01
3.820000000000000062e-01 5.847135435994977115e+01
3.830000000000000071e-01 5.869633960436629394e+01
3.840000000000000080e-01 5.892168775877019016e+01
3.850000000000000089e-01 5.914739847917244475e+01
3.860000000000000098e-01 5.937347142253351251e+01
3.870000000000000107e-01 5.959990624676051141e+01
3.880000000000000115e-01 5.982670261070327911e+01
3.890000000000000124e-01 6.005386017415121103e+01
3.900000000000000133e-01 6.028137859782935237e+01
3.910000000000000142e-01 6.050925754339522200e+01
3.920000000000000151e-01 6.073749667343501812e+01
3.930000000000000160e-01 6.096609565146066245e+01
3.940000000000000169e-01 6.119505414190570036e+01
3.950000000000000178e-01 6.142437181012221004e+01
3.960000000000000187e-01 6.165404832237739896e+01
3.970000000000000195e-01 6.188408334584976700e+01
3.980000000000000204e-01 6.211447654862622159e+01
3.990000000000000213e-01 6.234522759969818395e+01
4.000000000000000222e-01 6.257633616895844142e+01
4.010000000000000231e-01 6.280780192719762312e+01
4.020000000000000240e-01 6.303962454610089594e+01
4.030000000000000249e-01 6.327180369824448292e+01
4.040000000000000258e-01 6.350433905709224547e+01
4.050000000000000266e-01 6.373723029699263520e+01
4.060000000000000275e-01 6.397047709317488540e+01
4.070000000000000284e-01 6.420407912174597698e+01
4.080000000000000293e-01 6.443803605968713555e+01
4.090000000000000302e-01 6.467234758485088264e+01
4.100000000000000311e-01 6.490701337595706377e+01
4.110000000000000320e-01 6.514203311258999918e+01
4.120000000000000329e-01 6.537740647519530057e+01
4.130000000000000338e-01 6.561313314507617633e+01
4.140000000000000346e-01 6.584921280439053248e+01
4.150000000000000355e-01 6.608564513614746261e+01
4.160000000000000364e-01 6.632242982420416411e+01
4.169999999999999818e-01 6.655956655326264126e+01
4.179999999999999827e-01 6.679705500886635150e+01
4.189999999999999836e-01 6.703489487739747688e+01
4.199999999999999845e-01 6.727308584607283137e+01
4.209999999999999853e-01 6.751162760294167242e+01
4.219999999999999862e-01 6.775051983688189239e+01
4.229999999999999871e-01 6.798976223759694903e+01
4.239999999999999880e-01 6.822935449561286703e+01
4.249999999999999889e-01 6.846929630227485575e+01
4.259999999999999898e-01 6.870958734974453819e+01
4.269999999999999907e-01 6.895022733099639822e+01
4.279999999999999916e-01 6.919121593981508056e+01
4.289999999999999925e-01 6.943255287079190907e+01
4.299999999999999933e-01 6.967423781932205884e+01
4.309999999999999942e-01 6.991627048160157187e+01
4.319999999999999951e-01 7.015865055462374755e+01
4.329999999999999960e-01 7.040137773617689732e+01
4.339999999999999969e-01 7.064445172484046509e+01
4.349999999999999978e-01 7.088787221998290988e+01
4.359999999999999987e-01 7.113163892175774095e+01
4.369999999999999996e-01 7.137575153110120141e+01
4.380000000000000004e-01 7.162020974972887188e+01
4.390000000000000013e-01 7.186501328013306988e+01
4.400000000000000022e-01 7.211016182557959553e+01
4.410000000000000031e-01 7.235565509010464780e+01
4.420000000000000040e-01 7.260149277851243710e+01
4.430000000000000049e-01 7.284767459637158993e+01
4.440000000000000058e-01 7.309420025001270460e+01
4.450000000000000067e-01 7.334106944652501170e+01
4.460000000000000075e-01 7.358828189375414297e+01
4.470000000000000084e-01 7.383583730029845071e+01
4.480000000000000093e-01 7.408373537550667720e+01
4.490000000000000102e-01 7.433197582947497040e+01
4.500000000000000111e-01 7.458055837304385705e+01
4.510000000000000120e-01 7.482948271779562788e+01
4.520000000000000129e-01 7.507874857605139596e+01
4.530000000000000138e-01 7.532835566086822610e+01
4.540000000000000147e-01 7.557830368603654847e+01
4.550000000000000155e-01 7.582859236607714593e+01
4.560000000000000164e-01 7.607922141623842549e+01
4.570000000000000173e-01 7.633019055249373253e+01
4.580000000000000182e-01 7.658149949153840907e+01
4.590000000000000191e-01 7.683314795078726434e+01
4.600000000000000200e-01 7.708513564837181775e+01
4.610000000000000209e-01 7.733746230313727210e+01
4.620000000000000218e-01 7.759012763464033924e+01
4.630000000000000226e-01 7.784313136314604264e+01
4.640000000000000235e-01 7.809647320962514527e+01
4.650000000000000244e-01 7.835015289575184738e+01
4.660000000000000253e-01 7.860417014390043278e+01
4.670000000000000262e-01 7.885852467714342140e+01
4.680000000000000271e-01 7.911321621924801661e+01
4.690000000000000280e-01 7.936824449467454201e+01
4.700000000000000289e-01 7.962360922857273238e+01
4.710000000000000298e-01 7.987931014677999997e+01
4.720000000000000306e-01 8.013534697581818023e+01
4.730000000000000315e-01 8.039171944289142857e+01
4.740000000000000324e-01 8.064842727588353455e+01
4.750000000000000333e-01 8.090547020335509387e+01
4.760000000000000342e-01 8.116284795454117784e+01
4.770000000000000351e-01 8.142056025934887487e+01
4.780000000000000360e-01 8.167860684835449092e+01
4.790000000000000369e-01 8.193698745280129003e+01
4.799999999999999822e-01 8.219570180459677999e+01
4.809999999999999831e-01 8.245474963631053811e+01
4.819999999999999840e-01 8.271413068117118428e+01
4.829999999999999849e-01 8.297384467306449096e+01
4.839999999999999858e-01 8.323389134653051258e+01
4.849999999999999867e-01 8.349427043676124072e+01
4.859999999999999876e-01 8.375498167959838725e+01
4.869999999999999885e-01 8.401602481153040003e+01
4.879999999999999893e-01 8.427739956969092816e+01
4.889999999999999902e-01 8.453910569185529766e+01
4.899999999999999911e-01 8.480114291643910462e+01
4.909999999999999920e-01 8.506351098249533038e+01
4.919999999999999929e-01 8.532620962971188305e+01
4.929999999999999938e-01 8.558923859840967907e+01
4.939999999999999947e-01 8.585259762953970153e+01
4.949999999999999956e-01 8.611628646468119541e+01
4.959999999999999964e-01 8.638030484603898174e+01
4.969999999999999973e-01 8.664465251644136856e+01
4.979999999999999982e-01 8.690932921933730881e+01
4.989999999999999991e-01 8.717433469879517816e+01
5.000000000000000000e-01 8.743966869949912279e+01
5.010000000000000009e-01 8.770533096674793683e+01
5.020000000000000018e-01 8.797132124645200690e+01
5.030000000000000027e-01 8.823763928513155008e+01
5.040000000000000036e-01 8.850428482991398482e+01
5.050000000000000044e-01 8.877125762853189883e+01
5.060000000000000053e-01 8.903855742932096007e+01
5.070000000000000062e-01 8.930618398121708879e+01
5.080000000000000071e-01 8.957413703375515013e+01
5.090000000000000080e-01 8.984241633706588459e+01
5.100000000000000089e-01 9.011102164187437324e+01
5.110000000000000098e-01 9.037995269949742294e+01
5.120000000000000107e-01 9.064920926184137784e+01
5.130000000000000115e-01 9.091879108140051358e+01
5.140000000000000124e-01 9.118869791125408142e+01
5.150000000000000133e-01 9.145892950506502928e+01
5.160000000000000142e-01 9.172948561707687531e+01
5.170000000000000151e-01 9.200036600211248583e+01
5.180000000000000160e-01 9.227157041557144623e+01
5.190000000000000169e-01 9.254309861342821364e+01
5.200000000000000178e-01 9.281495035222974366e+01
5.210000000000000187e-01 9.308712538909365719e+01
5.220000000000000195e-01 9.335962348170612302e+01
5.230000000000000204e-01 9.363244438831959826e+01
5.240000000000000213e-01 9.390558786775096678e+01
5.250000000000000222e-01 9.417905367937930805e+01
5.260000000000000231e-01 9.445284158314426293e+01
5.270000000000000240e-01 9.472695133954351832e+01
5.280000000000000249e-01 9.500138270963100240e+01
5.290000000000000258e-01 9.527613545501489511e+01
5.300000000000000266e-01 9.555120933785536863e+01
5.310000000000000275e-01 9.582660412086320889e+01
5.320000000000000284e-01 9.610231956729704450e+01
5.330000000000000293e-01 9.637835544096188301e+01
5.340000000000000302e-01 9.665471150620709295e+01
5.350000000000000311e-01 9.693138752792422963e+01
5.360000000000000320e-01 9.720838327154537239e+01
5.370000000000000329e-01 9.748569850304085094e+01
5.380000000000000338e-01 9.776333298891751156e+01
5.390000000000000346e-01 9.804128649621688396e+01
5.400000000000000355e-01 9.831955879251316333e+01
5.410000000000000364e-01 9.859814964591116393e+01
5.420000000000000373e-01 9.887705882504457122e+01
5.430000000000000382e-01 9.915628609907406599e+01
5.440000000000000391e-01 9.943583123768536325e+01
5.450000000000000400e-01 9.971569401108760644e+01
5.460000000000000409e-01 9.999587419001085209e+01
5.470000000000000417e-01 1.002763715457050751e+02
5.480000000000000426e-01 1.005571858499376390e+02
5.490000000000000435e-01 1.008383168749917189e+02
5.500000000000000444e-01 1.011197643936646671e+02
5.510000000000000453e-01 1.014015281792656253e+02
5.520000000000000462e-01 1.016836080056143317e+02
5.530000000000000471e-01 1.019660036470390310e+02
5.540000000000000480e-01 1.022487148783747557e+02
5.550000000000000488e-01 1.025317414749612226e+02
5.560000000000000497e-01 1.028150832126414684e+02
5.570000000000000506e-01 1.030987398677598605e+02
5.580000000000000515e-01 1.033827112171605478e+02
5.590000000000000524e-01 1.036669970381854284e+02
5.600000000000000533e-01 1.039515971086723596e+02
5.610000000000000542e-01 1.042365112069538213e+02
5.620000000000000551e-01 1.045217391118548562e+02
5.630000000000000560e-01 1.048072806026912076e+02
5.640000000000000568e-01 1.050931354592680975e+02
5.650000000000000577e-01 1.053793034618779672e+02
5.660000000000000586e-01 1.056657843912993400e+02
5.670000000000000595e-01 1.059525780287946191e+02
5.680000000000000604e-01 1.062396841561085665e+02
5.690000000000000613e-01 1.065271025554665272e+02
5.700000000000000622e-01 1.068148330095733769e+02
5.710000000000000631e-01 1.071028753016109505e+02
5.720000000000000639e-01 1.073912292152368053e+02
5.730000000000000648e-01 1.076798945345827576e+02
5.740000000000000657e-01 1.079688710442528787e+02
5.750000000000000666e-01 1.082581585293221877e+02
5.760000000000000675e-01 1.085477567753347472e+02
5.769999999999999574e-01 1.088376655683019862e+02
5.779999999999999583e-01 1.091278846947016348e+02
5.789999999999999591e-01 1.094184139414754640e+02
5.799999999999999600e-01 1.097092530960281636e+02
5.809999999999999609e-01 1.100004019462250682e+02
5.819999999999999618e-01 1.102918602803918873e+02
5.829999999999999627e-01 1.105836278873114225e+02
5.839999999999999636e-01 1.108757045562232975e+02
5.849999999999999645e-01 1.111680900768220681e+02
5.859999999999999654e-01 1.114607842392551476e+02
5.869999999999999662e-01 1.117537868341222094e+02
5.879999999999999671e-01 1.120470976524724449e+02
5.889999999999999680e-01 1.123407164858043643e+02
5.899999999999999689e-01 1.126346431260629544e+02
5.909999999999999698e-01 1.129288773656391243e+02
5.919999999999999707e-01 1.132234189973679719e+02
5.929999999999999716e-01 1.135182678145267232e+02
5.939999999999999725e-01 1.138134236108342350e+02
5.949999999999999734e-01 1.141088861804482661e+02
5.959999999999999742e-01 1.144046553179652079e+02
5.969999999999999751e-01 1.147007308184175116e+02
5.979999999999999760e-01 1.149971124772733191e+02
5.989999999999999769e-01 1.152938000904339333e+02
5.999999999999999778e-01 1.155907934542329656e+02
6.009999999999999787e-01 1.158880923654349004e+02
6.019999999999999796e-01 1.161856966212333191e+02
6.029999999999999805e-01 1.164836060192497342e+02
6.039999999999999813e-01 1.167818203575317710e+02
6.049999999999999822e-01 1.170803394345524282e+02
6.059999999999999831e-01 1.173791630492078326e+02
6.069999999999999840e-01 1.176782910008165715e+02
6.079999999999999849e-01 1.179777230891176032e+02
6.089999999999999858e-01 1.182774591142694618e+02
6.099999999999999867e-01 1.185774988768482956e+02
6.109999999999999876e-01 1.188778421778469720e+02
6.119999999999999885e-01 1.191784888186733156e+02
6.129999999999999893e-01 1.194794386011488143e+02
6.139999999999999902e-01 1.197806913275075971e+02
6.149999999999999911e-01 1.200822468003945431e+02
6.159999999999999920e-01 1.203841048228640886e+02
6.169999999999999929e-01 1.206862651983789334e+02
6.179999999999999938e-01 1.209887277308088613e+02
6.189999999999999947e-01 1.212914922244292200e+02
6.199999999999999956e-01 1.215945584839192861e+02
6.209999999999999964e-01 1.218979263143615270e+02
6.219999999999999973e-01 1.222015955212396108e+02
6.229999999999999982e-01 1.225055659104377668e+02
6.239999999999999991e-01 1.228098372882390237e+02
6.250000000000000000e-01 1.231144094613238593e+02
6.260000000000000009e-01 1.234192822367693338e+02
6.270000000000000018e-01 1.237244554220471429e+02
6.280000000000000027e-01 1.240299288250231200e+02
6.290000000000000036e-01 1.243357022539550485e+02
6.300000000000000044e-01 1.246417755174920359e+02
6.310000000000000053e-01 1.249481484246731782e+02
6.320000000000000062e-01 1.252548207849259256e+02
6.330000000000000071e-01 1.255617924080650312e+02
6.340000000000000080e-01 1.258690631042916692e+02
6.350000000000000089e-01 1.261766326841911763e+02
6.360000000000000098e-01 1.264845009587329088e+02
6.370000000000000107e-01 1.267926677392683246e+02
6.380000000000000115e-01 1.271011328375299883e+02
6.390000000000000124e-01 1.274098960656303916e+02
6.400000000000000133e-01 1.277189572360602909e+02
6.410000000000000142e-01 1.280283161616881671e+02
6.420000000000000151e-01 1.283379726557583922e+02
6.430000000000000160e-01 1.286479265318903344e+02
6.440000000000000169e-01 1.289581776040773207e+02
6.450000000000000178e-01 1.292687256866847747e+02
6.460000000000000187e-01 1.295795705944498195e+02
6.470000000000000195e-01 1.298907121424793729e+02
6.480000000000000204e-01 1.302021501462496076e+02
6.490000000000000213e-01 1.305138844216042457e+02
6.500000000000000222e-01 1.308259147847538770e+02
6.510000000000000231e-01 1.311382410522739121e+02
6.520000000000000240e-01 1.314508630411045829e+02
6.530000000000000249e-01 1.317637805685490378e+02
6.540000000000000258e-01 1.320769934522722906e+02
6.550000000000000266e-01 1.323905015102999982e+02
6.560000000000000275e-01 1.327043045610175795e+02
6.570000000000000284e-01 1.330184024231691353e+02
6.580000000000000293e-01 1.333327949158555441e+02
6.590000000000000302e-01 1.336474818585344337e+02
6.600000000000000311e-01 1.339624630710181918e+02
6.610000000000000320e-01 1.342777383734734258e+02
6.620000000000000329e-01 1.345933075864192006e+02
6.630000000000000338e-01 1.349091705307266693e+02
6.640000000000000346e-01 1.352253270276172543e+02
6.650000000000000355e-01 1.355417768986621923e+02
6.660000000000000364e-01 1.358585199657809426e+02
6.670000000000000373e-01 1.361755560512403065e+02
6.680000000000000382e-01 1.364928849776530910e+02
6.690000000000000391e-01 1.368105065679777113e+02
6.700000000000000400e-01 1.371284206455160870e+02
6.710000000000000409e-01 1.374466270339136713e+02
6.720000000000000417e-01 1.377651255571573188e+02
6.730000000000000426e-01 1.380839160395748877e+02
6.740000000000000435e-01 1.384029983058339326e+02
6.750000000000000444e-01 1.387223721809410790e+02
6.760000000000000453e-01 1.390420374902397782e+02
6.770000000000000462e-01 1.393619940594108755e+02
6.780000000000000471e-01 1.396822417144705923e+02
6.790000000000000480e-01 1.400027802817693612e+02
6.800000000000000488e-01 1.403236095879913137e+02
6.810000000000000497e-01 1.406447294601529165e+02
6.820000000000000506e-01 1.409661397256020905e+02
6.830000000000000515e-01 1.412878402120171017e+02
6.840000000000000524e-01 1.416098307474056526e+02
6.850000000000000533e-01 1.419321111601037444e+02
6.860000000000000542e-01 1.422546812787746262e+02
6.870000000000000551e-01 1.425775409324079419e+02
6.880000000000000560e-01 1.429006899503185650e+02
6.890000000000000568e-01 1.432241281621460303e+02
6.900000000000000577e-01 1.435478553978525156e+02
6.910000000000000586e-01 1.438718714877234106e+02
6.920000000000000595e-01 1.441961762623644745e+02
6.930000000000000604e-01 1.445207695527028022e+02
6.940000000000000613e-01 1.448456511899839825e+02
6.950000000000000622e-01 1.451708210057724955e+02
6.960000000000000631e-01 1.454962788319504057e+02
6.970000000000000639e-01 1.458220245007156848e+02
6.980000000000000648e-01 1.461480578445824676e+02
6.990000000000000657e-01 1.464743786963787215e+02
7.000000000000000666e-01 1.468009868892465022e+02
7.010000000000000675e-01 1.471278822566404187e+02
7.020000000000000684e-01 1.474550646323266960e+02
7.030000000000000693e-01 1.477825338503821513e+02
7.039999999999999591e-01 1.481102897451937110e+02
7.049999999999999600e-01 1.484383321514568763e+02
7.059999999999999609e-01 1.487666609041754384e+02
7.069999999999999618e-01 1.490952758386597168e+02
7.079999999999999627e-01 1.494241767905264169e+02
7.089999999999999636e-01 1.497533635956973512e+02
7.099999999999999645e-01 1.500828360903986152e+02
7.109999999999999654e-01 1.504125941111594784e+02
7.119999999999999662e-01 1.507426374948117314e+02
7.129999999999999671e-01 1.510729660784887187e+02
7.139999999999999680e-01 1.514035796996242880e+02
7.149999999999999689e-01 1.517344781959521356e+02
7.159999999999999698e-01 1.520656614055043576e+02
7.169999999999999707e-01 1.523971291666116485e+02
7.179999999999999716e-01 1.527288813179010845e+02
7.189999999999999725e-01 1.530609176982962936e+02
7.199999999999999734e-01 1.533932381470160919e+02
7.209999999999999742e-01 1.537258425035736025e+02
7.219999999999999751e-01 1.540587306077753169e+02
7.229999999999999760e-01 1.543919022997205843e+02
7.239999999999999769e-01 1.547253574198006447e+02
7.249999999999999778e-01 1.550590958086973501e+02
7.259999999999999787e-01 1.553931173073827381e+02
7.269999999999999796e-01 1.557274217571181225e+02
7.279999999999999805e-01 1.560620089994529280e+02
7.289999999999999813e-01 1.563968788762243207e+02
7.299999999999999822e-01 1.567320312295559575e+02
7.309999999999999831e-01 1.570674659018573323e+02
7.319999999999999840e-01 1.574031827358229521e+02
7.329999999999999849e-01 1.577391815744313135e+02
7.339999999999999858e-01 1.580754622609443913e+02
7.349999999999999867e-01 1.584120246389063595e+02
7.359999999999999876e-01 1.587488685521432785e+02
7.369999999999999885e-01 1.590859938447620436e+02
7.379999999999999893e-01 1.594234003611491630e+02
7.389999999999999902e-01 1.597610879459707576e+02
7.399999999999999911e-01 1.600990564441710262e+02
7.409999999999999920e-01 1.604373057009718195e+02
7.419999999999999929e-01 1.607758355618716450e+02
7.429999999999999938e-01 1.611146458726452124e+02
7.439999999999999947e-01 1.614537364793420124e+02
7.449999999999999956e-01 1.617931072282860896e+02
7.459999999999999964e-01 1.621327579660750189e+02
7.469999999999999973e-01 1.624726885395790816e+02
7.479999999999999982e-01 1.628128987959403275e+02
7.489999999999999991e-01 1.631533885825724042e+02
7.500000000000000000e-01 1.634941577471590222e+02
7.510000000000000009e-01 1.638352061376536142e+02
7.520000000000000018e-01 1.641765336022785391e+02
7.530000000000000027e-01 1.645181399895240588e+02
7.540000000000000036e-01 1.648600251481478267e+02
7.550000000000000044e-01 1.652021889271740633e+02
7.560000000000000053e-01 1.655446311758925617e+02
7.570000000000000062e-01 1.658873517438582326e+02
7.580000000000000071e-01 1.662303504808904222e+02
7.590000000000000080e-01 1.665736272370717188e+02
7.600000000000000089e-01 1.669171818627476114e+02
7.610000000000000098e-01 1.672610142085252676e+02
7.620000000000000107e-01 1.676051241252733917e+02
7.630000000000000115e-01 1.679495114641212297e+02
7.640000000000000124e-01 1.682941760764577168e+02
7.650000000000000133e-01 1.686391178139303690e+02
7.660000000000000142e-01 1.689843365284457946e+02
7.670000000000000151e-01 1.693298320721675339e+02
7.680000000000000160e-01 1.696756042975160312e+02
7.690000000000000169e-01 1.700216530571682085e+02
7.700000000000000178e-01 1.703679782040559303e+02
7.710000000000000187e-01 1.707145795913658048e+02
7.720000000000000195e-01 1.710614570725385590e+02
7.730000000000000204e-01 1.714086105012679582e+02
7.740000000000000213e-01 1.717560397315002092e+02
7.750000000000000222e-01 1.721037446174335628e+02
7.760000000000000231e-01 1.724517250135171480e+02
7.770000000000000240e-01 1.727999807744503755e+02
7.780000000000000249e-01 1.731485117551829944e+02
7.790000000000000258e-01 1.734973178109127616e+02
7.800000000000000266e-01 1.738463987970862377e+02
7.810000000000000275e-01 1.741957545693976499e+02
7.820000000000000284e-01 1.745453849837879261e+02
7.830000000000000293e-01 1.748952898964442397e+02
7.840000000000000302e-01 1.752454691637993278e+02
7.850000000000000311e-01 1.755959226425308373e+02
7.860000000000000320e-01 1.759466501895602732e+02
7.870000000000000329e-01 1.762976516620531697e+02
7.880000000000000338e-01 1.766489269174171000e+02
7.890000000000000346e-01 1.770004758133024438e+02
7.900000000000000355e-01 1.773522982076006542e+02
7.910000000000000364e-01 1.777043939584443422e+02
7.920000000000000373e-01 1.780567629242056853e+02
7.930000000000000382e-01 1.784094049634966268e+02
7.940000000000000391e-01 1.787623199351681365e+02
7.950000000000000400e-01 1.791155076983090169e+02
7.960000000000000409e-01 1.794689681122456477e+02
7.970000000000000417e-01 1.798227010365411047e+02
7.980000000000000426e-01 1.801767063309950458e+02
7.990000000000000435e-01 1.805309838556420345e+02
8.000000000000000444e-01 1.808855334707523070e+02
8.010000000000000453e-01 1.812403550368294987e+02
8.020000000000000462e-01 1.815954484146113828e+02
8.030000000000000471e-01 1.819508134650686202e+02
8.040000000000000480e-01 1.823064500494043045e+02
8.050000000000000488e-01 1.826623580290527684e+02
8.060000000000000497e-01 1.830185372656798961e+02
8.070000000000000506e-01 1.833749876211816741e+02
8.080000000000000515e-01 1.837317089576841340e+02
8.090000000000000524e-01 1.840887011375423583e+02
8.100000000000000533e-01 1.844459640233399682e+02
8.110000000000000542e-01 1.848034974778886408e+02
8.120000000000000551e-01 1.851613013642271994e+02
8.130000000000000560e-01 1.855193755456212443e+02
8.140000000000000568e-01 1.858777198855626125e+02
8.150000000000000577e-01 1.862363342477682977e+02
8.160000000000000586e-01 1.865952184961805074e+02
8.170000000000000595e-01 1.869543724949654973e+02
8.180000000000000604e-01 1.873137961085133156e+02
8.190000000000000613e-01 1.876734892014370075e+02
8.200000000000000622e-01 1.880334516385718757e+02
8.210000000000000631e-01 1.883936832849753955e+02
8.220000000000000639e-01 1.887541840059262199e+02
8.230000000000000648e-01 1.891149536669236397e+02
8.240000000000000657e-01 1.894759921336869866e+02
8.250000000000000666e-01 1.898372992721550645e+02
8.260000000000000675e-01 1.901988749484856385e+02
8.270000000000000684e-01 1.905607190290548942e+02
8.280000000000000693e-01 1.909228313804566426e+02
8.290000000000000702e-01 1.912852118695016657e+02
8.300000000000000711e-01 1.916478603632177737e+02
8.310000000000000719e-01 1.920107767288482421e+02
8.320000000000000728e-01 1.923739608338522942e+02
8.329999999999999627e-01 1.927374125459034531e+02
8.339999999999999636e-01 1.931011317328903374e+02
8.349999999999999645e-01 1.934651182629143307e+02
8.359999999999999654e-01 1.938293720042905193e+02
8.369999999999999662e-01 1.941938928255465555e+02
8.379999999999999671e-01 1.945586805954222314e+02
8.389999999999999680e-01 1.949237351828682847e+02
8.399999999999999689e-01 1.952890564570467404e+02
8.409999999999999698e-01 1.956546442873300862e+02
8.419999999999999707e-01 1.960204985433003912e+02
8.429999999999999716e-01 1.963866190947490509e+02
8.439999999999999725e-01 1.967530058116759903e+02
8.449999999999999734e-01 1.971196585642897503e+02
8.459999999999999742e-01 1.974865772230058099e+02
8.469999999999999751e-01 1.978537616584473540e+02
8.479999999999999760e-01 1.982212117414434829e+02
8.489999999999999769e-01 1.985889273430297806e+02
8.499999999999999778e-01 1.989569083344471210e+02
8.509999999999999787e-01 1.993251545871411565e+02
8.519999999999999796e-01 1.996936659727620054e+02
8.529999999999999805e-01 2.000624423631635977e+02
8.539999999999999813e-01 2.004314836304031644e+02
8.549999999999999822e-01 2.008007896467408102e+02
8.559999999999999831e-01 2.011703602846388321e+02
8.569999999999999840e-01 2.015401954167610370e+02
8.579999999999999849e-01 2.019102949159728553e+02
8.589999999999999858e-01 2.022806586553401189e+02
8.599999999999999867e-01 2.026512865081287487e+02
8.609999999999999876e-01 2.030221783478047541e+02
8.619999999999999885e-01 2.033933340480327843e+02
8.629999999999999893e-01 2.037647534826762126e+02
8.639999999999999902e-01 2.041364365257968529e+02
8.649999999999999911e-01 2.045083830516537375e+02
8.659999999999999920e-01 2.048805929347031451e+02
8.669999999999999929e-01 2.052530660495978054e+02
8.679999999999999938e-01 2.056258022711866147e+02
8.689999999999999947e-01 2.059988014745142664e+02
8.699999999999999956e-01 2.063720635348201711e+02
8.709999999999999964e-01 2.067455883275385702e+02
8.719999999999999973e-01 2.071193757282974559e+02
8.729999999999999982e-01 2.074934256129188839e+02
8.739999999999999991e-01 2.078677378574175805e+02
8.750000000000000000e-01 2.082423123380008860e+02
8.760000000000000009e-01 2.086171489310684706e+02
8.770000000000000018e-01 2.089922475132117370e+02
8.780000000000000027e-01 2.093676079612125420e+02
8.790000000000000036e-01 2.097432301520442763e+02
8.800000000000000044e-01 2.101191139628697897e+02
8.810000000000000053e-01 2.104952592710419026e+02
8.820000000000000062e-01 2.108716659541025820e+02
8.830000000000000071e-01 2.112483338897824865e+02
8.840000000000000080e-01 2.116252629560006824e+02
8.850000000000000089e-01 2.120024530308637054e+02
8.860000000000000098e-01 2.123799039926656462e+02
8.870000000000000107e-01 2.127576157198870703e+02
8.880000000000000115e-01 2.131355880911953875e+02
8.890000000000000124e-01 2.135138209854434024e+02
8.900000000000000133e-01 2.138923142816695986e+02
8.910000000000000142e-01 2.142710678590974567e+02
8.920000000000000151e-01 2.146500815971347436e+02
8.930000000000000160e-01 2.150293553753731430e+02
8.940000000000000169e-01 2.154088890735881705e+02
8.950000000000000178e-01 2.157886825717384625e+02
8.960000000000000187e-01 2.161687357499650659e+02
8.970000000000000195e-01 2.165490484885911542e+02
8.980000000000000204e-01 2.169296206681220838e+02
8.990000000000000213e-01 2.173104521692439732e+02
9.000000000000000222e-01 2.176915428728240443e+02
9.010000000000000231e-01 2.180728926599097406e+02
9.020000000000000240e-01 2.184545014117286144e+02
9.030000000000000249e-01 2.188363690096873881e+02
9.040000000000000258e-01 2.192184953353721539e+02
9.050000000000000266e-01 2.196008802705474920e+02
9.060000000000000275e-01 2.199835236971559880e+02
9.070000000000000284e-01 2.203664254973180903e+02
9.080000000000000293e-01 2.207495855533313147e+02
9.090000000000000302e-01 2.211330037476702159e+02
9.100000000000000311e-01 2.215166799629857621e+02
9.110000000000000320e-01 2.219006140821047950e+02
9.120000000000000329e-01 2.222848059880292908e+02
9.130000000000000338e-01 2.226692555639370994e+02
9.140000000000000346e-01 2.230539626931799262e+02
9.150000000000000355e-01 2.234389272592844975e+02
9.160000000000000364e-01 2.238241491459505426e+02
9.170000000000000373e-01 2.242096282370517599e+02
9.180000000000000382e-01 2.245953644166345669e+02
9.190000000000000391e-01 2.249813575689177867e+02
9.200000000000000400e-01 2.253676075782928763e+02
9.210000000000000409e-01 2.257541143293221069e+02
9.220000000000000417e-01 2.261408777067397295e+02
9.230000000000000426e-01 2.265278975954506393e+02
9.240000000000000435e-01 2.269151738805301761e+02
9.250000000000000444e-01 2.273027064472234429e+02
9.260000000000000453e-01 2.276904951809457316e+02
9.270000000000000462e-01 2.280785399672807046e+02
9.280000000000000471e-01 2.284668406919813606e+02
9.290000000000000480e-01 2.288553972409694097e+02
9.300000000000000488e-01 2.292442095003334259e+02
9.310000000000000497e-01 2.296332773563306660e+02
9.320000000000000506e-01 2.300226006953846820e+02
9.330000000000000515e-01 2.304121794040865154e+02
9.340000000000000524e-01 2.308020133691929345e+02
9.350000000000000533e-01 2.311921024776268609e+02
9.360000000000000542e-01 2.315824466164770854e+02
9.370000000000000551e-01 2.319730456729969603e+02
9.380000000000000560e-01 2.323638995346052241e+02
9.390000000000000568e-01 2.327550080888839830e+02
9.400000000000000577e-01 2.331463712235807293e+02
9.410000000000000586e-01 2.335379888266051012e+02
9.420000000000000595e-01 2.339298607860308152e+02
9.430000000000000604e-01 2.343219869900939898e+02
9.440000000000000613e-01 2.347143673271933153e+02
9.450000000000000622e-01 2.351070016858891449e+02
9.460000000000000631e-01 2.354998899549040061e+02
9.470000000000000639e-01 2.358930320231211510e+02
9.480000000000000648e-01 2.362864277795848409e+02
9.490000000000000657e-01 2.366800771135000048e+02
9.500000000000000666e-01 2.370739799142312734e+02
9.510000000000000675e-01 2.374681360713034053e+02
9.520000000000000684e-01 2.378625454743999796e+02
9.530000000000000693e-01 2.382572080133639929e+02
9.540000000000000702e-01 2.386521235781964094e+02
9.550000000000000711e-01 2.390472920590572130e+02
9.560000000000000719e-01 2.394427133462636732e+02
9.570000000000000728e-01 2.398383873302903737e+02
9.580000000000000737e-01 2.402343139017690987e+02
9.590000000000000746e-01 2.406304929514886908e+02
9.599999999999999645e-01 2.410269243703939424e+02
9.609999999999999654e-01 2.414236080495855390e+02
9.619999999999999662e-01 2.418205438803202298e+02
9.629999999999999671e-01 2.422177317540092929e+02
9.639999999999999680e-01 2.426151715622194445e+02
9.649999999999999689e-01 2.430128631966717023e+02
9.659999999999999698e-01 2.434108065492411868e+02
9.669999999999999707e-01 2.438090015119569784e+02
9.679999999999999716e-01 2.442074479770009816e+02
9.689999999999999725e-01 2.446061458367088619e+02
9.699999999999999734e-01 2.450050949835687959e+02
9.709999999999999742e-01 2.454042953102211584e+02
9.719999999999999751e-01 2.458037467094581245e+02
9.729999999999999760e-01 2.462034490742239541e+02
9.739999999999999769e-01 2.466034022976138544e+02
9.749999999999999778e-01 2.470036062728741797e+02
9.759999999999999787e-01 2.474040608934016916e+02
9.769999999999999796e-01 2.478047660527433891e+02
9.779999999999999805e-01 2.482057216445959966e+02
9.789999999999999813e-01 2.486069275628063906e+02
9.799999999999999822e-01 2.490083837013698655e+02
9.809999999999999831e-01 2.494100899544308447e+02
9.819999999999999840e-01 2.498120462162823685e+02
9.829999999999999849e-01 2.502142523813654975e+02
9.839999999999999858e-01 2.506167083442690000e+02
9.849999999999999867e-01 2.510194139997295792e+02
9.859999999999999876e-01 2.514223692426303103e+02
9.869999999999999885e-01 2.518255739680015779e+02
9.879999999999999893e-01 2.522290280710201955e+02
9.889999999999999902e-01 2.526327314470088368e+02
9.899999999999999911e-01 2.530366839914361208e+02
9.909999999999999920e-01 2.534408855999160721e+02
9.919999999999999929e-01 2.538453361682080924e+02
9.929999999999999938e-01 2.542500355922157667e+02
9.939999999999999947e-01 2.546549837679875168e+02
9.949999999999999956e-01 2.550601805917156639e+02
9.959999999999999964e-01 2.554656259597367409e+02
9.969999999999999973e-01 2.558713197685302134e+02
9.979999999999999982e-01 2.562772619147190198e+02
9.989999999999999991e-01 2.566834522950688324e+02
1.000000000000000000e+00 2.570898908064875172e+02
