0.000000000000000000e+00 0.000000000000000000e+00
1.000000000000000021e-03 9.656274339690290587e-01
2.000000000000000042e-03 1.451254518631884594e+00
3.000000000000000062e-03 1.830293279645784477e+00
4.000000000000000083e-03 2.150956465720238686e+00
5.000000000000000104e-03 2.433053977159832293e+00
6.000000000000000125e-03 2.687138466070833065e+00
7.000000000000000146e-03 2.919655931770556823e+00
8.000000000000000167e-03 3.134898954878533761e+00
9.000000000000001055e-03 3.335902526473283114e+00
1.000000000000000021e-02 3.524909319195742352e+00
1.099999999999999936e-02 3.703633751647275485e+00
1.200000000000000025e-02 3.873422217036705639e+00
1.300000000000000114e-02 4.035355530209659314e+00
1.400000000000000029e-02 4.190317251845863566e+00
1.499999999999999944e-02 4.339040866878161928e+00
1.600000000000000033e-02 4.482143325504999609e+00
1.700000000000000122e-02 4.620149488343360034e+00
1.800000000000000211e-02 4.753510327918769818e+00
1.899999999999999953e-02 4.882616736406943048e+00
2.000000000000000042e-02 5.007810173498001838e+00
2.100000000000000130e-02 5.129390997780840955e+00
2.199999999999999872e-02 5.247625070768584088e+00
2.299999999999999961e-02 5.362749053088138318e+00
2.400000000000000050e-02 5.474974696795877449e+00
2.500000000000000139e-02 5.584492357514661443e+00
2.600000000000000228e-02 5.691473893360460501e+00
2.699999999999999969e-02 5.796075076900601530e+00
2.800000000000000058e-02 5.898437616724083732e+00
2.900000000000000147e-02 5.998690863315394139e+00
2.999999999999999889e-02 6.096953257573933804e+00
3.099999999999999978e-02 6.193333567972359788e+00
3.200000000000000067e-02 6.287931952923239365e+00
3.300000000000000155e-02 6.380840877662618205e+00
3.400000000000000244e-02 6.472145909314312107e+00
3.500000000000000333e-02 6.561926409374208014e+00
3.600000000000000422e-02 6.650256139358140750e+00
3.699999999999999817e-02 6.737203792575186867e+00
3.799999999999999906e-02 6.822833462759230194e+00
3.899999999999999994e-02 6.907205058493979699e+00
4.000000000000000083e-02 6.990374670908267696e+00
4.100000000000000172e-02 7.072394900927950090e+00
4.200000000000000261e-02 7.153315151394370019e+00
4.300000000000000350e-02 7.233181888553649408e+00
4.399999999999999745e-02 7.312038876753711669e+00
4.499999999999999833e-02 7.389927389629973753e+00
4.599999999999999922e-02 7.466886400595771356e+00
4.700000000000000011e-02 7.542952755063316417e+00
4.800000000000000100e-02 7.618161326491541097e+00
4.900000000000000189e-02 7.692545158078682555e+00
5.000000000000000278e-02 7.766135591680625616e+00
5.100000000000000366e-02 7.838962385334227179e+00
5.200000000000000455e-02 7.911053820592042207e+00
5.299999999999999850e-02 7.982436800726967263e+00
5.399999999999999939e-02 8.053136940737413596e+00
5.500000000000000028e-02 8.123178649973775478e+00
5.600000000000000117e-02 8.192585208111481165e+00
5.700000000000000205e-02 8.261378835113118768e+00
5.800000000000000294e-02 8.329580755750097154e+00
5.900000000000000383e-02 8.397211259191431409e+00
5.999999999999999778e-02 8.464289754112114039e+00
6.099999999999999867e-02 8.530834819725399143e+00
6.199999999999999956e-02 8.596864253100893194e+00
6.300000000000000044e-02 8.662395113092893340e+00
6.400000000000000133e-02 8.727443761170613712e+00
6.500000000000000222e-02 8.792025899412552192e+00
6.600000000000000311e-02 8.856156605901688295e+00
6.700000000000000400e-02 8.919850367734902363e+00
6.800000000000000488e-02 8.983121111839878381e+00
6.900000000000000577e-02 9.045982233774445547e+00
7.000000000000000666e-02 9.108446624666962421e+00
7.100000000000000755e-02 9.170526696441998027e+00
7.200000000000000844e-02 9.232234405462405036e+00
7.299999999999999545e-02 9.293581274707291229e+00
7.399999999999999634e-02 9.354578414594769242e+00
7.499999999999999722e-02 9.415236542549157761e+00
7.599999999999999811e-02 9.475566001403459282e+00
7.699999999999999900e-02 9.535576776720542824e+00
7.799999999999999989e-02 9.595278513109461116e+00
7.900000000000000078e-02 9.654680529606789463e+00
8.000000000000000167e-02 9.713791834187615493e+00
8.100000000000000255e-02 9.772621137465229424e+00
8.200000000000000344e-02 9.831176865634093431e+00
8.300000000000000433e-02 9.889467172706407183e+00
8.400000000000000522e-02 9.947499952088479702e+00
8.500000000000000611e-02 1.000528284753992558e+01
8.600000000000000699e-02 1.006282326355502654e+01
8.700000000000000788e-02 1.012012837520313191e+01
8.799999999999999489e-02 1.017720513746174049e+01
8.899999999999999578e-02 1.023406029407394691e+01
8.999999999999999667e-02 1.029070038595920522e+01
9.099999999999999756e-02 1.034713175920464678e+01
9.199999999999999845e-02 1.040336057266198644e+01
9.299999999999999933e-02 1.045939280517351655e+01
9.400000000000000022e-02 1.051523426244886750e+01
9.500000000000000111e-02 1.057089058361296452e+01
9.600000000000000200e-02 1.062636724744389127e+01
9.700000000000000289e-02 1.068166957831857111e+01
9.800000000000000377e-02 1.073680275188240962e+01
9.900000000000000466e-02 1.079177180045864759e+01
1.000000000000000056e-01 1.084658161821147537e+01
1.010000000000000064e-01 1.090123696607662751e+01
1.020000000000000073e-01 1.095574247647191157e+01
1.030000000000000082e-01 1.101010265779948050e+01
1.040000000000000091e-01 1.106432189875106609e+01
1.049999999999999961e-01 1.111840447242627761e+01
1.059999999999999970e-01 1.117235454027400365e+01
1.069999999999999979e-01 1.122617615586583106e+01
1.079999999999999988e-01 1.127987326851024896e+01
1.089999999999999997e-01 1.133344972671557116e+01
1.100000000000000006e-01 1.138690928150929871e+01
1.110000000000000014e-01 1.144025558962104228e+01
1.120000000000000023e-01 1.149349221653569231e+01
1.130000000000000032e-01 1.154662263942328870e+01
1.140000000000000041e-01 1.159965024995148042e+01
1.150000000000000050e-01 1.165257835698630018e+01
1.160000000000000059e-01 1.170541018918655674e+01
1.170000000000000068e-01 1.175814889749682024e+01
1.180000000000000077e-01 1.181079755754394789e+01
1.190000000000000085e-01 1.186335917194132783e+01
1.199999999999999956e-01 1.191583667250548118e+01
1.209999999999999964e-01 1.196823292238868142e+01
1.219999999999999973e-01 1.202055071813164489e+01
1.229999999999999982e-01 1.207279279163980590e+01
1.239999999999999991e-01 1.212496181208658541e+01
1.250000000000000000e-01 1.217706038774690569e+01
1.260000000000000009e-01 1.222909106776405075e+01
1.270000000000000018e-01 1.228105634385268274e+01
1.280000000000000027e-01 1.233295865194099683e+01
1.290000000000000036e-01 1.238480037375428466e+01
1.300000000000000044e-01 1.243658383834283576e+01
1.310000000000000053e-01 1.248831132355612539e+01
1.320000000000000062e-01 1.253998505746586467e+01
1.330000000000000071e-01 1.259160721973982433e+01
1.340000000000000080e-01 1.264317994296862402e+01
1.350000000000000089e-01 1.269470531394737733e+01
1.360000000000000098e-01 1.274618537491393333e+01
1.370000000000000107e-01 1.279762212474566141e+01
1.380000000000000115e-01 1.284901752011632325e+01
1.390000000000000124e-01 1.290037347661463585e+01
1.400000000000000133e-01 1.295169186982606035e+01
1.410000000000000142e-01 1.300297453637933920e+01
1.420000000000000151e-01 1.305422327495899282e+01
1.430000000000000160e-01 1.310543984728536593e+01
1.440000000000000169e-01 1.315662597906310260e+01
1.449999999999999900e-01 1.320778336089963467e+01
1.459999999999999909e-01 1.325891364919465687e+01
1.469999999999999918e-01 1.331001846700157820e+01
1.479999999999999927e-01 1.336109940486229597e+01
1.489999999999999936e-01 1.341215802161593018e+01
1.499999999999999944e-01 1.346319584518282397e+01
1.509999999999999953e-01 1.351421437332451170e+01
1.519999999999999962e-01 1.356521507438055707e+01
1.529999999999999971e-01 1.361619938798320462e+01
1.539999999999999980e-01 1.366716872575049457e+01
1.549999999999999989e-01 1.371812447195887508e+01
1.559999999999999998e-01 1.376906798419562250e+01
1.570000000000000007e-01 1.382000059399228498e+01
1.580000000000000016e-01 1.387092360743941200e+01
1.590000000000000024e-01 1.392183830578341208e+01
1.600000000000000033e-01 1.397274594600624020e+01
1.610000000000000042e-01 1.402364776138824176e+01
1.620000000000000051e-01 1.407454496205503958e+01
1.630000000000000060e-01 1.412543873550878004e+01
1.640000000000000069e-01 1.417633024714440104e+01
1.650000000000000078e-01 1.422722064075140835e+01
1.660000000000000087e-01 1.427811103900153711e+01
1.670000000000000095e-01 1.432900254392296269e+01
1.680000000000000104e-01 1.437989623736138611e+01
1.690000000000000113e-01 1.443079318142835810e+01
1.700000000000000122e-01 1.448169441893744391e+01
1.710000000000000131e-01 1.453260097382856664e+01
1.720000000000000140e-01 1.458351385158075963e+01
1.730000000000000149e-01 1.463443403961391454e+01
1.740000000000000158e-01 1.468536250767973073e+01
1.750000000000000167e-01 1.473630020824237263e+01
1.759999999999999898e-01 1.478724807684890585e+01
1.769999999999999907e-01 1.483820703249013384e+01
1.779999999999999916e-01 1.488917797795188136e+01
1.789999999999999925e-01 1.494016180015717943e+01
1.799999999999999933e-01 1.499115937049964487e+01
1.809999999999999942e-01 1.504217154516814681e+01
1.819999999999999951e-01 1.509319916546327356e+01
1.829999999999999960e-01 1.514424305810562998e+01
1.839999999999999969e-01 1.519530403553640241e+01
1.849999999999999978e-01 1.524638289621027987e+01
1.859999999999999987e-01 1.529748042488104431e+01
1.869999999999999996e-01 1.534859739288000036e+01
1.880000000000000004e-01 1.539973455838752514e+01
1.890000000000000013e-01 1.545089266669786277e+01
1.900000000000000022e-01 1.550207245047742255e+01
1.910000000000000031e-01 1.555327463001673927e+01
1.920000000000000040e-01 1.560449991347627119e+01
1.930000000000000049e-01 1.565574899712630064e+01
1.940000000000000058e-01 1.570702256558097787e+01
1.950000000000000067e-01 1.575832129202672860e+01
1.960000000000000075e-01 1.580964583844534488e+01
1.970000000000000084e-01 1.586099685583149643e+01
1.980000000000000093e-01 1.591237498440542630e+01
1.990000000000000102e-01 1.596378085382028367e+01
2.000000000000000111e-01 1.601521508336491095e+01
2.010000000000000120e-01 1.606667828216167138e+01
2.020000000000000129e-01 1.611817104935975919e+01
2.030000000000000138e-01 1.616969397432404065e+01
2.040000000000000147e-01 1.622124763681952331e+01
2.050000000000000155e-01 1.627283260719163849e+01
2.060000000000000164e-01 1.632444944654235286e+01
2.070000000000000173e-01 1.637609870690224056e+01
2.080000000000000182e-01 1.642778093139882856e+01
2.089999999999999913e-01 1.647949665442094869e+01
2.099999999999999922e-01 1.653124640177959037e+01
2.109999999999999931e-01 1.658303069086496606e+01
2.119999999999999940e-01 1.663485003080021940e+01
2.129999999999999949e-01 1.668670492259175120e+01
2.139999999999999958e-01 1.673859585927609572e+01
2.149999999999999967e-01 1.679052332606373099e+01
2.159999999999999976e-01 1.684248780047960992e+01
2.169999999999999984e-01 1.689448975250072849e+01
2.179999999999999993e-01 1.694652964469071321e+01
2.190000000000000002e-01 1.699860793233138523e+01
2.200000000000000011e-01 1.705072506355164919e+01
2.210000000000000020e-01 1.710288147945356130e+01
2.220000000000000029e-01 1.715507761423567246e+01
2.230000000000000038e-01 1.720731389531385602e+01
2.240000000000000047e-01 1.725959074343938227e+01
2.250000000000000056e-01 1.731190857281483986e+01
2.260000000000000064e-01 1.736426779120726849e+01
2.270000000000000073e-01 1.741666880005915630e+01
2.280000000000000082e-01 1.746911199459707120e+01
2.290000000000000091e-01 1.752159776393799007e+01
2.300000000000000100e-01 1.757412649119357084e+01
2.310000000000000109e-01 1.762669855357209414e+01
2.320000000000000118e-01 1.767931432247848278e+01
2.330000000000000127e-01 1.773197416361215062e+01
2.340000000000000135e-01 1.778467843706303597e+01
2.350000000000000144e-01 1.783742749740549272e+01
2.360000000000000153e-01 1.789022169379041216e+01
2.370000000000000162e-01 1.794306137003547974e+01
2.380000000000000171e-01 1.799594686471364824e+01
2.390000000000000180e-01 1.804887851123969611e+01
2.399999999999999911e-01 1.810185663795538247e+01
2.409999999999999920e-01 1.815488156821251309e+01
2.419999999999999929e-01 1.820795362045475585e+01
2.429999999999999938e-01 1.826107310829756614e+01
2.439999999999999947e-01 1.831424034060674799e+01
2.449999999999999956e-01 1.836745562157530998e+01
2.459999999999999964e-01 1.842071925079898875e+01
2.469999999999999973e-01 1.847403152335021659e+01
2.479999999999999982e-01 1.852739272985071750e+01
2.489999999999999991e-01 1.858080315654262193e+01
2.500000000000000000e-01 1.863426308535833442e+01
2.510000000000000009e-01 1.868777279398905833e+01
2.520000000000000018e-01 1.874133255595186043e+01
2.530000000000000027e-01 1.879494264065571585e+01
2.540000000000000036e-01 1.884860331346606444e+01
2.550000000000000044e-01 1.890231483576839722e+01
2.560000000000000053e-01 1.895607746503042890e+01
2.570000000000000062e-01 1.900989145486321164e+01
2.580000000000000071e-01 1.906375705508117235e+01
2.590000000000000080e-01 1.911767451176090304e+01
2.600000000000000089e-01 1.917164406729899184e+01
2.610000000000000098e-01 1.922566596046871723e+01
2.620000000000000107e-01 1.927974042647570130e+01
2.630000000000000115e-01 1.933386769701262864e+01
2.640000000000000124e-01 1.938804800031279285e+01
2.650000000000000133e-01 1.944228156120294670e+01
2.660000000000000142e-01 1.949656860115486268e+01
2.670000000000000151e-01 1.955090933833630729e+01
2.680000000000000160e-01 1.960530398766075777e+01
2.690000000000000169e-01 1.965975276083657164e+01
2.700000000000000178e-01 1.971425586641498029e+01
2.710000000000000187e-01 1.976881350983741115e+01
2.720000000000000195e-01 1.982342589348191453e+01
2.730000000000000204e-01 1.987809321670876983e+01
2.740000000000000213e-01 1.993281567590526748e+01
2.750000000000000222e-01 1.998759346452980168e+01
2.760000000000000231e-01 2.004242677315499677e+01
2.770000000000000240e-01 2.009731578951035758e+01
2.780000000000000249e-01 2.015226069852384683e+01
2.790000000000000258e-01 2.020726168236309306e+01
2.800000000000000266e-01 2.026231892047560024e+01
2.810000000000000275e-01 2.031743258962837828e+01
2.820000000000000284e-01 2.037260286394696962e+01
2.830000000000000293e-01 2.042782991495369771e+01
2.840000000000000302e-01 2.048311391160521211e+01
2.850000000000000311e-01 2.053845502032959303e+01
2.860000000000000320e-01 2.059385340506267781e+01
2.870000000000000329e-01 2.064930922728376572e+01
2.880000000000000338e-01 2.070482264605087153e+01
2.889999999999999791e-01 2.076039381803506956e+01
2.899999999999999800e-01 2.081602289755470281e+01
2.909999999999999809e-01 2.087171003660869317e+01
2.919999999999999818e-01 2.092745538490936141e+01
2.929999999999999827e-01 2.098325908991475330e+01
2.939999999999999836e-01 2.103912129686045063e+01
2.949999999999999845e-01 2.109504214879080308e+01
2.959999999999999853e-01 2.115102178658959886e+01
2.969999999999999862e-01 2.120706034901038706e+01
2.979999999999999871e-01 2.126315797270618546e+01
2.989999999999999880e-01 2.131931479225865189e+01
2.999999999999999889e-01 2.137553094020699263e+01
3.009999999999999898e-01 2.143180654707616739e+01
3.019999999999999907e-01 2.148814174140476752e+01
3.029999999999999916e-01 2.154453664977248550e+01
3.039999999999999925e-01 2.160099139682693448e+01
3.049999999999999933e-01 2.165750610531032905e+01
3.059999999999999942e-01 2.171408089608544500e+01
3.069999999999999951e-01 2.177071588816145109e+01
3.079999999999999960e-01 2.182741119871908353e+01
3.089999999999999969e-01 2.188416694313559674e+01
3.099999999999999978e-01 2.194098323500921310e+01
3.109999999999999987e-01 2.199786018618317840e+01
3.119999999999999996e-01 2.205479790676962537e+01
3.130000000000000004e-01 2.211179650517277651e+01
3.140000000000000013e-01 2.216885608811196207e+01
3.150000000000000022e-01 2.222597676064436456e+01
3.160000000000000031e-01 2.228315862618711307e+01
3.170000000000000040e-01 2.234040178653935627e+01
3.180000000000000049e-01 2.239770634190381315e+01
3.190000000000000058e-01 2.245507239090796858e+01
3.200000000000000067e-01 2.251250003062506977e+01
3.210000000000000075e-01 2.256998935659480665e+01
3.220000000000000084e-01 2.262754046284338472e+01
3.230000000000000093e-01 2.268515344190377903e+01
3.240000000000000102e-01 2.274282838483518887e+01
3.250000000000000111e-01 2.280056538124260257e+01
3.260000000000000120e-01 2.285836451929574764e+01
3.270000000000000129e-01 2.291622588574796637e+01
3.280000000000000138e-01 2.297414956595473257e+01
3.290000000000000147e-01 2.303213564389190182e+01
3.300000000000000155e-01 2.309018420217352485e+01
3.310000000000000164e-01 2.314829532206983487e+01
3.320000000000000173e-01 2.320646908352446047e+01
3.330000000000000182e-01 2.326470556517162436e+01
3.340000000000000191e-01 2.332300484435317145e+01
3.350000000000000200e-01 2.338136699713513167e+01
3.360000000000000209e-01 2.343979209832418320e+01
3.370000000000000218e-01 2.349828022148387063e+01
3.380000000000000226e-01 2.355683143895051757e+01
3.390000000000000235e-01 2.361544582184889052e+01
3.400000000000000244e-01 2.367412344010781311e+01
3.410000000000000253e-01 2.373286436247524733e+01
3.420000000000000262e-01 2.379166865653350271e+01
3.430000000000000271e-01 2.385053638871397297e+01
3.440000000000000280e-01 2.390946762431168082e+01
3.450000000000000289e-01 2.396846242749979439e+01
3.460000000000000298e-01 2.402752086134377052e+01
3.470000000000000306e-01 2.408664298781520330e+01
3.480000000000000315e-01 2.414582886780584658e+01
3.490000000000000324e-01 2.420507856114098644e+01
3.500000000000000333e-01 2.426439212659299116e+01
3.510000000000000342e-01 2.432376962189436753e+01
3.519999999999999796e-01 2.438321110375089873e+01
3.529999999999999805e-01 2.444271662785441634e+01
3.539999999999999813e-01 2.450228624889541962e+01
3.549999999999999822e-01 2.456192002057562007e+01
3.559999999999999831e-01 2.462161799562010955e+01
3.569999999999999840e-01 2.468138022578972368e+01
3.579999999999999849e-01 2.474120676189270185e+01
3.589999999999999858e-01 2.480109765379666342e+01
3.599999999999999867e-01 2.486105295044019670e+01
3.609999999999999876e-01 2.492107269984422047e+01
3.619999999999999885e-01 2.498115694912346996e+01
3.629999999999999893e-01 2.504130574449748536e+01
3.639999999999999902e-01 2.510151913130159329e+01
3.649999999999999911e-01 2.516179715399793793e+01
3.659999999999999920e-01 2.522213985618592247e+01
3.669999999999999929e-01 2.528254728061296319e+01
3.679999999999999938e-01 2.534301946918473192e+01
3.689999999999999947e-01 2.540355646297554060e+01
3.699999999999999956e-01 2.546415830223836352e+01
3.709999999999999964e-01 2.552482502641488793e+01
3.719999999999999973e-01 2.558555667414524137e+01
3.729999999999999982e-01 2.564635328327791086e+01
3.739999999999999991e-01 2.570721489087917533e+01
3.750000000000000000e-01 2.576814153324253454e+01
3.760000000000000009e-01 2.582913324589814508e+01
3.770000000000000018e-01 2.589019006362197928e+01
3.780000000000000027e-01 2.595131202044476026e+01
3.790000000000000036e-01 2.601249914966124521e+01
3.800000000000000044e-01 2.607375148383872698e+01
3.810000000000000053e-01 2.613506905482590881e+01
3.820000000000000062e-01 2.619645189376154804e+01
3.830000000000000071e-01 2.625790003108281923e+01
3.840000000000000080e-01 2.631941349653379092e+01
3.850000000000000089e-01 2.638099231917368215e+01
3.860000000000000098e-01 2.644263652738498394e+01
3.870000000000000107e-01 2.650434614888148133e+01
3.880000000000000115e-01 2.656612121071637844e+01
3.890000000000000124e-01 2.662796173928982668e+01
3.900000000000000133e-01 2.668986776035700004e+01
3.910000000000000142e-01 2.675183929903549895e+01
3.920000000000000151e-01 2.681387637981297445e+01
3.930000000000000160e-01 2.687597902655462434e+01
3.940000000000000169e-01 2.693814726251041591e+01
3.950000000000000178e-01 2.700038111032242227e+01
3.960000000000000187e-01 2.706268059203194198e+01
3.970000000000000195e-01 2.712504572908661515e+01
3.980000000000000204e-01 2.718747654234734412e+01
3.990000000000000213e-01 2.724997305209518217e+01
4.000000000000000222e-01 2.731253527803816183e+01
4.010000000000000231e-01 2.737516323931796691e+01
4.020000000000000240e-01 2.743785695451662221e+01
4.030000000000000249e-01 2.750061644166293462e+01
4.040000000000000258e-01 2.756344171823905143e+01
4.050000000000000266e-01 2.762633280118671664e+01
4.060000000000000275e-01 2.768928970691373692e+01
4.070000000000000284e-01 2.775231245130003899e+01
4.080000000000000293e-01 2.781540104970384419e+01
4.090000000000000302e-01 2.787855551696780765e+01
4.100000000000000311e-01 2.794177586742491215e+01
4.110000000000000320e-01 2.800506211490442254e+01
4.120000000000000329e-01 2.806841427273768019e+01
4.130000000000000338e-01 2.813183235376392588e+01
4.140000000000000346e-01 2.819531637033591664e+01
4.150000000000000355e-01 2.825886633432563144e+01
4.160000000000000364e-01 2.832248225712978495e+01
4.169999999999999818e-01 2.838616414967518509e+01
4.179999999999999827e-01 2.844991202242444217e+01
4.189999999999999836e-01 2.851372588538102093e+01
4.199999999999999845e-01 2.857760574809458376e+01
4.209999999999999853e-01 2.864155161966638019e+01
4.219999999999999862e-01 2.870556350875427398e+01
4.229999999999999871e-01 2.876964142357768139e+01
4.239999999999999880e-01 2.883378537192290381e+01
4.249999999999999889e-01 2.889799536114790257e+01
4.259999999999999898e-01 2.896227139818720531e+01
4.269999999999999907e-01 2.902661348955684417e+01
4.279999999999999916e-01 2.909102164135901702e+01
4.289999999999999925e-01 2.915549585928691556e+01
4.299999999999999933e-01 2.922003614862940779e+01
4.309999999999999942e-01 2.928464251427550735e+01
4.319999999999999951e-01 2.934931496071913415e+01
4.329999999999999960e-01 2.941405349206351261e+01
4.339999999999999969e-01 2.947885811202551309e+01
4.349999999999999978e-01 2.954372882394028110e+01
4.359999999999999987e-01 2.960866563076547209e+01
4.369999999999999996e-01 2.967366853508540459e+01
4.380000000000000004e-01 2.973873753911558993e+01
4.390000000000000013e-01 2.980387264470663666e+01
4.400000000000000022e-01 2.986907385334856357e+01
4.410000000000000031e-01 2.993434116617488172e+01
4.420000000000000040e-01 2.999967458396656994e+01
4.430000000000000049e-01 3.006507410715603967e+01
4.440000000000000058e-01 3.013053973583128453e+01
4.450000000000000067e-01 3.019607146973951828e+01
4.460000000000000075e-01 3.026166930829115742e+01
4.470000000000000084e-01 3.032733325056373630e+01
4.480000000000000093e-01 3.039306329530537454e+01
4.490000000000000102e-01 3.045885944093885556e+01
4.500000000000000111e-01 3.052472168556509047e+01
4.510000000000000120e-01 3.059065002696671698e+01
4.520000000000000129e-01 3.065664446261187592e+01
4.530000000000000138e-01 3.072270498965758989e+01
4.540000000000000147e-01 3.078883160495335147e+01
4.550000000000000155e-01 3.085502430504457294e+01
4.560000000000000164e-01 3.092128308617603594e+01
4.570000000000000173e-01 3.098760794429524523e+01
4.580000000000000182e-01 3.105399887505577183e+01
4.590000000000000191e-01 3.112045587382068135e+01
4.600000000000000200e-01 3.118697893566562485e+01
4.610000000000000209e-01 3.125356805538213578e+01
4.620000000000000218e-01 3.132022322748095888e+01
4.630000000000000226e-01 3.138694444619506996e+01
4.640000000000000235e-01 3.145373170548275965e+01
4.650000000000000244e-01 3.152058499903084865e+01
4.660000000000000253e-01 3.158750432025776078e+01
4.670000000000000262e-01 3.165448966231636518e+01
4.680000000000000271e-01 3.172154101809710269e+01
4.690000000000000280e-01 3.178865838023093815e+01
4.700000000000000289e-01 3.185584174109218480e+01
4.710000000000000298e-01 3.192309109280156676e+01
4.720000000000000306e-01 3.199040642722874850e+01
4.730000000000000315e-01 3.205778773599558207e+01
4.740000000000000324e-01 3.212523501047844832e+01
4.750000000000000333e-01 3.219274824181143657e+01
4.760000000000000342e-01 3.226032742088870719e+01
4.770000000000000351e-01 3.232797253836745455e+01
4.780000000000000360e-01 3.239568358467040810e+01
4.790000000000000369e-01 3.246346054998853958e+01
4.799999999999999822e-01 3.253130342428362098e+01
4.809999999999999831e-01 3.259921219729086772e+01
4.819999999999999840e-01 3.266718685852144688e+01
4.829999999999999849e-01 3.273522739726497122e+01
4.839999999999999858e-01 3.280333380259200737e+01
4.849999999999999867e-01 3.287150606335658409e+01
4.859999999999999876e-01 3.293974416819857254e+01
4.869999999999999885e-01 3.300804810554615187e+01
4.879999999999999893e-01 3.307641786361809011e+01
4.889999999999999902e-01 3.314485343042620968e+01
4.899999999999999911e-01 3.321335479377761857e+01
4.909999999999999920e-01 3.328192194127715453e+01
4.919999999999999929e-01 3.335055486032955230e+01
4.929999999999999938e-01 3.341925353814161070e+01
4.939999999999999947e-01 3.348801796172470802e+01
4.949999999999999956e-01 3.355684811789674882e+01
4.959999999999999964e-01 3.362574399328438091e+01
4.969999999999999973e-01 3.369470557432528324e+01
4.979999999999999982e-01 3.376373284727021939e+01
4.989999999999999991e-01 3.383282579818504843e+01
5.000000000000000000e-01 3.390198441295299858e+01
5.010000000000000009e-01 3.397120867727662841e+01
5.020000000000000018e-01 3.404049857667983758e+01
5.030000000000000027e-01 3.410985409651001987e+01
5.040000000000000036e-01 3.417927522193985368e+01
5.050000000000000044e-01 3.424876193796949764e+01
5.060000000000000053e-01 3.431831422942840959e+01
5.070000000000000062e-01 3.438793208097729348e+01
5.080000000000000071e-01 3.445761547711003914e+01
5.090000000000000080e-01 3.452736440215566915e+01
5.100000000000000089e-01 3.459717884028012236e+01
5.110000000000000098e-01 3.466705877548806569e+01
5.120000000000000107e-01 3.473700419162495479e+01
5.130000000000000115e-01 3.480701507237852610e+01
5.140000000000000124e-01 3.487709140128083618e+01
5.150000000000000133e-01 3.494723316170995275e+01
5.160000000000000142e-01 3.501744033689170976e+01
5.170000000000000151e-01 3.508771290990142688e+01
5.180000000000000160e-01 3.515805086366564325e+01
5.190000000000000169e-01 3.522845418096382986e+01
5.200000000000000178e-01 3.529892284443007355e+01
5.210000000000000187e-01 3.536945683655473971e+01
5.220000000000000195e-01 3.544005613968604251e+01
5.230000000000000204e-01 3.551072073603181423e+01
5.240000000000000213e-01 3.558145060766093337e+01
5.250000000000000222e-01 3.565224573650523610e+01
5.260000000000000231e-01 3.572310610436059619e+01
5.270000000000000240e-01 3.579403169288901410e+01
5.280000000000000249e-01 3.586502248361982481e+01
5.290000000000000258e-01 3.593607845795135347e+01
5.300000000000000266e-01 3.600719959715235774e+01
5.310000000000000275e-01 3.607838588236355548e+01
5.320000000000000284e-01 3.614963729459918795e+01
5.330000000000000293e-01 3.622095381474838405e+01
5.340000000000000302e-01 3.629233542357658138e+01
5.350000000000000311e-01 3.636378210172708947e+01
5.360000000000000320e-01 3.643529382972243269e+01
5.370000000000000329e-01 3.650687058796574291e+01
5.380000000000000338e-01 3.657851235674209533e+01
5.390000000000000346e-01 3.665021911622009299e+01
5.400000000000000355e-01 3.672199084645301781e+01
5.410000000000000364e-01 3.679382752738029438e+01
5.420000000000000373e-01 3.686572913882875469e+01
5.430000000000000382e-01 3.693769566051393838e+01
5.440000000000000391e-01 3.700972707204153522e+01
5.450000000000000400e-01 3.708182335290855747e+01
5.460000000000000409e-01 3.715398448250469698e+01
5.470000000000000417e-01 3.722621044011339109e+01
5.480000000000000426e-01 3.729850120491342835e+01
5.490000000000000435e-01 3.737085675597984391e+01
5.500000000000000444e-01 3.744327707228543289e+01
5.510000000000000453e-01 3.751576213270165283e+01
5.520000000000000462e-01 3.758831191600015131e+01
5.530000000000000471e-01 3.766092640085373233e+01
5.540000000000000480e-01 3.773360556583767789e+01
5.550000000000000488e-01 3.780634938943072143e+01
5.560000000000000497e-01 3.787915785001641211e+01
5.570000000000000506e-01 3.795203092588416638e+01
5.580000000000000515e-01 3.802496859523039774e+01
5.590000000000000524e-01 3.809797083615962521e+01
5.600000000000000533e-01 3.817103762668556755e+01
5.610000000000000542e-01 3.824416894473230144e+01
5.620000000000000551e-01 3.831736476813536285e+01
5.630000000000000560e-01 3.839062507464262808e+01
5.640000000000000568e-01 3.846394984191565669e+01
5.650000000000000577e-01 3.853733904753053707e+01
5.660000000000000586e-01 3.861079266897904461e+01
5.670000000000000595e-01 3.868431068366960801e+01
5.680000000000000604e-01 3.875789306892828989e+01
5.690000000000000613e-01 3.883153980199994493e+01
5.700000000000000622e-01 3.890525086004910804e+01
5.710000000000000631e-01 3.897902622016093233e+01
5.720000000000000639e-01 3.905286585934236143e+01
5.730000000000000648e-01 3.912676975452293249e+01
5.740000000000000657e-01 3.920073788255574243e+01
5.750000000000000666e-01 3.927477022021855646e+01
5.760000000000000675e-01 3.934886674421453279e+01
5.769999999999999574e-01 3.942302743117326713e+01
5.779999999999999583e-01 3.949725225765180880e+01
5.789999999999999591e-01 3.957154120013532861e+01
5.799999999999999600e-01 3.964589423503831256e+01
5.809999999999999609e-01 3.972031133870517294e+01
5.819999999999999618e-01 3.979479248741139941e+01
5.829999999999999627e-01 3.986933765736426949e+01
5.839999999999999636e-01 3.994394682470372260e+01
5.849999999999999645e-01 4.001861996550326950e+01
5.859999999999999654e-01 4.009335705577088049e+01
5.869999999999999662e-01 4.016815807144971018e+01
5.879999999999999671e-01 4.024302298841903536e+01
5.889999999999999680e-01 4.031795178249507217e+01
5.899999999999999689e-01 4.039294442943177188e+01
5.909999999999999698e-01 4.046800090492153856e+01
5.919999999999999707e-01 4.054312118459621672e+01
5.929999999999999716e-01 4.061830524402775211e+01
5.939999999999999725e-01 4.069355305872899464e+01
5.949999999999999734e-01 4.076886460415460789e+01
5.959999999999999742e-01 4.084423985570155224e+01
5.969999999999999751e-01 4.091967878871015074e+01
5.979999999999999760e-01 4.099518137846470722e+01
5.989999999999999769e-01 4.107074760019418136e+01
5.999999999999999778e-01 4.114637742907316209e+01
6.009999999999999787e-01 4.122207084022236501e+01
6.019999999999999796e-01 4.129782780870941394e+01
6.029999999999999805e-01 4.137364830954966521e+01
6.039999999999999813e-01 4.144953231770677604e+01
6.049999999999999822e-01 4.152547980809354300e+01
6.059999999999999831e-01 4.160149075557251308e+01
6.069999999999999840e-01 4.167756513495677240e+01
6.079999999999999849e-01 4.175370292101037961e+01
6.089999999999999858e-01 4.182990408844943886e+01
6.099999999999999867e-01 4.190616861194234133e+01
6.109999999999999876e-01 4.198249646611079555e+01
6.119999999999999885e-01 4.205888762553036742e+01
6.129999999999999893e-01 4.213534206473087806e+01
6.139999999999999902e-01 4.221185975819751945e+01
6.149999999999999911e-01 4.228844068037106751e+01
6.159999999999999920e-01 4.236508480564874191e+01
6.169999999999999929e-01 4.244179210838488103e+01
6.179999999999999938e-01 4.251856256289130442e+01
6.189999999999999947e-01 4.259539614343815117e+01
6.199999999999999956e-01 4.267229282425439152e+01
6.209999999999999964e-01 4.274925257952859425e+01
6.219999999999999973e-01 4.282627538340921802e+01
6.229999999999999982e-01 4.290336121000539293e+01
6.239999999999999991e-01 4.298051003338765952e+01
6.250000000000000000e-01 4.305772182758811795e+01
6.260000000000000009e-01 4.313499656660145121e+01
6.270000000000000018e-01 4.321233422438517380e+01
6.280000000000000027e-01 4.328973477486042754e+01
6.290000000000000036e-01 4.336719819191241498e+01
6.300000000000000044e-01 4.344472444939083289e+01
6.310000000000000053e-01 4.352231352111073193e+01
6.320000000000000062e-01 4.359996538085275120e+01
6.330000000000000071e-01 4.367768000236389980e+01
6.340000000000000080e-01 4.375545735935788372e+01
6.350000000000000089e-01 4.383329742551571684e+01
6.360000000000000098e-01 4.391120017448626101e+01
6.370000000000000107e-01 4.398916557988671627e+01
6.380000000000000115e-01 4.406719361530317514e+01
6.390000000000000124e-01 4.414528425429109149e+01
6.400000000000000133e-01 4.422343747037567852e+01
6.410000000000000142e-01 4.430165323705266189e+01
6.420000000000000151e-01 4.437993152778851425e+01
6.430000000000000160e-01 4.445827231602098806e+01
6.440000000000000169e-01 4.453667557515984754e+01
6.450000000000000178e-01 4.461514127858691836e+01
6.460000000000000187e-01 4.469366939965704688e+01
6.470000000000000195e-01 4.477225991169803621e+01
6.480000000000000204e-01 4.485091278801159831e+01
6.490000000000000213e-01 4.492962800187355299e+01
6.500000000000000222e-01 4.500840552653421156e+01
6.510000000000000231e-01 4.508724533521916555e+01
6.520000000000000240e-01 4.516614740112928672e+01
6.530000000000000249e-01 4.524511169744160810e+01
6.540000000000000258e-01 4.532413819730935245e+01
6.550000000000000266e-01 4.540322687386271383e+01
6.560000000000000275e-01 4.548237770020901394e+01
6.570000000000000284e-01 4.556159064943334158e+01
6.580000000000000293e-01 4.564086569459889375e+01
6.590000000000000302e-01 4.572020280874723852e+01
6.600000000000000311e-01 4.579960196489902557e+01
6.610000000000000320e-01 4.587906313605412123e+01
6.620000000000000329e-01 4.595858629519221239e+01
6.630000000000000338e-01 4.603817141527311207e+01
6.640000000000000346e-01 4.611781846923709338e+01
6.650000000000000355e-01 4.619752743000551476e+01
6.660000000000000364e-01 4.627729827048081290e+01
6.670000000000000373e-01 4.635713096354737672e+01
6.680000000000000382e-01 4.643702548207154024e+01
6.690000000000000391e-01 4.651698179890217943e+01
6.700000000000000400e-01 4.659699988687088990e+01
6.710000000000000409e-01 4.667707971879261919e+01
6.720000000000000417e-01 4.675722126746580187e+01
6.730000000000000426e-01 4.683742450567289950e+01
6.740000000000000435e-01 4.691768940618054273e+01
6.750000000000000444e-01 4.699801594174028452e+01
6.760000000000000453e-01 4.707840408508832297e+01
6.770000000000000462e-01 4.715885380894643220e+01
6.780000000000000471e-01 4.723936508602220385e+01
6.790000000000000480e-01 4.731993788900905429e+01
6.800000000000000488e-01 4.740057219058707716e+01
6.810000000000000497e-01 4.748126796342276634e+01
6.820000000000000506e-01 4.756202518016991831e+01
6.830000000000000515e-01 4.764284381346968900e+01
6.840000000000000524e-01 4.772372383595091350e+01
6.850000000000000533e-01 4.780466522023056086e+01
6.860000000000000542e-01 4.788566793891396856e+01
6.870000000000000551e-01 4.796673196459494903e+01
6.880000000000000560e-01 4.804785726985664240e+01
6.890000000000000568e-01 4.812904382727133878e+01
6.900000000000000577e-01 4.821029160940093305e+01
6.910000000000000586e-01 4.829160058879742223e+01
6.920000000000000595e-01 4.837297073800282021e+01
6.930000000000000604e-01 4.845440202954986830e+01
6.940000000000000613e-01 4.853589443596199970e+01
6.950000000000000622e-01 4.861744792975391505e+01
6.960000000000000631e-01 4.869906248343168897e+01
6.970000000000000639e-01 4.878073806949315383e+01
6.980000000000000648e-01 4.886247466042794230e+01
6.990000000000000657e-01 4.894427222871824057e+01
7.000000000000000666e-01 4.902613074683869598e+01
7.010000000000000675e-01 4.910805018725676518e+01
7.020000000000000684e-01 4.919003052243306229e+01
7.030000000000000693e-01 4.927207172482161468e+01
7.039999999999999591e-01 4.935417376687004776e+01
7.049999999999999600e-01 4.943633662102001125e+01
7.059999999999999609e-01 4.951856025970727160e+01
7.069999999999999618e-01 4.960084465536220222e+01
7.079999999999999627e-01 4.968318978040963430e+01
7.089999999999999636e-01 4.976559560726963838e+01
7.099999999999999645e-01 4.984806210835738938e+01
7.109999999999999654e-01 4.993058925608359289e+01
7.119999999999999662e-01 5.001317702285466282e+01
7.129999999999999671e-01 5.009582538107305538e+01
7.139999999999999680e-01 5.017853430313738272e+01
7.149999999999999689e-01 5.026130376144280376e+01
7.159999999999999698e-01 5.034413372838118050e+01
7.169999999999999707e-01 5.042702417634126277e+01
7.179999999999999716e-01 5.050997507770914297e+01
7.189999999999999725e-01 5.059298640486818499e+01
7.199999999999999734e-01 5.067605813019947192e+01
7.209999999999999742e-01 5.075919022608204045e+01
7.219999999999999751e-01 5.084238266489292357e+01
7.229999999999999760e-01 5.092563541900761948e+01
7.239999999999999769e-01 5.100894846080007028e+01
7.249999999999999778e-01 5.109232176264315228e+01
7.259999999999999787e-01 5.117575529690856939e+01
7.269999999999999796e-01 5.125924903596740734e+01
7.279999999999999805e-01 5.134280295219006263e+01
7.289999999999999813e-01 5.142641701794665465e+01
7.299999999999999822e-01 5.151009120560727439e+01
7.309999999999999831e-01 5.159382548754180675e+01
7.319999999999999840e-01 5.167761983612062693e+01
7.329999999999999849e-01 5.176147422371457196e+01
7.339999999999999858e-01 5.184538862269506865e+01
7.349999999999999867e-01 5.192936300543449590e+01
7.359999999999999876e-01 5.201339734430636241e+01
7.369999999999999885e-01 5.209749161168529952e+01
7.379999999999999893e-01 5.218164577994760833e+01
7.389999999999999902e-01 5.226585982147109632e+01
7.399999999999999911e-01 5.235013370863558180e+01
7.409999999999999920e-01 5.243446741382277310e+01
7.419999999999999929e-01 5.251886090941675178e+01
7.429999999999999938e-01 5.260331416780385894e+01
7.439999999999999947e-01 5.268782716137327782e+01
7.449999999999999956e-01 5.277239986251679937e+01
7.459999999999999964e-01 5.285703224362920594e+01
7.469999999999999973e-01 5.294172427710850570e+01
7.479999999999999982e-01 5.302647593535597537e+01
7.489999999999999991e-01 5.311128719077635196e+01
7.500000000000000000e-01 5.319615801577817393e+01
7.510000000000000009e-01 5.328108838277367454e+01
7.520000000000000018e-01 5.336607826417923661e+01
7.530000000000000027e-01 5.345112763241536413e+01
7.540000000000000036e-01 5.353623645990684565e+01
7.550000000000000044e-01 5.362140471908315220e+01
7.560000000000000053e-01 5.370663238237824544e+01
7.570000000000000062e-01 5.379191942223113188e+01
7.580000000000000071e-01 5.387726581108563551e+01
7.590000000000000080e-01 5.396267152139091650e+01
7.600000000000000089e-01 5.404813652560122961e+01
7.610000000000000098e-01 5.413366079617651394e+01
7.620000000000000107e-01 5.421924430558220820e+01
7.630000000000000115e-01 5.430488702628963438e+01
7.640000000000000124e-01 5.439058893077600487e+01
7.650000000000000133e-01 5.447634999152460011e+01
7.660000000000000142e-01 5.456217018102492489e+01
7.670000000000000151e-01 5.464804947177289307e+01
7.680000000000000160e-01 5.473398783627094133e+01
7.690000000000000169e-01 5.481998524702812858e+01
7.700000000000000178e-01 5.490604167656044154e+01
7.710000000000000187e-01 5.499215709739064550e+01
7.720000000000000195e-01 5.507833148204876750e+01
7.730000000000000204e-01 5.516456480307186894e+01
7.740000000000000213e-01 5.525085703300465667e+01
7.750000000000000222e-01 5.533720814439912061e+01
7.760000000000000231e-01 5.542361810981493875e+01
7.770000000000000240e-01 5.551008690181954819e+01
7.780000000000000249e-01 5.559661449298832991e+01
7.790000000000000258e-01 5.568320085590471535e+01
7.800000000000000266e-01 5.576984596316021481e+01
7.810000000000000275e-01 5.585654978735482246e+01
7.820000000000000284e-01 5.594331230109654030e+01
7.830000000000000293e-01 5.603013347700239422e+01
7.840000000000000302e-01 5.611701328769779451e+01
7.850000000000000311e-01 5.620395170581693378e+01
7.860000000000000320e-01 5.629094870400309247e+01
7.870000000000000329e-01 5.637800425490846123e+01
7.880000000000000338e-01 5.646511833119434698e+01
7.890000000000000346e-01 5.655229090553137183e+01
7.900000000000000355e-01 5.663952195059952999e+01
7.910000000000000364e-01 5.672681143908842927e+01
7.920000000000000373e-01 5.681415934369711351e+01
7.930000000000000382e-01 5.690156563713436100e+01
7.940000000000000391e-01 5.698903029211896865e+01
7.950000000000000400e-01 5.707655328137955308e+01
7.960000000000000409e-01 5.716413457765479222e+01
7.970000000000000417e-01 5.725177415369355316e+01
7.980000000000000426e-01 5.733947198225506270e+01
7.990000000000000435e-01 5.742722803610875104e+01
8.000000000000000444e-01 5.751504228803469232e+01
8.010000000000000453e-01 5.760291471082344117e+01
8.020000000000000462e-01 5.769084527727640221e+01
8.030000000000000471e-01 5.777883396020565243e+01
8.040000000000000480e-01 5.786688073243423247e+01
8.050000000000000488e-01 5.795498556679608981e+01
8.060000000000000497e-01 5.804314843613639852e+01
8.070000000000000506e-01 5.813136931331143842e+01
8.080000000000000515e-01 5.821964817118882252e+01
8.090000000000000524e-01 5.830798498264758933e+01
8.100000000000000533e-01 5.839637972057820292e+01
8.110000000000000542e-01 5.848483235788277312e+01
8.120000000000000551e-01 5.857334286747489216e+01
8.130000000000000560e-01 5.866191122228021726e+01
8.140000000000000568e-01 5.875053739523612961e+01
8.150000000000000577e-01 5.883922135929187647e+01
8.160000000000000586e-01 5.892796308740883404e+01
8.170000000000000595e-01 5.901676255256049330e+01
8.180000000000000604e-01 5.910561972773252393e+01
8.190000000000000613e-01 5.919453458592295192e+01
8.200000000000000622e-01 5.928350710014210279e+01
8.210000000000000631e-01 5.937253724341290706e+01
8.220000000000000639e-01 5.946162498877072267e+01
8.230000000000000648e-01 5.955077030926360493e+01
8.240000000000000657e-01 5.963997317795232789e+01
8.250000000000000666e-01 5.972923356791041982e+01
8.260000000000000675e-01 5.981855145222434089e+01
8.270000000000000684e-01 5.990792680399358971e+01
8.280000000000000693e-01 5.999735959633041915e+01
8.290000000000000702e-01 6.008684980236058948e+01
8.300000000000000711e-01 6.017639739522276443e+01
8.310000000000000719e-01 6.026600234806895884e+01
8.320000000000000728e-01 6.035566463406466653e+01
8.329999999999999627e-01 6.044538422638854058e+01
8.339999999999999636e-01 6.053516109823296176e+01
8.349999999999999645e-01 6.062499522280371167e+01
8.359999999999999654e-01 6.071488657332042749e+01
8.369999999999999662e-01 6.080483512301623250e+01
8.379999999999999671e-01 6.089484084513814821e+01
8.389999999999999680e-01 6.098490371294695933e+01
8.399999999999999689e-01 6.107502369971754064e+01
8.409999999999999698e-01 6.116520077873855854e+01
8.419999999999999707e-01 6.125543492331289031e+01
8.429999999999999716e-01 6.134572610675744642e+01
8.439999999999999725e-01 6.143607430240334111e+01
8.449999999999999734e-01 6.152647948359599184e+01
8.459999999999999742e-01 6.161694162369509087e+01
8.469999999999999751e-01 6.170746069607471185e+01
8.479999999999999760e-01 6.179803667412338797e+01
8.489999999999999769e-01 6.188866953124424697e+01
8.499999999999999778e-01 6.197935924085481219e+01
8.509999999999999787e-01 6.207010577638736493e+01
8.519999999999999796e-01 6.216090911128881658e+01
8.529999999999999805e-01 6.225176921902095017e+01
8.539999999999999813e-01 6.234268607306015042e+01
8.549999999999999822e-01 6.243365964689796499e+01
8.559999999999999831e-01 6.252468991404056453e+01
8.569999999999999840e-01 6.261577684800922583e+01
8.579999999999999849e-01 6.270692042234038865e+01
8.589999999999999858e-01 6.279812061058548522e+01
8.599999999999999867e-01 6.288937738631102548e+01
8.609999999999999876e-01 6.298069072309881733e+01
8.619999999999999885e-01 6.307206059454594538e+01
8.629999999999999893e-01 6.316348697426475667e+01
8.639999999999999902e-01 6.325496983588301703e+01
8.649999999999999911e-01 6.334650915304386842e+01
8.659999999999999920e-01 6.343810489940592845e+01
8.669999999999999929e-01 6.352975704864336137e+01
8.679999999999999938e-01 6.362146557444587103e+01
8.689999999999999947e-01 6.371323045051882161e+01
8.699999999999999956e-01 6.380505165058317374e+01
8.709999999999999964e-01 6.389692914837571180e+01
8.719999999999999973e-01 6.398886291764895162e+01
8.729999999999999982e-01 6.408085293217118306e+01
8.739999999999999991e-01 6.417289916572650554e+01
8.750000000000000000e-01 6.426500159211515495e+01
8.760000000000000009e-01 6.435716018515300618e+01
8.770000000000000018e-01 6.444937491867214874e+01
8.780000000000000027e-01 6.454164576652067353e+01
8.790000000000000036e-01 6.463397270256278659e+01
8.800000000000000044e-01 6.472635570067869537e+01
8.810000000000000053e-01 6.481879473476485032e+01
8.820000000000000062e-01 6.491128977873401595e+01
8.830000000000000071e-01 6.500384080651508611e+01
8.840000000000000080e-01 6.509644779205328291e+01
8.850000000000000089e-01 6.518911070931007146e+01
8.860000000000000098e-01 6.528182953226360041e+01
8.870000000000000107e-01 6.537460423490816197e+01
8.880000000000000115e-01 6.546743479125453291e+01
8.890000000000000124e-01 6.556032117533014514e+01
8.900000000000000133e-01 6.565326336117868777e+01
8.910000000000000142e-01 6.574626132286074665e+01
8.920000000000000151e-01 6.583931503445333533e+01
8.930000000000000160e-01 6.593242447005009410e+01
8.940000000000000169e-01 6.602558960376148889e+01
8.950000000000000178e-01 6.611881040971444179e+01
8.960000000000000187e-01 6.621208686205295635e+01
8.970000000000000195e-01 6.630541893493763439e+01
8.980000000000000204e-01 6.639880660254594602e+01
8.990000000000000213e-01 6.649224983907217279e+01
9.000000000000000222e-01 6.658574861872762085e+01
9.010000000000000231e-01 6.667930291574032253e+01
9.020000000000000240e-01 6.677291270435539161e+01
9.030000000000000249e-01 6.686657795883500910e+01
9.040000000000000258e-01 6.696029865345813903e+01
9.050000000000000266e-01 6.705407476252104004e+01
9.060000000000000275e-01 6.714790626033699539e+01
9.070000000000000284e-01 6.724179312123628449e+01
9.080000000000000293e-01 6.733573531956642455e+01
9.090000000000000302e-01 6.742973282969208526e+01
9.100000000000000311e-01 6.752378562599515988e+01
9.110000000000000320e-01 6.761789368287486468e+01
9.120000000000000329e-01 6.771205697474739793e+01
9.130000000000000338e-01 6.780627547604652250e+01
9.140000000000000346e-01 6.790054916122321060e+01
9.150000000000000355e-01 6.799487800474577170e+01
9.160000000000000364e-01 6.808926198109990935e+01
9.170000000000000373e-01 6.818370106478877801e+01
9.180000000000000382e-01 6.827819523033275573e+01
9.190000000000000391e-01 6.837274445226988462e+01
9.200000000000000400e-01 6.846734870515560090e+01
9.210000000000000409e-01 6.856200796356286276e+01
9.220000000000000417e-01 6.865672220208206511e+01
9.230000000000000426e-01 6.875149139532126696e+01
9.240000000000000435e-01 6.884631551790597825e+01
9.250000000000000444e-01 6.894119454447941564e+01
9.260000000000000453e-01 6.903612844970240303e+01
9.270000000000000462e-01 6.913111720825325790e+01
9.280000000000000471e-01 6.922616079482816076e+01
9.290000000000000480e-01 6.932125918414084254e+01
9.300000000000000488e-01 6.941641235092279771e+01
9.310000000000000497e-01 6.951162026992319909e+01
9.320000000000000506e-01 6.960688291590903987e+01
9.330000000000000515e-01 6.970220026366500576e+01
9.340000000000000524e-01 6.979757228799367397e+01
9.350000000000000533e-01 6.989299896371529996e+01
9.360000000000000542e-01 6.998848026566801650e+01
9.370000000000000551e-01 7.008401616870787620e+01
9.380000000000000560e-01 7.017960664770870949e+01
9.390000000000000568e-01 7.027525167756222402e+01
9.400000000000000577e-01 7.037095123317817524e+01
9.410000000000000586e-01 7.046670528948399692e+01
9.420000000000000595e-01 7.056251382142527007e+01
9.430000000000000604e-01 7.065837680396550979e+01
9.440000000000000613e-01 7.075429421208602321e+01
9.450000000000000622e-01 7.085026602078639257e+01
9.460000000000000631e-01 7.094629220508383582e+01
9.470000000000000639e-01 7.104237274001397395e+01
9.480000000000000648e-01 7.113850760063027678e+01
9.490000000000000657e-01 7.123469676200427614e+01
9.500000000000000666e-01 7.133094019922550899e+01
9.510000000000000675e-01 7.142723788740184432e+01
9.520000000000000684e-01 7.152358980165890046e+01
9.530000000000000693e-01 7.161999591714065616e+01
9.540000000000000702e-01 7.171645620900915219e+01
9.550000000000000711e-01 7.181297065244453393e+01
9.560000000000000719e-01 7.190953922264516507e+01
9.570000000000000728e-01 7.200616189482758500e+01
9.580000000000000737e-01 7.210283864422626721e+01
9.590000000000000746e-01 7.219956944609427296e+01
9.599999999999999645e-01 7.229635427570252659e+01
9.609999999999999654e-01 7.239319310834046917e+01
9.619999999999999662e-01 7.249008591931547585e+01
9.629999999999999671e-01 7.258703268395333907e+01
9.639999999999999680e-01 7.268403337759811222e+01
9.649999999999999689e-01 7.278108797561198173e+01
9.659999999999999698e-01 7.287819645337553709e+01
9.669999999999999707e-01 7.297535878628762873e+01
9.679999999999999716e-01 7.307257494976533962e+01
9.689999999999999725e-01 7.316984491924401368e+01
9.699999999999999734e-01 7.326716867017746893e+01
9.709999999999999742e-01 7.336454617803774170e+01
9.719999999999999751e-01 7.346197741831524297e+01
9.729999999999999760e-01 7.355946236651870151e+01
9.739999999999999769e-01 7.365700099817512125e+01
9.749999999999999778e-01 7.375459328882998022e+01
9.759999999999999787e-01 7.385223921404721636e+01
9.769999999999999796e-01 7.394993874940878698e+01
9.779999999999999805e-01 7.404769187051542190e+01
9.789999999999999813e-01 7.414549855298594139e+01
9.799999999999999822e-01 7.424335877245778192e+01
9.809999999999999831e-01 7.434127250458672620e+01
9.819999999999999840e-01 7.443923972504686049e+01
9.829999999999999849e-01 7.453726040953083043e+01
9.839999999999999858e-01 7.463533453374964211e+01
9.849999999999999867e-01 7.473346207343266201e+01
9.859999999999999876e-01 7.483164300432788707e+01
9.869999999999999885e-01 7.492987730220154674e+01
9.879999999999999893e-01 7.502816494283851512e+01
9.889999999999999902e-01 7.512650590204191303e+01
9.899999999999999911e-01 7.522490015563352017e+01
9.909999999999999920e-01 7.532334767945337717e+01
9.919999999999999929e-01 7.542184844936026877e+01
9.929999999999999938e-01 7.552040244123116963e+01
9.939999999999999947e-01 7.561900963096164219e+01
9.949999999999999956e-01 7.571766999446582247e+01
9.959999999999999964e-01 7.581638350767616430e+01
9.969999999999999973e-01 7.591515014654380877e+01
9.979999999999999982e-01 7.601396988703820057e+01
9.989999999999999991e-01 7.611284270514735795e+01
1.000000000000000000e+00 7.621176857687787276e+01
