0.000000000000000000e+00 0.000000000000000000e+00
1.000000000000000021e-03 1.016630553390864611e+00
2.000000000000000042e-03 1.538049977685554515e+00
3.000000000000000062e-03 1.946098951073121475e+00
4.000000000000000083e-03 2.291248449545707278e+00
5.000000000000000104e-03 2.594461877541237804e+00
6.000000000000000125e-03 2.867003777129333741e+00
7.000000000000000146e-03 3.115806728811872262e+00
8.000000000000000167e-03 3.345518256901045540e+00
9.000000000000001055e-03 3.559444296573658573e+00
1.000000000000000021e-02 3.760041407602986663e+00
1.099999999999999936e-02 3.949197283610103248e+00
1.200000000000000025e-02 4.128401613666470737e+00
1.300000000000000114e-02 4.298855722645880562e+00
1.400000000000000029e-02 4.461545942845632773e+00
1.499999999999999944e-02 4.617294442478331540e+00
1.600000000000000033e-02 4.766795473938762129e+00
1.700000000000000122e-02 4.910641870723569724e+00
1.800000000000000211e-02 5.049344833130211541e+00
1.899999999999999953e-02 5.183348979214508212e+00
2.000000000000000042e-02 5.313043982307870117e+00
2.100000000000000130e-02 5.438773700248461296e+00
2.199999999999999872e-02 5.560843429937144755e+00
2.299999999999999961e-02 5.679525739359568171e+00
2.400000000000000050e-02 5.795065205330421243e+00
2.500000000000000139e-02 5.907682299007752214e+00
2.600000000000000228e-02 6.017576600189756597e+00
2.699999999999999969e-02 6.124929477509832410e+00
2.800000000000000058e-02 6.229906339620274736e+00
2.900000000000000147e-02 6.332658538782073521e+00
2.999999999999999889e-02 6.433324990567288459e+00
3.099999999999999978e-02 6.532033559982020066e+00
3.200000000000000067e-02 6.628902254076773914e+00
3.300000000000000155e-02 6.724040253208383611e+00
3.400000000000000244e-02 6.817548806964716768e+00
3.500000000000000333e-02 6.909522015933241335e+00
3.600000000000000422e-02 7.000047516672871062e+00
3.699999999999999817e-02 7.089207084203064113e+00
3.799999999999999906e-02 7.177077163880337451e+00
3.899999999999999994e-02 7.263729342558823632e+00
4.000000000000000083e-02 7.349230767328110758e+00
4.100000000000000172e-02 7.433644518811170165e+00
4.200000000000000261e-02 7.517029944928840912e+00
4.300000000000000350e-02 7.599442960148118154e+00
4.399999999999999745e-02 7.680936314493893136e+00
4.499999999999999833e-02 7.761559835988705913e+00
4.599999999999999922e-02 7.841360649669868899e+00
4.700000000000000011e-02 7.920383375900552636e+00
4.800000000000000100e-02 7.998670310325390886e+00
4.900000000000000189e-02 8.076261587511607942e+00
5.000000000000000278e-02 8.153195330052872336e+00
5.100000000000000366e-02 8.229507784688300021e+00
5.200000000000000455e-02 8.305233446796059127e+00
5.299999999999999850e-02 8.380405174455917816e+00
5.399999999999999939e-02 8.455054293131958332e+00
5.500000000000000028e-02 8.529210691903708508e+00
5.600000000000000117e-02 8.602902912066914709e+00
5.700000000000000205e-02 8.676158228832296260e+00
5.800000000000000294e-02 8.749002726769667504e+00
5.900000000000000383e-02 8.821461369574141287e+00
5.999999999999999778e-02 8.893558064669065288e+00
6.099999999999999867e-02 8.965315723106126455e+00
6.199999999999999956e-02 9.036756315175090037e+00
6.300000000000000044e-02 9.107900922093485008e+00
6.400000000000000133e-02 9.178769784109388041e+00
6.500000000000000222e-02 9.249382345317224363e+00
6.600000000000000311e-02 9.319757295457531399e+00
6.700000000000000400e-02 9.389912608945287786e+00
6.800000000000000488e-02 9.459865581348440244e+00
6.900000000000000577e-02 9.529632863517630170e+00
7.000000000000000666e-02 9.599230493549359977e+00
7.100000000000000755e-02 9.668673926748645897e+00
7.200000000000000844e-02 9.737978063742133372e+00
7.299999999999999545e-02 9.807157276879440388e+00
7.399999999999999634e-02 9.876225435048466395e+00
7.499999999999999722e-02 9.945195927019669924e+00
7.599999999999999811e-02 1.001408168342449301e+01
7.699999999999999900e-02 1.008289519746440810e+01
7.799999999999999989e-02 1.015164854443908382e+01
7.900000000000000078e-02 1.022035340017485794e+01
8.000000000000000167e-02 1.028902105842837145e+01
8.100000000000000255e-02 1.035766244733406083e+01
8.200000000000000344e-02 1.042628814495897416e+01
8.300000000000000433e-02 1.049490839402336029e+01
8.400000000000000522e-02 1.056353311584106081e+01
8.500000000000000611e-02 1.063217192352959728e+01
8.600000000000000699e-02 1.070083413453617638e+01
8.700000000000000788e-02 1.076952878252232892e+01
8.799999999999999489e-02 1.083826462864687201e+01
8.899999999999999578e-02 1.090705017228394169e+01
8.999999999999999667e-02 1.097589366121022891e+01
9.099999999999999756e-02 1.104480310129321374e+01
9.199999999999999845e-02 1.111378626570982142e+01
9.299999999999999933e-02 1.118285070372306222e+01
9.400000000000000022e-02 1.125200374904214762e+01
9.500000000000000111e-02 1.132125252779004398e+01
9.600000000000000200e-02 1.139060396610062931e+01
9.700000000000000289e-02 1.146006479736631789e+01
9.800000000000000377e-02 1.152964156915547633e+01
9.900000000000000466e-02 1.159934064981788104e+01
1.000000000000000056e-01 1.166916823479513532e+01
1.010000000000000064e-01 1.173913035265197990e+01
1.020000000000000073e-01 1.180923287084342022e+01
1.030000000000000082e-01 1.187948150123151514e+01
1.040000000000000091e-01 1.194988180536520517e+01
1.049999999999999961e-01 1.202043919953510809e+01
1.059999999999999970e-01 1.209115895961516784e+01
1.069999999999999979e-01 1.216204622570184313e+01
1.079999999999999988e-01 1.223310600656109060e+01
1.089999999999999997e-01 1.230434318389273507e+01
1.100000000000000006e-01 1.237576251642129144e+01
1.110000000000000014e-01 1.244736864382181096e+01
1.120000000000000023e-01 1.251916609048862838e+01
1.130000000000000032e-01 1.259115926915478845e+01
1.140000000000000041e-01 1.266335248436912586e+01
1.150000000000000050e-01 1.273574993583786252e+01
1.160000000000000059e-01 1.280835572163701208e+01
1.170000000000000068e-01 1.288117384130166698e+01
1.180000000000000077e-01 1.295420819879786478e+01
1.190000000000000085e-01 1.302746260538231127e+01
1.199999999999999956e-01 1.310094078235527348e+01
1.209999999999999964e-01 1.317464636371122033e+01
1.219999999999999973e-01 1.324858289869192340e+01
1.229999999999999982e-01 1.332275385424636127e+01
1.239999999999999991e-01 1.339716261740143821e+01
1.250000000000000000e-01 1.347181249754748578e+01
1.260000000000000009e-01 1.354670672864222247e+01
1.270000000000000018e-01 1.362184847133662835e+01
1.280000000000000027e-01 1.369724081502623036e+01
1.290000000000000036e-01 1.377288677983064780e+01
1.300000000000000044e-01 1.384878931850482431e+01
1.310000000000000053e-01 1.392495131828439092e+01
1.320000000000000062e-01 1.400137560266819925e+01
1.330000000000000071e-01 1.407806493314039997e+01
1.340000000000000080e-01 1.415502201083464939e+01
1.350000000000000089e-01 1.423224947814279417e+01
1.360000000000000098e-01 1.430974992027011794e+01
1.370000000000000107e-01 1.438752586673948386e+01
1.380000000000000115e-01 1.446557979284631656e+01
1.390000000000000124e-01 1.454391412106624770e+01
1.400000000000000133e-01 1.462253122241745551e+01
1.410000000000000142e-01 1.470143341777938772e+01
1.420000000000000151e-01 1.478062297916946477e+01
1.430000000000000160e-01 1.486010213097955557e+01
1.440000000000000169e-01 1.493987305117351916e+01
1.449999999999999900e-01 1.501993787244750145e+01
1.459999999999999909e-01 1.510029868335426606e+01
1.469999999999999918e-01 1.518095752939290044e+01
1.479999999999999927e-01 1.526191641406527033e+01
1.489999999999999936e-01 1.534317729990028312e+01
1.499999999999999944e-01 1.542474210944734558e+01
1.509999999999999953e-01 1.550661272623989539e+01
1.519999999999999962e-01 1.558879099573034033e+01
1.529999999999999971e-01 1.567127872619722062e+01
1.539999999999999980e-01 1.575407768962565314e+01
1.549999999999999989e-01 1.583718962256210716e+01
1.559999999999999998e-01 1.592061622694418865e+01
1.570000000000000007e-01 1.600435917090659288e+01
1.580000000000000016e-01 1.608842008956377967e+01
1.590000000000000024e-01 1.617280058577028967e+01
1.600000000000000033e-01 1.625750223085962887e+01
1.610000000000000042e-01 1.634252656536207127e+01
1.620000000000000051e-01 1.642787509970255400e+01
1.630000000000000060e-01 1.651354931487887256e+01
1.640000000000000069e-01 1.659955066312128125e+01
1.650000000000000078e-01 1.668588056853374724e+01
1.660000000000000087e-01 1.677254042771770770e+01
1.670000000000000095e-01 1.685953161037877379e+01
1.680000000000000104e-01 1.694685545991701758e+01
1.690000000000000113e-01 1.703451329400129310e+01
1.700000000000000122e-01 1.712250640512823452e+01
1.710000000000000131e-01 1.721083606116634357e+01
1.720000000000000140e-01 1.729950350588551444e+01
1.730000000000000149e-01 1.738850995947277767e+01
1.740000000000000158e-01 1.747785661903441223e+01
1.750000000000000167e-01 1.756754465908495177e+01
1.759999999999999898e-01 1.765757523202355372e+01
1.769999999999999907e-01 1.774794946859805833e+01
1.779999999999999916e-01 1.783866847835705371e+01
1.789999999999999925e-01 1.792973335009050118e+01
1.799999999999999933e-01 1.802114515225913749e+01
1.809999999999999942e-01 1.811290493341295260e+01
1.819999999999999951e-01 1.820501372259921880e+01
1.829999999999999960e-01 1.829747252976030936e+01
1.839999999999999969e-01 1.839028234612153057e+01
1.849999999999999978e-01 1.848344414456947504e+01
1.859999999999999987e-01 1.857695888002090356e+01
1.869999999999999996e-01 1.867082748978274154e+01
1.880000000000000004e-01 1.876505089390316527e+01
1.890000000000000013e-01 1.885962999551418307e+01
1.900000000000000022e-01 1.895456568116601304e+01
1.910000000000000031e-01 1.904985882115338924e+01
1.920000000000000040e-01 1.914551026983397009e+01
1.930000000000000049e-01 1.924152086593926470e+01
1.940000000000000058e-01 1.933789143287821588e+01
1.950000000000000067e-01 1.943462277903349289e+01
1.960000000000000075e-01 1.953171569805098784e+01
1.970000000000000084e-01 1.962917096912236659e+01
1.980000000000000093e-01 1.972698935726127445e+01
1.990000000000000102e-01 1.982517161357289481e+01
2.000000000000000111e-01 1.992371847551752495e+01
2.010000000000000120e-01 2.002263066716797368e+01
2.020000000000000129e-01 2.012190889946110417e+01
2.030000000000000138e-01 2.022155387044368169e+01
2.040000000000000147e-01 2.032156626551265433e+01
2.050000000000000155e-01 2.042194675765003709e+01
2.060000000000000164e-01 2.052269600765249535e+01
2.070000000000000173e-01 2.062381466435579824e+01
2.080000000000000182e-01 2.072530336485433011e+01
2.089999999999999913e-01 2.082716273471573487e+01
2.099999999999999922e-01 2.092939338819081385e+01
2.109999999999999931e-01 2.103199592841878385e+01
2.119999999999999940e-01 2.113497094762812267e+01
2.129999999999999949e-01 2.123831902733304844e+01
2.139999999999999958e-01 2.134204073852566452e+01
2.149999999999999967e-01 2.144613664186402957e+01
2.159999999999999976e-01 2.155060728785619872e+01
2.169999999999999984e-01 2.165545321704023962e+01
2.179999999999999993e-01 2.176067496016058556e+01
2.190000000000000002e-01 2.186627303834042735e+01
2.200000000000000011e-01 2.197224796325064844e+01
2.210000000000000020e-01 2.207860023727515397e+01
2.220000000000000029e-01 2.218533035367272177e+01
2.230000000000000038e-01 2.229243879673541429e+01
2.240000000000000047e-01 2.239992604194387482e+01
2.250000000000000056e-01 2.250779255611923091e+01
2.260000000000000064e-01 2.261603879757200630e+01
2.270000000000000073e-01 2.272466521624782843e+01
2.280000000000000082e-01 2.283367225387032917e+01
2.290000000000000091e-01 2.294306034408100814e+01
2.300000000000000100e-01 2.305282991257629632e+01
2.310000000000000109e-01 2.316298137724189132e+01
2.320000000000000118e-01 2.327351514828433565e+01
2.330000000000000127e-01 2.338443162835996958e+01
2.340000000000000135e-01 2.349573121270133313e+01
2.350000000000000144e-01 2.360741428924104213e+01
2.360000000000000153e-01 2.371948123873318082e+01
2.370000000000000162e-01 2.383193243487234980e+01
2.380000000000000171e-01 2.394476824441036200e+01
2.390000000000000180e-01 2.405798902727058319e+01
2.399999999999999911e-01 2.417159513666014803e+01
2.409999999999999920e-01 2.428558691917992718e+01
2.419999999999999929e-01 2.439996471493233443e+01
2.429999999999999938e-01 2.451472885762720821e+01
2.439999999999999947e-01 2.462987967468540873e+01
2.449999999999999956e-01 2.474541748734066715e+01
2.459999999999999964e-01 2.486134261073936003e+01
2.469999999999999973e-01 2.497765535403839721e+01
2.479999999999999982e-01 2.509435602050131209e+01
2.489999999999999991e-01 2.521144490759244050e+01
2.500000000000000000e-01 2.532892230706947601e+01
2.510000000000000009e-01 2.544678850507408541e+01
2.520000000000000018e-01 2.556504378222106055e+01
2.530000000000000027e-01 2.568368841368558364e+01
2.540000000000000036e-01 2.580272266928908209e+01
2.550000000000000044e-01 2.592214681358331418e+01
2.560000000000000053e-01 2.604196110593307267e+01
2.570000000000000062e-01 2.616216580059718666e+01
2.580000000000000071e-01 2.628276114680821252e+01
2.590000000000000080e-01 2.640374738885056871e+01
2.600000000000000089e-01 2.652512476613729930e+01
2.610000000000000098e-01 2.664689351328541278e+01
2.620000000000000107e-01 2.676905386018984956e+01
2.630000000000000115e-01 2.689160603209619183e+01
2.640000000000000124e-01 2.701455024967200913e+01
2.650000000000000133e-01 2.713788672907689303e+01
2.660000000000000142e-01 2.726161568203134777e+01
2.670000000000000151e-01 2.738573731588440197e+01
2.680000000000000160e-01 2.751025183367993421e+01
2.690000000000000169e-01 2.763515943422205012e+01
2.700000000000000178e-01 2.776046031213906318e+01
2.710000000000000187e-01 2.788615465794653403e+01
2.720000000000000195e-01 2.801224265810911263e+01
2.730000000000000204e-01 2.813872449510132512e+01
2.740000000000000213e-01 2.826560034746732342e+01
2.750000000000000222e-01 2.839287038987959377e+01
2.760000000000000231e-01 2.852053479319662443e+01
2.770000000000000240e-01 2.864859372451964958e+01
2.780000000000000249e-01 2.877704734724829905e+01
2.790000000000000258e-01 2.890589582113545575e+01
2.800000000000000266e-01 2.903513930234099760e+01
2.810000000000000275e-01 2.916477794348483954e+01
2.820000000000000284e-01 2.929481189369889194e+01
2.830000000000000293e-01 2.942524129867820548e+01
2.840000000000000302e-01 2.955606630073121721e+01
2.850000000000000311e-01 2.968728703882936770e+01
2.860000000000000320e-01 2.981890364865551035e+01
2.870000000000000329e-01 2.995091626265185170e+01
2.880000000000000338e-01 3.008332501006690762e+01
2.889999999999999791e-01 3.021613001700172418e+01
2.899999999999999800e-01 3.034933140645539140e+01
2.909999999999999809e-01 3.048292929836974352e+01
2.919999999999999818e-01 3.061692380967327054e+01
2.929999999999999827e-01 3.075131505432453949e+01
2.939999999999999836e-01 3.088610314335454277e+01
2.949999999999999845e-01 3.102128818490870898e+01
2.959999999999999853e-01 3.115687028428805760e+01
2.969999999999999862e-01 3.129284954398962881e+01
2.979999999999999871e-01 3.142922606374647287e+01
2.989999999999999880e-01 3.156599994056671932e+01
2.999999999999999889e-01 3.170317126877231217e+01
3.009999999999999898e-01 3.184074014003682862e+01
3.019999999999999907e-01 3.197870664342293523e+01
3.029999999999999916e-01 3.211707086541918699e+01
3.039999999999999925e-01 3.225583288997603404e+01
3.049999999999999933e-01 3.239499279854165081e+01
3.059999999999999942e-01 3.253455067009681301e+01
3.069999999999999951e-01 3.267450658118949747e+01
3.079999999999999960e-01 3.281486060596871823e+01
3.089999999999999969e-01 3.295561281621804994e+01
3.099999999999999978e-01 3.309676328138851886e+01
3.109999999999999987e-01 3.323831206863087573e+01
3.119999999999999996e-01 3.338025924282761991e+01
3.130000000000000004e-01 3.352260486662425620e+01
3.140000000000000013e-01 3.366534900046028156e+01
3.150000000000000022e-01 3.380849170259956793e+01
3.160000000000000031e-01 3.395203302916036137e+01
3.170000000000000040e-01 3.409597303414466296e+01
3.180000000000000049e-01 3.424031176946742505e+01
3.190000000000000058e-01 3.438504928498503688e+01
3.200000000000000067e-01 3.453018562852350470e+01
3.210000000000000075e-01 3.467572084590629800e+01
3.220000000000000084e-01 3.482165498098149214e+01
3.230000000000000093e-01 3.496798807564876199e+01
3.240000000000000102e-01 3.511472016988594191e+01
3.250000000000000111e-01 3.526185130177496774e+01
3.260000000000000120e-01 3.540938150752773339e+01
3.270000000000000129e-01 3.555731082151135070e+01
3.280000000000000138e-01 3.570563927627308942e+01
3.290000000000000147e-01 3.585436690256496206e+01
3.300000000000000155e-01 3.600349372936790360e+01
3.310000000000000164e-01 3.615301978391570970e+01
3.320000000000000173e-01 3.630294509171839934e+01
3.330000000000000182e-01 3.645326967658552064e+01
3.340000000000000191e-01 3.660399356064883136e+01
3.350000000000000200e-01 3.675511676438482311e+01
3.360000000000000209e-01 3.690663930663687609e+01
3.370000000000000218e-01 3.705856120463709402e+01
3.380000000000000226e-01 3.721088247402778393e+01
3.390000000000000235e-01 3.736360312888265156e+01
3.400000000000000244e-01 3.751672318172772691e+01
3.410000000000000253e-01 3.767024264356184915e+01
3.420000000000000262e-01 3.782416152387706632e+01
3.430000000000000271e-01 3.797847983067860866e+01
3.440000000000000280e-01 3.813319757050453518e+01
3.450000000000000289e-01 3.828831474844516691e+01
3.460000000000000298e-01 3.844383136816232849e+01
3.470000000000000306e-01 3.859974743190809932e+01
3.480000000000000315e-01 3.875606294054349377e+01
3.490000000000000324e-01 3.891277789355680738e+01
3.500000000000000333e-01 3.906989228908164336e+01
3.510000000000000342e-01 3.922740612391476134e+01
3.519999999999999796e-01 3.938531939353370603e+01
3.529999999999999805e-01 3.954363209211408758e+01
3.539999999999999813e-01 3.970234421254658486e+01
3.549999999999999822e-01 3.986145574645393452e+01
3.559999999999999831e-01 4.002096668420747960e+01
3.569999999999999840e-01 4.018087701494349773e+01
3.579999999999999849e-01 4.034118672657946547e+01
3.589999999999999858e-01 4.050189580582984661e+01
3.599999999999999867e-01 4.066300423822185195e+01
3.609999999999999876e-01 4.082451200811098602e+01
3.619999999999999885e-01 4.098641909869625977e+01
3.629999999999999893e-01 4.114872549203517593e+01
3.639999999999999902e-01 4.131143116905882096e+01
3.649999999999999911e-01 4.147453610958623926e+01
3.659999999999999920e-01 4.163804029233902071e+01
3.669999999999999929e-01 4.180194369495561801e+01
3.679999999999999938e-01 4.196624629400525208e+01
3.689999999999999947e-01 4.213094806500190970e+01
3.699999999999999956e-01 4.229604898241794331e+01
3.709999999999999964e-01 4.246154901969756423e+01
3.719999999999999973e-01 4.262744814927025772e+01
3.729999999999999982e-01 4.279374634256380716e+01
3.739999999999999991e-01 4.296044357001724023e+01
3.750000000000000000e-01 4.312753980109375362e+01
3.760000000000000009e-01 4.329503500429308360e+01
3.770000000000000018e-01 4.346292914716423894e+01
3.780000000000000027e-01 4.363122219631748067e+01
3.790000000000000036e-01 4.379991411743667840e+01
3.800000000000000044e-01 4.396900487529109114e+01
3.810000000000000053e-01 4.413849443374728310e+01
3.820000000000000062e-01 4.430838275578067709e+01
3.830000000000000071e-01 4.447866980348703692e+01
3.840000000000000080e-01 4.464935553809382895e+01
3.850000000000000089e-01 4.482043991997140608e+01
3.860000000000000098e-01 4.499192290864399979e+01
3.870000000000000107e-01 4.516380446280069094e+01
3.880000000000000115e-01 4.533608454030601820e+01
3.890000000000000124e-01 4.550876309821071430e+01
3.900000000000000133e-01 4.568184009276215818e+01
3.910000000000000142e-01 4.585531547941458541e+01
3.920000000000000151e-01 4.602918921283939824e+01
3.930000000000000160e-01 4.620346124693525525e+01
3.940000000000000169e-01 4.637813153483786266e+01
3.950000000000000178e-01 4.655320002892993614e+01
3.960000000000000187e-01 4.672866668085072916e+01
3.970000000000000195e-01 4.690453144150574616e+01
3.980000000000000204e-01 4.708079426107605059e+01
3.990000000000000213e-01 4.725745508902757308e+01
4.000000000000000222e-01 4.743451387412041953e+01
4.010000000000000231e-01 4.761197056441778841e+01
4.020000000000000240e-01 4.778982510729509414e+01
4.030000000000000249e-01 4.796807744944861440e+01
4.040000000000000258e-01 4.814672753690438611e+01
4.050000000000000266e-01 4.832577531502675328e+01
4.060000000000000275e-01 4.850522072852689348e+01
4.070000000000000284e-01 4.868506372147113836e+01
4.080000000000000293e-01 4.886530423728947170e+01
4.090000000000000302e-01 4.904594221878343774e+01
4.100000000000000311e-01 4.922697760813452561e+01
4.110000000000000320e-01 4.940841034691185030e+01
4.120000000000000329e-01 4.959024037608034519e+01
4.130000000000000338e-01 4.977246763600831514e+01
4.140000000000000346e-01 4.995509206647518141e+01
4.150000000000000355e-01 5.013811360667922656e+01
4.160000000000000364e-01 5.032153219524479226e+01
4.169999999999999818e-01 5.050534777023002420e+01
4.179999999999999827e-01 5.068956026913391355e+01
4.189999999999999836e-01 5.087416962890366534e+01
4.199999999999999845e-01 5.105917578594176121e+01
4.209999999999999853e-01 5.124457867611305772e+01
4.219999999999999862e-01 5.143037823475176396e+01
4.229999999999999871e-01 5.161657439666814184e+01
4.239999999999999880e-01 5.180316709615554771e+01
4.249999999999999889e-01 5.199015626699687687e+01
4.259999999999999898e-01 5.217754184247143456e+01
4.269999999999999907e-01 5.236532375536130246e+01
4.279999999999999916e-01 5.255350193795779035e+01
4.289999999999999925e-01 5.274207632206796603e+01
4.299999999999999933e-01 5.293104683902083707e+01
4.309999999999999942e-01 5.312041341967355379e+01
4.319999999999999951e-01 5.331017599441769050e+01
4.329999999999999960e-01 5.350033449318517853e+01
4.339999999999999969e-01 5.369088884545441687e+01
4.349999999999999978e-01 5.388183898025614127e+01
4.359999999999999987e-01 5.407318482617928623e+01
4.369999999999999996e-01 5.426492631137674039e+01
4.380000000000000004e-01 5.445706336357121558e+01
4.390000000000000013e-01 5.464959591006066120e+01
4.400000000000000022e-01 5.484252387772404802e+01
4.410000000000000031e-01 5.503584719302671857e+01
4.420000000000000040e-01 5.522956578202603595e+01
4.430000000000000049e-01 5.542367957037654236e+01
4.440000000000000058e-01 5.561818848333541609e+01
4.450000000000000067e-01 5.581309244576762296e+01
4.460000000000000075e-01 5.600839138215128798e+01
4.470000000000000084e-01 5.620408521658264789e+01
4.480000000000000093e-01 5.640017387278108174e+01
4.490000000000000102e-01 5.659665727409441160e+01
4.500000000000000111e-01 5.679353534350350685e+01
4.510000000000000120e-01 5.699080800362737165e+01
4.520000000000000129e-01 5.718847517672795533e+01
4.530000000000000138e-01 5.738653678471484199e+01
4.540000000000000147e-01 5.758499274915004662e+01
4.550000000000000155e-01 5.778384299125276158e+01
4.560000000000000164e-01 5.798308743190363401e+01
4.570000000000000173e-01 5.818272599164983205e+01
4.580000000000000182e-01 5.838275859070903095e+01
4.590000000000000191e-01 5.858318514897417373e+01
4.600000000000000200e-01 5.878400558601788362e+01
4.610000000000000209e-01 5.898521982109649997e+01
4.620000000000000218e-01 5.918682777315481758e+01
4.630000000000000226e-01 5.938882936082994490e+01
4.640000000000000235e-01 5.959122450245568814e+01
4.650000000000000244e-01 5.979401311606663683e+01
4.660000000000000253e-01 5.999719511940239869e+01
4.670000000000000262e-01 6.020077042991132288e+01
4.680000000000000271e-01 6.040473896475491244e+01
4.690000000000000280e-01 6.060910064081150495e+01
4.700000000000000289e-01 6.081385537468019464e+01
4.710000000000000298e-01 6.101900308268488260e+01
4.720000000000000306e-01 6.122454368087789334e+01
4.730000000000000315e-01 6.143047708504392546e+01
4.740000000000000324e-01 6.163680321070357593e+01
4.750000000000000333e-01 6.184352197311728361e+01
4.760000000000000342e-01 6.205063328728866878e+01
4.770000000000000351e-01 6.225813706796856906e+01
4.780000000000000360e-01 6.246603322965808758e+01
4.790000000000000369e-01 6.267432168661257919e+01
4.799999999999999822e-01 6.288300235284481943e+01
4.809999999999999831e-01 6.309207514212866386e+01
4.819999999999999840e-01 6.330153996800224547e+01
4.829999999999999849e-01 6.351139674377152744e+01
4.839999999999999858e-01 6.372164538251350763e+01
4.849999999999999867e-01 6.393228579707961501e+01
4.859999999999999876e-01 6.414331790009889289e+01
4.869999999999999885e-01 6.435474160398112531e+01
4.879999999999999893e-01 6.456655682092022630e+01
4.889999999999999902e-01 6.477876346289727394e+01
4.899999999999999911e-01 6.499136144168349460e+01
4.909999999999999920e-01 6.520435066884360253e+01
4.919999999999999929e-01 6.541773105573864200e+01
4.929999999999999938e-01 6.563150251352895737e+01
4.939999999999999947e-01 6.584566495317741897e+01
4.949999999999999956e-01 6.606021828545198105e+01
4.959999999999999964e-01 6.627516242092896448e+01
4.969999999999999973e-01 6.649049726999568577e+01
4.979999999999999982e-01 6.670622274285334186e+01
4.989999999999999991e-01 6.692233874951986650e+01
5.000000000000000000e-01 6.713884519983270138e+01
5.010000000000000009e-01 6.735574200345146778e+01
5.020000000000000018e-01 6.757302906986075186e+01
5.030000000000000027e-01 6.779070630837280476e+01
5.040000000000000036e-01 6.800877362813011473e+01
5.050000000000000044e-01 6.822723093810799355e+01
5.060000000000000053e-01 6.844607814711750393e+01
5.070000000000000062e-01 6.866531516380744904e+01
5.080000000000000071e-01 6.888494189666747047e+01
5.090000000000000080e-01 6.910495825403019410e+01
5.100000000000000089e-01 6.932536414407388747e+01
5.110000000000000098e-01 6.954615947482488991e+01
5.120000000000000107e-01 6.976734415415995727e+01
5.130000000000000115e-01 6.998891808980870621e+01
5.140000000000000124e-01 7.021088118935603006e+01
5.150000000000000133e-01 7.043323336024441517e+01
5.160000000000000142e-01 7.065597450977625726e+01
5.170000000000000151e-01 7.087910454511612102e+01
5.180000000000000160e-01 7.110262337329308480e+01
5.190000000000000169e-01 7.132653090120294337e+01
5.200000000000000178e-01 7.155082703561039636e+01
5.210000000000000187e-01 7.177551168315133623e+01
5.220000000000000195e-01 7.200058475033489458e+01
5.230000000000000204e-01 7.222604614354574437e+01
5.240000000000000213e-01 7.245189576904601836e+01
5.250000000000000222e-01 7.267813353297768231e+01
5.260000000000000231e-01 7.290475934136426872e+01
5.270000000000000240e-01 7.313177310011332111e+01
5.280000000000000249e-01 7.335917471501812770e+01
5.290000000000000258e-01 7.358696409175976783e+01
5.300000000000000266e-01 7.381514113590931458e+01
5.310000000000000275e-01 7.404370575292958279e+01
5.320000000000000284e-01 7.427265784817709005e+01
5.330000000000000293e-01 7.450199732690404630e+01
5.340000000000000302e-01 7.473172409426035756e+01
5.350000000000000311e-01 7.496183805529527433e+01
5.360000000000000320e-01 7.519233911495938116e+01
5.370000000000000329e-01 7.542322717810651511e+01
5.380000000000000338e-01 7.565450214949539998e+01
5.390000000000000346e-01 7.588616393379160741e+01
5.400000000000000355e-01 7.611821243556927641e+01
5.410000000000000364e-01 7.635064755931287550e+01
5.420000000000000373e-01 7.658346920941893643e+01
5.430000000000000382e-01 7.681667729019781632e+01
5.440000000000000391e-01 7.705027170587538876e+01
5.450000000000000400e-01 7.728425236059470649e+01
5.460000000000000409e-01 7.751861915841769246e+01
5.470000000000000417e-01 7.775337200332673149e+01
5.480000000000000426e-01 7.798851079922646079e+01
5.490000000000000435e-01 7.822403544994523372e+01
5.500000000000000444e-01 7.845994585923676823e+01
5.510000000000000453e-01 7.869624193078163898e+01
5.520000000000000462e-01 7.893292356818912481e+01
5.530000000000000471e-01 7.916999067499847342e+01
5.540000000000000480e-01 7.940744315468040782e+01
5.550000000000000488e-01 7.964528091063884574e+01
5.560000000000000497e-01 7.988350384621230660e+01
5.570000000000000506e-01 8.012211186467538937e+01
5.580000000000000515e-01 8.036110486924025054e+01
5.590000000000000524e-01 8.060048276305795412e+01
5.600000000000000533e-01 8.084024544922006328e+01
5.610000000000000542e-01 8.108039283075996195e+01
5.620000000000000551e-01 8.132092481065436118e+01
5.630000000000000560e-01 8.156184129182446441e+01
5.640000000000000568e-01 8.180314217713760172e+01
5.650000000000000577e-01 8.204482736940838095e+01
5.660000000000000586e-01 8.228689677140025083e+01
5.670000000000000595e-01 8.252935028582659527e+01
5.680000000000000604e-01 8.277218781535219705e+01
5.690000000000000613e-01 8.301540926259445996e+01
5.700000000000000622e-01 8.325901453012475883e+01
5.710000000000000631e-01 8.350300352046973273e+01
5.720000000000000639e-01 8.374737613611242182e+01
5.730000000000000648e-01 8.399213227949367422e+01
5.740000000000000657e-01 8.423727185301322606e+01
5.750000000000000666e-01 8.448279475903100888e+01
5.760000000000000675e-01 8.472870089986840014e+01
5.769999999999999574e-01 8.497499017780923225e+01
5.779999999999999583e-01 8.522166249510127045e+01
5.789999999999999591e-01 8.546871775395702286e+01
5.799999999999999600e-01 8.571615585655521841e+01
5.809999999999999609e-01 8.596397670504174471e+01
5.819999999999999618e-01 8.621218020153088446e+01
5.829999999999999627e-01 8.646076624810640965e+01
5.839999999999999636e-01 8.670973474682261894e+01
5.849999999999999645e-01 8.695908559970553142e+01
5.859999999999999654e-01 8.720881870875390973e+01
5.869999999999999662e-01 8.745893397594042540e+01
5.879999999999999671e-01 8.770943130321259673e+01
5.889999999999999680e-01 8.796031059249379780e+01
5.899999999999999689e-01 8.821157174568458004e+01
5.909999999999999698e-01 8.846321466466331174e+01
5.919999999999999707e-01 8.871523925128754229e+01
5.929999999999999716e-01 8.896764540739481220e+01
5.939999999999999725e-01 8.922043303480361942e+01
5.949999999999999734e-01 8.947360203531455625e+01
5.959999999999999742e-01 8.972715231071117614e+01
5.969999999999999751e-01 8.998108376276096010e+01
5.979999999999999760e-01 9.023539629321632560e+01
5.989999999999999769e-01 9.049008980381549350e+01
5.999999999999999778e-01 9.074516419628352537e+01
6.009999999999999787e-01 9.100061937233304832e+01
6.019999999999999796e-01 9.125645523366553391e+01
6.029999999999999805e-01 9.151267168197171031e+01
6.039999999999999813e-01 9.176926861893284126e+01
6.049999999999999822e-01 9.202624594622150767e+01
6.059999999999999831e-01 9.228360356550240340e+01
6.069999999999999840e-01 9.254134137843325902e+01
6.079999999999999849e-01 9.279945928666575128e+01
6.089999999999999858e-01 9.305795719184618520e+01
6.099999999999999867e-01 9.331683499561643202e+01
6.109999999999999876e-01 9.357609259961498083e+01
6.119999999999999885e-01 9.383572990547719428e+01
6.129999999999999893e-01 9.409574681483675818e+01
6.139999999999999902e-01 9.435614322932605091e+01
6.149999999999999911e-01 9.461691905057710983e+01
6.159999999999999920e-01 9.487807418022234174e+01
6.169999999999999929e-01 9.513960851989541823e+01
6.179999999999999938e-01 9.540152197123190092e+01
6.189999999999999947e-01 9.566381443587010835e+01
6.199999999999999956e-01 9.592648581545179809e+01
6.209999999999999964e-01 9.618953601162294831e+01
6.219999999999999973e-01 9.645296492603446836e+01
6.229999999999999982e-01 9.671677246034293773e+01
6.239999999999999991e-01 9.698095851621144448e+01
6.250000000000000000e-01 9.724552299531003996e+01
6.260000000000000009e-01 9.751046579931667679e+01
6.270000000000000018e-01 9.777578682991773462e+01
6.280000000000000027e-01 9.804148598880888699e+01
6.290000000000000036e-01 9.830756317769566976e+01
6.300000000000000044e-01 9.857401829829409223e+01
6.310000000000000053e-01 9.884085125233150393e+01
6.320000000000000062e-01 9.910806194154709203e+01
6.330000000000000071e-01 9.937565026769257770e+01
6.340000000000000080e-01 9.964361613253291239e+01
6.350000000000000089e-01 9.991195943784680367e+01
6.360000000000000098e-01 1.001806800854274826e+02
6.370000000000000107e-01 1.004497779770831869e+02
6.380000000000000115e-01 1.007192530146379568e+02
6.390000000000000124e-01 1.009891050999321180e+02
6.400000000000000133e-01 1.012593341348228790e+02
6.410000000000000142e-01 1.015299400211849843e+02
6.420000000000000151e-01 1.018009226609113256e+02
6.430000000000000160e-01 1.020722819559134678e+02
6.440000000000000169e-01 1.023440178081222882e+02
6.450000000000000178e-01 1.026161301194884174e+02
6.460000000000000187e-01 1.028886187919830633e+02
6.470000000000000195e-01 1.031614837275982950e+02
6.480000000000000204e-01 1.034347248283477541e+02
6.490000000000000213e-01 1.037083419962672508e+02
6.500000000000000222e-01 1.039823351334150630e+02
6.510000000000000231e-01 1.042567041418727740e+02
6.520000000000000240e-01 1.045314489237455859e+02
6.530000000000000249e-01 1.048065693811630013e+02
6.540000000000000258e-01 1.050820654162792493e+02
6.550000000000000266e-01 1.053579369312737271e+02
6.560000000000000275e-01 1.056341838283516665e+02
6.570000000000000284e-01 1.059108060097446184e+02
6.580000000000000293e-01 1.061878033777108783e+02
6.590000000000000302e-01 1.064651758345359127e+02
6.600000000000000311e-01 1.067429232825330274e+02
6.610000000000000320e-01 1.070210456240437509e+02
6.620000000000000329e-01 1.072995427614382606e+02
6.630000000000000338e-01 1.075784145971159518e+02
6.640000000000000346e-01 1.078576610335058916e+02
6.650000000000000355e-01 1.081372819730671750e+02
6.660000000000000364e-01 1.084172773182895071e+02
6.670000000000000373e-01 1.086976469716935725e+02
6.680000000000000382e-01 1.089783908358315330e+02
6.690000000000000391e-01 1.092595088132874395e+02
6.700000000000000400e-01 1.095410008066775589e+02
6.710000000000000409e-01 1.098228667186512126e+02
6.720000000000000417e-01 1.101051064518905065e+02
6.730000000000000426e-01 1.103877199091115529e+02
6.740000000000000435e-01 1.106707069930641580e+02
6.750000000000000444e-01 1.109540676065327602e+02
6.760000000000000453e-01 1.112378016523365432e+02
6.770000000000000462e-01 1.115219090333300329e+02
6.780000000000000471e-01 1.118063896524033396e+02
6.790000000000000480e-01 1.120912434124825552e+02
6.800000000000000488e-01 1.123764702165302793e+02
6.810000000000000497e-01 1.126620699675459178e+02
6.820000000000000506e-01 1.129480425685660094e+02
6.830000000000000515e-01 1.132343879226647374e+02
6.840000000000000524e-01 1.135211059329541570e+02
6.850000000000000533e-01 1.138081965025847353e+02
6.860000000000000542e-01 1.140956595347454652e+02
6.870000000000000551e-01 1.143834949326644903e+02
6.880000000000000560e-01 1.146717025996093042e+02
6.890000000000000568e-01 1.149602824388871483e+02
6.900000000000000577e-01 1.152492343538452673e+02
6.910000000000000586e-01 1.155385582478714781e+02
6.920000000000000595e-01 1.158282540243942975e+02
6.930000000000000604e-01 1.161183215868833258e+02
6.940000000000000613e-01 1.164087608388496164e+02
6.950000000000000622e-01 1.166995716838459884e+02
6.960000000000000631e-01 1.169907540254674814e+02
6.970000000000000639e-01 1.172823077673512557e+02
6.980000000000000648e-01 1.175742328131774741e+02
6.990000000000000657e-01 1.178665290666691732e+02
7.000000000000000666e-01 1.181591964315928891e+02
7.010000000000000675e-01 1.184522348117586574e+02
7.020000000000000684e-01 1.187456441110205816e+02
7.030000000000000693e-01 1.190394242332769608e+02
7.039999999999999591e-01 1.193335750824706878e+02
7.049999999999999600e-01 1.196280965625894765e+02
7.059999999999999609e-01 1.199229885776662314e+02
7.069999999999999618e-01 1.202182510317792037e+02
7.079999999999999627e-01 1.205138838290524319e+02
7.089999999999999636e-01 1.208098868736557421e+02
7.099999999999999645e-01 1.211062600698055007e+02
7.109999999999999654e-01 1.214030033217644302e+02
7.119999999999999662e-01 1.217001165338419924e+02
7.129999999999999671e-01 1.219975996103949001e+02
7.139999999999999680e-01 1.222954524558270037e+02
7.149999999999999689e-01 1.225936749745898737e+02
7.159999999999999698e-01 1.228922670711828573e+02
7.169999999999999707e-01 1.231912286501534055e+02
7.179999999999999716e-01 1.234905596160973005e+02
7.189999999999999725e-01 1.237902598736589539e+02
7.199999999999999734e-01 1.240903293275315633e+02
7.209999999999999742e-01 1.243907678824574958e+02
7.219999999999999751e-01 1.246915754432282455e+02
7.229999999999999760e-01 1.249927519146850869e+02
7.239999999999999769e-01 1.252942972017189192e+02
7.249999999999999778e-01 1.255962112092707770e+02
7.259999999999999787e-01 1.258984938423316891e+02
7.269999999999999796e-01 1.262011450059435163e+02
7.279999999999999805e-01 1.265041646051985111e+02
7.289999999999999813e-01 1.268075525452398580e+02
7.299999999999999822e-01 1.271113087312620564e+02
7.309999999999999831e-01 1.274154330685107368e+02
7.319999999999999840e-01 1.277199254622831859e+02
7.329999999999999849e-01 1.280247858179284322e+02
7.339999999999999858e-01 1.283300140408472600e+02
7.349999999999999867e-01 1.286356100364929489e+02
7.359999999999999876e-01 1.289415737103709318e+02
7.369999999999999885e-01 1.292479049680392791e+02
7.379999999999999893e-01 1.295546037151086693e+02
7.389999999999999902e-01 1.298616698572429868e+02
7.399999999999999911e-01 1.301691033001588664e+02
7.409999999999999920e-01 1.304769039496267169e+02
7.419999999999999929e-01 1.307850717114700672e+02
7.429999999999999938e-01 1.310936064915664474e+02
7.439999999999999947e-01 1.314025081958469059e+02
7.449999999999999956e-01 1.317117767302970606e+02
7.459999999999999964e-01 1.320214120009561611e+02
7.469999999999999973e-01 1.323314139139183112e+02
7.479999999999999982e-01 1.326417823753318999e+02
7.489999999999999991e-01 1.329525172914003122e+02
7.500000000000000000e-01 1.332636185683815597e+02
7.510000000000000009e-01 1.335750861125889344e+02
7.520000000000000018e-01 1.338869198303909229e+02
7.530000000000000027e-01 1.341991196282112924e+02
7.540000000000000036e-01 1.345116854125296300e+02
7.550000000000000044e-01 1.348246170898808600e+02
7.560000000000000053e-01 1.351379145668561250e+02
7.570000000000000062e-01 1.354515777501022740e+02
7.580000000000000071e-01 1.357656065463225730e+02
7.590000000000000080e-01 1.360800008622764494e+02
7.600000000000000089e-01 1.363947606047798899e+02
7.610000000000000098e-01 1.367098856807053835e+02
7.620000000000000107e-01 1.370253759969822909e+02
7.630000000000000115e-01 1.373412314605967310e+02
7.640000000000000124e-01 1.376574519785918085e+02
7.650000000000000133e-01 1.379740374580679827e+02
7.660000000000000142e-01 1.382909878061828977e+02
7.670000000000000151e-01 1.386083029301516376e+02
7.680000000000000160e-01 1.389259827372467271e+02
7.690000000000000169e-01 1.392440271347985004e+02
7.700000000000000178e-01 1.395624360301951015e+02
7.710000000000000187e-01 1.398812093308825411e+02
7.720000000000000195e-01 1.402003469443649806e+02
7.730000000000000204e-01 1.405198487782046186e+02
7.740000000000000213e-01 1.408397147400220888e+02
7.750000000000000222e-01 1.411599447374964029e+02
7.760000000000000231e-01 1.414805386783650079e+02
7.770000000000000240e-01 1.418014964704240981e+02
7.780000000000000249e-01 1.421228180215286727e+02
7.790000000000000258e-01 1.424445032395924500e+02
7.800000000000000266e-01 1.427665520325882369e+02
7.810000000000000275e-01 1.430889643085478724e+02
7.820000000000000284e-01 1.434117399755624263e+02
7.830000000000000293e-01 1.437348789417821706e+02
7.840000000000000302e-01 1.440583811154169496e+02
7.850000000000000311e-01 1.443822464047358949e+02
7.860000000000000320e-01 1.447064747180679092e+02
7.870000000000000329e-01 1.450310659638015522e+02
7.880000000000000338e-01 1.453560200503850126e+02
7.890000000000000346e-01 1.456813368863266192e+02
7.900000000000000355e-01 1.460070163801944148e+02
7.910000000000000364e-01 1.463330584406168668e+02
7.920000000000000373e-01 1.466594629762822137e+02
7.930000000000000382e-01 1.469862298959391751e+02
7.940000000000000391e-01 1.473133591083967531e+02
7.950000000000000400e-01 1.476408505225243459e+02
7.960000000000000409e-01 1.479687040472519470e+02
7.970000000000000417e-01 1.482969195915700311e+02
7.980000000000000426e-01 1.486254970645297533e+02
7.990000000000000435e-01 1.489544363752431479e+02
8.000000000000000444e-01 1.492837374328829014e+02
8.010000000000000453e-01 1.496134001466826930e+02
8.020000000000000462e-01 1.499434244259372804e+02
8.030000000000000471e-01 1.502738101800022150e+02
8.040000000000000480e-01 1.506045573182944963e+02
8.050000000000000488e-01 1.509356657502921166e+02
8.060000000000000497e-01 1.512671353855344023e+02
8.070000000000000506e-01 1.515989661336220706e+02
8.080000000000000515e-01 1.519311579042171161e+02
8.090000000000000524e-01 1.522637106070431230e+02
8.100000000000000533e-01 1.525966241518852371e+02
8.110000000000000542e-01 1.529298984485901656e+02
8.120000000000000551e-01 1.532635334070662338e+02
8.130000000000000560e-01 1.535975289372835562e+02
8.140000000000000568e-01 1.539318849492741492e+02
8.150000000000000577e-01 1.542666013531315912e+02
8.160000000000000586e-01 1.546016780590117037e+02
8.170000000000000595e-01 1.549371149771320120e+02
8.180000000000000604e-01 1.552729120177722280e+02
8.190000000000000613e-01 1.556090690912741366e+02
8.200000000000000622e-01 1.559455861080415673e+02
8.210000000000000631e-01 1.562824629785405364e+02
8.220000000000000639e-01 1.566196996132993604e+02
8.230000000000000648e-01 1.569572959229086280e+02
8.240000000000000657e-01 1.572952518180212564e+02
8.250000000000000666e-01 1.576335672093525773e+02
8.260000000000000675e-01 1.579722420076802507e+02
8.270000000000000684e-01 1.583112761238444932e+02
8.280000000000000693e-01 1.586506694687480206e+02
8.290000000000000702e-01 1.589904219533561900e+02
8.300000000000000711e-01 1.593305334886968581e+02
8.310000000000000719e-01 1.596710039858606081e+02
8.320000000000000728e-01 1.600118333560005794e+02
8.329999999999999627e-01 1.603530215103326668e+02
8.339999999999999636e-01 1.606945683601358610e+02
8.349999999999999645e-01 1.610364738167515384e+02
8.359999999999999654e-01 1.613787377915841148e+02
8.369999999999999662e-01 1.617213601961008749e+02
8.379999999999999671e-01 1.620643409418319152e+02
8.389999999999999680e-01 1.624076799403703717e+02
8.399999999999999689e-01 1.627513771033724765e+02
8.409999999999999698e-01 1.630954323425571602e+02
8.419999999999999707e-01 1.634398455697066765e+02
8.429999999999999716e-01 1.637846166966662338e+02
8.439999999999999725e-01 1.641297456353441362e+02
8.449999999999999734e-01 1.644752322977118411e+02
8.459999999999999742e-01 1.648210765958040724e+02
8.469999999999999751e-01 1.651672784417185085e+02
8.479999999999999760e-01 1.655138377476162077e+02
8.489999999999999769e-01 1.658607544257214386e+02
8.499999999999999778e-01 1.662080283883216509e+02
8.509999999999999787e-01 1.665556595477675899e+02
8.519999999999999796e-01 1.669036478164734376e+02
8.529999999999999805e-01 1.672519931069165580e+02
8.539999999999999813e-01 1.676006953316378087e+02
8.549999999999999822e-01 1.679497544032411156e+02
8.559999999999999831e-01 1.682991702343941540e+02
8.569999999999999840e-01 1.686489427378277242e+02
8.579999999999999849e-01 1.689990718263362623e+02
8.589999999999999858e-01 1.693495574127774432e+02
8.599999999999999867e-01 1.697003994100724640e+02
8.609999999999999876e-01 1.700515977312060727e+02
8.619999999999999885e-01 1.704031522892264547e+02
8.629999999999999893e-01 1.707550629972452043e+02
8.639999999999999902e-01 1.711073297684374097e+02
8.649999999999999911e-01 1.714599525160419944e+02
8.659999999999999920e-01 1.718129311533609211e+02
8.669999999999999929e-01 1.721662655937600732e+02
8.679999999999999938e-01 1.725199557506687142e+02
8.689999999999999947e-01 1.728740015375797157e+02
8.699999999999999956e-01 1.732284028680494714e+02
8.709999999999999964e-01 1.735831596556979832e+02
8.719999999999999973e-01 1.739382718142089175e+02
8.729999999999999982e-01 1.742937392573293778e+02
8.739999999999999991e-01 1.746495618988701040e+02
8.750000000000000000e-01 1.750057396527055857e+02
8.760000000000000009e-01 1.753622724327736364e+02
8.770000000000000018e-01 1.757191601530759044e+02
8.780000000000000027e-01 1.760764027276775892e+02
8.790000000000000036e-01 1.764340000707075262e+02
8.800000000000000044e-01 1.767919520963580169e+02
8.810000000000000053e-01 1.771502587188851976e+02
8.820000000000000062e-01 1.775089198526085283e+02
8.830000000000000071e-01 1.778679354119114464e+02
8.840000000000000080e-01 1.782273053112407410e+02
8.850000000000000089e-01 1.785870294651068662e+02
8.860000000000000098e-01 1.789471077880838834e+02
8.870000000000000107e-01 1.793075401948096612e+02
8.880000000000000115e-01 1.796683265999852779e+02
8.890000000000000124e-01 1.800294669183757605e+02
8.900000000000000133e-01 1.803909610648094599e+02
8.910000000000000142e-01 1.807528089541787040e+02
8.920000000000000151e-01 1.811150105014389169e+02
8.930000000000000160e-01 1.814775656216094148e+02
8.940000000000000169e-01 1.818404742297730934e+02
8.950000000000000178e-01 1.822037362410762285e+02
8.960000000000000187e-01 1.825673515707287606e+02
8.970000000000000195e-01 1.829313201340042383e+02
8.980000000000000204e-01 1.832956418462395618e+02
8.990000000000000213e-01 1.836603166228354667e+02
9.000000000000000222e-01 1.840253443792558983e+02
9.010000000000000231e-01 1.843907250310283814e+02
9.020000000000000240e-01 1.847564584937441623e+02
9.030000000000000249e-01 1.851225446830575834e+02
9.040000000000000258e-01 1.854889835146868222e+02
9.050000000000000266e-01 1.858557749044135221e+02
9.060000000000000275e-01 1.862229187680821951e+02
9.070000000000000284e-01 1.865904150216016433e+02
9.080000000000000293e-01 1.869582635809434237e+02
9.090000000000000302e-01 1.873264643621428718e+02
9.100000000000000311e-01 1.876950172812985329e+02
9.110000000000000320e-01 1.880639222545723612e+02
9.120000000000000329e-01 1.884331791981896913e+02
9.130000000000000338e-01 1.888027880284392381e+02
9.140000000000000346e-01 1.891727486616729834e+02
9.150000000000000355e-01 1.895430610143062040e+02
9.160000000000000364e-01 1.899137250028175004e+02
9.170000000000000373e-01 1.902847405437488533e+02
9.180000000000000382e-01 1.906561075537052261e+02
9.190000000000000391e-01 1.910278259493551616e+02
9.200000000000000400e-01 1.913998956474300144e+02
9.210000000000000409e-01 1.917723165647247185e+02
9.220000000000000417e-01 1.921450886180971906e+02
9.230000000000000426e-01 1.925182117244686424e+02
9.240000000000000435e-01 1.928916858008230406e+02
9.250000000000000444e-01 1.932655107642079315e+02
9.260000000000000453e-01 1.936396865317337586e+02
9.270000000000000462e-01 1.940142130205740045e+02
9.280000000000000471e-01 1.943890901479651063e+02
9.290000000000000480e-01 1.947643178312067391e+02
9.300000000000000488e-01 1.951398959876613617e+02
9.310000000000000497e-01 1.955158245347546995e+02
9.320000000000000506e-01 1.958921033899751478e+02
9.330000000000000515e-01 1.962687324708739993e+02
9.340000000000000524e-01 1.966457116950656996e+02
9.350000000000000533e-01 1.970230409802274494e+02
9.360000000000000542e-01 1.974007202440991762e+02
9.370000000000000551e-01 1.977787494044837899e+02
9.380000000000000560e-01 1.981571283792468989e+02
9.390000000000000568e-01 1.985358570863168950e+02
9.400000000000000577e-01 1.989149354436850672e+02
9.410000000000000586e-01 1.992943633694051186e+02
9.420000000000000595e-01 1.996741407815936782e+02
9.430000000000000604e-01 2.000542675984299024e+02
9.440000000000000613e-01 2.004347437381556460e+02
9.450000000000000622e-01 2.008155691190753771e+02
9.460000000000000631e-01 2.011967436595560343e+02
9.470000000000000639e-01 2.015782672780272264e+02
9.480000000000000648e-01 2.019601398929809193e+02
9.490000000000000657e-01 2.023423614229716918e+02
9.500000000000000666e-01 2.027249317866163665e+02
9.510000000000000675e-01 2.031078509025946914e+02
9.520000000000000684e-01 2.034911186896480331e+02
9.530000000000000693e-01 2.038747350665807971e+02
9.540000000000000702e-01 2.042586999522592350e+02
9.550000000000000711e-01 2.046430132656122964e+02
9.560000000000000719e-01 2.050276749256307482e+02
9.570000000000000728e-01 2.054126848513680557e+02
9.580000000000000737e-01 2.057980429619395295e+02
9.590000000000000746e-01 2.061837491765226673e+02
9.599999999999999645e-01 2.065698034143572102e+02
9.609999999999999654e-01 2.069562055947449721e+02
9.619999999999999662e-01 2.073429556370498972e+02
9.629999999999999671e-01 2.077300534606976896e+02
9.639999999999999680e-01 2.081174989851762973e+02
9.649999999999999689e-01 2.085052921300354569e+02
9.659999999999999698e-01 2.088934328148869781e+02
9.669999999999999707e-01 2.092819209594043741e+02
9.679999999999999716e-01 2.096707564833232027e+02
9.689999999999999725e-01 2.100599393064405831e+02
9.699999999999999734e-01 2.104494693486157644e+02
9.709999999999999742e-01 2.108393465297693297e+02
9.719999999999999751e-01 2.112295707698837930e+02
9.729999999999999760e-01 2.116201419890032867e+02
9.739999999999999769e-01 2.120110601072336465e+02
9.749999999999999778e-01 2.124023250447420423e+02
9.759999999999999787e-01 2.127939367217576319e+02
9.769999999999999796e-01 2.131858950585705657e+02
9.779999999999999805e-01 2.135781999755328968e+02
9.789999999999999813e-01 2.139708513930578988e+02
9.799999999999999822e-01 2.143638492316202360e+02
9.809999999999999831e-01 2.147571934117560204e+02
9.819999999999999840e-01 2.151508838540626130e+02
9.829999999999999849e-01 2.155449204791985949e+02
9.839999999999999858e-01 2.159393032078841657e+02
9.849999999999999867e-01 2.163340319609001483e+02
9.859999999999999876e-01 2.167291066590889272e+02
9.869999999999999885e-01 2.171245272233537946e+02
9.879999999999999893e-01 2.175202935746593482e+02
9.889999999999999902e-01 2.179164056340310367e+02
9.899999999999999911e-01 2.183128633225553017e+02
9.909999999999999920e-01 2.187096665613796063e+02
9.919999999999999929e-01 2.191068152717124633e+02
9.929999999999999938e-01 2.195043093748229239e+02
9.939999999999999947e-01 2.199021487920411460e+02
9.949999999999999956e-01 2.203003334447579391e+02
9.959999999999999964e-01 2.206988632544250777e+02
9.969999999999999973e-01 2.210977381425547037e+02
9.979999999999999982e-01 2.214969580307197816e+02
9.989999999999999991e-01 2.218965228405540699e+02
1.000000000000000000e+00 2.222964324937516380e+02
