0.000000000000000000e+00 0.000000000000000000e+00
1.000000000000000021e-03 9.534112672916809084e-01
2.000000000000000042e-03 1.426281789703476965e+00
3.000000000000000062e-03 1.792492350011660296e+00
4.000000000000000083e-03 2.100391009586354940e+00
5.000000000000000104e-03 2.369855465203833944e+00
6.000000000000000125e-03 2.611478805956662708e+00
7.000000000000000146e-03 2.831733532485414262e+00
8.000000000000000167e-03 3.034930656533608939e+00
9.000000000000001055e-03 3.224118518074073236e+00
1.000000000000000021e-02 3.401549741874131616e+00
1.099999999999999936e-02 3.568946324980399876e+00
1.200000000000000025e-02 3.727660521867576460e+00
1.300000000000000114e-02 3.878777731536409590e+00
1.400000000000000029e-02 4.023185127286770246e+00
1.499999999999999944e-02 4.161619053587529926e+00
1.600000000000000033e-02 4.294698727117312487e+00
1.700000000000000122e-02 4.422950801611330363e+00
1.800000000000000211e-02 4.546827660495726064e+00
1.899999999999999953e-02 4.666721295124555802e+00
2.000000000000000042e-02 4.782974007919976067e+00
2.100000000000000130e-02 4.895886787626862358e+00
2.199999999999999872e-02 5.005725948533498837e+00
2.299999999999999961e-02 5.112728455170413966e+00
2.400000000000000050e-02 5.217106237920751788e+00
2.500000000000000139e-02 5.319049724340978891e+00
2.600000000000000228e-02 5.418730753998378447e+00
2.699999999999999969e-02 5.516305003711352128e+00
2.800000000000000058e-02 5.611914020272950054e+00
2.900000000000000147e-02 5.705686935740941657e+00
2.999999999999999889e-02 5.797741923946533760e+00
3.099999999999999978e-02 5.888187444462088749e+00
3.200000000000000067e-02 5.977123310795890987e+00
3.300000000000000155e-02 6.064641612283065086e+00
3.400000000000000244e-02 6.150827513467415741e+00
3.500000000000000333e-02 6.235759950320568734e+00
3.600000000000000422e-02 6.319512239130395059e+00
3.699999999999999817e-02 6.402152611093702816e+00
3.799999999999999906e-02 6.483744683407048903e+00
3.899999999999999994e-02 6.564347875841847646e+00
4.000000000000000083e-02 6.644017780323431488e+00
4.100000000000000172e-02 6.722806489836612442e+00
4.200000000000000261e-02 6.800762891998338056e+00
4.300000000000000350e-02 6.877932931827790419e+00
4.399999999999999745e-02 6.954359847573070574e+00
4.499999999999999833e-02 7.030084382894501438e+00
4.599999999999999922e-02 7.105144978236977771e+00
4.700000000000000011e-02 7.179577943831287890e+00
4.800000000000000100e-02 7.253417616432956017e+00
4.900000000000000189e-02 7.326696501627056435e+00
5.000000000000000278e-02 7.399445403289204748e+00
5.100000000000000366e-02 7.471693541589950804e+00
5.200000000000000455e-02 7.543468660756001753e+00
5.299999999999999850e-02 7.614797127652911612e+00
5.399999999999999939e-02 7.685704022125233514e+00
5.500000000000000028e-02 7.756213219919603219e+00
5.600000000000000117e-02 7.826347468920200612e+00
5.700000000000000205e-02 7.896128459342791395e+00
5.800000000000000294e-02 7.965576888461018967e+00
5.900000000000000383e-02 8.034712520375412836e+00
5.999999999999999778e-02 8.103554241280120252e+00
6.099999999999999867e-02 8.172120110634025991e+00
6.199999999999999956e-02 8.240427408600059067e+00
6.300000000000000044e-02 8.308492680078989778e+00
6.400000000000000133e-02 8.376331775630969645e+00
6.500000000000000222e-02 8.443959889548475317e+00
6.600000000000000311e-02 8.511391595318642089e+00
6.700000000000000400e-02 8.578640878689506977e+00
6.800000000000000488e-02 8.645721168534482359e+00
6.900000000000000577e-02 8.712645365690931953e+00
7.000000000000000666e-02 8.779425869932287796e+00
7.100000000000000755e-02 8.846074605218673170e+00
7.200000000000000844e-02 8.912603043357872679e+00
7.299999999999999545e-02 8.979022226196686773e+00
7.399999999999999634e-02 9.045342786452204464e+00
7.499999999999999722e-02 9.111574967282967563e+00
7.599999999999999811e-02 9.177728640691576345e+00
7.699999999999999900e-02 9.243813324842312440e+00
7.799999999999999989e-02 9.309838200370711192e+00
7.900000000000000078e-02 9.375812125755297544e+00
8.000000000000000167e-02 9.441743651816350891e+00
8.100000000000000255e-02 9.507641035401078966e+00
8.200000000000000344e-02 9.573512252310020898e+00
8.300000000000000433e-02 9.639365009515154625e+00
8.400000000000000522e-02 9.705206756716270533e+00
8.500000000000000611e-02 9.771044697278576052e+00
8.600000000000000699e-02 9.836885798591328722e+00
8.700000000000000788e-02 9.902736801884273632e+00
8.799999999999999489e-02 9.968604231535818982e+00
8.899999999999999578e-02 1.003449440390467906e+01
8.999999999999999667e-02 1.010041343571410621e+01
9.099999999999999756e-02 1.016636725201601976e+01
9.199999999999999845e-02 1.023236159376014953e+01
9.299999999999999933e-02 1.029840202499181956e+01
9.400000000000000022e-02 1.036449393970011457e+01
9.500000000000000111e-02 1.043064256833687509e+01
9.600000000000000200e-02 1.049685298402541989e+01
9.700000000000000289e-02 1.056313010847679124e+01
9.800000000000000377e-02 1.062947871762994367e+01
9.900000000000000466e-02 1.069590344703139273e+01
1.000000000000000056e-01 1.076240879696871744e+01
1.010000000000000064e-01 1.082899913737143471e+01
1.020000000000000073e-01 1.089567871249186837e+01
1.030000000000000082e-01 1.096245164537781136e+01
1.040000000000000091e-01 1.102932194214822381e+01
1.049999999999999961e-01 1.109629349608213111e+01
1.059999999999999970e-01 1.116337009153071236e+01
1.069999999999999979e-01 1.123055540766162785e+01
1.079999999999999988e-01 1.129785302204423836e+01
1.089999999999999997e-01 1.136526641408377891e+01
1.100000000000000006e-01 1.143279896831215225e+01
1.110000000000000014e-01 1.150045397754253074e+01
1.120000000000000023e-01 1.156823464589440142e+01
1.130000000000000032e-01 1.163614409169559671e+01
1.140000000000000041e-01 1.170418535026711204e+01
1.150000000000000050e-01 1.177236137659657800e+01
1.160000000000000059e-01 1.184067504790551162e+01
1.170000000000000068e-01 1.190912916611553740e+01
1.180000000000000077e-01 1.197772646021834575e+01
1.190000000000000085e-01 1.204646958855372496e+01
1.199999999999999956e-01 1.211536114100016448e+01
1.209999999999999964e-01 1.218440364108182372e+01
1.219999999999999973e-01 1.225359954799585083e+01
1.229999999999999982e-01 1.232295125856352058e+01
1.239999999999999991e-01 1.239246110910876553e+01
1.250000000000000000e-01 1.246213137726715736e+01
1.260000000000000009e-01 1.253196428372856275e+01
1.270000000000000018e-01 1.260196199391628369e+01
1.280000000000000027e-01 1.267212661960555309e+01
1.290000000000000036e-01 1.274246022048382443e+01
1.300000000000000044e-01 1.281296480565561069e+01
1.310000000000000053e-01 1.288364233509395618e+01
1.320000000000000062e-01 1.295449472104105126e+01
1.330000000000000071e-01 1.302552382935986941e+01
1.340000000000000080e-01 1.309673148083910732e+01
1.350000000000000089e-01 1.316811945245326143e+01
1.360000000000000098e-01 1.323968947857952827e+01
1.370000000000000107e-01 1.331144325217359814e+01
1.380000000000000115e-01 1.338338242590575788e+01
1.390000000000000124e-01 1.345550861325900271e+01
1.400000000000000133e-01 1.352782338959060837e+01
1.410000000000000142e-01 1.360032829315873215e+01
1.420000000000000151e-01 1.367302482611527026e+01
1.430000000000000160e-01 1.374591445546644586e+01
1.440000000000000169e-01 1.381899861400223806e+01
1.449999999999999900e-01 1.389227870119584907e+01
1.459999999999999909e-01 1.396575608407467328e+01
1.469999999999999918e-01 1.403943209806328696e+01
1.479999999999999927e-01 1.411330804780009451e+01
1.489999999999999936e-01 1.418738520792821234e+01
1.499999999999999944e-01 1.426166482386178558e+01
1.509999999999999953e-01 1.433614811252854260e+01
1.519999999999999962e-01 1.441083626308943799e+01
1.529999999999999971e-01 1.448573043763642332e+01
1.539999999999999980e-01 1.456083177186878252e+01
1.549999999999999989e-01 1.463614137574923468e+01
1.559999999999999998e-01 1.471166033414014862e+01
1.570000000000000007e-01 1.478738970742086423e+01
1.580000000000000016e-01 1.486333053208666222e+01
1.590000000000000024e-01 1.493948382132988684e+01
1.600000000000000033e-01 1.501585056560433529e+01
1.610000000000000042e-01 1.509243173317279130e+01
1.620000000000000051e-01 1.516922827063897650e+01
1.630000000000000060e-01 1.524624110346394801e+01
1.640000000000000069e-01 1.532347113646777714e+01
1.650000000000000078e-01 1.540091925431688225e+01
1.660000000000000087e-01 1.547858632199753082e+01
1.670000000000000095e-01 1.555647318527595324e+01
1.680000000000000104e-01 1.563458067114557792e+01
1.690000000000000113e-01 1.571290958826173245e+01
1.700000000000000122e-01 1.579146072736430284e+01
1.710000000000000131e-01 1.587023486168877540e+01
1.720000000000000140e-01 1.594923274736581043e+01
1.730000000000000149e-01 1.602845512381009385e+01
1.740000000000000158e-01 1.610790271409848273e+01
1.750000000000000167e-01 1.618757622533797758e+01
1.759999999999999898e-01 1.626747634902376660e+01
1.769999999999999907e-01 1.634760376138775229e+01
1.779999999999999916e-01 1.642795912373765077e+01
1.789999999999999925e-01 1.650854308278726279e+01
1.799999999999999933e-01 1.658935627097794807e+01
1.809999999999999942e-01 1.667039930679170823e+01
1.819999999999999951e-01 1.675167279505600604e+01
1.829999999999999960e-01 1.683317732724083982e+01
1.839999999999999969e-01 1.691491348174793075e+01
1.849999999999999978e-01 1.699688182419265559e+01
1.859999999999999987e-01 1.707908290767857551e+01
1.869999999999999996e-01 1.716151727306524677e+01
1.880000000000000004e-01 1.724418544922886554e+01
1.890000000000000013e-01 1.732708795331670260e+01
1.900000000000000022e-01 1.741022529099488736e+01
1.910000000000000031e-01 1.749359795669017359e+01
1.920000000000000040e-01 1.757720643382553050e+01
1.930000000000000049e-01 1.766105119505001042e+01
1.940000000000000058e-01 1.774513270246298191e+01
1.950000000000000067e-01 1.782945140783267490e+01
1.960000000000000075e-01 1.791400775280964552e+01
1.970000000000000084e-01 1.799880216913477682e+01
1.980000000000000093e-01 1.808383507884252595e+01
1.990000000000000102e-01 1.816910689445898086e+01
2.000000000000000111e-01 1.825461801919542637e+01
2.010000000000000120e-01 1.834036884713715665e+01
2.020000000000000129e-01 1.842635976342771187e+01
2.030000000000000138e-01 1.851259114444900433e+01
2.040000000000000147e-01 1.859906335799690069e+01
2.050000000000000155e-01 1.868577676345295302e+01
2.060000000000000164e-01 1.877273171195191992e+01
2.070000000000000173e-01 1.885992854654544004e+01
2.080000000000000182e-01 1.894736760236199302e+01
2.089999999999999913e-01 1.903504920676303414e+01
2.099999999999999922e-01 1.912297367949572902e+01
2.109999999999999931e-01 1.921114133284190828e+01
2.119999999999999940e-01 1.929955247176391708e+01
2.129999999999999949e-01 1.938820739404701143e+01
2.139999999999999958e-01 1.947710639043848602e+01
2.149999999999999967e-01 1.956624974478383905e+01
2.159999999999999976e-01 1.965563773415968996e+01
2.169999999999999984e-01 1.974527062900385488e+01
2.179999999999999993e-01 1.983514869324251251e+01
2.190000000000000002e-01 1.992527218441450287e+01
2.200000000000000011e-01 2.001564135379290121e+01
2.210000000000000020e-01 2.010625644650397703e+01
2.220000000000000029e-01 2.019711770164346376e+01
2.230000000000000038e-01 2.028822535239028468e+01
2.240000000000000047e-01 2.037957962611796958e+01
2.250000000000000056e-01 2.047118074450341396e+01
2.260000000000000064e-01 2.056302892363353152e+01
2.270000000000000073e-01 2.065512437410934865e+01
2.280000000000000082e-01 2.074746730114821247e+01
2.290000000000000091e-01 2.084005790468351549e+01
2.300000000000000100e-01 2.093289637946238813e+01
2.310000000000000109e-01 2.102598291514146922e+01
2.320000000000000118e-01 2.111931769638043477e+01
2.330000000000000127e-01 2.121290090293373254e+01
2.340000000000000135e-01 2.130673270974027034e+01
2.350000000000000144e-01 2.140081328701137409e+01
2.360000000000000153e-01 2.149514280031674218e+01
2.370000000000000162e-01 2.158972141066877981e+01
2.380000000000000171e-01 2.168454927460513915e+01
2.390000000000000180e-01 2.177962654426946187e+01
2.399999999999999911e-01 2.187495336749067576e+01
2.409999999999999920e-01 2.197052988786043670e+01
2.419999999999999929e-01 2.206635624480917102e+01
2.429999999999999938e-01 2.216243257368056163e+01
2.439999999999999947e-01 2.225875900580434319e+01
2.449999999999999956e-01 2.235533566856790344e+01
2.459999999999999964e-01 2.245216268548623262e+01
2.469999999999999973e-01 2.254924017627061517e+01
2.479999999999999982e-01 2.264656825689581510e+01
2.489999999999999991e-01 2.274414703966608187e+01
2.500000000000000000e-01 2.284197663327969252e+01
2.510000000000000009e-01 2.294005714289236408e+01
2.520000000000000018e-01 2.303838867017932301e+01
2.530000000000000027e-01 2.313697131339614543e+01
2.540000000000000036e-01 2.323580516743854218e+01
2.550000000000000044e-01 2.333489032390073703e+01
2.560000000000000053e-01 2.343422687113305969e+01
2.570000000000000062e-01 2.353381489429799700e+01
2.580000000000000071e-01 2.363365447542559394e+01
2.590000000000000080e-01 2.373374569346740515e+01
2.600000000000000089e-01 2.383408862434973230e+01
2.610000000000000098e-01 2.393468334102562523e+01
2.620000000000000107e-01 2.403552991352595924e+01
2.630000000000000115e-01 2.413662840900961015e+01
2.640000000000000124e-01 2.423797889181253851e+01
2.650000000000000133e-01 2.433958142349612075e+01
2.660000000000000142e-01 2.444143606289436477e+01
2.670000000000000151e-01 2.454354286616049308e+01
2.680000000000000160e-01 2.464590188681234650e+01
2.690000000000000169e-01 2.474851317577725496e+01
2.700000000000000178e-01 2.485137678143585660e+01
2.710000000000000187e-01 2.495449274966513897e+01
2.720000000000000195e-01 2.505786112388084064e+01
2.730000000000000204e-01 2.516148194507876923e+01
2.740000000000000213e-01 2.526535525187573228e+01
2.750000000000000222e-01 2.536948108054935602e+01
2.760000000000000231e-01 2.547385946507746368e+01
2.770000000000000240e-01 2.557849043717659754e+01
2.780000000000000249e-01 2.568337402633978428e+01
2.790000000000000258e-01 2.578851025987380297e+01
2.800000000000000266e-01 2.589389916293553284e+01
2.810000000000000275e-01 2.599954075856795654e+01
2.820000000000000284e-01 2.610543506773520051e+01
2.830000000000000293e-01 2.621158210935716326e+01
2.840000000000000302e-01 2.631798190034336926e+01
2.850000000000000311e-01 2.642463445562640700e+01
2.860000000000000320e-01 2.653153978819460690e+01
2.870000000000000329e-01 2.663869790912421820e+01
2.880000000000000338e-01 2.674610882761098551e+01
2.889999999999999791e-01 2.685377255100107874e+01
2.899999999999999800e-01 2.696168908482188797e+01
2.909999999999999809e-01 2.706985843281161408e+01
2.919999999999999818e-01 2.717828059694886633e+01
2.929999999999999827e-01 2.728695557748164902e+01
2.939999999999999836e-01 2.739588337295562326e+01
2.949999999999999845e-01 2.750506398024208821e+01
2.959999999999999853e-01 2.761449739456541863e+01
2.969999999999999862e-01 2.772418360953004068e+01
2.979999999999999871e-01 2.783412261714692804e+01
2.989999999999999880e-01 2.794431440785955445e+01
2.999999999999999889e-01 2.805475897056964385e+01
3.009999999999999898e-01 2.816545629266220274e+01
3.019999999999999907e-01 2.827640636003026131e+01
3.029999999999999916e-01 2.838760915709926280e+01
3.039999999999999925e-01 2.849906466685085249e+01
3.049999999999999933e-01 2.861077287084649612e+01
3.059999999999999942e-01 2.872273374925037004e+01
3.069999999999999951e-01 2.883494728085232595e+01
3.079999999999999960e-01 2.894741344309000297e+01
3.089999999999999969e-01 2.906013221207086872e+01
3.099999999999999978e-01 2.917310356259377713e+01
3.109999999999999987e-01 2.928632746817020660e+01
3.119999999999999996e-01 2.939980390104514996e+01
3.130000000000000004e-01 2.951353283221753188e+01
3.140000000000000013e-01 2.962751423146052687e+01
3.150000000000000022e-01 2.974174806734131948e+01
3.160000000000000031e-01 2.985623430724065841e+01
3.170000000000000040e-01 2.997097291737200209e+01
3.180000000000000049e-01 3.008596386280050083e+01
3.190000000000000058e-01 3.020120710746150294e+01
3.200000000000000067e-01 3.031670261417876233e+01
3.210000000000000075e-01 3.043245034468261068e+01
3.220000000000000084e-01 3.054845025962743321e+01
3.230000000000000093e-01 3.066470231860915163e+01
3.240000000000000102e-01 3.078120648018230554e+01
3.250000000000000111e-01 3.089796270187693850e+01
3.260000000000000120e-01 3.101497094021510392e+01
3.270000000000000129e-01 3.113223115072718628e+01
3.280000000000000138e-01 3.124974328796795220e+01
3.290000000000000147e-01 3.136750730553226418e+01
3.300000000000000155e-01 3.148552315607066276e+01
3.310000000000000164e-01 3.160379079130467161e+01
3.320000000000000173e-01 3.172231016204170828e+01
3.330000000000000182e-01 3.184108121819002335e+01
3.340000000000000191e-01 3.196010390877314578e+01
3.350000000000000200e-01 3.207937818194429269e+01
3.360000000000000209e-01 3.219890398500037065e+01
3.370000000000000218e-01 3.231868126439601951e+01
3.380000000000000226e-01 3.243870996575709853e+01
3.390000000000000235e-01 3.255899003389425417e+01
3.400000000000000244e-01 3.267952141281608647e+01
3.410000000000000253e-01 3.280030404574217329e+01
3.420000000000000262e-01 3.292133787511599508e+01
3.430000000000000271e-01 3.304262284261741911e+01
3.440000000000000280e-01 3.316415888917524057e+01
3.450000000000000289e-01 3.328594595497938258e+01
3.460000000000000298e-01 3.340798397949286880e+01
3.470000000000000306e-01 3.353027290146383876e+01
3.480000000000000315e-01 3.365281265893703733e+01
3.490000000000000324e-01 3.377560318926551020e+01
3.500000000000000333e-01 3.389864442912172393e+01
3.510000000000000342e-01 3.402193631450885647e+01
3.519999999999999796e-01 3.414547878077176790e+01
3.529999999999999805e-01 3.426927176260765862e+01
3.539999999999999813e-01 3.439331519407689086e+01
3.549999999999999822e-01 3.451760900861337689e+01
3.559999999999999831e-01 3.464215313903490312e+01
3.569999999999999840e-01 3.476694751755326962e+01
3.579999999999999849e-01 3.489199207578445794e+01
3.589999999999999858e-01 3.501728674475820924e+01
3.599999999999999867e-01 3.514283145492797900e+01
3.609999999999999876e-01 3.526862613618037301e+01
3.619999999999999885e-01 3.539467071784463315e+01
3.629999999999999893e-01 3.552096512870181755e+01
3.639999999999999902e-01 3.564750929699404480e+01
3.649999999999999911e-01 3.577430315043347520e+01
3.659999999999999920e-01 3.590134661621104328e+01
3.669999999999999929e-01 3.602863962100540363e+01
3.679999999999999938e-01 3.615618209099137204e+01
3.689999999999999947e-01 3.628397395184845209e+01
3.699999999999999956e-01 3.641201512876920532e+01
3.709999999999999964e-01 3.654030554646739404e+01
3.719999999999999973e-01 3.666884512918619521e+01
3.729999999999999982e-01 3.679763380070614431e+01
3.739999999999999991e-01 3.692667148435291580e+01
3.750000000000000000e-01 3.705595810300521009e+01
3.760000000000000009e-01 3.718549357910223563e+01
3.770000000000000018e-01 3.731527783465141823e+01
3.780000000000000027e-01 3.744531079123558470e+01
3.790000000000000036e-01 3.757559237002046615e+01
3.800000000000000044e-01 3.770612249176178210e+01
3.810000000000000053e-01 3.783690107681238146e+01
3.820000000000000062e-01 3.796792804512917741e+01
3.830000000000000071e-01 3.809920331628007517e+01
3.840000000000000080e-01 3.823072680945076485e+01
3.850000000000000089e-01 3.836249844345131521e+01
3.860000000000000098e-01 3.849451813672294520e+01
3.870000000000000107e-01 3.862678580734427669e+01
3.880000000000000115e-01 3.875930137303797096e+01
3.890000000000000124e-01 3.889206475117680384e+01
3.900000000000000133e-01 3.902507585879014584e+01
3.910000000000000142e-01 3.915833461256982417e+01
3.920000000000000151e-01 3.929184092887630442e+01
3.930000000000000160e-01 3.942559472374464491e+01
3.940000000000000169e-01 3.955959591289031607e+01
3.950000000000000178e-01 3.969384441171499134e+01
3.960000000000000187e-01 3.982834013531219597e+01
3.970000000000000195e-01 3.996308299847305534e+01
3.980000000000000204e-01 4.009807291569173060e+01
3.990000000000000213e-01 4.023330980117083300e+01
4.000000000000000222e-01 4.036879356882693060e+01
4.010000000000000231e-01 4.050452413229575654e+01
4.020000000000000240e-01 4.064050140493749552e+01
4.030000000000000249e-01 4.077672529984180017e+01
4.040000000000000258e-01 4.091319572983307040e+01
4.050000000000000266e-01 4.104991260747534909e+01
4.060000000000000275e-01 4.118687584507723898e+01
4.070000000000000284e-01 4.132408535469675570e+01
4.080000000000000293e-01 4.146154104814630159e+01
4.090000000000000302e-01 4.159924283699715630e+01
4.100000000000000311e-01 4.173719063258425166e+01
4.110000000000000320e-01 4.187538434601076176e+01
4.120000000000000329e-01 4.201382388815270730e+01
4.130000000000000338e-01 4.215250916966326855e+01
4.140000000000000346e-01 4.229144010097724049e+01
4.150000000000000355e-01 4.243061659231557314e+01
4.160000000000000364e-01 4.257003855368933642e+01
4.169999999999999818e-01 4.270970589490413261e+01
4.179999999999999827e-01 4.284961852556424589e+01
4.189999999999999836e-01 4.298977635507674933e+01
4.199999999999999845e-01 4.313017929265544126e+01
4.209999999999999853e-01 4.327082724732500196e+01
4.219999999999999862e-01 4.341172012792489454e+01
4.229999999999999871e-01 4.355285784311305974e+01
4.239999999999999880e-01 4.369424030136999448e+01
4.249999999999999889e-01 4.383586741100238982e+01
4.259999999999999898e-01 4.397773908014689681e+01
4.269999999999999907e-01 4.411985521677376454e+01
4.279999999999999916e-01 4.426221572869044252e+01
4.289999999999999925e-01 4.440482052354521869e+01
4.299999999999999933e-01 4.454766950883072951e+01
4.309999999999999942e-01 4.469076259188729239e+01
4.319999999999999951e-01 4.483409967990655787e+01
4.329999999999999960e-01 4.497768067993470709e+01
4.339999999999999969e-01 4.512150549887580553e+01
4.349999999999999978e-01 4.526557404349514258e+01
4.359999999999999987e-01 4.540988622042250000e+01
4.369999999999999996e-01 4.555444193615517889e+01
4.380000000000000004e-01 4.569924109706130366e+01
4.390000000000000013e-01 4.584428360938287739e+01
4.400000000000000022e-01 4.598956937923888688e+01
4.410000000000000031e-01 4.613509831262820171e+01
4.420000000000000040e-01 4.628087031543265795e+01
4.430000000000000049e-01 4.642688529342000692e+01
4.440000000000000058e-01 4.657314315224677870e+01
4.450000000000000067e-01 4.671964379746103901e+01
4.460000000000000075e-01 4.686638713450537352e+01
4.470000000000000084e-01 4.701337306871968025e+01
4.480000000000000093e-01 4.716060150534366358e+01
4.490000000000000102e-01 4.730807234951980433e+01
4.500000000000000111e-01 4.745578550629598169e+01
4.510000000000000120e-01 4.760374088062791031e+01
4.520000000000000129e-01 4.775193837738201097e+01
4.530000000000000138e-01 4.790037790133767714e+01
4.540000000000000147e-01 4.804905935719016696e+01
4.550000000000000155e-01 4.819798264955273481e+01
4.560000000000000164e-01 4.834714768295918930e+01
4.570000000000000173e-01 4.849655436186656488e+01
4.580000000000000182e-01 4.864620259065711849e+01
4.590000000000000191e-01 4.879609227364093016e+01
4.600000000000000200e-01 4.894622331505821933e+01
4.610000000000000209e-01 4.909659561908154046e+01
4.620000000000000218e-01 4.924720908981815626e+01
4.630000000000000226e-01 4.939806363131211953e+01
4.640000000000000235e-01 4.954915914754665351e+01
4.650000000000000244e-01 4.970049554244618406e+01
4.660000000000000253e-01 4.985207271987855648e+01
4.670000000000000262e-01 5.000389058365703931e+01
4.680000000000000271e-01 5.015594903754261935e+01
4.690000000000000280e-01 5.030824798524585617e+01
4.700000000000000289e-01 5.046078733042893560e+01
4.710000000000000298e-01 5.061356697670781557e+01
4.720000000000000306e-01 5.076658682765400954e+01
4.730000000000000315e-01 5.091984678679668264e+01
4.740000000000000324e-01 5.107334675762442089e+01
4.750000000000000333e-01 5.122708664358732733e+01
4.760000000000000342e-01 5.138106634809866335e+01
4.770000000000000351e-01 5.153528577453688797e+01
4.780000000000000360e-01 5.168974482624726363e+01
4.790000000000000369e-01 5.184444340654393812e+01
4.799999999999999822e-01 5.199938141871140118e+01
4.809999999999999831e-01 5.215455876600644558e+01
4.819999999999999840e-01 5.230997535165982271e+01
4.829999999999999849e-01 5.246563107887785549e+01
4.839999999999999858e-01 5.262152585084422896e+01
4.849999999999999867e-01 5.277765957072163872e+01
4.859999999999999876e-01 5.293403214165336834e+01
4.869999999999999885e-01 5.309064346676483837e+01
4.879999999999999893e-01 5.324749344916531157e+01
4.889999999999999902e-01 5.340458199194942779e+01
4.899999999999999911e-01 5.356190899819866758e+01
4.909999999999999920e-01 5.371947437098297939e+01
4.919999999999999929e-01 5.387727801336217937e+01
4.929999999999999938e-01 5.403531982838749315e+01
4.939999999999999947e-01 5.419359971910307650e+01
4.949999999999999956e-01 5.435211758854720898e+01
4.959999999999999964e-01 5.451087333975408455e+01
4.969999999999999973e-01 5.466986687575489157e+01
4.979999999999999982e-01 5.482909809957934755e+01
4.989999999999999991e-01 5.498856691425699239e+01
5.000000000000000000e-01 5.514827322281860233e+01
5.010000000000000009e-01 5.530821692829751868e+01
5.020000000000000018e-01 5.546839793373084149e+01
5.030000000000000027e-01 5.562881614216090043e+01
5.040000000000000036e-01 5.578947145663636320e+01
5.050000000000000044e-01 5.595036378021345058e+01
5.060000000000000053e-01 5.611149301595747119e+01
5.070000000000000062e-01 5.627285906694372386e+01
5.080000000000000071e-01 5.643446183625886192e+01
5.090000000000000080e-01 5.659630122700199450e+01
5.100000000000000089e-01 5.675837714228595132e+01
5.110000000000000098e-01 5.692068948523839111e+01
5.120000000000000107e-01 5.708323815900294562e+01
5.130000000000000115e-01 5.724602306674028540e+01
5.140000000000000124e-01 5.740904411162932064e+01
5.150000000000000133e-01 5.757230119686825986e+01
5.160000000000000142e-01 5.773579422567573260e+01
5.170000000000000151e-01 5.789952310129160651e+01
5.180000000000000160e-01 5.806348772697848659e+01
5.190000000000000169e-01 5.822768800602230499e+01
5.200000000000000178e-01 5.839212384173360704e+01
5.210000000000000187e-01 5.855679513744848208e+01
5.220000000000000195e-01 5.872170179652956534e+01
5.230000000000000204e-01 5.888684372236687636e+01
5.240000000000000213e-01 5.905222081837906956e+01
5.250000000000000222e-01 5.921783298801412343e+01
5.260000000000000231e-01 5.938368013475043483e+01
5.270000000000000240e-01 5.954976216209759343e+01
5.280000000000000249e-01 5.971607897359752570e+01
5.290000000000000258e-01 5.988263047282510598e+01
5.300000000000000266e-01 6.004941656338935019e+01
5.310000000000000275e-01 6.021643714893389898e+01
5.320000000000000284e-01 6.038369213313842465e+01
5.330000000000000293e-01 6.055118141971883716e+01
5.340000000000000302e-01 6.071890491242869103e+01
5.350000000000000311e-01 6.088686251505964009e+01
5.360000000000000320e-01 6.105505413144249616e+01
5.370000000000000329e-01 6.122347966544779041e+01
5.380000000000000338e-01 6.139213902098669706e+01
5.390000000000000346e-01 6.156103210201197840e+01
5.400000000000000355e-01 6.173015881251840398e+01
5.410000000000000364e-01 6.189951905654371700e+01
5.420000000000000373e-01 6.206911273816944430e+01
5.430000000000000382e-01 6.223893976152145768e+01
5.440000000000000391e-01 6.240900003077084790e+01
5.450000000000000400e-01 6.257929345013449307e+01
5.460000000000000409e-01 6.274981992387593266e+01
5.470000000000000417e-01 6.292057935630592169e+01
5.480000000000000426e-01 6.309157165178324078e+01
5.490000000000000435e-01 6.326279671471520061e+01
5.500000000000000444e-01 6.343425444955855852e+01
5.510000000000000453e-01 6.360594476081982407e+01
5.520000000000000462e-01 6.377786755305635324e+01
5.530000000000000471e-01 6.395002273087656874e+01
5.540000000000000480e-01 6.412241019894088367e+01
5.550000000000000488e-01 6.429502986196200709e+01
5.560000000000000497e-01 6.446788162470596717e+01
5.570000000000000506e-01 6.464096539199239544e+01
5.580000000000000515e-01 6.481428106869526573e+01
5.590000000000000524e-01 6.498782855974329209e+01
5.600000000000000533e-01 6.516160777012083827e+01
5.610000000000000542e-01 6.533561860486810247e+01
5.620000000000000551e-01 6.550986096908204104e+01
5.630000000000000560e-01 6.568433476791651060e+01
5.640000000000000568e-01 6.585903990658336227e+01
5.650000000000000577e-01 6.603397629035229954e+01
5.660000000000000586e-01 6.620914382455197256e+01
5.670000000000000595e-01 6.638454241457029070e+01
5.680000000000000604e-01 6.656017196585477791e+01
5.690000000000000613e-01 6.673603238391328318e+01
5.700000000000000622e-01 6.691212357431453484e+01
5.710000000000000631e-01 6.708844544268831100e+01
5.720000000000000639e-01 6.726499789472623547e+01
5.730000000000000648e-01 6.744178083618217556e+01
5.740000000000000657e-01 6.761879417287245531e+01
5.750000000000000666e-01 6.779603781067675072e+01
5.760000000000000675e-01 6.797351165553820351e+01
5.769999999999999574e-01 6.815121561346390422e+01
5.779999999999999583e-01 6.832914959052561699e+01
5.789999999999999591e-01 6.850731349285982219e+01
5.799999999999999600e-01 6.868570722666831330e+01
5.809999999999999609e-01 6.886433069821865161e+01
5.819999999999999618e-01 6.904318381384459258e+01
5.829999999999999627e-01 6.922226647994637005e+01
5.839999999999999636e-01 6.940157860299120784e+01
5.849999999999999645e-01 6.958112008951360394e+01
5.859999999999999654e-01 6.976089084611581370e+01
5.869999999999999662e-01 6.994089077946830457e+01
5.879999999999999671e-01 7.012111979630981295e+01
5.889999999999999680e-01 7.030157780344809737e+01
5.899999999999999689e-01 7.048226470776003794e+01
5.909999999999999698e-01 7.066318041619204848e+01
5.919999999999999707e-01 7.084432483576063078e+01
5.929999999999999716e-01 7.102569787355233188e+01
5.939999999999999725e-01 7.120729943672442630e+01
5.949999999999999734e-01 7.138912943250511489e+01
5.959999999999999742e-01 7.157118776819376649e+01
5.969999999999999751e-01 7.175347435116145789e+01
5.979999999999999760e-01 7.193598908885107335e+01
5.989999999999999769e-01 7.211873188877774510e+01
5.999999999999999778e-01 7.230170265852913758e+01
6.009999999999999787e-01 7.248490130576573165e+01
6.019999999999999796e-01 7.266832773822113722e+01
6.029999999999999805e-01 7.285198186370232065e+01
6.039999999999999813e-01 7.303586359008994577e+01
6.049999999999999822e-01 7.321997282533871498e+01
6.059999999999999831e-01 7.340430947747763923e+01
6.069999999999999840e-01 7.358887345461005225e+01
6.079999999999999849e-01 7.377366466491429264e+01
6.089999999999999858e-01 7.395868301664363287e+01
6.099999999999999867e-01 7.414392841812666290e+01
6.109999999999999876e-01 7.432940077776763133e+01
6.119999999999999885e-01 7.451510000404648792e+01
6.129999999999999893e-01 7.470102600551935268e+01
6.139999999999999902e-01 7.488717869081857259e+01
6.149999999999999911e-01 7.507355796865310538e+01
6.159999999999999920e-01 7.526016374780854790e+01
6.169999999999999929e-01 7.544699593714760510e+01
6.179999999999999938e-01 7.563405444561020374e+01
6.189999999999999947e-01 7.582133918221360602e+01
6.199999999999999956e-01 7.600885005605286437e+01
6.209999999999999964e-01 7.619658697630079303e+01
6.219999999999999973e-01 7.638454985220832327e+01
6.229999999999999982e-01 7.657273859310463138e+01
6.239999999999999991e-01 7.676115310839740857e+01
6.250000000000000000e-01 7.694979330757291791e+01
6.260000000000000009e-01 7.713865910019646321e+01
6.270000000000000018e-01 7.732775039591216171e+01
6.280000000000000027e-01 7.751706710444358350e+01
6.290000000000000036e-01 7.770660913559356686e+01
6.300000000000000044e-01 7.789637639924451662e+01
6.310000000000000053e-01 7.808636880535877367e+01
6.320000000000000062e-01 7.827658626397834496e+01
6.330000000000000071e-01 7.846702868522557139e+01
6.340000000000000080e-01 7.865769597930302837e+01
6.350000000000000089e-01 7.884858805649349733e+01
6.360000000000000098e-01 7.903970482716054846e+01
6.370000000000000107e-01 7.923104620174839852e+01
6.380000000000000115e-01 7.942261209078213824e+01
6.390000000000000124e-01 7.961440240486787445e+01
6.400000000000000133e-01 7.980641705469291480e+01
6.410000000000000142e-01 7.999865595102582461e+01
6.420000000000000151e-01 8.019111900471662580e+01
6.430000000000000160e-01 8.038380612669692482e+01
6.440000000000000169e-01 8.057671722798002634e+01
6.450000000000000178e-01 8.076985221966101847e+01
6.460000000000000187e-01 8.096321101291698596e+01
6.470000000000000195e-01 8.115679351900706706e+01
6.480000000000000204e-01 8.135059964927273768e+01
6.490000000000000213e-01 8.154462931513751300e+01
6.500000000000000222e-01 8.173888242810755855e+01
6.510000000000000231e-01 8.193335889977146280e+01
6.520000000000000240e-01 8.212805864180045035e+01
6.530000000000000249e-01 8.232298156594856664e+01
6.540000000000000258e-01 8.251812758405266379e+01
6.550000000000000266e-01 8.271349660803251425e+01
6.560000000000000275e-01 8.290908854989092447e+01
6.570000000000000284e-01 8.310490332171387706e+01
6.580000000000000293e-01 8.330094083567057339e+01
6.590000000000000302e-01 8.349720100401357570e+01
6.600000000000000311e-01 8.369368373907866498e+01
6.610000000000000320e-01 8.389038895328533840e+01
6.620000000000000329e-01 8.408731655913652503e+01
6.630000000000000338e-01 8.428446646921884167e+01
6.640000000000000346e-01 8.448183859620259284e+01
6.650000000000000355e-01 8.467943285284198396e+01
6.660000000000000364e-01 8.487724915197486553e+01
6.670000000000000373e-01 8.507528740652324473e+01
6.680000000000000382e-01 8.527354752949311489e+01
6.690000000000000391e-01 8.547202943397438446e+01
6.700000000000000400e-01 8.567073303314124644e+01
6.710000000000000409e-01 8.586965824025200789e+01
6.720000000000000417e-01 8.606880496864920360e+01
6.730000000000000426e-01 8.626817313175986612e+01
6.740000000000000435e-01 8.646776264309501414e+01
6.750000000000000444e-01 8.666757341625051936e+01
6.760000000000000453e-01 8.686760536490643858e+01
6.770000000000000462e-01 8.706785840282735478e+01
6.780000000000000471e-01 8.726833244386257604e+01
6.790000000000000480e-01 8.746902740194580872e+01
6.800000000000000488e-01 8.766994319109548428e+01
6.810000000000000497e-01 8.787107972541483036e+01
6.820000000000000506e-01 8.807243691909151551e+01
6.830000000000000515e-01 8.827401468639827442e+01
6.840000000000000524e-01 8.847581294169251009e+01
6.850000000000000533e-01 8.867783159941640747e+01
6.860000000000000542e-01 8.888007057409701872e+01
6.870000000000000551e-01 8.908252978034636271e+01
6.880000000000000560e-01 8.928520913286121186e+01
6.890000000000000568e-01 8.948810854642349000e+01
6.900000000000000577e-01 8.969122793589990295e+01
6.910000000000000586e-01 8.989456721624218005e+01
6.920000000000000595e-01 9.009812630248714527e+01
6.930000000000000604e-01 9.030190510975653240e+01
6.940000000000000613e-01 9.050590355325714143e+01
6.950000000000000622e-01 9.071012154828086693e+01
6.960000000000000631e-01 9.091455901020459862e+01
6.970000000000000639e-01 9.111921585449039185e+01
6.980000000000000648e-01 9.132409199668536814e+01
6.990000000000000657e-01 9.152918735242164416e+01
7.000000000000000666e-01 9.173450183741660169e+01
7.010000000000000675e-01 9.194003536747264604e+01
7.020000000000000684e-01 9.214578785847723452e+01
7.030000000000000693e-01 9.235175922640316060e+01
7.039999999999999591e-01 9.255794938730809918e+01
7.049999999999999600e-01 9.276435825733494767e+01
7.059999999999999609e-01 9.297098575271176912e+01
7.069999999999999618e-01 9.317783178975170699e+01
7.079999999999999627e-01 9.338489628485292826e+01
7.089999999999999636e-01 9.359217915449877978e+01
7.099999999999999645e-01 9.379968031525781669e+01
7.109999999999999654e-01 9.400739968378351819e+01
7.119999999999999662e-01 9.421533717681452913e+01
7.129999999999999671e-01 9.442349271117447529e+01
7.139999999999999680e-01 9.463186620377217650e+01
7.149999999999999689e-01 9.484045757160143353e+01
7.159999999999999698e-01 9.504926673174104224e+01
7.169999999999999707e-01 9.525829360135485047e+01
7.179999999999999716e-01 9.546753809769177224e+01
7.189999999999999725e-01 9.567700013808557458e+01
7.199999999999999734e-01 9.588667963995503385e+01
7.209999999999999742e-01 9.609657652080397838e+01
7.219999999999999751e-01 9.630669069822086215e+01
7.229999999999999760e-01 9.651702208987941844e+01
7.239999999999999769e-01 9.672757061353789254e+01
7.249999999999999778e-01 9.693833618703965271e+01
7.259999999999999787e-01 9.714931872831274973e+01
7.269999999999999796e-01 9.736051815537003051e+01
7.279999999999999805e-01 9.757193438630912397e+01
7.289999999999999813e-01 9.778356733931241251e+01
7.299999999999999822e-01 9.799541693264696107e+01
7.309999999999999831e-01 9.820748308466444598e+01
7.319999999999999840e-01 9.841976571380138239e+01
7.329999999999999849e-01 9.863226473857861265e+01
7.339999999999999858e-01 9.884498007760174687e+01
7.349999999999999867e-01 9.905791164956092132e+01
7.359999999999999876e-01 9.927105937323062790e+01
7.369999999999999885e-01 9.948442316747002678e+01
7.379999999999999893e-01 9.969800295122243483e+01
7.389999999999999902e-01 9.991179864351586559e+01
7.399999999999999911e-01 1.001258101634624182e+02
7.409999999999999920e-01 1.003400374302586471e+02
7.419999999999999929e-01 1.005544803631852488e+02
7.429999999999999938e-01 1.007691388816072617e+02
7.439999999999999947e-01 1.009840129049737385e+02
7.449999999999999956e-01 1.011991023528180449e+02
7.459999999999999964e-01 1.014144071447575612e+02
7.469999999999999973e-01 1.016299272004935688e+02
7.479999999999999982e-01 1.018456624398115480e+02
7.489999999999999991e-01 1.020616127825807951e+02
7.500000000000000000e-01 1.022777781487544217e+02
7.510000000000000009e-01 1.024941584583696397e+02
7.520000000000000018e-01 1.027107536315471776e+02
7.530000000000000027e-01 1.029275635884916227e+02
7.540000000000000036e-01 1.031445882494913917e+02
7.550000000000000044e-01 1.033618275349182341e+02
7.560000000000000053e-01 1.035792813652277289e+02
7.570000000000000062e-01 1.037969496609588589e+02
7.580000000000000071e-01 1.040148323427340671e+02
7.590000000000000080e-01 1.042329293312593563e+02
7.600000000000000089e-01 1.044512405473240051e+02
7.610000000000000098e-01 1.046697659118004964e+02
7.620000000000000107e-01 1.048885053456447451e+02
7.630000000000000115e-01 1.051074587698957146e+02
7.640000000000000124e-01 1.053266261056754729e+02
7.650000000000000133e-01 1.055460072741893782e+02
7.660000000000000142e-01 1.057656021967254674e+02
7.670000000000000151e-01 1.059854107946550670e+02
7.680000000000000160e-01 1.062054329894321825e+02
7.690000000000000169e-01 1.064256687025936543e+02
7.700000000000000178e-01 1.066461178557591012e+02
7.710000000000000187e-01 1.068667803706308774e+02
7.720000000000000195e-01 1.070876561689939734e+02
7.730000000000000204e-01 1.073087451727159021e+02
7.740000000000000213e-01 1.075300473037466986e+02
7.750000000000000222e-01 1.077515624841188497e+02
7.760000000000000231e-01 1.079732906359472224e+02
7.770000000000000240e-01 1.081952316814289077e+02
7.780000000000000249e-01 1.084173855428433768e+02
7.790000000000000258e-01 1.086397521425521830e+02
7.800000000000000266e-01 1.088623314029988904e+02
7.810000000000000275e-01 1.090851232467093013e+02
7.820000000000000284e-01 1.093081275962910439e+02
7.830000000000000293e-01 1.095313443744336723e+02
7.840000000000000302e-01 1.097547735039084955e+02
7.850000000000000311e-01 1.099784149075687623e+02
7.860000000000000320e-01 1.102022685083491069e+02
7.870000000000000329e-01 1.104263342292661321e+02
7.880000000000000338e-01 1.106506119934176411e+02
7.890000000000000346e-01 1.108751017239830787e+02
7.900000000000000355e-01 1.110998033442232611e+02
7.910000000000000364e-01 1.113247167774803472e+02
7.920000000000000373e-01 1.115498419471775691e+02
7.930000000000000382e-01 1.117751787768195300e+02
7.940000000000000391e-01 1.120007271899918209e+02
7.950000000000000400e-01 1.122264871103610915e+02
7.960000000000000409e-01 1.124524584616749223e+02
7.970000000000000417e-01 1.126786411677616684e+02
7.980000000000000426e-01 1.129050351525306297e+02
7.990000000000000435e-01 1.131316403399716677e+02
8.000000000000000444e-01 1.133584566541553471e+02
8.010000000000000453e-01 1.135854840192328652e+02
8.020000000000000462e-01 1.138127223594357105e+02
8.030000000000000471e-01 1.140401715990759186e+02
8.040000000000000480e-01 1.142678316625457882e+02
8.050000000000000488e-01 1.144957024743178664e+02
8.060000000000000497e-01 1.147237839589448498e+02
8.070000000000000506e-01 1.149520760410594988e+02
8.080000000000000515e-01 1.151805786453746094e+02
8.090000000000000524e-01 1.154092916966828710e+02
8.100000000000000533e-01 1.156382151198568948e+02
8.110000000000000542e-01 1.158673488398488587e+02
8.120000000000000551e-01 1.160966927816907770e+02
8.130000000000000560e-01 1.163262468704942023e+02
8.140000000000000568e-01 1.165560110314501969e+02
8.150000000000000577e-01 1.167859851898292476e+02
8.160000000000000586e-01 1.170161692709811945e+02
8.170000000000000595e-01 1.172465632003351033e+02
8.180000000000000604e-01 1.174771669033993078e+02
8.190000000000000613e-01 1.177079803057610832e+02
8.200000000000000622e-01 1.179390033330868306e+02
8.210000000000000631e-01 1.181702359111219067e+02
8.220000000000000639e-01 1.184016779656903680e+02
8.230000000000000648e-01 1.186333294226951409e+02
8.240000000000000657e-01 1.188651902081177809e+02
8.250000000000000666e-01 1.190972602480184293e+02
8.260000000000000675e-01 1.193295394685357422e+02
8.270000000000000684e-01 1.195620277958867348e+02
8.280000000000000693e-01 1.197947251563667237e+02
8.290000000000000702e-01 1.200276314763495122e+02
8.300000000000000711e-01 1.202607466822867508e+02
8.310000000000000719e-01 1.204940707007082921e+02
8.320000000000000728e-01 1.207276034582219495e+02
8.329999999999999627e-01 1.209613448815133978e+02
8.339999999999999636e-01 1.211952948973462156e+02
8.349999999999999645e-01 1.214294534325616013e+02
8.359999999999999654e-01 1.216638204140783444e+02
8.369999999999999662e-01 1.218983957688929962e+02
8.379999999999999671e-01 1.221331794240793158e+02
8.389999999999999680e-01 1.223681713067884829e+02
8.399999999999999689e-01 1.226033713442490409e+02
8.409999999999999698e-01 1.228387794637666133e+02
8.419999999999999707e-01 1.230743955927240023e+02
8.429999999999999716e-01 1.233102196585809764e+02
8.439999999999999725e-01 1.235462515888742274e+02
8.449999999999999734e-01 1.237824913112172425e+02
8.459999999999999742e-01 1.240189387533003895e+02
8.469999999999999751e-01 1.242555938428904341e+02
8.479999999999999760e-01 1.244924565078309229e+02
8.489999999999999769e-01 1.247295266760417860e+02
8.499999999999999778e-01 1.249668042755192801e+02
8.509999999999999787e-01 1.252042892343360450e+02
8.519999999999999796e-01 1.254419814806409050e+02
8.529999999999999805e-01 1.256798809426586985e+02
8.539999999999999813e-01 1.259179875486903484e+02
8.549999999999999822e-01 1.261563012271127207e+02
8.559999999999999831e-01 1.263948219063783966e+02
8.569999999999999840e-01 1.266335495150159005e+02
8.579999999999999849e-01 1.268724839816292018e+02
8.589999999999999858e-01 1.271116252348979287e+02
8.599999999999999867e-01 1.273509732035771549e+02
8.609999999999999876e-01 1.275905278164973708e+02
8.619999999999999885e-01 1.278302890025642284e+02
8.629999999999999893e-01 1.280702566907587254e+02
8.639999999999999902e-01 1.283104308101367792e+02
8.649999999999999911e-01 1.285508112898294826e+02
8.659999999999999920e-01 1.287913980590427627e+02
8.669999999999999929e-01 1.290321910470573528e+02
8.679999999999999938e-01 1.292731901832287633e+02
8.689999999999999947e-01 1.295143953969869699e+02
8.699999999999999956e-01 1.297558066178367255e+02
8.709999999999999964e-01 1.299974237753571629e+02
8.719999999999999973e-01 1.302392467992016805e+02
8.729999999999999982e-01 1.304812756190979997e+02
8.739999999999999991e-01 1.307235101648479940e+02
8.750000000000000000e-01 1.309659503663276041e+02
8.760000000000000009e-01 1.312085961534867806e+02
8.770000000000000018e-01 1.314514474563493707e+02
8.780000000000000027e-01 1.316945042050129757e+02
8.790000000000000036e-01 1.319377663296489800e+02
8.800000000000000044e-01 1.321812337605022094e+02
8.810000000000000053e-01 1.324249064278911305e+02
8.820000000000000062e-01 1.326687842622077369e+02
8.830000000000000071e-01 1.329128671939170090e+02
8.840000000000000080e-01 1.331571551535574542e+02
8.850000000000000089e-01 1.334016480717407376e+02
8.860000000000000098e-01 1.336463458791512835e+02
8.870000000000000107e-01 1.338912485065468445e+02
8.880000000000000115e-01 1.341363558847576769e+02
8.890000000000000124e-01 1.343816679446870808e+02
8.900000000000000133e-01 1.346271846173108315e+02
8.910000000000000142e-01 1.348729058336772937e+02
8.920000000000000151e-01 1.351188315249074776e+02
8.930000000000000160e-01 1.353649616221945848e+02
8.940000000000000169e-01 1.356112960568042922e+02
8.950000000000000178e-01 1.358578347600742120e+02
8.960000000000000187e-01 1.361045776634143749e+02
8.970000000000000195e-01 1.363515246983065481e+02
8.980000000000000204e-01 1.365986757963045761e+02
8.990000000000000213e-01 1.368460308890341821e+02
9.000000000000000222e-01 1.370935899081925129e+02
9.010000000000000231e-01 1.373413527855486507e+02
9.020000000000000240e-01 1.375893194529431582e+02
9.030000000000000249e-01 1.378374898422878232e+02
9.040000000000000258e-01 1.380858638855661411e+02
9.050000000000000266e-01 1.383344415148325197e+02
9.060000000000000275e-01 1.385832226622126768e+02
9.070000000000000284e-01 1.388322072599034982e+02
9.080000000000000293e-01 1.390813952401725828e+02
9.090000000000000302e-01 1.393307865353586408e+02
9.100000000000000311e-01 1.395803810778710385e+02
9.110000000000000320e-01 1.398301788001898558e+02
9.120000000000000329e-01 1.400801796348657717e+02
9.130000000000000338e-01 1.403303835145200082e+02
9.140000000000000346e-01 1.405807903718440457e+02
9.150000000000000355e-01 1.408314001395997934e+02
9.160000000000000364e-01 1.410822127506193624e+02
9.170000000000000373e-01 1.413332281378050084e+02
9.180000000000000382e-01 1.415844462341288761e+02
9.190000000000000391e-01 1.418358669726331129e+02
9.200000000000000400e-01 1.420874902864298122e+02
9.210000000000000409e-01 1.423393161087007002e+02
9.220000000000000417e-01 1.425913443726971082e+02
9.230000000000000426e-01 1.428435750117400005e+02
9.240000000000000435e-01 1.430960079592198042e+02
9.250000000000000444e-01 1.433486431485961816e+02
9.260000000000000453e-01 1.436014805133982577e+02
9.270000000000000462e-01 1.438545199872242506e+02
9.280000000000000471e-01 1.441077615037413011e+02
9.290000000000000480e-01 1.443612049966858422e+02
9.300000000000000488e-01 1.446148503998628598e+02
9.310000000000000497e-01 1.448686976471465186e+02
9.320000000000000506e-01 1.451227466724792805e+02
9.330000000000000515e-01 1.453769974098724731e+02
9.340000000000000524e-01 1.456314497934059489e+02
9.350000000000000533e-01 1.458861037572278860e+02
9.360000000000000542e-01 1.461409592355547602e+02
9.370000000000000551e-01 1.463960161626713443e+02
9.380000000000000560e-01 1.466512744729306235e+02
9.390000000000000568e-01 1.469067341007534253e+02
9.400000000000000577e-01 1.471623949806287328e+02
9.410000000000000586e-01 1.474182570471132294e+02
9.420000000000000595e-01 1.476743202348314981e+02
9.430000000000000604e-01 1.479305844784757369e+02
9.440000000000000613e-01 1.481870497128056456e+02
9.450000000000000622e-01 1.484437158726485677e+02
9.460000000000000631e-01 1.487005828928990638e+02
9.470000000000000639e-01 1.489576507085190542e+02
9.480000000000000648e-01 1.492149192545377048e+02
9.490000000000000657e-01 1.494723884660512851e+02
9.500000000000000666e-01 1.497300582782229696e+02
9.510000000000000675e-01 1.499879286262830362e+02
9.520000000000000684e-01 1.502459994455284686e+02
9.530000000000000693e-01 1.505042706713228995e+02
9.540000000000000702e-01 1.507627422390968945e+02
9.550000000000000711e-01 1.510214140843472990e+02
9.560000000000000719e-01 1.512802861426374363e+02
9.570000000000000728e-01 1.515393583495972223e+02
9.580000000000000737e-01 1.517986306409224824e+02
9.590000000000000746e-01 1.520581029523756058e+02
9.599999999999999645e-01 1.523177752197847212e+02
9.609999999999999654e-01 1.525776473790441798e+02
9.619999999999999662e-01 1.528377193661141860e+02
9.629999999999999671e-01 1.530979911170207686e+02
9.639999999999999680e-01 1.533584625678554971e+02
9.649999999999999689e-01 1.536191336547757373e+02
9.659999999999999698e-01 1.538800043140043670e+02
9.669999999999999707e-01 1.541410744818296621e+02
9.679999999999999716e-01 1.544023440946051835e+02
9.689999999999999725e-01 1.546638130887499187e+02
9.699999999999999734e-01 1.549254814007478842e+02
9.709999999999999742e-01 1.551873489671482389e+02
9.719999999999999751e-01 1.554494157245649149e+02
9.729999999999999760e-01 1.557116816096770435e+02
9.739999999999999769e-01 1.559741465592282736e+02
9.749999999999999778e-01 1.562368105100271123e+02
9.759999999999999787e-01 1.564996733989467828e+02
9.769999999999999796e-01 1.567627351629246562e+02
9.779999999999999805e-01 1.570259957389628767e+02
9.789999999999999813e-01 1.572894550641277647e+02
9.799999999999999822e-01 1.575531130755499873e+02
9.809999999999999831e-01 1.578169697104242459e+02
9.819999999999999840e-01 1.580810249060093042e+02
9.829999999999999849e-01 1.583452785996279317e+02
9.839999999999999858e-01 1.586097307286669889e+02
9.849999999999999867e-01 1.588743812305768586e+02
9.859999999999999876e-01 1.591392300428714748e+02
9.869999999999999885e-01 1.594042771031288339e+02
9.879999999999999893e-01 1.596695223489901707e+02
9.889999999999999902e-01 1.599349657181600435e+02
9.899999999999999911e-01 1.602006071484066183e+02
9.909999999999999920e-01 1.604664465775612143e+02
9.919999999999999929e-01 1.607324839435181900e+02
9.929999999999999938e-01 1.609987191842350001e+02
9.939999999999999947e-01 1.612651522377322522e+02
9.949999999999999956e-01 1.615317830420931955e+02
9.959999999999999964e-01 1.617986115354640333e+02
9.969999999999999973e-01 1.620656376560535534e+02
9.979999999999999982e-01 1.623328613421333273e+02
9.989999999999999991e-01 1.626002825320372835e+02
1.000000000000000000e+00 1.628679011641618501e+02
