0.000000000000000000e+00 0.000000000000000000e+00
1.000000000000000021e-03 9.894136182118963285e-01
2.000000000000000042e-03 1.498891357375815137e+00
3.000000000000000062e-03 1.901474391486468241e+00
4.000000000000000083e-03 2.245296574787675858e+00
5.000000000000000104e-03 2.550136208614025346e+00
6.000000000000000125e-03 2.826531371893865607e+00
7.000000000000000146e-03 3.080921280209981461e+00
8.000000000000000167e-03 3.317595782568921070e+00
9.000000000000001055e-03 3.539589418183711977e+00
1.000000000000000021e-02 3.749145755353299858e+00
1.099999999999999936e-02 3.947980928474027262e+00
1.200000000000000025e-02 4.137443551909268713e+00
1.300000000000000114e-02 4.318616971401867843e+00
1.400000000000000029e-02 4.492387462921032082e+00
1.499999999999999944e-02 4.659491328883231809e+00
1.600000000000000033e-02 4.820548384356310834e+00
1.700000000000000122e-02 4.976086365266176870e+00
1.800000000000000211e-02 5.126559104852375981e+00
1.899999999999999953e-02 5.272360324466577985e+00
2.000000000000000042e-02 5.413834270072940491e+00
2.100000000000000130e-02 5.551284036162447144e+00
2.199999999999999872e-02 5.684978165051049359e+00
2.299999999999999961e-02 5.815155940286490299e+00
2.400000000000000050e-02 5.942031677565175585e+00
2.500000000000000139e-02 6.065798236455940184e+00
2.600000000000000228e-02 6.186629919613237050e+00
2.699999999999999969e-02 6.304684885515252191e+00
2.800000000000000058e-02 6.420107171157066084e+00
2.900000000000000147e-02 6.533028399280449428e+00
2.999999999999999889e-02 6.643569228401787541e+00
3.099999999999999978e-02 6.751840591572273453e+00
3.200000000000000067e-02 6.857944760396295969e+00
3.300000000000000155e-02 6.961976263584788605e+00
3.400000000000000244e-02 7.064022683684195059e+00
3.500000000000000333e-02 7.164165351203664933e+00
3.600000000000000422e-02 7.262479951872114370e+00
3.699999999999999817e-02 7.359037059978801310e+00
3.799999999999999906e-02 7.453902608524719753e+00
3.899999999999999994e-02 7.547138305116549262e+00
4.000000000000000083e-02 7.638802001077995563e+00
4.100000000000000172e-02 7.728948020064050795e+00
4.200000000000000261e-02 7.817627451488179169e+00
4.300000000000000350e-02 7.904888413267270764e+00
4.399999999999999745e-02 7.990776287722443527e+00
4.499999999999999833e-02 8.075333933917971052e+00
4.599999999999999922e-02 8.158601879256012879e+00
4.700000000000000011e-02 8.240618492754753888e+00
4.800000000000000100e-02 8.321420142108058471e+00
4.900000000000000189e-02 8.401041336346471766e+00
5.000000000000000278e-02 8.479514855682319663e+00
5.100000000000000366e-02 8.556871869920156470e+00
5.200000000000000455e-02 8.633142046640633893e+00
5.299999999999999850e-02 8.708353650218205289e+00
5.399999999999999939e-02 8.782533632604929252e+00
5.500000000000000028e-02 8.855707716702788446e+00
5.600000000000000117e-02 8.927900473051419539e+00
5.700000000000000205e-02 8.999135390475226259e+00
5.800000000000000294e-02 9.069434941261832250e+00
5.900000000000000383e-02 9.138820641380785759e+00
5.999999999999999778e-02 9.207313106196281183e+00
6.099999999999999867e-02 9.274932102079578300e+00
6.199999999999999956e-02 9.341696594284004007e+00
6.300000000000000044e-02 9.407624791408279563e+00
6.400000000000000133e-02 9.472734186740755291e+00
6.500000000000000222e-02 9.537041596747876326e+00
6.600000000000000311e-02 9.600563196944472466e+00
6.700000000000000400e-02 9.663314555360202007e+00
6.800000000000000488e-02 9.725310663796243205e+00
6.900000000000000577e-02 9.786565967048002079e+00
7.000000000000000666e-02 9.847094390253188223e+00
7.100000000000000755e-02 9.906909364510305238e+00
7.200000000000000844e-02 9.966023850899190961e+00
7.299999999999999545e-02 1.002445036302395209e+01
7.399999999999999634e-02 1.008220098818764043e+01
7.499999999999999722e-02 1.013928740729894251e+01
7.599999999999999811e-02 1.019572091360237387e+01
7.699999999999999900e-02 1.025151243031579540e+01
7.799999999999999989e-02 1.030667252725221950e+01
7.900000000000000078e-02 1.036121143649631904e+01
8.000000000000000167e-02 1.041513906720062010e+01
8.100000000000000255e-02 1.046846501956094144e+01
8.200000000000000344e-02 1.052119859802600210e+01
8.300000000000000433e-02 1.057334882379189445e+01
8.400000000000000522e-02 1.062492444662807856e+01
8.500000000000000611e-02 1.067593395607809548e+01
8.600000000000000699e-02 1.072638559207489806e+01
8.700000000000000788e-02 1.077628735500771562e+01
8.799999999999999489e-02 1.082564701527469708e+01
8.899999999999999578e-02 1.087447212235295169e+01
8.999999999999999667e-02 1.092277001341553344e+01
9.099999999999999756e-02 1.097054782152266839e+01
9.199999999999999845e-02 1.101781248341253061e+01
9.299999999999999933e-02 1.106457074691535958e+01
9.400000000000000022e-02 1.111082917801276260e+01
9.500000000000000111e-02 1.115659416756285971e+01
9.600000000000000200e-02 1.120187193771022649e+01
9.700000000000000289e-02 1.124666854799859195e+01
9.800000000000000377e-02 1.129098990120288448e+01
9.900000000000000466e-02 1.133484174889623119e+01
1.000000000000000056e-01 1.137822969676640383e+01
1.010000000000000064e-01 1.142115920969540177e+01
1.020000000000000073e-01 1.146363561661491914e+01
1.030000000000000082e-01 1.150566411514951071e+01
1.040000000000000091e-01 1.154724977605896363e+01
1.049999999999999961e-01 1.158839754748998274e+01
1.059999999999999970e-01 1.162911225904742096e+01
1.069999999999999979e-01 1.166939862569416420e+01
1.079999999999999988e-01 1.170926125148832497e+01
1.089999999999999997e-01 1.174870463316608493e+01
1.100000000000000006e-01 1.178773316357778711e+01
1.110000000000000014e-01 1.182635113498465174e+01
1.120000000000000023e-01 1.186456274222275198e+01
1.130000000000000032e-01 1.190237208574097494e+01
1.140000000000000041e-01 1.193978317451882631e+01
1.150000000000000050e-01 1.197679992886990519e+01
1.160000000000000059e-01 1.201342618313646682e+01
1.170000000000000068e-01 1.204966568828017159e+01
1.180000000000000077e-01 1.208552211437387314e+01
1.190000000000000085e-01 1.212099905299898950e+01
1.199999999999999956e-01 1.215610001955280239e+01
1.209999999999999964e-01 1.219082845546982341e+01
1.219999999999999973e-01 1.222518773036092909e+01
1.229999999999999982e-01 1.225918114407419601e+01
1.239999999999999991e-01 1.229281192868070605e+01
1.250000000000000000e-01 1.232608325038866681e+01
1.260000000000000009e-01 1.235899821138905708e+01
1.270000000000000018e-01 1.239155985163562157e+01
1.280000000000000027e-01 1.242377115056225634e+01
1.290000000000000036e-01 1.245563502874010453e+01
1.300000000000000044e-01 1.248715434947735048e+01
1.310000000000000053e-01 1.251833192036370690e+01
1.320000000000000062e-01 1.254917049476221180e+01
1.330000000000000071e-01 1.257967277325029443e+01
1.340000000000000080e-01 1.260984140501235018e+01
1.350000000000000089e-01 1.263967898918572530e+01
1.360000000000000098e-01 1.266918807616191955e+01
1.370000000000000107e-01 1.269837116884505690e+01
1.380000000000000115e-01 1.272723072386903098e+01
1.390000000000000124e-01 1.275576915277514267e+01
1.400000000000000133e-01 1.278398882315170937e+01
1.410000000000000142e-01 1.281189205973722522e+01
1.420000000000000151e-01 1.283948114548829267e+01
1.430000000000000160e-01 1.286675832261399322e+01
1.440000000000000169e-01 1.289372579357755555e+01
1.449999999999999900e-01 1.292038572206699598e+01
1.459999999999999909e-01 1.294674023393563900e+01
1.469999999999999918e-01 1.297279141811363345e+01
1.479999999999999927e-01 1.299854132749177893e+01
1.489999999999999936e-01 1.302399197977839052e+01
1.499999999999999944e-01 1.304914535833039757e+01
1.509999999999999953e-01 1.307400341295952728e+01
1.519999999999999962e-01 1.309856806071452873e+01
1.529999999999999971e-01 1.312284118664021193e+01
1.539999999999999980e-01 1.314682464451423094e+01
1.549999999999999989e-01 1.317052025756237121e+01
1.559999999999999998e-01 1.319392981915300922e+01
1.570000000000000007e-01 1.321705509347169460e+01
1.580000000000000016e-01 1.323989781617627770e+01
1.590000000000000024e-01 1.326245969503339950e+01
1.600000000000000033e-01 1.328474241053711324e+01
1.610000000000000042e-01 1.330674761650987392e+01
1.620000000000000051e-01 1.332847694068697741e+01
1.630000000000000060e-01 1.334993198528457370e+01
1.640000000000000069e-01 1.337111432755210139e+01
1.650000000000000078e-01 1.339202552030955040e+01
1.660000000000000087e-01 1.341266709246997735e+01
1.670000000000000095e-01 1.343304054954797877e+01
1.680000000000000104e-01 1.345314737415433370e+01
1.690000000000000113e-01 1.347298902647746743e+01
1.700000000000000122e-01 1.349256694475204377e+01
1.710000000000000131e-01 1.351188254571514769e+01
1.720000000000000140e-01 1.353093722505043139e+01
1.730000000000000149e-01 1.354973235782065366e+01
1.740000000000000158e-01 1.356826929888891620e+01
1.750000000000000167e-01 1.358654938332906958e+01
1.759999999999999898e-01 1.360457392682538647e+01
1.769999999999999907e-01 1.362234422606218054e+01
1.779999999999999916e-01 1.363986155910334830e+01
1.789999999999999925e-01 1.365712718576237350e+01
1.799999999999999933e-01 1.367414234796304484e+01
1.809999999999999942e-01 1.369090827009102540e+01
1.819999999999999951e-01 1.370742615933672148e+01
1.829999999999999960e-01 1.372369720602967647e+01
1.839999999999999969e-01 1.373972258396465840e+01
1.849999999999999978e-01 1.375550345071978597e+01
1.859999999999999987e-01 1.377104094796688116e+01
1.869999999999999996e-01 1.378633620177431496e+01
1.880000000000000004e-01 1.380139032290247769e+01
1.890000000000000013e-01 1.381620440709224695e+01
1.900000000000000022e-01 1.383077953534644067e+01
1.910000000000000031e-01 1.384511677420476339e+01
1.920000000000000040e-01 1.385921717601197400e+01
1.930000000000000049e-01 1.387308177918004404e+01
1.940000000000000058e-01 1.388671160844398500e+01
1.950000000000000067e-01 1.390010767511176404e+01
1.960000000000000075e-01 1.391327097730846241e+01
1.970000000000000084e-01 1.392620250021473538e+01
1.980000000000000093e-01 1.393890321629991114e+01
1.990000000000000102e-01 1.395137408554960956e+01
2.000000000000000111e-01 1.396361605568836062e+01
2.010000000000000120e-01 1.397563006239705707e+01
2.020000000000000129e-01 1.398741702952559152e+01
2.030000000000000138e-01 1.399897786930067412e+01
2.040000000000000147e-01 1.401031348252906206e+01
2.050000000000000155e-01 1.402142475879631078e+01
2.060000000000000164e-01 1.403231257666106657e+01
2.070000000000000173e-01 1.404297780384509409e+01
2.080000000000000182e-01 1.405342129741923962e+01
2.089999999999999913e-01 1.406364390398524122e+01
2.099999999999999922e-01 1.407364645985366636e+01
2.109999999999999931e-01 1.408342979121800909e+01
2.119999999999999940e-01 1.409299471432499118e+01
2.129999999999999949e-01 1.410234203564135136e+01
2.139999999999999958e-01 1.411147255201692019e+01
2.149999999999999967e-01 1.412038705084439094e+01
2.159999999999999976e-01 1.412908631021566030e+01
2.169999999999999984e-01 1.413757109907485443e+01
2.179999999999999993e-01 1.414584217736827831e+01
2.190000000000000002e-01 1.415390029619111623e+01
2.200000000000000011e-01 1.416174619793116385e+01
2.210000000000000020e-01 1.416938061640957436e+01
2.220000000000000029e-01 1.417680427701880497e+01
2.230000000000000038e-01 1.418401789685757919e+01
2.240000000000000047e-01 1.419102218486325562e+01
2.250000000000000056e-01 1.419781784194147178e+01
2.260000000000000064e-01 1.420440556109312880e+01
2.270000000000000073e-01 1.421078602753889086e+01
2.280000000000000082e-01 1.421695991884119437e+01
2.290000000000000091e-01 1.422292790502372029e+01
2.300000000000000100e-01 1.422869064868874744e+01
2.310000000000000109e-01 1.423424880513184831e+01
2.320000000000000118e-01 1.423960302245465925e+01
2.330000000000000127e-01 1.424475394167519582e+01
2.340000000000000135e-01 1.424970219683626027e+01
2.350000000000000144e-01 1.425444841511143323e+01
2.360000000000000153e-01 1.425899321690936006e+01
2.370000000000000162e-01 1.426333721597576698e+01
2.380000000000000171e-01 1.426748101949369740e+01
2.390000000000000180e-01 1.427142522818165205e+01
2.399999999999999911e-01 1.427517043639013394e+01
2.409999999999999920e-01 1.427871723219606892e+01
2.419999999999999929e-01 1.428206619749566997e+01
2.429999999999999938e-01 1.428521790809542225e+01
2.439999999999999947e-01 1.428817293380146225e+01
2.449999999999999956e-01 1.429093183850721971e+01
2.459999999999999964e-01 1.429349518027950339e+01
2.469999999999999973e-01 1.429586351144292067e+01
2.479999999999999982e-01 1.429803737866280500e+01
2.489999999999999991e-01 1.430001732302658013e+01
2.500000000000000000e-01 1.430180388012367843e+01
2.510000000000000009e-01 1.430339758012402029e+01
2.520000000000000018e-01 1.430479894785496953e+01
2.530000000000000027e-01 1.430600850287702386e+01
2.540000000000000036e-01 1.430702675955806313e+01
2.550000000000000044e-01 1.430785422714633270e+01
2.560000000000000053e-01 1.430849140984206613e+01
2.570000000000000062e-01 1.430893880686783604e+01
2.580000000000000071e-01 1.430919691253776094e+01
2.590000000000000080e-01 1.430926621632531592e+01
2.600000000000000089e-01 1.430914720293014497e+01
2.610000000000000098e-01 1.430884035234352680e+01
2.620000000000000107e-01 1.430834613991286730e+01
2.630000000000000115e-01 1.430766503640492715e+01
2.640000000000000124e-01 1.430679750806802275e+01
2.650000000000000133e-01 1.430574401669317908e+01
2.660000000000000142e-01 1.430450501967418830e+01
2.670000000000000151e-01 1.430308097006663104e+01
2.680000000000000160e-01 1.430147231664591345e+01
2.690000000000000169e-01 1.429967950396439846e+01
2.700000000000000178e-01 1.429770297240739296e+01
2.710000000000000187e-01 1.429554315824831434e+01
2.720000000000000195e-01 1.429320049370295820e+01
2.730000000000000204e-01 1.429067540698272154e+01
2.740000000000000213e-01 1.428796832234709768e+01
2.750000000000000222e-01 1.428507966015515507e+01
2.760000000000000231e-01 1.428200983691628778e+01
2.770000000000000240e-01 1.427875926534002105e+01
2.780000000000000249e-01 1.427532835438507774e+01
2.790000000000000258e-01 1.427171750930761718e+01
2.800000000000000266e-01 1.426792713170862470e+01
2.810000000000000275e-01 1.426395761958063702e+01
2.820000000000000284e-01 1.425980936735366100e+01
2.830000000000000293e-01 1.425548276594032160e+01
2.840000000000000302e-01 1.425097820278022809e+01
2.850000000000000311e-01 1.424629606188394249e+01
2.860000000000000320e-01 1.424143672387570803e+01
2.870000000000000329e-01 1.423640056603603909e+01
2.880000000000000338e-01 1.423118796234325600e+01
2.889999999999999791e-01 1.422579928351456147e+01
2.899999999999999800e-01 1.422023489704635679e+01
2.909999999999999809e-01 1.421449516725407136e+01
2.919999999999999818e-01 1.420858045531109681e+01
2.929999999999999827e-01 1.420249111928750807e+01
2.939999999999999836e-01 1.419622751418776829e+01
2.949999999999999845e-01 1.418978999198816027e+01
2.959999999999999853e-01 1.418317890167341488e+01
2.969999999999999862e-01 1.417639458927301632e+01
2.979999999999999871e-01 1.416943739789667944e+01
2.989999999999999880e-01 1.416230766776949324e+01
2.999999999999999889e-01 1.415500573626643899e+01
3.009999999999999898e-01 1.414753193794636843e+01
3.019999999999999907e-01 1.413988660458555202e+01
3.029999999999999916e-01 1.413207006521054865e+01
3.039999999999999925e-01 1.412408264613087638e+01
3.049999999999999933e-01 1.411592467097077375e+01
3.059999999999999942e-01 1.410759646070094320e+01
3.069999999999999951e-01 1.409909833366948106e+01
3.079999999999999960e-01 1.409043060563247707e+01
3.089999999999999969e-01 1.408159358978414488e+01
3.099999999999999978e-01 1.407258759678661164e+01
3.109999999999999987e-01 1.406341293479894361e+01
3.119999999999999996e-01 1.405406990950622514e+01
3.130000000000000004e-01 1.404455882414778500e+01
3.140000000000000013e-01 1.403487997954527344e+01
3.150000000000000022e-01 1.402503367413016022e+01
3.160000000000000031e-01 1.401502020397099812e+01
3.170000000000000040e-01 1.400483986280012516e+01
3.180000000000000049e-01 1.399449294204016425e+01
3.190000000000000058e-01 1.398397973082990120e+01
3.200000000000000067e-01 1.397330051605010937e+01
3.210000000000000075e-01 1.396245558234863537e+01
3.220000000000000084e-01 1.395144521216549904e+01
3.230000000000000093e-01 1.394026968575731829e+01
3.240000000000000102e-01 1.392892928122164520e+01
3.250000000000000111e-01 1.391742427452072306e+01
3.260000000000000120e-01 1.390575493950515451e+01
3.270000000000000129e-01 1.389392154793698353e+01
3.280000000000000138e-01 1.388192436951271702e+01
3.290000000000000147e-01 1.386976367188578863e+01
3.300000000000000155e-01 1.385743972068883068e+01
3.310000000000000164e-01 1.384495277955566195e+01
3.320000000000000173e-01 1.383230311014287039e+01
3.330000000000000182e-01 1.381949097215125377e+01
3.340000000000000191e-01 1.380651662334672380e+01
3.350000000000000200e-01 1.379338031958122812e+01
3.360000000000000209e-01 1.378008231481305046e+01
3.370000000000000218e-01 1.376662286112724587e+01
3.380000000000000226e-01 1.375300220875532275e+01
3.390000000000000235e-01 1.373922060609507412e+01
3.400000000000000244e-01 1.372527829972986169e+01
3.410000000000000253e-01 1.371117553444778636e+01
3.420000000000000262e-01 1.369691255326058510e+01
3.430000000000000271e-01 1.368248959742226134e+01
3.440000000000000280e-01 1.366790690644729267e+01
3.450000000000000289e-01 1.365316471812904808e+01
3.460000000000000298e-01 1.363826326855738102e+01
3.470000000000000306e-01 1.362320279213653151e+01
3.480000000000000315e-01 1.360798352160229285e+01
3.490000000000000324e-01 1.359260568803944835e+01
3.500000000000000333e-01 1.357706952089856856e+01
3.510000000000000342e-01 1.356137524801280136e+01
3.519999999999999796e-01 1.354552309561437795e+01
3.529999999999999805e-01 1.352951328835094813e+01
3.539999999999999813e-01 1.351334604930168126e+01
3.549999999999999822e-01 1.349702159999311135e+01
3.559999999999999831e-01 1.348054016041485426e+01
3.569999999999999840e-01 1.346390194903504067e+01
3.579999999999999849e-01 1.344710718281573492e+01
3.589999999999999858e-01 1.343015607722781368e+01
3.599999999999999867e-01 1.341304884626602245e+01
3.609999999999999876e-01 1.339578570246354872e+01
3.619999999999999885e-01 1.337836685690677285e+01
3.629999999999999893e-01 1.336079251924928002e+01
3.639999999999999902e-01 1.334306289772629128e+01
3.649999999999999911e-01 1.332517819916841262e+01
3.659999999999999920e-01 1.330713862901568945e+01
3.669999999999999929e-01 1.328894439133096483e+01
3.679999999999999938e-01 1.327059568881354323e+01
3.689999999999999947e-01 1.325209272281232842e+01
3.699999999999999956e-01 1.323343569333912484e+01
3.709999999999999964e-01 1.321462479908133503e+01
3.719999999999999973e-01 1.319566023741504779e+01
3.729999999999999982e-01 1.317654220441747270e+01
3.739999999999999991e-01 1.315727089487957358e+01
3.750000000000000000e-01 1.313784650231820450e+01
3.760000000000000009e-01 1.311826921898857279e+01
3.770000000000000018e-01 1.309853923589606950e+01
3.780000000000000027e-01 1.307865674280813550e+01
3.790000000000000036e-01 1.305862192826621282e+01
3.800000000000000044e-01 1.303843497959712039e+01
3.810000000000000053e-01 1.301809608292462173e+01
3.820000000000000062e-01 1.299760542318079359e+01
3.830000000000000071e-01 1.297696318411716021e+01
3.840000000000000080e-01 1.295616954831567824e+01
3.850000000000000089e-01 1.293522469719979284e+01
3.860000000000000098e-01 1.291412881104512422e+01
3.870000000000000107e-01 1.289288206899019684e+01
3.880000000000000115e-01 1.287148464904697676e+01
3.890000000000000124e-01 1.284993672811118870e+01
3.900000000000000133e-01 1.282823848197278238e+01
3.910000000000000142e-01 1.280639008532595113e+01
3.920000000000000151e-01 1.278439171177914346e+01
3.930000000000000160e-01 1.276224353386525223e+01
3.940000000000000169e-01 1.273994572305112882e+01
3.950000000000000178e-01 1.271749844974744548e+01
3.960000000000000187e-01 1.269490188331822367e+01
3.970000000000000195e-01 1.267215619209047617e+01
3.980000000000000204e-01 1.264926154336323805e+01
3.990000000000000213e-01 1.262621810341720163e+01
4.000000000000000222e-01 1.260302603752358408e+01
4.010000000000000231e-01 1.257968550995337864e+01
4.020000000000000240e-01 1.255619668398612987e+01
4.030000000000000249e-01 1.253255972191892909e+01
4.040000000000000258e-01 1.250877478507502616e+01
4.050000000000000266e-01 1.248484203381252655e+01
4.060000000000000275e-01 1.246076162753304573e+01
4.070000000000000284e-01 1.243653372468994434e+01
4.080000000000000293e-01 1.241215848279678369e+01
4.090000000000000302e-01 1.238763605843564619e+01
4.100000000000000311e-01 1.236296660726523555e+01
4.110000000000000320e-01 1.233815028402892722e+01
4.120000000000000329e-01 1.231318724256280461e+01
4.130000000000000338e-01 1.228807763580354617e+01
4.140000000000000346e-01 1.226282161579621288e+01
4.150000000000000355e-01 1.223741933370196477e+01
4.160000000000000364e-01 1.221187093980573479e+01
4.169999999999999818e-01 1.218617658352369659e+01
4.179999999999999827e-01 1.216033641341086025e+01
4.189999999999999836e-01 1.213435057716838372e+01
4.199999999999999845e-01 1.210821922165082754e+01
4.209999999999999853e-01 1.208194249287348754e+01
4.219999999999999862e-01 1.205552053601944351e+01
4.229999999999999871e-01 1.202895349544669301e+01
4.239999999999999880e-01 1.200224151469512890e+01
4.249999999999999889e-01 1.197538473649344581e+01
4.259999999999999898e-01 1.194838330276598271e+01
4.269999999999999907e-01 1.192123735463947298e+01
4.279999999999999916e-01 1.189394703244976625e+01
4.289999999999999925e-01 1.186651247574842927e+01
4.299999999999999933e-01 1.183893382330934685e+01
4.309999999999999942e-01 1.181121121313509548e+01
4.319999999999999951e-01 1.178334478246350869e+01
4.329999999999999960e-01 1.175533466777389435e+01
4.339999999999999969e-01 1.172718100479330161e+01
4.349999999999999978e-01 1.169888392850288739e+01
4.359999999999999987e-01 1.167044357314386360e+01
4.369999999999999996e-01 1.164186007222374997e+01
4.380000000000000004e-01 1.161313355852226437e+01
4.390000000000000013e-01 1.158426416409731985e+01
4.400000000000000022e-01 1.155525202029092213e+01
4.410000000000000031e-01 1.152609725773501026e+01
4.420000000000000040e-01 1.149680000635721200e+01
4.430000000000000049e-01 1.146736039538647844e+01
4.440000000000000058e-01 1.143777855335890337e+01
4.450000000000000067e-01 1.140805460812315175e+01
4.460000000000000075e-01 1.137818868684602336e+01
4.470000000000000084e-01 1.134818091601805889e+01
4.480000000000000093e-01 1.131803142145870567e+01
4.490000000000000102e-01 1.128774032832201613e+01
4.500000000000000111e-01 1.125730776110162168e+01
4.510000000000000120e-01 1.122673384363622517e+01
4.520000000000000129e-01 1.119601869911465286e+01
4.530000000000000138e-01 1.116516245008111241e+01
4.540000000000000147e-01 1.113416521844023066e+01
4.550000000000000155e-01 1.110302712546210557e+01
4.560000000000000164e-01 1.107174829178724451e+01
4.570000000000000173e-01 1.104032883743168725e+01
4.580000000000000182e-01 1.100876888179162449e+01
4.590000000000000191e-01 1.097706854364853513e+01
4.600000000000000200e-01 1.094522794117373365e+01
4.610000000000000209e-01 1.091324719193324455e+01
4.620000000000000218e-01 1.088112641289252025e+01
4.630000000000000226e-01 1.084886572042101704e+01
4.640000000000000235e-01 1.081646523029685625e+01
4.650000000000000244e-01 1.078392505771130061e+01
4.660000000000000253e-01 1.075124531727346522e+01
4.670000000000000262e-01 1.071842612301451680e+01
4.680000000000000271e-01 1.068546758839236333e+01
4.690000000000000280e-01 1.065236982629578932e+01
4.700000000000000289e-01 1.061913294904906024e+01
4.710000000000000298e-01 1.058575706841607200e+01
4.720000000000000306e-01 1.055224229560449345e+01
4.730000000000000315e-01 1.051858874127023569e+01
4.740000000000000324e-01 1.048479651552143821e+01
4.750000000000000333e-01 1.045086572792268242e+01
4.760000000000000342e-01 1.041679648749904175e+01
4.770000000000000351e-01 1.038258890274023827e+01
4.780000000000000360e-01 1.034824308160445838e+01
4.790000000000000369e-01 1.031375913152251655e+01
4.799999999999999822e-01 1.027913715940172779e+01
4.809999999999999831e-01 1.024437727162979428e+01
4.819999999999999840e-01 1.020947957407868500e+01
4.829999999999999849e-01 1.017444417210845131e+01
4.839999999999999858e-01 1.013927117057091465e+01
4.849999999999999867e-01 1.010396067381373797e+01
4.859999999999999876e-01 1.006851278568372976e+01
4.869999999999999885e-01 1.003292760953087281e+01
4.879999999999999893e-01 9.997205248211699313e+00
4.889999999999999902e-01 9.961345804093134859e+00
4.899999999999999911e-01 9.925349379055866450e+00
4.909999999999999920e-01 9.889216074498072828e+00
4.919999999999999929e-01 9.852945991338877718e+00
4.929999999999999938e-01 9.816539230021689377e+00
4.939999999999999947e-01 9.779995890517923840e+00
4.949999999999999956e-01 9.743316072330131306e+00
4.959999999999999964e-01 9.706499874495534641e+00
4.969999999999999973e-01 9.669547395589439986e+00
4.979999999999999982e-01 9.632458733728363143e+00
4.989999999999999991e-01 9.595233986573532547e+00
5.000000000000000000e-01 9.557873251333901976e+00
5.010000000000000009e-01 9.520376624769731677e+00
5.020000000000000018e-01 9.482744203195416333e+00
5.030000000000000027e-01 9.444976082482860136e+00
5.040000000000000036e-01 9.407072358064588968e+00
5.050000000000000044e-01 9.369033124936834156e+00
5.060000000000000053e-01 9.330858477662680173e+00
5.070000000000000062e-01 9.292548510375034709e+00
5.080000000000000071e-01 9.254103316779705324e+00
5.090000000000000080e-01 9.215522990158348193e+00
5.100000000000000089e-01 9.176807623371594502e+00
5.110000000000000098e-01 9.137957308861757610e+00
5.120000000000000107e-01 9.098972138656023390e+00
5.130000000000000115e-01 9.059852204369065021e+00
5.140000000000000124e-01 9.020597597206212015e+00
5.150000000000000133e-01 8.981208407965937113e+00
5.160000000000000142e-01 8.941684727043082148e+00
5.170000000000000151e-01 8.902026644431195734e+00
5.180000000000000160e-01 8.862234249725808866e+00
5.190000000000000169e-01 8.822307632126666022e+00
5.200000000000000178e-01 8.782246880440872872e+00
5.210000000000000187e-01 8.742052083085283698e+00
5.220000000000000195e-01 8.701723328089386200e+00
5.230000000000000204e-01 8.661260703097738656e+00
5.240000000000000213e-01 8.620664295372819197e+00
5.250000000000000222e-01 8.579934191797434551e+00
5.260000000000000231e-01 8.539070478877434311e+00
5.270000000000000240e-01 8.498073242744169420e+00
5.280000000000000249e-01 8.456942569157092748e+00
5.290000000000000258e-01 8.415678543506302844e+00
5.300000000000000266e-01 8.374281250814803457e+00
5.310000000000000275e-01 8.332750775741345706e+00
5.320000000000000284e-01 8.291087202582431814e+00
5.330000000000000293e-01 8.249290615275185701e+00
5.340000000000000302e-01 8.207361097399456185e+00
5.350000000000000311e-01 8.165298732180289676e+00
5.360000000000000320e-01 8.123103602490303388e+00
5.370000000000000329e-01 8.080775790851987495e+00
5.380000000000000338e-01 8.038315379440078345e+00
5.390000000000000346e-01 7.995722450083846411e+00
5.400000000000000355e-01 7.952997084269327388e+00
5.410000000000000364e-01 7.910139363141695412e+00
5.420000000000000373e-01 7.867149367507380475e+00
5.430000000000000382e-01 7.824027177836370583e+00
5.440000000000000391e-01 7.780772874264357597e+00
5.450000000000000400e-01 7.737386536595039388e+00
5.460000000000000409e-01 7.693868244302123571e+00
5.470000000000000417e-01 7.650218076531672295e+00
5.480000000000000426e-01 7.606436112104006497e+00
5.490000000000000435e-01 7.562522429516036482e+00
5.500000000000000444e-01 7.518477106943208810e+00
5.510000000000000453e-01 7.474300222241680558e+00
5.520000000000000462e-01 7.429991852950280418e+00
5.530000000000000471e-01 7.385552076292654533e+00
5.540000000000000480e-01 7.340980969179270232e+00
5.550000000000000488e-01 7.296278608209348704e+00
5.560000000000000497e-01 7.251445069672953991e+00
5.570000000000000506e-01 7.206480429552911460e+00
5.580000000000000515e-01 7.161384763526882580e+00
5.590000000000000524e-01 7.116158146969027598e+00
5.600000000000000533e-01 7.070800654952293485e+00
5.610000000000000542e-01 7.025312362250076603e+00
5.620000000000000551e-01 6.979693343338254863e+00
5.630000000000000560e-01 6.933943672396921443e+00
5.640000000000000568e-01 6.888063423312431155e+00
5.650000000000000577e-01 6.842052669679077326e+00
5.660000000000000586e-01 6.795911484801166580e+00
5.670000000000000595e-01 6.749639941694468348e+00
5.680000000000000604e-01 6.703238113088417549e+00
5.690000000000000613e-01 6.656706071427620941e+00
5.700000000000000622e-01 6.610043888873875062e+00
5.710000000000000631e-01 6.563251637307544684e+00
5.720000000000000639e-01 6.516329388329822336e+00
5.730000000000000648e-01 6.469277213264021498e+00
5.740000000000000657e-01 6.422095183157594533e+00
5.750000000000000666e-01 6.374783368783653259e+00
5.760000000000000675e-01 6.327341840642603188e+00
5.769999999999999574e-01 6.279770668964332003e+00
5.779999999999999583e-01 6.232069923709047998e+00
5.789999999999999591e-01 6.184239674569596446e+00
5.799999999999999600e-01 6.136279990972880682e+00
5.809999999999999609e-01 6.088190942081439516e+00
5.819999999999999618e-01 6.039972596795067261e+00
5.829999999999999627e-01 5.991625023752504831e+00
5.839999999999999636e-01 5.943148291333017141e+00
5.849999999999999645e-01 5.894542467657913676e+00
5.859999999999999654e-01 5.845807620591969567e+00
5.869999999999999662e-01 5.796943817745301430e+00
5.879999999999999671e-01 5.747951126474646344e+00
5.889999999999999680e-01 5.698829613885109779e+00
5.899999999999999689e-01 5.649579346831359317e+00
5.909999999999999698e-01 5.600200391919386789e+00
5.919999999999999707e-01 5.550692815508057265e+00
5.929999999999999716e-01 5.501056683710231709e+00
5.939999999999999725e-01 5.451292062394699656e+00
5.949999999999999734e-01 5.401399017187173968e+00
5.959999999999999742e-01 5.351377613472138250e+00
5.969999999999999751e-01 5.301227916394012141e+00
5.979999999999999760e-01 5.250949990858615024e+00
5.989999999999999769e-01 5.200543901534771862e+00
5.999999999999999778e-01 5.150009712855521116e+00
6.009999999999999787e-01 5.099347489019478985e+00
6.019999999999999796e-01 5.048557293992274708e+00
6.029999999999999805e-01 4.997639191508170597e+00
6.039999999999999813e-01 4.946593245070928901e+00
6.049999999999999822e-01 4.895419517955573951e+00
6.059999999999999831e-01 4.844118073209443764e+00
6.069999999999999840e-01 4.792688973653795870e+00
6.079999999999999849e-01 4.741132281884958388e+00
6.089999999999999858e-01 4.689448060275566377e+00
6.099999999999999867e-01 4.637636370976011335e+00
6.109999999999999876e-01 4.585697275915663340e+00
6.119999999999999885e-01 4.533630836804235287e+00
6.129999999999999893e-01 4.481437115132820281e+00
6.139999999999999902e-01 4.429116172175440624e+00
6.149999999999999911e-01 4.376668068990113625e+00
6.159999999999999920e-01 4.324092866420073733e+00
6.169999999999999929e-01 4.271390625095207838e+00
6.179999999999999938e-01 4.218561405433035816e+00
6.189999999999999947e-01 4.165605267640032139e+00
6.199999999999999956e-01 4.112522271713004329e+00
6.209999999999999964e-01 4.059312477439760869e+00
6.219999999999999973e-01 4.005975944400944400e+00
6.229999999999999982e-01 3.952512731970742266e+00
6.239999999999999991e-01 3.898922899318392865e+00
6.250000000000000000e-01 3.845206505408981457e+00
6.260000000000000009e-01 3.791363609004903878e+00
6.270000000000000018e-01 3.737394268666861308e+00
6.280000000000000027e-01 3.683298542755039762e+00
6.290000000000000036e-01 3.629076489430190122e+00
6.300000000000000044e-01 3.574728166654779216e+00
6.310000000000000053e-01 3.520253632194112470e+00
6.320000000000000062e-01 3.465652943617484993e+00
6.330000000000000071e-01 3.410926158298991595e+00
6.340000000000000080e-01 3.356073333419246296e+00
6.350000000000000089e-01 3.301094525965496018e+00
6.360000000000000098e-01 3.245989792733709578e+00
6.370000000000000107e-01 3.190759190328861905e+00
6.380000000000000115e-01 3.135402775166511447e+00
6.390000000000000124e-01 3.079920603473624396e+00
6.400000000000000133e-01 3.024312731289398926e+00
6.410000000000000142e-01 2.968579214466700478e+00
6.420000000000000151e-01 2.912720108672871788e+00
6.430000000000000160e-01 2.856735469390841331e+00
6.440000000000000169e-01 2.800625351919933337e+00
6.450000000000000178e-01 2.744389811377146771e+00
6.460000000000000187e-01 2.688028902697979561e+00
6.470000000000000195e-01 2.631542680637437570e+00
6.480000000000000204e-01 2.574931199771015145e+00
6.490000000000000213e-01 2.518194514495746716e+00
6.500000000000000222e-01 2.461332679031045245e+00
6.510000000000000231e-01 2.404345747419796453e+00
6.520000000000000240e-01 2.347233773529225687e+00
6.530000000000000249e-01 2.289996811051821624e+00
6.540000000000000258e-01 2.232634913506501562e+00
6.550000000000000266e-01 2.175148134239094588e+00
6.560000000000000275e-01 2.117536526423663190e+00
6.570000000000000284e-01 2.059800143063426958e+00
6.580000000000000293e-01 2.001939036991402077e+00
6.590000000000000302e-01 1.943953260871495559e+00
6.600000000000000311e-01 1.885842867199315265e+00
6.610000000000000320e-01 1.827607908303292561e+00
6.620000000000000329e-01 1.769248436345208120e+00
6.630000000000000338e-01 1.710764503321414054e+00
6.640000000000000346e-01 1.652156161063444983e+00
6.650000000000000355e-01 1.593423461239083849e+00
6.660000000000000364e-01 1.534566455353058245e+00
6.670000000000000373e-01 1.475585194748092022e+00
6.680000000000000382e-01 1.416479730605558984e+00
6.690000000000000391e-01 1.357250113946591341e+00
6.700000000000000400e-01 1.297896395632577082e+00
6.710000000000000409e-01 1.238418626366268427e+00
6.720000000000000417e-01 1.178816856692435522e+00
6.730000000000000426e-01 1.119091136998875413e+00
6.740000000000000435e-01 1.059241517517051534e+00
6.750000000000000444e-01 9.992680483230031996e-01
6.760000000000000453e-01 9.391707793381556257e-01
6.770000000000000462e-01 8.789497603299594175e-01
6.780000000000000471e-01 8.186050409131127026e-01
6.790000000000000480e-01 7.581366705497458724e-01
6.800000000000000488e-01 6.975446985507147701e-01
6.810000000000000497e-01 6.368291740760980701e-01
6.820000000000000506e-01 5.759901461361920383e-01
6.830000000000000515e-01 5.150276635919510682e-01
6.840000000000000524e-01 4.539417751561103387e-01
6.850000000000000533e-01 3.927325293937116157e-01
6.860000000000000542e-01 3.313999747230127468e-01
6.870000000000000551e-01 2.699441594160418845e-01
6.880000000000000560e-01 2.083651315995069808e-01
6.890000000000000568e-01 1.466629392555915956e-01
6.900000000000000577e-01 8.483763022232437834e-02
6.910000000000000586e-01 2.288925219484383433e-02
6.920000000000000595e-01 -3.918214727436009071e-02
6.930000000000000604e-01 -1.013765207743233532e-01
6.940000000000000613e-01 -1.636938210353520162e-01
6.950000000000000622e-01 -2.261340009278143270e-01
6.960000000000000631e-01 -2.886970134618138673e-01
6.970000000000000639e-01 -3.513828117862658473e-01
6.980000000000000648e-01 -4.141913491883570941e-01
6.990000000000000657e-01 -4.771225790927502430e-01
7.000000000000000666e-01 -5.401764550608731952e-01
7.010000000000000675e-01 -6.033529307903791050e-01
7.020000000000000684e-01 -6.666519601143647833e-01
7.030000000000000693e-01 -7.300734970006459434e-01
7.039999999999999591e-01 -7.936174955512171891e-01
7.049999999999999600e-01 -8.572839100015130498e-01
7.059999999999999609e-01 -9.210726947197827030e-01
7.069999999999999618e-01 -9.849838042062657451e-01
7.079999999999999627e-01 -1.049017193092979028e+00
7.089999999999999636e-01 -1.113172816142466104e+00
7.099999999999999645e-01 -1.177450628247697750e+00
7.109999999999999654e-01 -1.241850584431048787e+00
7.119999999999999662e-01 -1.306372639843885963e+00
7.129999999999999671e-01 -1.371016749765800569e+00
7.139999999999999680e-01 -1.435782869604182110e+00
7.149999999999999689e-01 -1.500670954893223552e+00
7.159999999999999698e-01 -1.565680961293750784e+00
7.169999999999999707e-01 -1.630812844592341548e+00
7.179999999999999716e-01 -1.696066560700771220e+00
7.189999999999999725e-01 -1.761442065655302258e+00
7.199999999999999734e-01 -1.826939315616300519e+00
7.209999999999999742e-01 -1.892558266867425232e+00
7.219999999999999751e-01 -1.958298875815316364e+00
7.229999999999999760e-01 -2.024161098988457752e+00
7.239999999999999769e-01 -2.090144893037304996e+00
7.249999999999999778e-01 -2.156250214733105963e+00
7.259999999999999787e-01 -2.222477020967744465e+00
7.269999999999999796e-01 -2.288825268752731290e+00
7.279999999999999805e-01 -2.355294915218991036e+00
7.289999999999999813e-01 -2.421885917616322104e+00
7.299999999999999822e-01 -2.488598233312401931e+00
7.309999999999999831e-01 -2.555431819792772785e+00
7.319999999999999840e-01 -2.622386634659690685e+00
7.329999999999999849e-01 -2.689462635632409615e+00
7.339999999999999858e-01 -2.756659780545490435e+00
7.349999999999999867e-01 -2.823978027349326680e+00
7.359999999999999876e-01 -2.891417334108965065e+00
7.369999999999999885e-01 -2.958977659003863891e+00
7.379999999999999893e-01 -3.026658960327040404e+00
7.389999999999999902e-01 -3.094461196484999732e+00
7.399999999999999911e-01 -3.162384325996669077e+00
7.409999999999999920e-01 -3.230428307493397710e+00
7.419999999999999929e-01 -3.298593099717862742e+00
7.429999999999999938e-01 -3.366878661524225436e+00
7.439999999999999947e-01 -3.435284951876880655e+00
7.449999999999999956e-01 -3.503811929850712659e+00
7.459999999999999964e-01 -3.572459554629730860e+00
7.469999999999999973e-01 -3.641227785507297199e+00
7.479999999999999982e-01 -3.710116581885245068e+00
7.489999999999999991e-01 -3.779125903273552467e+00
7.500000000000000000e-01 -3.848255709289574611e+00
7.510000000000000009e-01 -3.917505959657830772e+00
7.520000000000000018e-01 -3.986876614209407421e+00
7.530000000000000027e-01 -4.056367632881475060e+00
7.540000000000000036e-01 -4.125978975716733999e+00
7.550000000000000044e-01 -4.195710602863002237e+00
7.560000000000000053e-01 -4.265562474572789142e+00
7.570000000000000062e-01 -4.335534551202570697e+00
7.580000000000000071e-01 -4.405626793212732650e+00
7.590000000000000080e-01 -4.475839161166589975e+00
7.600000000000000089e-01 -4.546171615730472126e+00
7.610000000000000098e-01 -4.616624117672628813e+00
7.620000000000000107e-01 -4.687196627863457365e+00
7.630000000000000115e-01 -4.757889107274309026e+00
7.640000000000000124e-01 -4.828701516977758956e+00
7.650000000000000133e-01 -4.899633818146497788e+00
7.660000000000000142e-01 -4.970685972053445312e+00
7.670000000000000151e-01 -5.041857940070812560e+00
7.680000000000000160e-01 -5.113149683670016543e+00
7.690000000000000169e-01 -5.184561164420969703e+00
7.700000000000000178e-01 -5.256092343991909388e+00
7.710000000000000187e-01 -5.327743184148630462e+00
7.720000000000000195e-01 -5.399513646754414253e+00
7.730000000000000204e-01 -5.471403693769204324e+00
7.740000000000000213e-01 -5.543413287249549626e+00
7.750000000000000222e-01 -5.615542389347865537e+00
7.760000000000000231e-01 -5.687790962312305965e+00
7.770000000000000240e-01 -5.760158968485939113e+00
7.780000000000000249e-01 -5.832646370306790118e+00
7.790000000000000258e-01 -5.905253130307073661e+00
7.800000000000000266e-01 -5.977979211112923963e+00
7.810000000000000275e-01 -6.050824575443840558e+00
7.820000000000000284e-01 -6.123789186112688299e+00
7.830000000000000293e-01 -6.196873006024574693e+00
7.840000000000000302e-01 -6.270075998177247811e+00
7.850000000000000311e-01 -6.343398125659973630e+00
7.860000000000000320e-01 -6.416839351653720769e+00
7.870000000000000329e-01 -6.490399639430336265e+00
7.880000000000000338e-01 -6.564078952352190299e+00
7.890000000000000346e-01 -6.637877253872360939e+00
7.900000000000000355e-01 -6.711794507533170417e+00
7.910000000000000364e-01 -6.785830676967009367e+00
7.920000000000000373e-01 -6.859985725894730990e+00
7.930000000000000382e-01 -6.934259618126446867e+00
7.940000000000000391e-01 -7.008652317560105871e+00
7.950000000000000400e-01 -7.083163788181877862e+00
7.960000000000000409e-01 -7.157793994065386300e+00
7.970000000000000417e-01 -7.232542899371367184e+00
7.980000000000000426e-01 -7.307410468347313781e+00
7.990000000000000435e-01 -7.382396665327377150e+00
8.000000000000000444e-01 -7.457501454731399804e+00
8.010000000000000453e-01 -7.532724801065114661e+00
8.020000000000000462e-01 -7.608066668919505560e+00
8.030000000000000471e-01 -7.683527022970608300e+00
8.040000000000000480e-01 -7.759105827978771686e+00
8.050000000000000488e-01 -7.834803048788899105e+00
8.060000000000000497e-01 -7.910618650329467982e+00
8.070000000000000506e-01 -7.986552597612615045e+00
8.080000000000000515e-01 -8.062604855733496834e+00
8.090000000000000524e-01 -8.138775389870289700e+00
8.100000000000000533e-01 -8.215064165283365583e+00
8.110000000000000542e-01 -8.291471147315377266e+00
8.120000000000000551e-01 -8.367996301390590475e+00
8.130000000000000560e-01 -8.444639593014798606e+00
8.140000000000000568e-01 -8.521400987774768510e+00
8.150000000000000577e-01 -8.598280451338055741e+00
8.160000000000000586e-01 -8.675277949452436133e+00
8.170000000000000595e-01 -8.752393447946019478e+00
8.180000000000000604e-01 -8.829626912726425303e+00
8.190000000000000613e-01 -8.906978309780541281e+00
8.200000000000000622e-01 -8.984447605174636919e+00
8.210000000000000631e-01 -9.062034765053454066e+00
8.220000000000000639e-01 -9.139739755640107433e+00
8.230000000000000648e-01 -9.217562543235914063e+00
8.240000000000000657e-01 -9.295503094219895956e+00
8.250000000000000666e-01 -9.373561375048382160e+00
8.260000000000000675e-01 -9.451737352254923508e+00
8.270000000000000684e-01 -9.530030992449724181e+00
8.280000000000000693e-01 -9.608442262319584870e+00
8.290000000000000702e-01 -9.686971128627391181e+00
8.300000000000000711e-01 -9.765617558211971527e+00
8.310000000000000719e-01 -9.844381517987329744e+00
8.320000000000000728e-01 -9.923262974943099834e+00
8.329999999999999627e-01 -1.000226189614349437e+01
8.339999999999999636e-01 -1.008137824872767396e+01
8.349999999999999645e-01 -1.016061199990863884e+01
8.359999999999999654e-01 -1.023996311697371198e+01
8.369999999999999662e-01 -1.031943156728385702e+01
8.379999999999999671e-01 -1.039901731827328035e+01
8.389999999999999680e-01 -1.047872033744945952e+01
8.399999999999999689e-01 -1.055854059239251796e+01
8.409999999999999698e-01 -1.063847805075516817e+01
8.419999999999999707e-01 -1.071853268026228534e+01
8.429999999999999716e-01 -1.079870444871059476e+01
8.439999999999999725e-01 -1.087899332396852969e+01
8.449999999999999734e-01 -1.095939927397583347e+01
8.459999999999999742e-01 -1.103992226674336052e+01
8.469999999999999751e-01 -1.112056227035250799e+01
8.479999999999999760e-01 -1.120131925295549991e+01
8.489999999999999769e-01 -1.128219318277436400e+01
8.499999999999999778e-01 -1.136318402810127282e+01
8.509999999999999787e-01 -1.144429175729806047e+01
8.519999999999999796e-01 -1.152551633879573956e+01
8.529999999999999805e-01 -1.160685774109455792e+01
8.539999999999999813e-01 -1.168831593276345870e+01
8.549999999999999822e-01 -1.176989088244008030e+01
8.559999999999999831e-01 -1.185158255883007428e+01
8.569999999999999840e-01 -1.193339093070727586e+01
8.579999999999999849e-01 -1.201531596691313553e+01
8.589999999999999858e-01 -1.209735763635657690e+01
8.599999999999999867e-01 -1.217951590801379780e+01
8.609999999999999876e-01 -1.226179075092764492e+01
8.619999999999999885e-01 -1.234418213420806865e+01
8.629999999999999893e-01 -1.242669002703098613e+01
8.639999999999999902e-01 -1.250931439863859396e+01
8.649999999999999911e-01 -1.259205521833914077e+01
8.659999999999999920e-01 -1.267491245550615986e+01
8.669999999999999929e-01 -1.275788607957878185e+01
8.679999999999999938e-01 -1.284097606006119463e+01
8.689999999999999947e-01 -1.292418236652241603e+01
8.699999999999999956e-01 -1.300750496859600958e+01
8.709999999999999964e-01 -1.309094383597997080e+01
8.719999999999999973e-01 -1.317449893843638620e+01
8.729999999999999982e-01 -1.325817024579097847e+01
8.739999999999999991e-01 -1.334195772793347601e+01
8.750000000000000000e-01 -1.342586135481670340e+01
8.760000000000000009e-01 -1.350988109645646773e+01
8.770000000000000018e-01 -1.359401692293172914e+01
8.780000000000000027e-01 -1.367826880438386183e+01
8.790000000000000036e-01 -1.376263671101682462e+01
8.800000000000000044e-01 -1.384712061309642195e+01
8.810000000000000053e-01 -1.393172048095070181e+01
8.820000000000000062e-01 -1.401643628496907468e+01
8.830000000000000071e-01 -1.410126799560256927e+01
8.840000000000000080e-01 -1.418621558336340627e+01
8.850000000000000089e-01 -1.427127901882468564e+01
8.860000000000000098e-01 -1.435645827262032981e+01
8.870000000000000107e-01 -1.444175331544468577e+01
8.880000000000000115e-01 -1.452716411805229768e+01
8.890000000000000124e-01 -1.461269065125787847e+01
8.900000000000000133e-01 -1.469833288593599718e+01
8.910000000000000142e-01 -1.478409079302070950e+01
8.920000000000000151e-01 -1.486996434350538721e+01
8.930000000000000160e-01 -1.495595350844266136e+01
8.940000000000000169e-01 -1.504205825894396753e+01
8.950000000000000178e-01 -1.512827856617965949e+01
8.960000000000000187e-01 -1.521461440137815657e+01
8.970000000000000195e-01 -1.530106573582642682e+01
8.980000000000000204e-01 -1.538763254086947541e+01
8.990000000000000213e-01 -1.547431478791008885e+01
9.000000000000000222e-01 -1.556111244840846553e+01
9.010000000000000231e-01 -1.564802549388249986e+01
9.020000000000000240e-01 -1.573505389590704340e+01
9.030000000000000249e-01 -1.582219762611390479e+01
9.040000000000000258e-01 -1.590945665619187821e+01
9.050000000000000266e-01 -1.599683095788586229e+01
9.060000000000000275e-01 -1.608432050299742855e+01
9.070000000000000284e-01 -1.617192526338422454e+01
9.080000000000000293e-01 -1.625964521095966120e+01
9.090000000000000302e-01 -1.634748031769302656e+01
9.100000000000000311e-01 -1.643543055560894572e+01
9.110000000000000320e-01 -1.652349589678740927e+01
9.120000000000000329e-01 -1.661167631336351747e+01
9.130000000000000338e-01 -1.669997177752719608e+01
9.140000000000000346e-01 -1.678838226152313950e+01
9.150000000000000355e-01 -1.687690773765044128e+01
9.160000000000000364e-01 -1.696554817826245198e+01
9.170000000000000373e-01 -1.705430355576666557e+01
9.180000000000000382e-01 -1.714317384262457722e+01
9.190000000000000391e-01 -1.723215901135120021e+01
9.200000000000000400e-01 -1.732125903451509430e+01
9.210000000000000409e-01 -1.741047388473808155e+01
9.220000000000000417e-01 -1.749980353469524630e+01
9.230000000000000426e-01 -1.758924795711442357e+01
9.240000000000000435e-01 -1.767880712477619909e+01
9.250000000000000444e-01 -1.776848101051373874e+01
9.260000000000000453e-01 -1.785826958721258961e+01
9.270000000000000462e-01 -1.794817282781031054e+01
9.280000000000000471e-01 -1.803819070529644364e+01
9.290000000000000480e-01 -1.812832319271254278e+01
9.300000000000000488e-01 -1.821857026315140615e+01
9.310000000000000497e-01 -1.830893188975767316e+01
9.320000000000000506e-01 -1.839940804572657385e+01
9.330000000000000515e-01 -1.848999870430503734e+01
9.340000000000000524e-01 -1.858070383879044130e+01
9.350000000000000533e-01 -1.867152342253098141e+01
9.360000000000000542e-01 -1.876245742892533030e+01
9.370000000000000551e-01 -1.885350583142246705e+01
9.380000000000000560e-01 -1.894466860352150661e+01
9.390000000000000568e-01 -1.903594571877144404e+01
9.400000000000000577e-01 -1.912733715077118291e+01
9.410000000000000586e-01 -1.921884287316916584e+01
9.420000000000000595e-01 -1.931046285966334608e+01
9.430000000000000604e-01 -1.940219708400064746e+01
9.440000000000000613e-01 -1.949404551997744761e+01
9.450000000000000622e-01 -1.958600814143875368e+01
9.460000000000000631e-01 -1.967808492227857187e+01
9.470000000000000639e-01 -1.977027583643908315e+01
9.480000000000000648e-01 -1.986258085791129702e+01
9.490000000000000657e-01 -1.995499996073408511e+01
9.500000000000000666e-01 -2.004753311899449386e+01
9.510000000000000675e-01 -2.014018030682751714e+01
9.520000000000000684e-01 -2.023294149841586886e+01
9.530000000000000693e-01 -2.032581666798969877e+01
9.540000000000000702e-01 -2.041880578982662087e+01
9.550000000000000711e-01 -2.051190883825148603e+01
9.560000000000000719e-01 -2.060512578763609781e+01
9.570000000000000728e-01 -2.069845661239924084e+01
9.580000000000000737e-01 -2.079190128700653872e+01
9.590000000000000746e-01 -2.088545978596982877e+01
9.599999999999999645e-01 -2.097913208384775885e+01
9.609999999999999654e-01 -2.107291815524493472e+01
9.619999999999999662e-01 -2.116681797481217586e+01
9.629999999999999671e-01 -2.126083151724620279e+01
9.639999999999999680e-01 -2.135495875728955184e+01
9.649999999999999689e-01 -2.144919966973014880e+01
9.659999999999999698e-01 -2.154355422940187736e+01
9.669999999999999707e-01 -2.163802241118318648e+01
9.679999999999999716e-01 -2.173260418999845456e+01
9.689999999999999725e-01 -2.182729954081639789e+01
9.699999999999999734e-01 -2.192210843865100856e+01
9.709999999999999742e-01 -2.201703085856067332e+01
9.719999999999999751e-01 -2.211206677564842948e+01
9.729999999999999760e-01 -2.220721616506185114e+01
9.739999999999999769e-01 -2.230247900199236710e+01
9.749999999999999778e-01 -2.239785526167591456e+01
9.759999999999999787e-01 -2.249334491939183067e+01
9.769999999999999796e-01 -2.258894795046393256e+01
9.779999999999999805e-01 -2.268466433025892570e+01
9.789999999999999813e-01 -2.278049403418765451e+01
9.799999999999999822e-01 -2.287643703770376646e+01
9.809999999999999831e-01 -2.297249331630447955e+01
9.819999999999999840e-01 -2.306866284552967272e+01
9.829999999999999849e-01 -2.316494560096273858e+01
9.839999999999999858e-01 -2.326134155822919070e+01
9.849999999999999867e-01 -2.335785069299754468e+01
9.859999999999999876e-01 -2.345447298097846556e+01
9.869999999999999885e-01 -2.355120839792544984e+01
9.879999999999999893e-01 -2.364805691963363188e+01
9.889999999999999902e-01 -2.374501852194052276e+01
9.899999999999999911e-01 -2.384209318072538508e+01
9.909999999999999920e-01 -2.393928087190940346e+01
9.919999999999999929e-01 -2.403658157145531504e+01
9.929999999999999938e-01 -2.413399525536723900e+01
9.939999999999999947e-01 -2.423152189969093229e+01
9.949999999999999956e-01 -2.432916148051302230e+01
9.959999999999999964e-01 -2.442691397396131947e+01
9.969999999999999973e-01 -2.452477935620481730e+01
9.979999999999999982e-01 -2.462275760345306708e+01
9.989999999999999991e-01 -2.472084869195637680e+01
1.000000000000000000e+00 -2.481905259800555541e+01
