0.000000000000000000e+00 0.000000000000000000e+00
1.000000000000000021e-03 8.275272736904460968e-01
2.000000000000000042e-03 1.189146178351838001e+00
3.000000000000000062e-03 1.452638015019777962e+00
4.000000000000000083e-03 1.664410561263037769e+00
5.000000000000000104e-03 1.843271423900043171e+00
6.000000000000000125e-03 1.999114495751037612e+00
7.000000000000000146e-03 2.137911461604102392e+00
8.000000000000000167e-03 2.263592974646688294e+00
9.000000000000001055e-03 2.378906461367639391e+00
1.000000000000000021e-02 2.485859191693077008e+00
1.099999999999999936e-02 2.585968404730621728e+00
1.200000000000000025e-02 2.680412292056195689e+00
1.300000000000000114e-02 2.770126042236000341e+00
1.400000000000000029e-02 2.855865574230509019e+00
1.499999999999999944e-02 2.938251328221958669e+00
1.600000000000000033e-02 3.017799245916700901e+00
1.700000000000000122e-02 3.094943239884321518e+00
1.800000000000000211e-02 3.170051843299676264e+00
1.899999999999999953e-02 3.243440780034708038e+00
2.000000000000000042e-02 3.315382611905776766e+00
2.100000000000000130e-02 3.386114251288215193e+00
2.199999999999999872e-02 3.455842887938875840e+00
2.299999999999999961e-02 3.524750719644885066e+00
2.400000000000000050e-02 3.592998768117568353e+00
2.500000000000000139e-02 3.660729986597738961e+00
2.600000000000000228e-02 3.728071812807816521e+00
2.699999999999999969e-02 3.795138283057237771e+00
2.800000000000000058e-02 3.862031795828421821e+00
2.900000000000000147e-02 3.928844592944937375e+00
2.999999999999999889e-02 3.995660011355906427e+00
3.099999999999999978e-02 4.062553547219364347e+00
3.200000000000000067e-02 4.129593765327000732e+00
3.300000000000000155e-02 4.196843080272678606e+00
3.400000000000000244e-02 4.264358430618241158e+00
3.500000000000000333e-02 4.332191863284638345e+00
3.600000000000000422e-02 4.400391042223867899e+00
3.699999999999999817e-02 4.468999692909389587e+00
3.799999999999999906e-02 4.538057992170009491e+00
3.899999999999999994e-02 4.607602911273277257e+00
4.000000000000000083e-02 4.677668518854321889e+00
4.100000000000000172e-02 4.748286249219302313e+00
4.200000000000000261e-02 4.819485140680031421e+00
4.300000000000000350e-02 4.891292047857843883e+00
4.399999999999999745e-02 4.963731831301559261e+00
4.499999999999999833e-02 5.036827527270966165e+00
4.599999999999999922e-02 5.110600500126069257e+00
4.700000000000000011e-02 5.185070579417875969e+00
4.800000000000000100e-02 5.260256183486371029e+00
4.900000000000000189e-02 5.336174431126925910e+00
5.000000000000000278e-02 5.412841242678753773e+00
5.100000000000000366e-02 5.490271431712841377e+00
5.200000000000000455e-02 5.568478788346081565e+00
5.299999999999999850e-02 5.647476155079838023e+00
5.399999999999999939e-02 5.727275495950221007e+00
5.500000000000000028e-02 5.807887959682275891e+00
5.600000000000000117e-02 5.889323937458041058e+00
5.700000000000000205e-02 5.971593115837054100e+00
5.800000000000000294e-02 6.054704525306144447e+00
5.900000000000000383e-02 6.138666584881431021e+00
5.999999999999999778e-02 6.223487143138385136e+00
6.099999999999999867e-02 6.309173516004952020e+00
6.199999999999999956e-02 6.395732521616310784e+00
6.300000000000000044e-02 6.483170512498600324e+00
6.400000000000000133e-02 6.571493405320697256e+00
6.500000000000000222e-02 6.660706708428802969e+00
6.600000000000000311e-02 6.750815547356719293e+00
6.700000000000000400e-02 6.841824688485422357e+00
6.800000000000000488e-02 6.933738561008532919e+00
6.900000000000000577e-02 7.026561277345059864e+00
7.000000000000000666e-02 7.120296652127194648e+00
7.100000000000000755e-02 7.214948219878980495e+00
7.200000000000000844e-02 7.310519251490805281e+00
7.299999999999999545e-02 7.407012769585055167e+00
7.399999999999999634e-02 7.504431562859645410e+00
7.499999999999999722e-02 7.602778199488246180e+00
7.599999999999999811e-02 7.702055039649310153e+00
7.699999999999999900e-02 7.802264247249344642e+00
7.799999999999999989e-02 7.903407800900650315e+00
7.900000000000000078e-02 8.005487504208169014e+00
8.000000000000000167e-02 8.108504995415872330e+00
8.100000000000000255e-02 8.212461756458688811e+00
8.200000000000000344e-02 8.317359121462246208e+00
8.300000000000000433e-02 8.423198284729313201e+00
8.400000000000000522e-02 8.529980308248539700e+00
8.500000000000000611e-02 8.637706128758608770e+00
8.600000000000000699e-02 8.746376564397841946e+00
8.700000000000000788e-02 8.855992320967317255e+00
8.799999999999999489e-02 8.966553997833301537e+00
8.899999999999999578e-02 9.078062093492782481e+00
8.999999999999999667e-02 9.190517010824082789e+00
9.099999999999999756e-02 9.303919062043075172e+00
9.199999999999999845e-02 9.418268473383751171e+00
9.299999999999999933e-02 9.533565389520642697e+00
9.400000000000000022e-02 9.649809877749495612e+00
9.500000000000000111e-02 9.767001931941042159e+00
9.600000000000000200e-02 9.885141476282065298e+00
9.700000000000000289e-02 1.000422836881658384e+01
9.800000000000000377e-02 1.012426240479950934e+01
9.900000000000000466e-02 1.024524331987383619e+01
1.000000000000000056e-01 1.036717079308196787e+01
1.010000000000000064e-01 1.049004444972100458e+01
1.020000000000000073e-01 1.061386386405105853e+01
1.030000000000000082e-01 1.073862856186516090e+01
1.040000000000000091e-01 1.086433802292878958e+01
1.049999999999999961e-01 1.099099168329630949e+01
1.059999999999999970e-01 1.111858893751152344e+01
1.069999999999999979e-01 1.124712914069861114e+01
1.079999999999999988e-01 1.137661161054976056e+01
1.089999999999999997e-01 1.150703562921504997e+01
1.100000000000000006e-01 1.163840044510009264e+01
1.110000000000000014e-01 1.177070527457638249e+01
1.120000000000000023e-01 1.190394930360901071e+01
1.130000000000000032e-01 1.203813168930640742e+01
1.140000000000000041e-01 1.217325156139588671e+01
1.150000000000000050e-01 1.230930802362943055e+01
1.160000000000000059e-01 1.244630015512281318e+01
1.170000000000000068e-01 1.258422701163202007e+01
1.180000000000000077e-01 1.272308762676989424e+01
1.190000000000000085e-01 1.286288101316622701e+01
1.199999999999999956e-01 1.300360616357426125e+01
1.209999999999999964e-01 1.314526205192605168e+01
1.219999999999999973e-01 1.328784763433947802e+01
1.229999999999999982e-01 1.343136185007939432e+01
1.239999999999999991e-01 1.357580362247500538e+01
1.250000000000000000e-01 1.372117185979565157e+01
1.260000000000000009e-01 1.386746545608723480e+01
1.270000000000000018e-01 1.401468329197096807e+01
1.280000000000000027e-01 1.416282423540656588e+01
1.290000000000000036e-01 1.431188714242117932e+01
1.300000000000000044e-01 1.446187085780618631e+01
1.310000000000000053e-01 1.461277421578293811e+01
1.320000000000000062e-01 1.476459604063933995e+01
1.330000000000000071e-01 1.491733514733827448e+01
1.340000000000000080e-01 1.507099034209940669e+01
1.350000000000000089e-01 1.522556042295561518e+01
1.360000000000000098e-01 1.538104418028503240e+01
1.370000000000000107e-01 1.553744039732007209e+01
1.380000000000000115e-01 1.569474785063434297e+01
1.390000000000000124e-01 1.585296531060846803e+01
1.400000000000000133e-01 1.601209154187577610e+01
1.410000000000000142e-01 1.617212530374887436e+01
1.420000000000000151e-01 1.633306535062777343e+01
1.430000000000000160e-01 1.649491043239058286e+01
1.440000000000000169e-01 1.665765929476739515e+01
1.449999999999999900e-01 1.682131067969814708e+01
1.459999999999999909e-01 1.698586332567532153e+01
1.469999999999999918e-01 1.715131596807185588e+01
1.479999999999999927e-01 1.731766733945513792e+01
1.489999999999999936e-01 1.748491616988763298e+01
1.499999999999999944e-01 1.765306118721471762e+01
1.509999999999999953e-01 1.782210111734017843e+01
1.519999999999999962e-01 1.799203468449009335e+01
1.529999999999999971e-01 1.816286061146544029e+01
1.539999999999999980e-01 1.833457761988389478e+01
1.549999999999999989e-01 1.850718443041148475e+01
1.559999999999999998e-01 1.868067976298421939e+01
1.570000000000000007e-01 1.885506233702041357e+01
1.580000000000000016e-01 1.903033087162391013e+01
1.590000000000000024e-01 1.920648408577849864e+01
1.600000000000000033e-01 1.938352069853436177e+01
1.610000000000000042e-01 1.956143942918609469e+01
1.620000000000000051e-01 1.974023899744357280e+01
1.630000000000000060e-01 1.991991812359501068e+01
1.640000000000000069e-01 2.010047552866340226e+01
1.650000000000000078e-01 2.028190993455601898e+01
1.660000000000000087e-01 2.046422006420741724e+01
1.670000000000000095e-01 2.064740464171632439e+01
1.680000000000000104e-01 2.083146239247663445e+01
1.690000000000000113e-01 2.101639204330243160e+01
1.700000000000000122e-01 2.120219232254787300e+01
1.710000000000000131e-01 2.138886196022156838e+01
1.720000000000000140e-01 2.157639968809591835e+01
1.730000000000000149e-01 2.176480423981177381e+01
1.740000000000000158e-01 2.195407435097825299e+01
1.750000000000000167e-01 2.214420875926808918e+01
1.759999999999999898e-01 2.233520620450886796e+01
1.769999999999999907e-01 2.252706542876990881e+01
1.779999999999999916e-01 2.271978517644531337e+01
1.789999999999999925e-01 2.291336419433313054e+01
1.799999999999999933e-01 2.310780123171091560e+01
1.809999999999999942e-01 2.330309504040776858e+01
1.819999999999999951e-01 2.349924437487293716e+01
1.829999999999999960e-01 2.369624799224121858e+01
1.839999999999999969e-01 2.389410465239516057e+01
1.849999999999999978e-01 2.409281311802438807e+01
1.859999999999999987e-01 2.429237215468195288e+01
1.869999999999999996e-01 2.449278053083787299e+01
1.880000000000000004e-01 2.469403701793008210e+01
1.890000000000000013e-01 2.489614039041282112e+01
1.900000000000000022e-01 2.509908942580241487e+01
1.910000000000000031e-01 2.530288290472098467e+01
1.920000000000000040e-01 2.550751961093743247e+01
1.930000000000000049e-01 2.571299833140657043e+01
1.940000000000000058e-01 2.591931785630616503e+01
1.950000000000000067e-01 2.612647697907162225e+01
1.960000000000000075e-01 2.633447449642906335e+01
1.970000000000000084e-01 2.654330920842632580e+01
1.980000000000000093e-01 2.675297991846225543e+01
1.990000000000000102e-01 2.696348543331418668e+01
2.000000000000000111e-01 2.717482456316377792e+01
2.010000000000000120e-01 2.738699612162126940e+01
2.020000000000000129e-01 2.759999892574819924e+01
2.030000000000000138e-01 2.781383179607846756e+01
2.040000000000000147e-01 2.802849355663827069e+01
2.050000000000000155e-01 2.824398303496439766e+01
2.060000000000000164e-01 2.846029906212129390e+01
2.070000000000000173e-01 2.867744047271689212e+01
2.080000000000000182e-01 2.889540610491710382e+01
2.089999999999999913e-01 2.911419480045925923e+01
2.099999999999999922e-01 2.933380540466441744e+01
2.109999999999999931e-01 2.955423676644837272e+01
2.119999999999999940e-01 2.977548773833184015e+01
2.129999999999999949e-01 2.999755717644961805e+01
2.139999999999999958e-01 3.022044394055856742e+01
2.149999999999999967e-01 3.044414689404501573e+01
2.159999999999999976e-01 3.066866490393084632e+01
2.169999999999999984e-01 3.089399684087906195e+01
2.179999999999999993e-01 3.112014157919835000e+01
2.190000000000000002e-01 3.134709799684691234e+01
2.200000000000000011e-01 3.157486497543546378e+01
2.210000000000000020e-01 3.180344140022958044e+01
2.220000000000000029e-01 3.203282616015128781e+01
2.230000000000000038e-01 3.226301814777997379e+01
2.240000000000000047e-01 3.249401625935259830e+01
2.250000000000000056e-01 3.272581939476343393e+01
2.260000000000000064e-01 3.295842645756300016e+01
2.270000000000000073e-01 3.319183635495653562e+01
2.280000000000000082e-01 3.342604799780197311e+01
2.290000000000000091e-01 3.366106030060713294e+01
2.300000000000000100e-01 3.389687218152671733e+01
2.310000000000000109e-01 3.413348256235862266e+01
2.320000000000000118e-01 3.437089036853972601e+01
2.330000000000000127e-01 3.460909452914147266e+01
2.340000000000000135e-01 3.484809397686471755e+01
2.350000000000000144e-01 3.508788764803436777e+01
2.360000000000000153e-01 3.532847448259359169e+01
2.370000000000000162e-01 3.556985342409745954e+01
2.380000000000000171e-01 3.581202341970659120e+01
2.390000000000000180e-01 3.605498342018000812e+01
2.399999999999999911e-01 3.629873237986797108e+01
2.409999999999999920e-01 3.654326925670439152e+01
2.419999999999999929e-01 3.678859301219887357e+01
2.429999999999999938e-01 3.703470261142855691e+01
2.439999999999999947e-01 3.728159702302967560e+01
2.449999999999999956e-01 3.752927521918867626e+01
2.459999999999999964e-01 3.777773617563335051e+01
2.469999999999999973e-01 3.802697887162349133e+01
2.479999999999999982e-01 3.827700228994144993e+01
2.489999999999999991e-01 3.852780541688236582e+01
2.500000000000000000e-01 3.877938724224425471e+01
2.510000000000000009e-01 3.903174675931792592e+01
2.520000000000000018e-01 3.928488296487656584e+01
2.530000000000000027e-01 3.953879485916520764e+01
2.540000000000000036e-01 3.979348144589020819e+01
2.550000000000000044e-01 4.004894173220807829e+01
2.560000000000000053e-01 4.030517472871484586e+01
2.570000000000000062e-01 4.056217944943451670e+01
2.580000000000000071e-01 4.081995491180799718e+01
2.590000000000000080e-01 4.107850013668150524e+01
2.600000000000000089e-01 4.133781414829509515e+01
2.610000000000000098e-01 4.159789597427082697e+01
2.620000000000000107e-01 4.185874464560112074e+01
2.630000000000000115e-01 4.212035919663662753e+01
2.640000000000000124e-01 4.238273866507432786e+01
2.650000000000000133e-01 4.264588209194539559e+01
2.660000000000000142e-01 4.290978852160291268e+01
2.670000000000000151e-01 4.317445700170969758e+01
2.680000000000000160e-01 4.343988658322570018e+01
2.690000000000000169e-01 4.370607632039578050e+01
2.700000000000000178e-01 4.397302527073711076e+01
2.710000000000000187e-01 4.424073249502644956e+01
2.720000000000000195e-01 4.450919705728772868e+01
2.730000000000000204e-01 4.477841802477917099e+01
2.740000000000000213e-01 4.504839446798059299e+01
2.750000000000000222e-01 4.531912546058066482e+01
2.760000000000000231e-01 4.559061007946395705e+01
2.770000000000000240e-01 4.586284740469815802e+01
2.780000000000000249e-01 4.613583651952113485e+01
2.790000000000000258e-01 4.640957651032795184e+01
2.800000000000000266e-01 4.668406646665792437e+01
2.810000000000000275e-01 4.695930548118167280e+01
2.820000000000000284e-01 4.723529264968805563e+01
2.830000000000000293e-01 4.751202707107116652e+01
2.840000000000000302e-01 4.778950784731713242e+01
2.850000000000000311e-01 4.806773408349140198e+01
2.860000000000000320e-01 4.834670488772541574e+01
2.870000000000000329e-01 4.862641937120346824e+01
2.880000000000000338e-01 4.890687664814994662e+01
2.889999999999999791e-01 4.918807583581594400e+01
2.899999999999999800e-01 4.947001605446634187e+01
2.909999999999999809e-01 4.975269642736675024e+01
2.919999999999999818e-01 5.003611608077038397e+01
2.929999999999999827e-01 5.032027414390508113e+01
2.939999999999999836e-01 5.060516974896012243e+01
2.949999999999999845e-01 5.089080203107335620e+01
2.959999999999999853e-01 5.117717012831820256e+01
2.969999999999999862e-01 5.146427318169042309e+01
2.979999999999999871e-01 5.175211033509540215e+01
2.989999999999999880e-01 5.204068073533503735e+01
2.999999999999999889e-01 5.232998353209487874e+01
3.009999999999999898e-01 5.262001787793114715e+01
3.019999999999999907e-01 5.291078292825787344e+01
3.029999999999999916e-01 5.320227784133412996e+01
3.039999999999999925e-01 5.349450177825099928e+01
3.049999999999999933e-01 5.378745390291885542e+01
3.059999999999999942e-01 5.408113338205470910e+01
3.069999999999999951e-01 5.437553938516931851e+01
3.079999999999999960e-01 5.467067108455444213e+01
3.089999999999999969e-01 5.496652765527029061e+01
3.099999999999999978e-01 5.526310827513284352e+01
3.109999999999999987e-01 5.556041212470113777e+01
3.119999999999999996e-01 5.585843838726493971e+01
3.130000000000000004e-01 5.615718624883191978e+01
3.140000000000000013e-01 5.645665489811526783e+01
3.150000000000000022e-01 5.675684352652133668e+01
3.160000000000000031e-01 5.705775132813716510e+01
3.170000000000000040e-01 5.735937749971796507e+01
3.180000000000000049e-01 5.766172124067509230e+01
3.190000000000000058e-01 5.796478175306344838e+01
3.200000000000000067e-01 5.826855824156935171e+01
3.210000000000000075e-01 5.857304991349846546e+01
3.220000000000000084e-01 5.887825597876345540e+01
3.230000000000000093e-01 5.918417564987194623e+01
3.240000000000000102e-01 5.949080814191444944e+01
3.250000000000000111e-01 5.979815267255236932e+01
3.260000000000000120e-01 6.010620846200598066e+01
3.270000000000000129e-01 6.041497473304262655e+01
3.280000000000000138e-01 6.072445071096461078e+01
3.290000000000000147e-01 6.103463562359768702e+01
3.300000000000000155e-01 6.134552870127879487e+01
3.310000000000000164e-01 6.165712917684500383e+01
3.320000000000000173e-01 6.196943628562114270e+01
3.330000000000000182e-01 6.228244926540861570e+01
3.340000000000000191e-01 6.259616735647367847e+01
3.350000000000000200e-01 6.291058980153585622e+01
3.360000000000000209e-01 6.322571584575657511e+01
3.370000000000000218e-01 6.354154473672757319e+01
3.380000000000000226e-01 6.385807572445967395e+01
3.390000000000000235e-01 6.417530806137136778e+01
3.400000000000000244e-01 6.449324100227751444e+01
3.410000000000000253e-01 6.481187380437818035e+01
3.420000000000000262e-01 6.513120572724753288e+01
3.430000000000000271e-01 6.545123603282236502e+01
3.440000000000000280e-01 6.577196398539150834e+01
3.450000000000000289e-01 6.609338885158450694e+01
3.460000000000000298e-01 6.641550990036063240e+01
3.470000000000000306e-01 6.673832640299816887e+01
3.480000000000000315e-01 6.706183763308334278e+01
3.490000000000000324e-01 6.738604286649963626e+01
3.500000000000000333e-01 6.771094138141694430e+01
3.510000000000000342e-01 6.803653245828095919e+01
3.519999999999999796e-01 6.836281537980242717e+01
3.529999999999999805e-01 6.868978943094660394e+01
3.539999999999999813e-01 6.901745389892262494e+01
3.549999999999999822e-01 6.934580807317317408e+01
3.559999999999999831e-01 6.967485124536376873e+01
3.569999999999999840e-01 7.000458270937257055e+01
3.579999999999999849e-01 7.033500176128018211e+01
3.589999999999999858e-01 7.066610769935884662e+01
3.599999999999999867e-01 7.099789982406274191e+01
3.609999999999999876e-01 7.133037743801750707e+01
3.619999999999999885e-01 7.166353984601022376e+01
3.629999999999999893e-01 7.199738635497926964e+01
3.639999999999999902e-01 7.233191627400424295e+01
3.649999999999999911e-01 7.266712891429634169e+01
3.659999999999999920e-01 7.300302358918767709e+01
3.669999999999999929e-01 7.333959961412234918e+01
3.679999999999999938e-01 7.367685630664576024e+01
3.689999999999999947e-01 7.401479298639551985e+01
3.699999999999999956e-01 7.435340897509124147e+01
3.709999999999999964e-01 7.469270359652514912e+01
3.719999999999999973e-01 7.503267617655237132e+01
3.729999999999999982e-01 7.537332604308127770e+01
3.739999999999999991e-01 7.571465252606424201e+01
3.750000000000000000e-01 7.605665495748777971e+01
3.760000000000000009e-01 7.639933267136348150e+01
3.770000000000000018e-01 7.674268500371846358e+01
3.780000000000000027e-01 7.708671129258610222e+01
3.790000000000000036e-01 7.743141087799673983e+01
3.800000000000000044e-01 7.777678310196841949e+01
3.810000000000000053e-01 7.812282730849798895e+01
3.820000000000000062e-01 7.846954284355153675e+01
3.830000000000000071e-01 7.881692905505579461e+01
3.840000000000000080e-01 7.916498529288861619e+01
3.850000000000000089e-01 7.951371090887052162e+01
3.860000000000000098e-01 7.986310525675537519e+01
3.870000000000000107e-01 8.021316769222178777e+01
3.880000000000000115e-01 8.056389757286399345e+01
3.890000000000000124e-01 8.091529425818345089e+01
3.900000000000000133e-01 8.126735710957979109e+01
3.910000000000000142e-01 8.162008549034217708e+01
3.920000000000000151e-01 8.197347876564091962e+01
3.930000000000000160e-01 8.232753630251858112e+01
3.940000000000000169e-01 8.268225746988166236e+01
3.950000000000000178e-01 8.303764163849189117e+01
3.960000000000000187e-01 8.339368818095796598e+01
3.970000000000000195e-01 8.375039647172712876e+01
3.980000000000000204e-01 8.410776588707666690e+01
3.990000000000000213e-01 8.446579580510568519e+01
4.000000000000000222e-01 8.482448560572706242e+01
4.010000000000000231e-01 8.518383467065882542e+01
4.020000000000000240e-01 8.554384238341617674e+01
4.030000000000000249e-01 8.590450812930353663e+01
4.040000000000000258e-01 8.626583129540608752e+01
4.050000000000000266e-01 8.662781127058212860e+01
4.060000000000000275e-01 8.699044744545480512e+01
4.070000000000000284e-01 8.735373921240427819e+01
4.080000000000000293e-01 8.771768596555973829e+01
4.090000000000000302e-01 8.808228710079163193e+01
4.100000000000000311e-01 8.844754201570387409e+01
4.110000000000000320e-01 8.881345010962587594e+01
4.120000000000000329e-01 8.918001078360505574e+01
4.130000000000000338e-01 8.954722344039896598e+01
4.140000000000000346e-01 8.991508748446783272e+01
4.150000000000000355e-01 9.028360232196664015e+01
4.160000000000000364e-01 9.065276736073803932e+01
4.169999999999999818e-01 9.102258201030427642e+01
4.179999999999999827e-01 9.139304568186015842e+01
4.189999999999999836e-01 9.176415778826552128e+01
4.199999999999999845e-01 9.213591774403755608e+01
4.209999999999999853e-01 9.250832496534383154e+01
4.219999999999999862e-01 9.288137886999479065e+01
4.229999999999999871e-01 9.325507887743644631e+01
4.239999999999999880e-01 9.362942440874323324e+01
4.249999999999999889e-01 9.400441488661081735e+01
4.259999999999999898e-01 9.438004973534893338e+01
4.269999999999999907e-01 9.475632838087416587e+01
4.279999999999999916e-01 9.513325025070307106e+01
4.289999999999999925e-01 9.551081477394494357e+01
4.299999999999999933e-01 9.588902138129498098e+01
4.309999999999999942e-01 9.626786950502726370e+01
4.319999999999999951e-01 9.664735857898779159e+01
4.329999999999999960e-01 9.702748803858773385e+01
4.339999999999999969e-01 9.740825732079636623e+01
4.349999999999999978e-01 9.778966586413451978e+01
4.359999999999999987e-01 9.817171310866780232e+01
4.369999999999999996e-01 9.855439849599952140e+01
4.380000000000000004e-01 9.893772146926445998e+01
4.390000000000000013e-01 9.932168147312189888e+01
4.400000000000000022e-01 9.970627795374917923e+01
4.410000000000000031e-01 1.000915103588350235e+02
4.420000000000000040e-01 1.004773781375730266e+02
4.430000000000000049e-01 1.008638807406551479e+02
4.440000000000000058e-01 1.012510176202652872e+02
4.450000000000000067e-01 1.016387882300727199e+02
4.460000000000000075e-01 1.020271920252259434e+02
4.470000000000000084e-01 1.024162284623459414e+02
4.480000000000000093e-01 1.028058969995202148e+02
4.490000000000000102e-01 1.031961970962962880e+02
4.500000000000000111e-01 1.035871282136755553e+02
4.510000000000000120e-01 1.039786898141068718e+02
4.520000000000000129e-01 1.043708813614807553e+02
4.530000000000000138e-01 1.047637023211226364e+02
4.540000000000000147e-01 1.051571521597873584e+02
4.550000000000000155e-01 1.055512303456526553e+02
4.560000000000000164e-01 1.059459363483131824e+02
4.570000000000000173e-01 1.063412696387748042e+02
4.580000000000000182e-01 1.067372296894480854e+02
4.590000000000000191e-01 1.071338159741428058e+02
4.600000000000000200e-01 1.075310279680617214e+02
4.610000000000000209e-01 1.079288651477948093e+02
4.620000000000000218e-01 1.083273269913135124e+02
4.630000000000000226e-01 1.087264129779646282e+02
4.640000000000000235e-01 1.091261225884647672e+02
4.650000000000000244e-01 1.095264553048945402e+02
4.660000000000000253e-01 1.099274106106927462e+02
4.670000000000000262e-01 1.103289879906506883e+02
4.680000000000000271e-01 1.107311869309066452e+02
4.690000000000000280e-01 1.111340069189400026e+02
4.700000000000000289e-01 1.115374474435658385e+02
4.710000000000000298e-01 1.119415079949293670e+02
4.720000000000000306e-01 1.123461880645000690e+02
4.730000000000000315e-01 1.127514871450667187e+02
4.740000000000000324e-01 1.131574047307313577e+02
4.750000000000000333e-01 1.135639403169042083e+02
4.760000000000000342e-01 1.139710934002979741e+02
4.770000000000000351e-01 1.143788634789228240e+02
4.780000000000000360e-01 1.147872500520806085e+02
4.790000000000000369e-01 1.151962526203597150e+02
4.799999999999999822e-01 1.156058706856297533e+02
4.809999999999999831e-01 1.160161037510363968e+02
4.819999999999999840e-01 1.164269513209958973e+02
4.829999999999999849e-01 1.168384129011898551e+02
4.839999999999999858e-01 1.172504879985604163e+02
4.849999999999999867e-01 1.176631761213045024e+02
4.859999999999999876e-01 1.180764767788693774e+02
4.869999999999999885e-01 1.184903894819467212e+02
4.879999999999999893e-01 1.189049137424683948e+02
4.889999999999999902e-01 1.193200490736006998e+02
4.899999999999999911e-01 1.197357949897396594e+02
4.909999999999999920e-01 1.201521510065061022e+02
4.919999999999999929e-01 1.205691166407404182e+02
4.929999999999999938e-01 1.209866914104978122e+02
4.939999999999999947e-01 1.214048748350434153e+02
4.949999999999999956e-01 1.218236664348471692e+02
4.959999999999999964e-01 1.222430657315790086e+02
4.969999999999999973e-01 1.226630722481044558e+02
4.979999999999999982e-01 1.230836855084789647e+02
4.989999999999999991e-01 1.235049050379439848e+02
5.000000000000000000e-01 1.239267303629215604e+02
5.010000000000000009e-01 1.243491610110100396e+02
5.020000000000000018e-01 1.247721965109790432e+02
5.030000000000000027e-01 1.251958363927650026e+02
5.040000000000000036e-01 1.256200801874663142e+02
5.050000000000000044e-01 1.260449274273386067e+02
5.060000000000000053e-01 1.264703776457907622e+02
5.070000000000000062e-01 1.268964303773792324e+02
5.080000000000000071e-01 1.273230851578045986e+02
5.090000000000000080e-01 1.277503415239062861e+02
5.100000000000000089e-01 1.281781990136584000e+02
5.110000000000000098e-01 1.286066571661648936e+02
5.120000000000000107e-01 1.290357155216555043e+02
5.130000000000000115e-01 1.294653736214811204e+02
5.140000000000000124e-01 1.298956310081091772e+02
5.150000000000000133e-01 1.303264872251195925e+02
5.160000000000000142e-01 1.307579418172001624e+02
5.170000000000000151e-01 1.311899943301423832e+02
5.180000000000000160e-01 1.316226443108366198e+02
5.190000000000000169e-01 1.320558913072686948e+02
5.200000000000000178e-01 1.324897348685147165e+02
5.210000000000000187e-01 1.329241745447372409e+02
5.220000000000000195e-01 1.333592098871811231e+02
5.230000000000000204e-01 1.337948404481689977e+02
5.240000000000000213e-01 1.342310657810973566e+02
5.250000000000000222e-01 1.346678854404319736e+02
5.260000000000000231e-01 1.351052989817043226e+02
5.270000000000000240e-01 1.355433059615069169e+02
5.280000000000000249e-01 1.359819059374895858e+02
5.290000000000000258e-01 1.364210984683551260e+02
5.300000000000000266e-01 1.368608831138553228e+02
5.310000000000000275e-01 1.373012594347868855e+02
5.320000000000000284e-01 1.377422269929875256e+02
5.330000000000000293e-01 1.381837853513317214e+02
5.340000000000000302e-01 1.386259340737268531e+02
5.350000000000000311e-01 1.390686727251095647e+02
5.360000000000000320e-01 1.395120008714411028e+02
5.370000000000000329e-01 1.399559180797041336e+02
5.380000000000000338e-01 1.404004239178981379e+02
5.390000000000000346e-01 1.408455179550363141e+02
5.400000000000000355e-01 1.412911997611408594e+02
5.410000000000000364e-01 1.417374689072399860e+02
5.420000000000000373e-01 1.421843249653632597e+02
5.430000000000000382e-01 1.426317675085385019e+02
5.440000000000000391e-01 1.430797961107875267e+02
5.450000000000000400e-01 1.435284103471226160e+02
5.460000000000000409e-01 1.439776097935426833e+02
5.470000000000000417e-01 1.444273940270296634e+02
5.480000000000000426e-01 1.448777626255445057e+02
5.490000000000000435e-01 1.453287151680238480e+02
5.500000000000000444e-01 1.457802512343760668e+02
5.510000000000000453e-01 1.462323704054778091e+02
5.520000000000000462e-01 1.466850722631703832e+02
5.530000000000000471e-01 1.471383563902558080e+02
5.540000000000000480e-01 1.475922223704935448e+02
5.550000000000000488e-01 1.480466697885968870e+02
5.560000000000000497e-01 1.485016982302293229e+02
5.570000000000000506e-01 1.489573072820008974e+02
5.580000000000000515e-01 1.494134965314648298e+02
5.590000000000000524e-01 1.498702655671141883e+02
5.600000000000000533e-01 1.503276139783777126e+02
5.610000000000000542e-01 1.507855413556171698e+02
5.620000000000000551e-01 1.512440472901236035e+02
5.630000000000000560e-01 1.517031313741132976e+02
5.640000000000000568e-01 1.521627932007255595e+02
5.650000000000000577e-01 1.526230323640181155e+02
5.660000000000000586e-01 1.530838484589644679e+02
5.670000000000000595e-01 1.535452410814502286e+02
5.680000000000000604e-01 1.540072098282699926e+02
5.690000000000000613e-01 1.544697542971235862e+02
5.700000000000000622e-01 1.549328740866131966e+02
5.710000000000000631e-01 1.553965687962397340e+02
5.720000000000000639e-01 1.558608380263999038e+02
5.730000000000000648e-01 1.563256813783825692e+02
5.740000000000000657e-01 1.567910984543654536e+02
5.750000000000000666e-01 1.572570888574124979e+02
5.760000000000000675e-01 1.577236521914699097e+02
5.769999999999999574e-01 1.581907880613633210e+02
5.779999999999999583e-01 1.586584960727948612e+02
5.789999999999999591e-01 1.591267758323391490e+02
5.799999999999999600e-01 1.595956269474410760e+02
5.809999999999999609e-01 1.600650490264119696e+02
5.819999999999999618e-01 1.605350416784268646e+02
5.829999999999999627e-01 1.610056045135214617e+02
5.839999999999999636e-01 1.614767371425883198e+02
5.849999999999999645e-01 1.619484391773747234e+02
5.859999999999999654e-01 1.624207102304788464e+02
5.869999999999999662e-01 1.628935499153473927e+02
5.879999999999999671e-01 1.633669578462717595e+02
5.889999999999999680e-01 1.638409336383857919e+02
5.899999999999999689e-01 1.643154769076621164e+02
5.909999999999999698e-01 1.647905872709097252e+02
5.919999999999999707e-01 1.652662643457705940e+02
5.929999999999999716e-01 1.657425077507166975e+02
5.939999999999999725e-01 1.662193171050474803e+02
5.949999999999999734e-01 1.666966920288864458e+02
5.959999999999999742e-01 1.671746321431784850e+02
5.969999999999999751e-01 1.676531370696869203e+02
5.979999999999999760e-01 1.681322064309905500e+02
5.989999999999999769e-01 1.686118398504808624e+02
5.999999999999999778e-01 1.690920369523590807e+02
6.009999999999999787e-01 1.695727973616334623e+02
6.019999999999999796e-01 1.700541207041161442e+02
6.029999999999999805e-01 1.705360066064207558e+02
6.039999999999999813e-01 1.710184546959591785e+02
6.049999999999999822e-01 1.715014646009390731e+02
6.059999999999999831e-01 1.719850359503608956e+02
6.069999999999999840e-01 1.724691683740151689e+02
6.079999999999999849e-01 1.729538615024796968e+02
6.089999999999999858e-01 1.734391149671170638e+02
6.099999999999999867e-01 1.739249284000714511e+02
6.109999999999999876e-01 1.744113014342664201e+02
6.119999999999999885e-01 1.748982337034017576e+02
6.129999999999999893e-01 1.753857248419509460e+02
6.139999999999999902e-01 1.758737744851587195e+02
6.149999999999999911e-01 1.763623822690379654e+02
6.159999999999999920e-01 1.768515478303674513e+02
6.169999999999999929e-01 1.773412708066889536e+02
6.179999999999999938e-01 1.778315508363046433e+02
6.189999999999999947e-01 1.783223875582744995e+02
6.199999999999999956e-01 1.788137806124139502e+02
6.209999999999999964e-01 1.793057296392907460e+02
6.219999999999999973e-01 1.797982342802227436e+02
6.229999999999999982e-01 1.802912941772754323e+02
6.239999999999999991e-01 1.807849089732589789e+02
6.250000000000000000e-01 1.812790783117260389e+02
6.260000000000000009e-01 1.817738018369692554e+02
6.270000000000000018e-01 1.822690791940181612e+02
6.280000000000000027e-01 1.827649100286374164e+02
6.290000000000000036e-01 1.832612939873239668e+02
6.300000000000000044e-01 1.837582307173041727e+02
6.310000000000000053e-01 1.842557198665323597e+02
6.320000000000000062e-01 1.847537610836872091e+02
6.330000000000000071e-01 1.852523540181700241e+02
6.340000000000000080e-01 1.857514983201020868e+02
6.350000000000000089e-01 1.862511936403220716e+02
6.360000000000000098e-01 1.867514396303839135e+02
6.370000000000000107e-01 1.872522359425541367e+02
6.380000000000000115e-01 1.877535822298098651e+02
6.390000000000000124e-01 1.882554781458356956e+02
6.400000000000000133e-01 1.887579233450221921e+02
6.410000000000000142e-01 1.892609174824627019e+02
6.420000000000000151e-01 1.897644602139519066e+02
6.430000000000000160e-01 1.902685511959825533e+02
6.440000000000000169e-01 1.907731900857436926e+02
6.450000000000000178e-01 1.912783765411182912e+02
6.460000000000000187e-01 1.917841102206807591e+02
6.470000000000000195e-01 1.922903907836946473e+02
6.480000000000000204e-01 1.927972178901106304e+02
6.490000000000000213e-01 1.933045912005639195e+02
6.500000000000000222e-01 1.938125103763720460e+02
6.510000000000000231e-01 1.943209750795329569e+02
6.520000000000000240e-01 1.948299849727220590e+02
6.530000000000000249e-01 1.953395397192908547e+02
6.540000000000000258e-01 1.958496389832638442e+02
6.550000000000000266e-01 1.963602824293369906e+02
6.560000000000000275e-01 1.968714697228750765e+02
6.570000000000000284e-01 1.973832005299099137e+02
6.580000000000000293e-01 1.978954745171376715e+02
6.590000000000000302e-01 1.984082913519169722e+02
6.600000000000000311e-01 1.989216507022667884e+02
6.610000000000000320e-01 1.994355522368642539e+02
6.620000000000000329e-01 1.999499956250421064e+02
6.630000000000000338e-01 2.004649805367873228e+02
6.640000000000000346e-01 2.009805066427382485e+02
6.650000000000000355e-01 2.014965736141829495e+02
6.660000000000000364e-01 2.020131811230568530e+02
6.670000000000000373e-01 2.025303288419407295e+02
6.680000000000000382e-01 2.030480164440586748e+02
6.690000000000000391e-01 2.035662436032758364e+02
6.700000000000000400e-01 2.040850099940963673e+02
6.710000000000000409e-01 2.046043152916619476e+02
6.720000000000000417e-01 2.051241591717485164e+02
6.730000000000000426e-01 2.056445413107655611e+02
6.740000000000000435e-01 2.061654613857529625e+02
6.750000000000000444e-01 2.066869190743799436e+02
6.760000000000000453e-01 2.072089140549420847e+02
6.770000000000000462e-01 2.077314460063601587e+02
6.780000000000000471e-01 2.082545146081775727e+02
6.790000000000000480e-01 2.087781195405586914e+02
6.800000000000000488e-01 2.093022604842866485e+02
6.810000000000000497e-01 2.098269371207614711e+02
6.820000000000000506e-01 2.103521491319980612e+02
6.830000000000000515e-01 2.108778962006244058e+02
6.840000000000000524e-01 2.114041780098794163e+02
6.850000000000000533e-01 2.119309942436108827e+02
6.860000000000000542e-01 2.124583445862742224e+02
6.870000000000000551e-01 2.129862287229293827e+02
6.880000000000000560e-01 2.135146463392401301e+02
6.890000000000000568e-01 2.140435971214713788e+02
6.900000000000000577e-01 2.145730807564876272e+02
6.910000000000000586e-01 2.151030969317509118e+02
6.920000000000000595e-01 2.156336453353188745e+02
6.930000000000000604e-01 2.161647256558432844e+02
6.940000000000000613e-01 2.166963375825675371e+02
6.950000000000000622e-01 2.172284808053253755e+02
6.960000000000000631e-01 2.177611550145387298e+02
6.970000000000000639e-01 2.182943599012158415e+02
6.980000000000000648e-01 2.188280951569498711e+02
6.990000000000000657e-01 2.193623604739161976e+02
7.000000000000000666e-01 2.198971555448715662e+02
7.010000000000000675e-01 2.204324800631518713e+02
7.020000000000000684e-01 2.209683337226699393e+02
7.030000000000000693e-01 2.215047162179145062e+02
7.039999999999999591e-01 2.220416272439479997e+02
7.049999999999999600e-01 2.225790664964044367e+02
7.059999999999999609e-01 2.231170336714885991e+02
7.069999999999999618e-01 2.236555284659733047e+02
7.079999999999999627e-01 2.241945505771980720e+02
7.089999999999999636e-01 2.247340997030674430e+02
7.099999999999999645e-01 2.252741755420490222e+02
7.109999999999999654e-01 2.258147777931720270e+02
7.119999999999999662e-01 2.263559061560252417e+02
7.129999999999999671e-01 2.268975603307553968e+02
7.139999999999999680e-01 2.274397400180656632e+02
7.149999999999999689e-01 2.279824449192137763e+02
7.159999999999999698e-01 2.285256747360101883e+02
7.169999999999999707e-01 2.290694291708164201e+02
7.179999999999999716e-01 2.296137079265439809e+02
7.189999999999999725e-01 2.301585107066518958e+02
7.199999999999999734e-01 2.307038372151450574e+02
7.209999999999999742e-01 2.312496871565734580e+02
7.219999999999999751e-01 2.317960602360294047e+02
7.229999999999999760e-01 2.323429561591466097e+02
7.239999999999999769e-01 2.328903746320983714e+02
7.249999999999999778e-01 2.334383153615957553e+02
7.259999999999999787e-01 2.339867780548860878e+02
7.269999999999999796e-01 2.345357624197517055e+02
7.279999999999999805e-01 2.350852681645072835e+02
7.289999999999999813e-01 2.356352949979996367e+02
7.299999999999999822e-01 2.361858426296050482e+02
7.309999999999999831e-01 2.367369107692279897e+02
7.319999999999999840e-01 2.372884991272998718e+02
7.329999999999999849e-01 2.378406074147769687e+02
7.339999999999999858e-01 2.383932353431388549e+02
7.349999999999999867e-01 2.389463826243873257e+02
7.359999999999999876e-01 2.395000489710444356e+02
7.369999999999999885e-01 2.400542340961510774e+02
7.379999999999999893e-01 2.406089377132653055e+02
7.389999999999999902e-01 2.411641595364610282e+02
7.399999999999999911e-01 2.417198992803259898e+02
7.409999999999999920e-01 2.422761566599610319e+02
7.419999999999999929e-01 2.428329313909777625e+02
7.429999999999999938e-01 2.433902231894975614e+02
7.439999999999999947e-01 2.439480317721498750e+02
7.449999999999999956e-01 2.445063568560708234e+02
7.459999999999999964e-01 2.450651981589011257e+02
7.469999999999999973e-01 2.456245553987858159e+02
7.479999999999999982e-01 2.461844282943715143e+02
7.489999999999999991e-01 2.467448165648056602e+02
7.500000000000000000e-01 2.473057199297347779e+02
7.510000000000000009e-01 2.478671381093030845e+02
7.520000000000000018e-01 2.484290708241510686e+02
7.530000000000000027e-01 2.489915177954137846e+02
7.540000000000000036e-01 2.495544787447199440e+02
7.550000000000000044e-01 2.501179533941897830e+02
7.560000000000000053e-01 2.506819414664341537e+02
7.570000000000000062e-01 2.512464426845526759e+02
7.580000000000000071e-01 2.518114567721328854e+02
7.590000000000000080e-01 2.523769834532480161e+02
7.600000000000000089e-01 2.529430224524563471e+02
7.610000000000000098e-01 2.535095734947996107e+02
7.620000000000000107e-01 2.540766363058009460e+02
7.630000000000000115e-01 2.546442106114642456e+02
7.640000000000000124e-01 2.552122961382727055e+02
7.650000000000000133e-01 2.557808926131870066e+02
7.660000000000000142e-01 2.563499997636441776e+02
7.670000000000000151e-01 2.569196173175563445e+02
7.680000000000000160e-01 2.574897450033091673e+02
7.690000000000000169e-01 2.580603825497604475e+02
7.700000000000000178e-01 2.586315296862390483e+02
7.710000000000000187e-01 2.592031861425430748e+02
7.720000000000000195e-01 2.597753516489390790e+02
7.730000000000000204e-01 2.603480259361601838e+02
7.740000000000000213e-01 2.609212087354052301e+02
7.750000000000000222e-01 2.614948997783368441e+02
7.760000000000000231e-01 2.620690987970809829e+02
7.770000000000000240e-01 2.626438055242246037e+02
7.780000000000000249e-01 2.632190196928150954e+02
7.790000000000000258e-01 2.637947410363587437e+02
7.800000000000000266e-01 2.643709692888191967e+02
7.810000000000000275e-01 2.649477041846165548e+02
7.820000000000000284e-01 2.655249454586255524e+02
7.830000000000000293e-01 2.661026928461750458e+02
7.840000000000000302e-01 2.666809460830460239e+02
7.850000000000000311e-01 2.672597049054704712e+02
7.860000000000000320e-01 2.678389690501301743e+02
7.870000000000000329e-01 2.684187382541559259e+02
7.880000000000000338e-01 2.689990122551250806e+02
7.890000000000000346e-01 2.695797907910615550e+02
7.900000000000000355e-01 2.701610736004337241e+02
7.910000000000000364e-01 2.707428604221538535e+02
7.920000000000000373e-01 2.713251509955757683e+02
7.930000000000000382e-01 2.719079450604950807e+02
7.940000000000000391e-01 2.724912423571466320e+02
7.950000000000000400e-01 2.730750426262040946e+02
7.960000000000000409e-01 2.736593456087782670e+02
7.970000000000000417e-01 2.742441510464161638e+02
7.980000000000000426e-01 2.748294586810997089e+02
7.990000000000000435e-01 2.754152682552444276e+02
8.000000000000000444e-01 2.760015795116981963e+02
8.010000000000000453e-01 2.765883921937402192e+02
8.020000000000000462e-01 2.771757060450797781e+02
8.030000000000000471e-01 2.777635208098549811e+02
8.040000000000000480e-01 2.783518362326315696e+02
8.050000000000000488e-01 2.789406520584017244e+02
8.060000000000000497e-01 2.795299680325831559e+02
8.070000000000000506e-01 2.801197839010172856e+02
8.080000000000000515e-01 2.807100994099686204e+02
8.090000000000000524e-01 2.813009143061236728e+02
8.100000000000000533e-01 2.818922283365894828e+02
8.110000000000000542e-01 2.824840412488922539e+02
8.120000000000000551e-01 2.830763527909765571e+02
8.130000000000000560e-01 2.836691627112046490e+02
8.140000000000000568e-01 2.842624707583540840e+02
8.150000000000000577e-01 2.848562766816173735e+02
8.160000000000000586e-01 2.854505802306014175e+02
8.170000000000000595e-01 2.860453811553248897e+02
8.180000000000000604e-01 2.866406792062181808e+02
8.190000000000000613e-01 2.872364741341222043e+02
8.200000000000000622e-01 2.878327656902870331e+02
8.210000000000000631e-01 2.884295536263706481e+02
8.220000000000000639e-01 2.890268376944380861e+02
8.230000000000000648e-01 2.896246176469603597e+02
8.240000000000000657e-01 2.902228932368132632e+02
8.250000000000000666e-01 2.908216642172760658e+02
8.260000000000000675e-01 2.914209303420308856e+02
8.270000000000000684e-01 2.920206913651610421e+02
8.280000000000000693e-01 2.926209470411505436e+02
8.290000000000000702e-01 2.932216971248825530e+02
8.300000000000000711e-01 2.938229413716384784e+02
8.310000000000000719e-01 2.944246795370969494e+02
8.320000000000000728e-01 2.950269113773326239e+02
8.329999999999999627e-01 2.956296366488149943e+02
8.339999999999999636e-01 2.962328551084082164e+02
8.349999999999999645e-01 2.968365665133686093e+02
8.359999999999999654e-01 2.974407706213444271e+02
8.369999999999999662e-01 2.980454671903754047e+02
8.379999999999999671e-01 2.986506559788901995e+02
8.389999999999999680e-01 2.992563367457066761e+02
8.399999999999999689e-01 2.998625092500300298e+02
8.409999999999999698e-01 3.004691732514523324e+02
8.419999999999999707e-01 3.010763285099513951e+02
8.429999999999999716e-01 3.016839747858891769e+02
8.439999999999999725e-01 3.022921118400114437e+02
8.449999999999999734e-01 3.029007394334466881e+02
8.459999999999999742e-01 3.035098573277046512e+02
8.469999999999999751e-01 3.041194652846754707e+02
8.479999999999999760e-01 3.047295630666291117e+02
8.489999999999999769e-01 3.053401504362137757e+02
8.499999999999999778e-01 3.059512271564553885e+02
8.509999999999999787e-01 3.065627929907559519e+02
8.519999999999999796e-01 3.071748477028934303e+02
8.529999999999999805e-01 3.077873910570201588e+02
8.539999999999999813e-01 3.084004228176617630e+02
8.549999999999999822e-01 3.090139427497167048e+02
8.559999999999999831e-01 3.096279506184547472e+02
8.569999999999999840e-01 3.102424461895164427e+02
8.579999999999999849e-01 3.108574292289116556e+02
8.589999999999999858e-01 3.114728995030195620e+02
8.599999999999999867e-01 3.120888567785860914e+02
8.609999999999999876e-01 3.127053008227245527e+02
8.619999999999999885e-01 3.133222314029137578e+02
8.629999999999999893e-01 3.139396482869973966e+02
8.639999999999999902e-01 3.145575512431827292e+02
8.649999999999999911e-01 3.151759400400404729e+02
8.659999999999999920e-01 3.157948144465027553e+02
8.669999999999999929e-01 3.164141742318630577e+02
8.679999999999999938e-01 3.170340191657745663e+02
8.689999999999999947e-01 3.176543490182501159e+02
8.699999999999999956e-01 3.182751635596603137e+02
8.709999999999999964e-01 3.188964625607334256e+02
8.719999999999999973e-01 3.195182457925536141e+02
8.729999999999999982e-01 3.201405130265608250e+02
8.739999999999999991e-01 3.207632640345494792e+02
8.750000000000000000e-01 3.213864985886673935e+02
8.760000000000000009e-01 3.220102164614152116e+02
8.770000000000000018e-01 3.226344174256456085e+02
8.780000000000000027e-01 3.232591012545616991e+02
8.790000000000000036e-01 3.238842677217169239e+02
8.800000000000000044e-01 3.245099166010135150e+02
8.810000000000000053e-01 3.251360476667020976e+02
8.820000000000000062e-01 3.257626606933803259e+02
8.830000000000000071e-01 3.263897554559925993e+02
8.840000000000000080e-01 3.270173317298289248e+02
8.850000000000000089e-01 3.276453892905232692e+02
8.860000000000000098e-01 3.282739279140540702e+02
8.870000000000000107e-01 3.289029473767422473e+02
8.880000000000000115e-01 3.295324474552508036e+02
8.890000000000000124e-01 3.301624279265840869e+02
8.900000000000000133e-01 3.307928885680863118e+02
8.910000000000000142e-01 3.314238291574415598e+02
8.920000000000000151e-01 3.320552494726720170e+02
8.930000000000000160e-01 3.326871492921379740e+02
8.940000000000000169e-01 3.333195283945360075e+02
8.950000000000000178e-01 3.339523865588993203e+02
8.960000000000000187e-01 3.345857235645958099e+02
8.970000000000000195e-01 3.352195391913278399e+02
8.980000000000000204e-01 3.358538332191308768e+02
8.990000000000000213e-01 3.364886054283736598e+02
9.000000000000000222e-01 3.371238555997560979e+02
9.010000000000000231e-01 3.377595835143093836e+02
9.020000000000000240e-01 3.383957889533943444e+02
9.030000000000000249e-01 3.390324716987016700e+02
9.040000000000000258e-01 3.396696315322501505e+02
9.050000000000000266e-01 3.403072682363863350e+02
9.060000000000000275e-01 3.409453815937832815e+02
9.070000000000000284e-01 3.415839713874405561e+02
9.080000000000000293e-01 3.422230374006824150e+02
9.090000000000000302e-01 3.428625794171578036e+02
9.100000000000000311e-01 3.435025972208389362e+02
9.110000000000000320e-01 3.441430905960210112e+02
9.120000000000000329e-01 3.447840593273210743e+02
9.130000000000000338e-01 3.454255031996773937e+02
9.140000000000000346e-01 3.460674219983484363e+02
9.150000000000000355e-01 3.467098155089122997e+02
9.160000000000000364e-01 3.473526835172659162e+02
9.170000000000000373e-01 3.479960258096240864e+02
9.180000000000000382e-01 3.486398421725189678e+02
9.190000000000000391e-01 3.492841323927987673e+02
9.200000000000000400e-01 3.499288962576275708e+02
9.210000000000000409e-01 3.505741335544844333e+02
9.220000000000000417e-01 3.512198440711623562e+02
9.230000000000000426e-01 3.518660275957674912e+02
9.240000000000000435e-01 3.525126839167185722e+02
9.250000000000000444e-01 3.531598128227461757e+02
9.260000000000000453e-01 3.538074141028921531e+02
9.270000000000000462e-01 3.544554875465079249e+02
9.280000000000000471e-01 3.551040329432546514e+02
9.290000000000000480e-01 3.557530500831026643e+02
9.300000000000000488e-01 3.564025387563295908e+02
9.310000000000000497e-01 3.570524987535206947e+02
9.320000000000000506e-01 3.577029298655675689e+02
9.330000000000000515e-01 3.583538318836674534e+02
9.340000000000000524e-01 3.590052045993226102e+02
9.350000000000000533e-01 3.596570478043395838e+02
9.360000000000000542e-01 3.603093612908282921e+02
9.370000000000000551e-01 3.609621448512014013e+02
9.380000000000000560e-01 3.616153982781738137e+02
9.390000000000000568e-01 3.622691213647613608e+02
9.400000000000000577e-01 3.629233139042808034e+02
9.410000000000000586e-01 3.635779756903482962e+02
9.420000000000000595e-01 3.642331065168795021e+02
9.430000000000000604e-01 3.648887061780882277e+02
9.440000000000000613e-01 3.655447744684861959e+02
9.450000000000000622e-01 3.662013111828815681e+02
9.460000000000000631e-01 3.668583161163792283e+02
9.470000000000000639e-01 3.675157890643794190e+02
9.480000000000000648e-01 3.681737298225770019e+02
9.490000000000000657e-01 3.688321381869613447e+02
9.500000000000000666e-01 3.694910139538146154e+02
9.510000000000000675e-01 3.701503569197124079e+02
9.520000000000000684e-01 3.708101668815215817e+02
9.530000000000000693e-01 3.714704436364007165e+02
9.540000000000000702e-01 3.721311869817989191e+02
9.550000000000000711e-01 3.727923967154551974e+02
9.560000000000000719e-01 3.734540726353975515e+02
9.570000000000000728e-01 3.741162145399427459e+02
9.580000000000000737e-01 3.747788222276954002e+02
9.590000000000000746e-01 3.754418954975471365e+02
9.599999999999999645e-01 3.761054341486758403e+02
9.609999999999999654e-01 3.767694379805458880e+02
9.619999999999999662e-01 3.774339067929060434e+02
9.629999999999999671e-01 3.780988403857897993e+02
9.639999999999999680e-01 3.787642385595145242e+02
9.649999999999999689e-01 3.794301011146801557e+02
9.659999999999999698e-01 3.800964278521697679e+02
9.669999999999999707e-01 3.807632185731476966e+02
9.679999999999999716e-01 3.814304730790596523e+02
9.689999999999999725e-01 3.820981911716311288e+02
9.699999999999999734e-01 3.827663726528685970e+02
9.709999999999999742e-01 3.834350173250563785e+02
9.719999999999999751e-01 3.841041249907581232e+02
9.729999999999999760e-01 3.847736954528147066e+02
9.739999999999999769e-01 3.854437285143443432e+02
9.749999999999999778e-01 3.861142239787420749e+02
9.759999999999999787e-01 3.867851816496783499e+02
9.769999999999999796e-01 3.874566013310987387e+02
9.779999999999999805e-01 3.881284828272239906e+02
9.789999999999999813e-01 3.888008259425481583e+02
9.799999999999999822e-01 3.894736304818388817e+02
9.809999999999999831e-01 3.901468962501363080e+02
9.819999999999999840e-01 3.908206230527528078e+02
9.829999999999999849e-01 3.914948106952716671e+02
9.839999999999999858e-01 3.921694589835474858e+02
9.849999999999999867e-01 3.928445677237046425e+02
9.859999999999999876e-01 3.935201367221369537e+02
9.869999999999999885e-01 3.941961657855075032e+02
9.879999999999999893e-01 3.948726547207471640e+02
9.889999999999999902e-01 3.955496033350545417e+02
9.899999999999999911e-01 3.962270114358954629e+02
9.909999999999999920e-01 3.969048788310018381e+02
9.919999999999999929e-01 3.975832053283717755e+02
9.929999999999999938e-01 3.982619907362679896e+02
9.939999999999999947e-01 3.989412348632181988e+02
9.949999999999999956e-01 3.996209375180136476e+02
9.959999999999999964e-01 4.003010985097095045e+02
9.969999999999999973e-01 4.009817176476232135e+02
9.979999999999999982e-01 4.016627947413342667e+02
9.989999999999999991e-01 4.023443296006839773e+02
1.000000000000000000e+00 4.030263220357743421e+02
