0.000000000000000000e+00 0.000000000000000000e+00
1.000000000000000021e-03 9.796268228328324223e-01
2.000000000000000042e-03 1.474332890820319708e+00
3.000000000000000062e-03 1.860353078077075617e+00
4.000000000000000083e-03 2.186721048135764178e+00
5.000000000000000104e-03 2.473672881827271741e+00
6.000000000000000125e-03 2.732025850666298883e+00
7.000000000000000146e-03 2.968407067482823791e+00
8.000000000000000167e-03 3.187241045341136836e+00
9.000000000000001055e-03 3.391663164987134049e+00
1.000000000000000021e-02 3.583994995795136695e+00
1.099999999999999936e-02 3.766014527662258971e+00
1.200000000000000025e-02 3.939120403546122695e+00
1.300000000000000114e-02 4.104437083250500606e+00
1.400000000000000029e-02 4.262885078049048815e+00
1.499999999999999944e-02 4.415229512734511808e+00
1.600000000000000033e-02 4.562114693882206140e+00
1.700000000000000122e-02 4.704089333962337527e+00
1.800000000000000211e-02 4.841625354390187042e+00
1.899999999999999953e-02 4.975132165284107622e+00
2.000000000000000042e-02 5.104967688925052371e+00
2.100000000000000130e-02 5.231446993749701235e+00
2.199999999999999872e-02 5.354849144903128355e+00
2.299999999999999961e-02 5.475422703281735082e+00
2.400000000000000050e-02 5.593390186277789944e+00
2.500000000000000139e-02 5.708951720912892824e+00
2.600000000000000228e-02 5.822288061681966553e+00
2.699999999999999969e-02 5.933563103496210189e+00
2.800000000000000058e-02 6.042925989551093835e+00
2.900000000000000147e-02 6.150512891376459734e+00
2.999999999999999889e-02 6.256448521456945855e+00
3.099999999999999978e-02 6.360847426061603471e+00
3.200000000000000067e-02 6.463815096185674847e+00
3.300000000000000155e-02 6.565448927001627411e+00
3.400000000000000244e-02 6.665839050377694974e+00
3.500000000000000333e-02 6.765069060442783666e+00
3.600000000000000422e-02 6.863216648556370814e+00
3.699999999999999817e-02 6.960354161159644448e+00
3.799999999999999906e-02 7.056549091673117502e+00
3.899999999999999994e-02 7.151864515741156225e+00
4.000000000000000083e-02 7.246359477610170963e+00
4.100000000000000172e-02 7.340089334190974313e+00
4.200000000000000261e-02 7.433106062341336084e+00
4.300000000000000350e-02 7.525458534067232641e+00
4.399999999999999745e-02 7.617192763647143927e+00
4.499999999999999833e-02 7.708352130105356359e+00
4.599999999999999922e-02 7.798977577976116571e+00
4.700000000000000011e-02 7.889107798894114509e+00
4.800000000000000100e-02 7.978779396203387719e+00
4.900000000000000189e-02 8.068027034486506821e+00
5.000000000000000278e-02 8.156883575668736341e+00
5.100000000000000366e-02 8.245380203141447595e+00
5.200000000000000455e-02 8.333546535168588676e+00
5.299999999999999850e-02 8.421410728685531311e+00
5.399999999999999939e-02 8.508999574466088234e+00
5.500000000000000028e-02 8.596338584518555592e+00
5.600000000000000117e-02 8.683452072471865790e+00
5.700000000000000205e-02 8.770363227626351232e+00
5.800000000000000294e-02 8.857094183268156229e+00
5.900000000000000383e-02 8.943666079780555833e+00
5.999999999999999778e-02 9.030099123027769181e+00
6.099999999999999867e-02 9.116412638436342419e+00
6.199999999999999956e-02 9.202625121154651922e+00
6.300000000000000044e-02 9.288754282632030623e+00
6.400000000000000133e-02 9.374817093924338707e+00
6.500000000000000222e-02 9.460829826002177256e+00
6.600000000000000311e-02 9.546808087311021040e+00
6.700000000000000400e-02 9.632766858808075483e+00
6.800000000000000488e-02 9.718720526679598848e+00
6.900000000000000577e-02 9.804682912923071925e+00
7.000000000000000666e-02 9.890667303961549806e+00
7.100000000000000755e-02 9.976686477442340717e+00
7.200000000000000844e-02 1.006275272735838833e+01
7.299999999999999545e-02 1.014887788761843268e+01
7.399999999999999634e-02 1.023507335418107544e+01
7.499999999999999722e-02 1.032135010585779966e+01
7.599999999999999811e-02 1.040771872388116392e+01
7.699999999999999900e-02 1.049418941032611485e+01
7.799999999999999989e-02 1.058077200546535757e+01
7.900000000000000078e-02 1.066747600413265396e+01
8.000000000000000167e-02 1.075431057116234257e+01
8.100000000000000255e-02 1.084128455596765050e+01
8.200000000000000344e-02 1.092840650631553601e+01
8.300000000000000433e-02 1.101568468135118728e+01
8.400000000000000522e-02 1.110312706392141990e+01
8.500000000000000611e-02 1.119074137224210119e+01
8.600000000000000699e-02 1.127853507095171182e+01
8.700000000000000788e-02 1.136651538158977104e+01
8.799999999999999489e-02 1.145468929253603108e+01
8.899999999999999578e-02 1.154306356844383430e+01
8.999999999999999667e-02 1.163164475919847618e+01
9.099999999999999756e-02 1.172043920842938292e+01
9.199999999999999845e-02 1.180945306160268515e+01
9.299999999999999933e-02 1.189869227371910831e+01
9.400000000000000022e-02 1.198816261664022242e+01
9.500000000000000111e-02 1.207786968606466615e+01
9.600000000000000200e-02 1.216781890817432199e+01
9.700000000000000289e-02 1.225801554596929321e+01
9.800000000000000377e-02 1.234846470530907325e+01
9.900000000000000466e-02 1.243917134067632801e+01
1.000000000000000056e-01 1.253014026067855724e+01
1.010000000000000064e-01 1.262137613330189367e+01
1.020000000000000073e-01 1.271288349093055103e+01
1.030000000000000082e-01 1.280466673514428777e+01
1.040000000000000091e-01 1.289673014130587347e+01
1.049999999999999961e-01 1.298907786294937594e+01
1.059999999999999970e-01 1.308171393597980448e+01
1.069999999999999979e-01 1.317464228269373372e+01
1.079999999999999988e-01 1.326786671563009357e+01
1.089999999999999997e-01 1.336139094125976712e+01
1.100000000000000006e-01 1.345521856352196544e+01
1.110000000000000014e-01 1.354935308721515597e+01
1.120000000000000023e-01 1.364379792124961632e+01
1.130000000000000032e-01 1.373855638176839555e+01
1.140000000000000041e-01 1.383363169514308844e+01
1.150000000000000050e-01 1.392902700085044287e+01
1.160000000000000059e-01 1.402474535423540125e+01
1.170000000000000068e-01 1.412078972916606823e+01
1.180000000000000077e-01 1.421716302058558590e+01
1.190000000000000085e-01 1.431386804696568760e+01
1.199999999999999956e-01 1.441090755266659507e+01
1.209999999999999964e-01 1.450828421020737302e+01
1.219999999999999973e-01 1.460600062245088537e+01
1.229999999999999982e-01 1.470405932470727350e+01
1.239999999999999991e-01 1.480246278675947380e+01
1.250000000000000000e-01 1.490121341481421346e+01
1.260000000000000009e-01 1.500031355338195560e+01
1.270000000000000018e-01 1.509976548708862865e+01
1.280000000000000027e-01 1.519957144242236069e+01
1.290000000000000036e-01 1.529973358941773043e+01
1.300000000000000044e-01 1.540025404328052616e+01
1.310000000000000053e-01 1.550113486595516399e+01
1.320000000000000062e-01 1.560237806763756652e+01
1.330000000000000071e-01 1.570398560823539214e+01
1.340000000000000080e-01 1.580595939877813549e+01
1.350000000000000089e-01 1.590830130277896437e+01
1.360000000000000098e-01 1.601101313755021494e+01
1.370000000000000107e-01 1.611409667547466285e+01
1.380000000000000115e-01 1.621755364523418663e+01
1.390000000000000124e-01 1.632138573299740614e+01
1.400000000000000133e-01 1.642559458356824464e+01
1.410000000000000142e-01 1.653018180149669547e+01
1.420000000000000151e-01 1.663514895215336153e+01
1.430000000000000160e-01 1.674049756276921386e+01
1.440000000000000169e-01 1.684622912344180179e+01
1.449999999999999900e-01 1.695234508810932539e+01
1.459999999999999909e-01 1.705884687549379208e+01
1.469999999999999918e-01 1.716573587001423462e+01
1.479999999999999927e-01 1.727301342267146111e+01
1.489999999999999936e-01 1.738068085190501577e+01
1.499999999999999944e-01 1.748873944442374651e+01
1.509999999999999953e-01 1.759719045601063314e+01
1.519999999999999962e-01 1.770603511230307348e+01
1.529999999999999971e-01 1.781527460954937325e+01
1.539999999999999980e-01 1.792491011534231049e+01
1.549999999999999989e-01 1.803494276933077245e+01
1.559999999999999998e-01 1.814537368390993777e+01
1.570000000000000007e-01 1.825620394489106246e+01
1.580000000000000016e-01 1.836743461215144535e+01
1.590000000000000024e-01 1.847906672026525143e+01
1.600000000000000033e-01 1.859110127911600330e+01
1.610000000000000042e-01 1.870353927449116327e+01
1.620000000000000051e-01 1.881638166865965900e+01
1.630000000000000060e-01 1.892962940093269353e+01
1.640000000000000069e-01 1.904328338820866051e+01
1.650000000000000078e-01 1.915734452550252342e+01
1.660000000000000087e-01 1.927181368646024140e+01
1.670000000000000095e-01 1.938669172385875328e+01
1.680000000000000104e-01 1.950197947009196398e+01
1.690000000000000113e-01 1.961767773764327671e+01
1.700000000000000122e-01 1.973378731954499798e+01
1.710000000000000131e-01 1.985030898982520497e+01
1.720000000000000140e-01 1.996724350394227088e+01
1.730000000000000149e-01 2.008459159920764137e+01
1.740000000000000158e-01 2.020235399519718911e+01
1.750000000000000167e-01 2.032053139415139853e+01
1.759999999999999898e-01 2.043912448136491733e+01
1.769999999999999907e-01 2.055813392556572694e+01
1.779999999999999916e-01 2.067756037928413093e+01
1.789999999999999925e-01 2.079740447921218305e+01
1.799999999999999933e-01 2.091766684655358688e+01
1.809999999999999942e-01 2.103834808736440465e+01
1.819999999999999951e-01 2.115944879288503344e+01
1.829999999999999960e-01 2.128096953986349860e+01
1.839999999999999969e-01 2.140291089087043730e+01
1.849999999999999978e-01 2.152527339460607791e+01
1.859999999999999987e-01 2.164805758619925768e+01
1.869999999999999996e-01 2.177126398749905434e+01
1.880000000000000004e-01 2.189489310735880423e+01
1.890000000000000013e-01 2.201894544191322467e+01
1.900000000000000022e-01 2.214342147484841661e+01
1.910000000000000031e-01 2.226832167766528414e+01
1.920000000000000040e-01 2.239364650993627137e+01
1.930000000000000049e-01 2.251939641955592109e+01
1.940000000000000058e-01 2.264557184298518777e+01
1.950000000000000067e-01 2.277217320548977142e+01
1.960000000000000075e-01 2.289920092137274210e+01
1.970000000000000084e-01 2.302665539420135588e+01
1.980000000000000093e-01 2.315453701702863398e+01
1.990000000000000102e-01 2.328284617260936074e+01
2.000000000000000111e-01 2.341158323361113602e+01
2.010000000000000120e-01 2.354074856282027639e+01
2.020000000000000129e-01 2.367034251334286310e+01
2.030000000000000138e-01 2.380036542880107220e+01
2.040000000000000147e-01 2.393081764352485408e+01
2.050000000000000155e-01 2.406169948273914017e+01
2.060000000000000164e-01 2.419301126274673308e+01
2.070000000000000173e-01 2.432475329110679141e+01
2.080000000000000182e-01 2.445692586680944913e+01
2.089999999999999913e-01 2.458952928044618247e+01
2.099999999999999922e-01 2.472256381437639305e+01
2.109999999999999931e-01 2.485602974289015776e+01
2.119999999999999940e-01 2.498992733236724462e+01
2.129999999999999949e-01 2.512425684143260796e+01
2.139999999999999958e-01 2.525901852110830248e+01
2.149999999999999967e-01 2.539421261496200799e+01
2.159999999999999976e-01 2.552983935925229630e+01
2.169999999999999984e-01 2.566589898307048756e+01
2.179999999999999993e-01 2.580239170847962171e+01
2.190000000000000002e-01 2.593931775065005851e+01
2.200000000000000011e-01 2.607667731799230992e+01
2.210000000000000020e-01 2.621447061228690600e+01
2.220000000000000029e-01 2.635269782881140088e+01
2.230000000000000038e-01 2.649135915646456496e+01
2.240000000000000047e-01 2.663045477788796944e+01
2.250000000000000056e-01 2.676998486958493118e+01
2.260000000000000064e-01 2.690994960203684627e+01
2.270000000000000073e-01 2.705034913981704392e+01
2.280000000000000082e-01 2.719118364170229185e+01
2.290000000000000091e-01 2.733245326078176163e+01
2.300000000000000100e-01 2.747415814456383032e+01
2.310000000000000109e-01 2.761629843508057647e+01
2.320000000000000118e-01 2.775887426899005206e+01
2.330000000000000127e-01 2.790188577767644773e+01
2.340000000000000135e-01 2.804533308734811925e+01
2.350000000000000144e-01 2.818921631913360670e+01
2.360000000000000153e-01 2.833353558917564641e+01
2.370000000000000162e-01 2.847829100872323949e+01
2.380000000000000171e-01 2.862348268422184816e+01
2.390000000000000180e-01 2.876911071740165582e+01
2.399999999999999911e-01 2.891517520536416086e+01
2.409999999999999920e-01 2.906167624066681654e+01
2.419999999999999929e-01 2.920861391140615027e+01
2.429999999999999938e-01 2.935598830129903192e+01
2.439999999999999947e-01 2.950379948976241451e+01
2.449999999999999956e-01 2.965204755199138731e+01
2.459999999999999964e-01 2.980073255903575813e+01
2.469999999999999973e-01 2.994985457787496586e+01
2.479999999999999982e-01 3.009941367149166425e+01
2.489999999999999991e-01 3.024940989894364662e+01
2.500000000000000000e-01 3.039984331543460172e+01
2.510000000000000009e-01 3.055071397238320330e+01
2.520000000000000018e-01 3.070202191749105936e+01
2.530000000000000027e-01 3.085376719480915853e+01
2.540000000000000036e-01 3.100594984480315475e+01
2.550000000000000044e-01 3.115856990441726282e+01
2.560000000000000053e-01 3.131162740713705617e+01
2.570000000000000062e-01 3.146512238305081866e+01
2.580000000000000071e-01 3.161905485891003309e+01
2.590000000000000080e-01 3.177342485818835272e+01
2.600000000000000089e-01 3.192823240113972716e+01
2.610000000000000098e-01 3.208347750485524585e+01
2.620000000000000107e-01 3.223916018331899380e+01
2.630000000000000115e-01 3.239528044746276692e+01
2.640000000000000124e-01 3.255183830521983879e+01
2.650000000000000133e-01 3.270883376157755151e+01
2.660000000000000142e-01 3.286626681862916399e+01
2.670000000000000151e-01 3.302413747562451363e+01
2.680000000000000160e-01 3.318244572901974010e+01
2.690000000000000169e-01 3.334119157252628440e+01
2.700000000000000178e-01 3.350037499715870126e+01
2.710000000000000187e-01 3.365999599128174680e+01
2.720000000000000195e-01 3.382005454065661354e+01
2.730000000000000204e-01 3.398055062848616359e+01
2.740000000000000213e-01 3.414148423545950095e+01
2.750000000000000222e-01 3.430285533979562729e+01
2.760000000000000231e-01 3.446466391728624501e+01
2.770000000000000240e-01 3.462690994133795641e+01
2.780000000000000249e-01 3.478959338301353910e+01
2.790000000000000258e-01 3.495271421107246113e+01
2.800000000000000266e-01 3.511627239201082773e+01
2.810000000000000275e-01 3.528026789010039721e+01
2.820000000000000284e-01 3.544470066742707814e+01
2.830000000000000293e-01 3.560957068392862368e+01
2.840000000000000302e-01 3.577487789743156554e+01
2.850000000000000311e-01 3.594062226368780699e+01
2.860000000000000320e-01 3.610680373641019969e+01
2.870000000000000329e-01 3.627342226730768004e+01
2.880000000000000338e-01 3.644047780611975895e+01
2.889999999999999791e-01 3.660797030065032942e+01
2.899999999999999800e-01 3.677589969680110471e+01
2.909999999999999809e-01 3.694426593860404751e+01
2.919999999999999818e-01 3.711306896825364987e+01
2.929999999999999827e-01 3.728230872613846714e+01
2.939999999999999836e-01 3.745198515087199809e+01
2.949999999999999845e-01 3.762209817932330225e+01
2.959999999999999853e-01 3.779264774664677873e+01
2.969999999999999862e-01 3.796363378631161822e+01
2.979999999999999871e-01 3.813505623013077894e+01
2.989999999999999880e-01 3.830691500828920226e+01
2.999999999999999889e-01 3.847921004937192890e+01
3.009999999999999898e-01 3.865194128039138377e+01
3.019999999999999907e-01 3.882510862681428421e+01
3.029999999999999916e-01 3.899871201258839903e+01
3.039999999999999925e-01 3.917275136016824177e+01
3.049999999999999933e-01 3.934722659054094862e+01
3.059999999999999942e-01 3.952213762325130375e+01
3.069999999999999951e-01 3.969748437642653016e+01
3.079999999999999960e-01 3.987326676680053339e+01
3.089999999999999969e-01 4.004948470973793917e+01
3.099999999999999978e-01 4.022613811925750582e+01
3.109999999999999987e-01 4.040322690805522399e+01
3.119999999999999996e-01 4.058075098752716059e+01
3.130000000000000004e-01 4.075871026779162776e+01
3.140000000000000013e-01 4.093710465771130913e+01
3.150000000000000022e-01 4.111593406491474667e+01
3.160000000000000031e-01 4.129519839581772089e+01
3.170000000000000040e-01 4.147489755564400582e+01
3.180000000000000049e-01 4.165503144844601024e+01
3.190000000000000058e-01 4.183559997712496425e+01
3.200000000000000067e-01 4.201660304345071495e+01
3.210000000000000075e-01 4.219804054808150795e+01
3.220000000000000084e-01 4.237991239058288073e+01
3.230000000000000093e-01 4.256221846944687570e+01
3.240000000000000102e-01 4.274495868211046457e+01
3.250000000000000111e-01 4.292813292497393718e+01
3.260000000000000120e-01 4.311174109341881433e+01
3.270000000000000129e-01 4.329578308182571078e+01
3.280000000000000138e-01 4.348025878359164409e+01
3.290000000000000147e-01 4.366516809114712316e+01
3.300000000000000155e-01 4.385051089597315865e+01
3.310000000000000164e-01 4.403628708861780439e+01
3.320000000000000173e-01 4.422249655871239327e+01
3.330000000000000182e-01 4.440913919498776607e+01
3.340000000000000191e-01 4.459621488528988920e+01
3.350000000000000200e-01 4.478372351659555761e+01
3.360000000000000209e-01 4.497166497502762184e+01
3.370000000000000218e-01 4.516003914587012957e+01
3.380000000000000226e-01 4.534884591358298422e+01
3.390000000000000235e-01 4.553808516181675259e+01
3.400000000000000244e-01 4.572775677342680467e+01
3.410000000000000253e-01 4.591786063048759559e+01
3.420000000000000262e-01 4.610839661430648562e+01
3.430000000000000271e-01 4.629936460543748211e+01
3.440000000000000280e-01 4.649076448369467585e+01
3.450000000000000289e-01 4.668259612816545712e+01
3.460000000000000298e-01 4.687485941722365368e+01
3.470000000000000306e-01 4.706755422854232052e+01
3.480000000000000315e-01 4.726068043910640171e+01
3.490000000000000324e-01 4.745423792522513651e+01
3.500000000000000333e-01 4.764822656254440858e+01
3.510000000000000342e-01 4.784264622605867601e+01
3.519999999999999796e-01 4.803749679012297946e+01
3.529999999999999805e-01 4.823277812846453827e+01
3.539999999999999813e-01 4.842849011419430383e+01
3.549999999999999822e-01 4.862463261981825013e+01
3.559999999999999831e-01 4.882120551724858615e+01
3.569999999999999840e-01 4.901820867781468394e+01
3.579999999999999849e-01 4.921564197227399973e+01
3.589999999999999858e-01 4.941350527082256860e+01
3.599999999999999867e-01 4.961179844310556319e+01
3.609999999999999876e-01 4.981052135822766047e+01
3.619999999999999885e-01 5.000967388476318831e+01
3.629999999999999893e-01 5.020925589076605888e+01
3.639999999999999902e-01 5.040926724377974466e+01
3.649999999999999911e-01 5.060970781084694181e+01
3.659999999999999920e-01 5.081057745851903462e+01
3.669999999999999929e-01 5.101187605286568783e+01
3.679999999999999938e-01 5.121360345948399129e+01
3.689999999999999947e-01 5.141575954350766864e+01
3.699999999999999956e-01 5.161834416961600169e+01
3.709999999999999964e-01 5.182135720204266960e+01
3.719999999999999973e-01 5.202479850458463062e+01
3.729999999999999982e-01 5.222866794061057050e+01
3.739999999999999991e-01 5.243296537306937921e+01
3.750000000000000000e-01 5.263769066449853540e+01
3.760000000000000009e-01 5.284284367703227758e+01
3.770000000000000018e-01 5.304842427240978964e+01
3.780000000000000027e-01 5.325443231198296701e+01
3.790000000000000036e-01 5.346086765672447427e+01
3.800000000000000044e-01 5.366773016723535505e+01
3.810000000000000053e-01 5.387501970375274141e+01
3.820000000000000062e-01 5.408273612615721504e+01
3.830000000000000071e-01 5.429087929398031775e+01
3.840000000000000080e-01 5.449944906641179898e+01
3.850000000000000089e-01 5.470844530230677805e+01
3.860000000000000098e-01 5.491786786019280697e+01
3.870000000000000107e-01 5.512771659827684090e+01
3.880000000000000115e-01 5.533799137445210192e+01
3.890000000000000124e-01 5.554869204630480084e+01
3.900000000000000133e-01 5.575981847112089440e+01
3.910000000000000142e-01 5.597137050589248020e+01
3.920000000000000151e-01 5.618334800732441181e+01
3.930000000000000160e-01 5.639575083184054449e+01
3.940000000000000169e-01 5.660857883559013004e+01
3.950000000000000178e-01 5.682183187445392036e+01
3.960000000000000187e-01 5.703550980405020709e+01
3.970000000000000195e-01 5.724961247974098910e+01
3.980000000000000204e-01 5.746413975663767104e+01
3.990000000000000213e-01 5.767909148960710297e+01
4.000000000000000222e-01 5.789446753327713679e+01
4.010000000000000231e-01 5.811026774204242429e+01
4.020000000000000240e-01 5.832649197006990960e+01
4.030000000000000249e-01 5.854314007130430753e+01
4.040000000000000258e-01 5.876021189947363155e+01
4.050000000000000266e-01 5.897770730809439499e+01
4.060000000000000275e-01 5.919562615047689036e+01
4.070000000000000284e-01 5.941396827973049000e+01
4.080000000000000293e-01 5.963273354876861276e+01
4.090000000000000302e-01 5.985192181031376890e+01
4.100000000000000311e-01 6.007153291690262620e+01
4.110000000000000320e-01 6.029156672089077063e+01
4.120000000000000329e-01 6.051202307445755935e+01
4.130000000000000338e-01 6.073290182961090977e+01
4.140000000000000346e-01 6.095420283819191809e+01
4.150000000000000355e-01 6.117592595187952043e+01
4.160000000000000364e-01 6.139807102219501189e+01
4.169999999999999818e-01 6.162063790050645196e+01
4.179999999999999827e-01 6.184362643803321191e+01
4.189999999999999836e-01 6.206703648585022393e+01
4.199999999999999845e-01 6.229086789489230114e+01
4.209999999999999853e-01 6.251512051595837249e+01
4.219999999999999862e-01 6.273979419971557547e+01
4.229999999999999871e-01 6.296488879670344829e+01
4.239999999999999880e-01 6.319040415733796578e+01
4.249999999999999889e-01 6.341634013191540475e+01
4.259999999999999898e-01 6.364269657061650776e+01
4.269999999999999907e-01 6.386947332351004292e+01
4.279999999999999916e-01 6.409667024055690376e+01
4.289999999999999925e-01 6.432428717161369036e+01
4.299999999999999933e-01 6.455232396643656045e+01
4.309999999999999942e-01 6.478078047468468981e+01
4.319999999999999951e-01 6.500965654592405940e+01
4.329999999999999960e-01 6.523895202963096551e+01
4.339999999999999969e-01 6.546866677519537348e+01
4.349999999999999978e-01 6.569880063192461250e+01
4.359999999999999987e-01 6.592935344904651629e+01
4.369999999999999996e-01 6.616032507571301835e+01
4.380000000000000004e-01 6.639171536100323578e+01
4.390000000000000013e-01 6.662352415392686567e+01
4.400000000000000022e-01 6.685575130342738248e+01
4.410000000000000031e-01 6.708839665838505084e+01
4.420000000000000040e-01 6.732146006762039292e+01
4.430000000000000049e-01 6.755494137989680326e+01
4.440000000000000058e-01 6.778884044392393093e+01
4.450000000000000067e-01 6.802315710836047913e+01
4.460000000000000075e-01 6.825789122181726043e+01
4.470000000000000084e-01 6.849304263286003902e+01
4.480000000000000093e-01 6.872861119001235863e+01
4.490000000000000102e-01 6.896459674175844157e+01
4.500000000000000111e-01 6.920099913654595980e+01
4.510000000000000120e-01 6.943781822278856453e+01
4.520000000000000129e-01 6.967505384886905517e+01
4.530000000000000138e-01 6.991270586314149682e+01
4.540000000000000147e-01 7.015077411393416185e+01
4.550000000000000155e-01 7.038925844955211630e+01
4.560000000000000164e-01 7.062815871827956471e+01
4.570000000000000173e-01 7.086747476838270643e+01
4.580000000000000182e-01 7.110720644811172519e+01
4.590000000000000191e-01 7.134735360570368812e+01
4.600000000000000200e-01 7.158791608938474837e+01
4.610000000000000209e-01 7.182889374737243315e+01
4.620000000000000218e-01 7.207028642787823003e+01
4.630000000000000226e-01 7.231209397910960490e+01
4.640000000000000235e-01 7.255431624927248890e+01
4.650000000000000244e-01 7.279695308657339581e+01
4.660000000000000253e-01 7.304000433922172419e+01
4.670000000000000262e-01 7.328346985543176118e+01
4.680000000000000271e-01 7.352734948342505561e+01
4.690000000000000280e-01 7.377164307143235078e+01
4.700000000000000289e-01 7.401635046769575865e+01
4.710000000000000298e-01 7.426147152047070676e+01
4.720000000000000306e-01 7.450700607802814091e+01
4.730000000000000315e-01 7.475295398865638674e+01
4.740000000000000324e-01 7.499931510066306828e+01
4.750000000000000333e-01 7.524608926237718265e+01
4.760000000000000342e-01 7.549327632215084805e+01
4.770000000000000351e-01 7.574087612836149219e+01
4.780000000000000360e-01 7.598888852941315974e+01
4.790000000000000369e-01 7.623731337373899919e+01
4.799999999999999822e-01 7.648615050980248498e+01
4.809999999999999831e-01 7.673539978609964862e+01
4.819999999999999840e-01 7.698506105116041454e+01
4.829999999999999849e-01 7.723513415355063216e+01
4.839999999999999858e-01 7.748561894187369603e+01
4.849999999999999867e-01 7.773651526477206630e+01
4.859999999999999876e-01 7.798782297092927251e+01
4.869999999999999885e-01 7.823954190907102202e+01
4.879999999999999893e-01 7.849167192796733161e+01
4.889999999999999902e-01 7.874421287643369283e+01
4.899999999999999911e-01 7.899716460333289092e+01
4.909999999999999920e-01 7.925052695757644017e+01
4.919999999999999929e-01 7.950429978812604759e+01
4.929999999999999938e-01 7.975848294399519034e+01
4.939999999999999947e-01 8.001307627425055102e+01
4.949999999999999956e-01 8.026807962801338192e+01
4.959999999999999964e-01 8.052349285446109661e+01
4.969999999999999973e-01 8.077931580282853474e+01
4.979999999999999982e-01 8.103554832240934047e+01
4.989999999999999991e-01 8.129219026255745462e+01
5.000000000000000000e-01 8.154924147268826573e+01
5.010000000000000009e-01 8.180670180228013066e+01
5.020000000000000018e-01 8.206457110087549722e+01
5.030000000000000027e-01 8.232284921808241052e+01
5.040000000000000036e-01 8.258153600357547930e+01
5.050000000000000044e-01 8.284063130709731126e+01
5.060000000000000053e-01 8.310013497845986308e+01
5.070000000000000062e-01 8.336004686754520776e+01
5.080000000000000071e-01 8.362036682430728263e+01
5.090000000000000080e-01 8.388109469877261404e+01
5.100000000000000089e-01 8.414223034104173848e+01
5.110000000000000098e-01 8.440377360129022577e+01
5.120000000000000107e-01 8.466572432976977325e+01
5.130000000000000115e-01 8.492808237680945638e+01
5.140000000000000124e-01 8.519084759281653874e+01
5.150000000000000133e-01 8.545401982827800680e+01
5.160000000000000142e-01 8.571759893376099626e+01
5.170000000000000151e-01 8.598158475991446892e+01
5.180000000000000160e-01 8.624597715746973847e+01
5.190000000000000169e-01 8.651077597724176371e+01
5.200000000000000178e-01 8.677598107013002959e+01
5.210000000000000187e-01 8.704159228711955620e+01
5.220000000000000195e-01 8.730760947928185089e+01
5.230000000000000204e-01 8.757403249777581777e+01
5.240000000000000213e-01 8.784086119384878089e+01
5.250000000000000222e-01 8.810809541883729423e+01
5.260000000000000231e-01 8.837573502416810811e+01
5.270000000000000240e-01 8.864377986135909282e+01
5.280000000000000249e-01 8.891222978202004867e+01
5.290000000000000258e-01 8.918108463785347340e+01
5.300000000000000266e-01 8.945034428065574161e+01
5.310000000000000275e-01 8.972000856231753119e+01
5.320000000000000284e-01 8.999007733482494586e+01
5.330000000000000293e-01 9.026055045026012635e+01
5.340000000000000302e-01 9.053142776080224507e+01
5.350000000000000311e-01 9.080270911872807460e+01
5.360000000000000320e-01 9.107439437641289715e+01
5.370000000000000329e-01 9.134648338633132880e+01
5.380000000000000338e-01 9.161897600105777428e+01
5.390000000000000346e-01 9.189187207326753537e+01
5.400000000000000355e-01 9.216517145573726566e+01
5.410000000000000364e-01 9.243887400134573795e+01
5.420000000000000373e-01 9.271297956307466848e+01
5.430000000000000382e-01 9.298748799400924270e+01
5.440000000000000391e-01 9.326239914733889691e+01
5.450000000000000400e-01 9.353771287635797194e+01
5.460000000000000409e-01 9.381342903446622472e+01
5.470000000000000417e-01 9.408954747516973782e+01
5.480000000000000426e-01 9.436606805208131732e+01
5.490000000000000435e-01 9.464299061892133125e+01
5.500000000000000444e-01 9.492031502951802224e+01
5.510000000000000453e-01 9.519804113780833177e+01
5.520000000000000462e-01 9.547616879783862487e+01
5.530000000000000471e-01 9.575469786376490333e+01
5.540000000000000480e-01 9.603362818985362992e+01
5.550000000000000488e-01 9.631295963048223996e+01
5.560000000000000497e-01 9.659269204013962451e+01
5.570000000000000506e-01 9.687282527342688354e+01
5.580000000000000515e-01 9.715335918505759594e+01
5.590000000000000524e-01 9.743429362985847320e+01
5.600000000000000533e-01 9.771562846276994208e+01
5.610000000000000542e-01 9.799736353884641460e+01
5.620000000000000551e-01 9.827949871325718334e+01
5.630000000000000560e-01 9.856203384128643563e+01
5.640000000000000568e-01 9.884496877833416306e+01
5.650000000000000577e-01 9.912830337991631779e+01
5.660000000000000586e-01 9.941203750166543784e+01
5.670000000000000595e-01 9.969617099933113025e+01
5.680000000000000604e-01 9.998070372878041212e+01
5.690000000000000613e-01 1.002656355459981654e+02
5.700000000000000622e-01 1.005509663070875774e+02
5.710000000000000631e-01 1.008366958682706809e+02
5.720000000000000639e-01 1.011228240858886522e+02
5.730000000000000648e-01 1.014093508164022381e+02
5.740000000000000657e-01 1.016962759163920111e+02
5.750000000000000666e-01 1.019835992425591087e+02
5.760000000000000675e-01 1.022713206517253468e+02
5.769999999999999574e-01 1.025594400008336038e+02
5.779999999999999583e-01 1.028479571469484029e+02
5.789999999999999591e-01 1.031368719472560542e+02
5.799999999999999600e-01 1.034261842590650105e+02
5.809999999999999609e-01 1.037158939398063779e+02
5.819999999999999618e-01 1.040060008470341870e+02
5.829999999999999627e-01 1.042965048384257756e+02
5.839999999999999636e-01 1.045874057717818886e+02
5.849999999999999645e-01 1.048787035050272891e+02
5.859999999999999654e-01 1.051703978962108437e+02
5.869999999999999662e-01 1.054624888035061758e+02
5.879999999999999671e-01 1.057549760852115526e+02
5.889999999999999680e-01 1.060478595997504101e+02
5.899999999999999689e-01 1.063411392056716522e+02
5.909999999999999698e-01 1.066348147616497357e+02
5.919999999999999707e-01 1.069288861264853381e+02
5.929999999999999716e-01 1.072233531591052014e+02
5.939999999999999725e-01 1.075182157185626721e+02
5.949999999999999734e-01 1.078134736640378719e+02
5.959999999999999742e-01 1.081091268548379531e+02
5.969999999999999751e-01 1.084051751503973691e+02
5.979999999999999760e-01 1.087016184102780301e+02
5.989999999999999769e-01 1.089984564941698011e+02
5.999999999999999778e-01 1.092956892618903453e+02
6.009999999999999787e-01 1.095933165733856782e+02
6.019999999999999796e-01 1.098913382887303527e+02
6.029999999999999805e-01 1.101897542681273023e+02
6.039999999999999813e-01 1.104885643719085806e+02
6.049999999999999822e-01 1.107877684605353750e+02
6.059999999999999831e-01 1.110873663945980212e+02
6.069999999999999840e-01 1.113873580348163870e+02
6.079999999999999849e-01 1.116877432420400567e+02
6.089999999999999858e-01 1.119885218772484734e+02
6.099999999999999867e-01 1.122896938015510386e+02
6.109999999999999876e-01 1.125912588761876663e+02
6.119999999999999885e-01 1.128932169625282711e+02
6.129999999999999893e-01 1.131955679220736499e+02
6.139999999999999902e-01 1.134983116164552257e+02
6.149999999999999911e-01 1.138014479074352892e+02
6.159999999999999920e-01 1.141049766569072830e+02
6.169999999999999929e-01 1.144088977268957166e+02
6.179999999999999938e-01 1.147132109795565356e+02
6.189999999999999947e-01 1.150179162771771644e+02
6.199999999999999956e-01 1.153230134821765347e+02
6.209999999999999964e-01 1.156285024571055970e+02
6.219999999999999973e-01 1.159343830646469087e+02
6.229999999999999982e-01 1.162406551676152304e+02
6.239999999999999991e-01 1.165473186289573988e+02
6.250000000000000000e-01 1.168543733117524539e+02
6.260000000000000009e-01 1.171618190792118810e+02
6.270000000000000018e-01 1.174696557946795821e+02
6.280000000000000027e-01 1.177778833216320891e+02
6.290000000000000036e-01 1.180865015236785354e+02
6.300000000000000044e-01 1.183955102645609543e+02
6.310000000000000053e-01 1.187049094081541369e+02
6.320000000000000062e-01 1.190146988184659023e+02
6.330000000000000071e-01 1.193248783596371823e+02
6.340000000000000080e-01 1.196354478959419367e+02
6.350000000000000089e-01 1.199464072917873665e+02
6.360000000000000098e-01 1.202577564117140128e+02
6.370000000000000107e-01 1.205694951203957430e+02
6.380000000000000115e-01 1.208816232826399641e+02
6.390000000000000124e-01 1.211941407633874235e+02
6.400000000000000133e-01 1.215070474277125641e+02
6.410000000000000142e-01 1.218203431408234110e+02
6.420000000000000151e-01 1.221340277680616566e+02
6.430000000000000160e-01 1.224481011749028454e+02
6.440000000000000169e-01 1.227625632269562033e+02
6.450000000000000178e-01 1.230774137899647656e+02
6.460000000000000187e-01 1.233926527298056328e+02
6.470000000000000195e-01 1.237082799124895587e+02
6.480000000000000204e-01 1.240242952041615894e+02
6.490000000000000213e-01 1.243406984711005236e+02
6.500000000000000222e-01 1.246574895797192823e+02
6.510000000000000231e-01 1.249746683965647946e+02
6.520000000000000240e-01 1.252922347883182113e+02
6.530000000000000249e-01 1.256101886217947765e+02
6.540000000000000258e-01 1.259285297639437289e+02
6.550000000000000266e-01 1.262472580818486279e+02
6.560000000000000275e-01 1.265663734427270981e+02
6.570000000000000284e-01 1.268858757139310569e+02
6.580000000000000293e-01 1.272057647629465578e+02
6.590000000000000302e-01 1.275260404573939041e+02
6.600000000000000311e-01 1.278467026650275500e+02
6.610000000000000320e-01 1.281677512537362986e+02
6.620000000000000329e-01 1.284891860915429902e+02
6.630000000000000338e-01 1.288110070466049137e+02
6.640000000000000346e-01 1.291332139872133666e+02
6.650000000000000355e-01 1.294558067817940241e+02
6.660000000000000364e-01 1.297787852989067119e+02
6.670000000000000373e-01 1.301021494072453777e+02
6.680000000000000382e-01 1.304258989756383187e+02
6.690000000000000391e-01 1.307500338730477836e+02
6.700000000000000400e-01 1.310745539685703420e+02
6.710000000000000409e-01 1.313994591314367710e+02
6.720000000000000417e-01 1.317247492310115717e+02
6.730000000000000426e-01 1.320504241367939358e+02
6.740000000000000435e-01 1.323764837184164946e+02
6.750000000000000444e-01 1.327029278456463715e+02
6.760000000000000453e-01 1.330297563883844134e+02
6.770000000000000462e-01 1.333569692166656750e+02
6.780000000000000471e-01 1.336845662006590487e+02
6.790000000000000480e-01 1.340125472106672646e+02
6.800000000000000488e-01 1.343409121171269192e+02
6.810000000000000497e-01 1.346696607906085887e+02
6.820000000000000506e-01 1.349987931018165739e+02
6.830000000000000515e-01 1.353283089215888424e+02
6.840000000000000524e-01 1.356582081208970862e+02
6.850000000000000533e-01 1.359884905708468636e+02
6.860000000000000542e-01 1.363191561426769454e+02
6.870000000000000551e-01 1.366502047077599968e+02
6.880000000000000560e-01 1.369816361376020097e+02
6.890000000000000568e-01 1.373134503038425578e+02
6.900000000000000577e-01 1.376456470782543704e+02
6.910000000000000586e-01 1.379782263327438159e+02
6.920000000000000595e-01 1.383111879393504182e+02
6.930000000000000604e-01 1.386445317702468287e+02
6.940000000000000613e-01 1.389782576977389397e+02
6.950000000000000622e-01 1.393123655942657422e+02
6.960000000000000631e-01 1.396468553323993262e+02
6.970000000000000639e-01 1.399817267848445113e+02
6.980000000000000648e-01 1.403169798244392439e+02
6.990000000000000657e-01 1.406526143241541718e+02
7.000000000000000666e-01 1.409886301570928424e+02
7.010000000000000675e-01 1.413250271964913054e+02
7.020000000000000684e-01 1.416618053157182544e+02
7.030000000000000693e-01 1.419989643882749988e+02
7.039999999999999591e-01 1.423365042877952931e+02
7.049999999999999600e-01 1.426744248880452233e+02
7.059999999999999609e-01 1.430127260629231500e+02
7.069999999999999618e-01 1.433514076864597371e+02
7.079999999999999627e-01 1.436904696328177806e+02
7.089999999999999636e-01 1.440299117762918968e+02
7.099999999999999645e-01 1.443697339913090332e+02
7.109999999999999654e-01 1.447099361524278152e+02
7.119999999999999662e-01 1.450505181343387164e+02
7.129999999999999671e-01 1.453914798118638600e+02
7.139999999999999680e-01 1.457328210599569616e+02
7.149999999999999689e-01 1.460745417537034427e+02
7.159999999999999698e-01 1.464166417683199484e+02
7.169999999999999707e-01 1.467591209791546589e+02
7.179999999999999716e-01 1.471019792616868358e+02
7.189999999999999725e-01 1.474452164915269634e+02
7.199999999999999734e-01 1.477888325444166071e+02
7.209999999999999742e-01 1.481328272962282426e+02
7.219999999999999751e-01 1.484772006229652277e+02
7.229999999999999760e-01 1.488219524007617451e+02
7.239999999999999769e-01 1.491670825058824619e+02
7.249999999999999778e-01 1.495125908147228131e+02
7.259999999999999787e-01 1.498584772038085475e+02
7.269999999999999796e-01 1.502047415497958127e+02
7.279999999999999805e-01 1.505513837294710129e+02
7.289999999999999813e-01 1.508984036197506953e+02
7.299999999999999822e-01 1.512458010976814649e+02
7.309999999999999831e-01 1.515935760404397001e+02
7.319999999999999840e-01 1.519417283253318374e+02
7.329999999999999849e-01 1.522902578297938589e+02
7.339999999999999858e-01 1.526391644313914071e+02
7.349999999999999867e-01 1.529884480078196134e+02
7.359999999999999876e-01 1.533381084369028997e+02
7.369999999999999885e-01 1.536881455965951488e+02
7.379999999999999893e-01 1.540385593649791645e+02
7.389999999999999902e-01 1.543893496202670406e+02
7.399999999999999911e-01 1.547405162407994510e+02
7.409999999999999920e-01 1.550920591050461326e+02
7.419999999999999929e-01 1.554439780916055156e+02
7.429999999999999938e-01 1.557962730792044965e+02
7.439999999999999947e-01 1.561489439466983526e+02
7.449999999999999956e-01 1.565019905730709695e+02
7.459999999999999964e-01 1.568554128374341587e+02
7.469999999999999973e-01 1.572092106190279424e+02
7.479999999999999982e-01 1.575633837972203537e+02
7.489999999999999991e-01 1.579179322515071817e+02
7.500000000000000000e-01 1.582728558615119425e+02
7.510000000000000009e-01 1.586281545069859078e+02
7.520000000000000018e-01 1.589838280678075932e+02
7.530000000000000027e-01 1.593398764239830712e+02
7.540000000000000036e-01 1.596962994556455726e+02
7.550000000000000044e-01 1.600530970430552884e+02
7.560000000000000053e-01 1.604102690665996818e+02
7.570000000000000062e-01 1.607678154067927494e+02
7.580000000000000071e-01 1.611257359442753057e+02
7.590000000000000080e-01 1.614840305598149541e+02
7.600000000000000089e-01 1.618426991343054908e+02
7.610000000000000098e-01 1.622017415487671883e+02
7.620000000000000107e-01 1.625611576843464832e+02
7.630000000000000115e-01 1.629209474223158622e+02
7.640000000000000124e-01 1.632811106440736921e+02
7.650000000000000133e-01 1.636416472311443329e+02
7.660000000000000142e-01 1.640025570651776832e+02
7.670000000000000151e-01 1.643638400279491520e+02
7.680000000000000160e-01 1.647254960013596587e+02
7.690000000000000169e-01 1.650875248674352918e+02
7.700000000000000178e-01 1.654499265083273372e+02
7.710000000000000187e-01 1.658127008063120513e+02
7.720000000000000195e-01 1.661758476437906893e+02
7.730000000000000204e-01 1.665393669032889647e+02
7.740000000000000213e-01 1.669032584674574196e+02
7.750000000000000222e-01 1.672675222190709974e+02
7.760000000000000231e-01 1.676321580410289585e+02
7.770000000000000240e-01 1.679971658163545669e+02
7.780000000000000249e-01 1.683625454281955172e+02
7.790000000000000258e-01 1.687282967598231380e+02
7.800000000000000266e-01 1.690944196946324212e+02
7.810000000000000275e-01 1.694609141161423054e+02
7.820000000000000284e-01 1.698277799079949091e+02
7.830000000000000293e-01 1.701950169539559568e+02
7.840000000000000302e-01 1.705626251379141536e+02
7.850000000000000311e-01 1.709306043438814413e+02
7.860000000000000320e-01 1.712989544559925434e+02
7.870000000000000329e-01 1.716676753585051074e+02
7.880000000000000338e-01 1.720367669357992781e+02
7.890000000000000346e-01 1.724062290723778119e+02
7.900000000000000355e-01 1.727760616528657067e+02
7.910000000000000364e-01 1.731462645620103444e+02
7.920000000000000373e-01 1.735168376846809792e+02
7.930000000000000382e-01 1.738877809058688513e+02
7.940000000000000391e-01 1.742590941106871583e+02
7.950000000000000400e-01 1.746307771843704018e+02
7.960000000000000409e-01 1.750028300122747851e+02
7.970000000000000417e-01 1.753752524798778722e+02
7.980000000000000426e-01 1.757480444727783606e+02
7.990000000000000435e-01 1.761212058766959956e+02
8.000000000000000444e-01 1.764947365774714854e+02
8.010000000000000453e-01 1.768686364610662167e+02
8.020000000000000462e-01 1.772429054135622550e+02
8.030000000000000471e-01 1.776175433211620884e+02
8.040000000000000480e-01 1.779925500701887131e+02
8.050000000000000488e-01 1.783679255470849512e+02
8.060000000000000497e-01 1.787436696384139623e+02
8.070000000000000506e-01 1.791197822308586751e+02
8.080000000000000515e-01 1.794962632112216738e+02
8.090000000000000524e-01 1.798731124664251979e+02
8.100000000000000533e-01 1.802503298835111423e+02
8.110000000000000542e-01 1.806279153496401761e+02
8.120000000000000551e-01 1.810058687520925389e+02
8.130000000000000560e-01 1.813841899782673579e+02
8.140000000000000568e-01 1.817628789156826201e+02
8.150000000000000577e-01 1.821419354519748595e+02
8.160000000000000586e-01 1.825213594748992705e+02
8.170000000000000595e-01 1.829011508723294241e+02
8.180000000000000604e-01 1.832813095322571257e+02
8.190000000000000613e-01 1.836618353427923012e+02
8.200000000000000622e-01 1.840427281921628264e+02
8.210000000000000631e-01 1.844239879687143286e+02
8.220000000000000639e-01 1.848056145609101009e+02
8.230000000000000648e-01 1.851876078573308746e+02
8.240000000000000657e-01 1.855699677466748767e+02
8.250000000000000666e-01 1.859526941177573178e+02
8.260000000000000675e-01 1.863357868595105629e+02
8.270000000000000684e-01 1.867192458609840173e+02
8.280000000000000693e-01 1.871030710113433884e+02
8.290000000000000702e-01 1.874872621998714521e+02
8.300000000000000711e-01 1.878718193159672296e+02
8.310000000000000719e-01 1.882567422491459865e+02
8.320000000000000728e-01 1.886420308890390629e+02
8.329999999999999627e-01 1.890276851253938730e+02
8.339999999999999636e-01 1.894137048480737349e+02
8.349999999999999645e-01 1.898000899470575860e+02
8.359999999999999654e-01 1.901868403124397275e+02
8.369999999999999662e-01 1.905739558344301372e+02
8.379999999999999671e-01 1.909614364033537299e+02
8.389999999999999680e-01 1.913492819096507560e+02
8.399999999999999689e-01 1.917374922438760336e+02
8.409999999999999698e-01 1.921260672966994605e+02
8.419999999999999707e-01 1.925150069589055590e+02
8.429999999999999716e-01 1.929043111213929933e+02
8.439999999999999725e-01 1.932939796751750237e+02
8.449999999999999734e-01 1.936840125113789099e+02
8.459999999999999742e-01 1.940744095212461389e+02
8.469999999999999751e-01 1.944651705961317418e+02
8.479999999999999760e-01 1.948562956275046645e+02
8.489999999999999769e-01 1.952477845069472551e+02
8.499999999999999778e-01 1.956396371261554066e+02
8.509999999999999787e-01 1.960318533769381304e+02
8.519999999999999796e-01 1.964244331512175563e+02
8.529999999999999805e-01 1.968173763410287904e+02
8.539999999999999813e-01 1.972106828385196309e+02
8.549999999999999822e-01 1.976043525359505963e+02
8.559999999999999831e-01 1.979983853256946418e+02
8.569999999999999840e-01 1.983927811002370447e+02
8.579999999999999849e-01 1.987875397521752348e+02
8.589999999999999858e-01 1.991826611742186799e+02
8.599999999999999867e-01 1.995781452591886875e+02
8.609999999999999876e-01 1.999739919000182624e+02
8.619999999999999885e-01 2.003702009897521634e+02
8.629999999999999893e-01 2.007667724215461931e+02
8.639999999999999902e-01 2.011637060886676522e+02
8.649999999999999911e-01 2.015610018844949423e+02
8.659999999999999920e-01 2.019586597025173376e+02
8.669999999999999929e-01 2.023566794363349572e+02
8.679999999999999938e-01 2.027550609796584240e+02
8.689999999999999947e-01 2.031538042263090915e+02
8.699999999999999956e-01 2.035529090702183908e+02
8.709999999999999964e-01 2.039523754054280289e+02
8.719999999999999973e-01 2.043522031260899325e+02
8.729999999999999982e-01 2.047523921264656508e+02
8.739999999999999991e-01 2.051529423009264974e+02
8.750000000000000000e-01 2.055538535439534655e+02
8.760000000000000009e-01 2.059551257501368866e+02
8.770000000000000018e-01 2.063567588141764304e+02
8.780000000000000027e-01 2.067587526308807071e+02
8.790000000000000036e-01 2.071611070951675799e+02
8.800000000000000044e-01 2.075638221020634546e+02
8.810000000000000053e-01 2.079668975467034784e+02
8.820000000000000062e-01 2.083703333243313409e+02
8.830000000000000071e-01 2.087741293302990471e+02
8.840000000000000080e-01 2.091782854600668884e+02
8.850000000000000089e-01 2.095828016092029600e+02
8.860000000000000098e-01 2.099876776733836721e+02
8.870000000000000107e-01 2.103929135483927553e+02
8.880000000000000115e-01 2.107985091301217153e+02
8.890000000000000124e-01 2.112044643145695773e+02
8.900000000000000133e-01 2.116107789978425444e+02
8.910000000000000142e-01 2.120174530761539984e+02
8.920000000000000151e-01 2.124244864458241864e+02
8.930000000000000160e-01 2.128318790032804202e+02
8.940000000000000169e-01 2.132396306450565362e+02
8.950000000000000178e-01 2.136477412677929522e+02
8.960000000000000187e-01 2.140562107682363830e+02
8.970000000000000195e-01 2.144650390432398694e+02
8.980000000000000204e-01 2.148742259897625217e+02
8.990000000000000213e-01 2.152837715048694633e+02
9.000000000000000222e-01 2.156936754857313474e+02
9.010000000000000231e-01 2.161039378296246127e+02
9.020000000000000240e-01 2.165145584339311426e+02
9.030000000000000249e-01 2.169255371961382366e+02
9.040000000000000258e-01 2.173368740138381838e+02
9.050000000000000266e-01 2.177485687847285476e+02
9.060000000000000275e-01 2.181606214066114831e+02
9.070000000000000284e-01 2.185730317773940783e+02
9.080000000000000293e-01 2.189857997950878712e+02
9.090000000000000302e-01 2.193989253578089347e+02
9.100000000000000311e-01 2.198124083637775357e+02
9.110000000000000320e-01 2.202262487113180782e+02
9.120000000000000329e-01 2.206404462988588477e+02
9.130000000000000338e-01 2.210550010249322668e+02
9.140000000000000346e-01 2.214699127881740424e+02
9.150000000000000355e-01 2.218851814873236208e+02
9.160000000000000364e-01 2.223008070212238181e+02
9.170000000000000373e-01 2.227167892888206779e+02
9.180000000000000382e-01 2.231331281891631875e+02
9.190000000000000391e-01 2.235498236214034478e+02
9.200000000000000400e-01 2.239668754847962759e+02
9.210000000000000409e-01 2.243842836786989778e+02
9.220000000000000417e-01 2.248020481025717174e+02
9.230000000000000426e-01 2.252201686559765506e+02
9.240000000000000435e-01 2.256386452385779933e+02
9.250000000000000444e-01 2.260574777501425103e+02
9.260000000000000453e-01 2.264766660905385720e+02
9.270000000000000462e-01 2.268962101597362278e+02
9.280000000000000471e-01 2.273161098578071631e+02
9.290000000000000480e-01 2.277363650849246142e+02
9.300000000000000488e-01 2.281569757413630555e+02
9.310000000000000497e-01 2.285779417274981142e+02
9.320000000000000506e-01 2.289992629438062863e+02
9.330000000000000515e-01 2.294209392908653342e+02
9.340000000000000524e-01 2.298429706693532637e+02
9.350000000000000533e-01 2.302653569800489777e+02
9.360000000000000542e-01 2.306880981238316224e+02
9.370000000000000551e-01 2.311111940016806443e+02
9.380000000000000560e-01 2.315346445146757617e+02
9.390000000000000568e-01 2.319584495639963961e+02
9.400000000000000577e-01 2.323826090509221558e+02
9.410000000000000586e-01 2.328071228768320111e+02
9.420000000000000595e-01 2.332319909432047211e+02
9.430000000000000604e-01 2.336572131516183788e+02
9.440000000000000613e-01 2.340827894037501551e+02
9.450000000000000622e-01 2.345087196013766686e+02
9.460000000000000631e-01 2.349350036463731612e+02
9.470000000000000639e-01 2.353616414407139814e+02
9.480000000000000648e-01 2.357886328864719019e+02
9.490000000000000657e-01 2.362159778858183756e+02
9.500000000000000666e-01 2.366436763410232516e+02
9.510000000000000675e-01 2.370717281544546893e+02
9.520000000000000684e-01 2.375001332285785338e+02
9.530000000000000693e-01 2.379288914659591114e+02
9.540000000000000702e-01 2.383580027692583769e+02
9.550000000000000711e-01 2.387874670412357716e+02
9.560000000000000719e-01 2.392172841847484790e+02
9.570000000000000728e-01 2.396474541027511123e+02
9.580000000000000737e-01 2.400779766982951742e+02
9.590000000000000746e-01 2.405088518745295687e+02
9.599999999999999645e-01 2.409400795347001463e+02
9.609999999999999654e-01 2.413716595821494479e+02
9.619999999999999662e-01 2.418035919203167623e+02
9.629999999999999671e-01 2.422358764527377559e+02
9.639999999999999680e-01 2.426685130830447292e+02
9.649999999999999689e-01 2.431015017149660764e+02
9.659999999999999698e-01 2.435348422523262002e+02
9.669999999999999707e-01 2.439685345990455971e+02
9.679999999999999716e-01 2.444025786591406586e+02
9.689999999999999725e-01 2.448369743367232445e+02
9.699999999999999734e-01 2.452717215360008254e+02
9.709999999999999742e-01 2.457068201612764256e+02
9.719999999999999751e-01 2.461422701169479978e+02
9.729999999999999760e-01 2.465780713075089636e+02
9.739999999999999769e-01 2.470142236375474454e+02
9.749999999999999778e-01 2.474507270117465794e+02
9.759999999999999787e-01 2.478875813348840893e+02
9.769999999999999796e-01 2.483247865118322011e+02
9.779999999999999805e-01 2.487623424475577281e+02
9.789999999999999813e-01 2.492002490471217300e+02
9.799999999999999822e-01 2.496385062156792287e+02
9.809999999999999831e-01 2.500771138584792652e+02
9.819999999999999840e-01 2.505160718808651268e+02
9.829999999999999849e-01 2.509553801882731250e+02
9.839999999999999858e-01 2.513950386862338178e+02
9.849999999999999867e-01 2.518350472803709863e+02
9.859999999999999876e-01 2.522754058764013507e+02
9.869999999999999885e-01 2.527161143801353376e+02
9.879999999999999893e-01 2.531571726974761418e+02
9.889999999999999902e-01 2.535985807344198122e+02
9.899999999999999911e-01 2.540403383970552227e+02
9.909999999999999920e-01 2.544824455915638737e+02
9.919999999999999929e-01 2.549249022242198635e+02
9.929999999999999938e-01 2.553677082013892630e+02
9.939999999999999947e-01 2.558108634295306558e+02
9.949999999999999956e-01 2.562543678151946551e+02
9.959999999999999964e-01 2.566982212650237898e+02
9.969999999999999973e-01 2.571424236857523056e+02
9.979999999999999982e-01 2.575869749842061651e+02
9.989999999999999991e-01 2.580318750673029058e+02
1.000000000000000000e+00 2.584771238420513555e+02
