0.000000000000000000e+00 0.000000000000000000e+00
1.000000000000000021e-03 8.348802922173530483e-01
2.000000000000000042e-03 1.189363935815654916e+00
3.000000000000000062e-03 1.439325078329538155e+00
4.000000000000000083e-03 1.633443747833822401e+00
5.000000000000000104e-03 1.791700959656536307e+00
6.000000000000000125e-03 1.924718500417133438e+00
7.000000000000000146e-03 2.038966765867612274e+00
8.000000000000000167e-03 2.138740488850034982e+00
9.000000000000001055e-03 2.227064941649873120e+00
1.000000000000000021e-02 2.306166510120344793e+00
1.099999999999999936e-02 2.377739668911519999e+00
1.200000000000000025e-02 2.443108890803053157e+00
1.300000000000000114e-02 2.503332099696621071e+00
1.400000000000000029e-02 2.559269611820450763e+00
1.499999999999999944e-02 2.611631698004533320e+00
1.600000000000000033e-02 2.661012364408557929e+00
1.700000000000000122e-02 2.707913946084976597e+00
1.800000000000000211e-02 2.752765397947355197e+00
1.899999999999999953e-02 2.795936153427074800e+00
2.000000000000000042e-02 2.837746797791647513e+00
2.100000000000000130e-02 2.878477408107921409e+00
2.199999999999999872e-02 2.918374154683523791e+00
2.299999999999999961e-02 2.957654587357524179e+00
2.400000000000000050e-02 2.996511913219327194e+00
2.500000000000000139e-02 3.035118491242821293e+00
2.600000000000000228e-02 3.073628712035840316e+00
2.699999999999999969e-02 3.112181389794238751e+00
2.800000000000000058e-02 3.150901763621895668e+00
2.900000000000000147e-02 3.189903183303237189e+00
2.999999999999999889e-02 3.229288538134934328e+00
3.099999999999999978e-02 3.269151474982799677e+00
3.200000000000000067e-02 3.309577442241158796e+00
3.300000000000000155e-02 3.350644589065277845e+00
3.400000000000000244e-02 3.392424543570615736e+00
3.500000000000000333e-02 3.434983089245554400e+00
3.600000000000000422e-02 3.478380755313094319e+00
3.699999999999999817e-02 3.522673333984688515e+00
3.799999999999999906e-02 3.567912335313586869e+00
3.899999999999999994e-02 3.614145388553020588e+00
4.000000000000000083e-02 3.661416597463683864e+00
4.100000000000000172e-02 3.709766855823403375e+00
4.200000000000000261e-02 3.759234128415289256e+00
4.300000000000000350e-02 3.809853701965336903e+00
4.399999999999999745e-02 3.861658409834040739e+00
4.499999999999999833e-02 3.914678833711771944e+00
4.599999999999999922e-02 3.968943485104130531e+00
4.700000000000000011e-02 4.024478969004678497e+00
4.800000000000000100e-02 4.081310131824491982e+00
4.900000000000000189e-02 4.139460195371118090e+00
5.000000000000000278e-02 4.198950878433896250e+00
5.100000000000000366e-02 4.259802507332558719e+00
5.200000000000000455e-02 4.322034116614367427e+00
5.299999999999999850e-02 4.385663540938611327e+00
5.399999999999999939e-02 4.450707499060526651e+00
5.500000000000000028e-02 4.517181670718136921e+00
5.600000000000000117e-02 4.585100767131100596e+00
5.700000000000000205e-02 4.654478595738848590e+00
5.800000000000000294e-02 4.725328119734376386e+00
5.900000000000000383e-02 4.797661512887959390e+00
5.999999999999999778e-02 4.871490210100844820e+00
6.099999999999999867e-02 4.946824954081671777e+00
6.199999999999999956e-02 5.023675838496618695e+00
6.300000000000000044e-02 5.102052347907520158e+00
6.400000000000000133e-02 5.181963394780073173e+00
6.500000000000000222e-02 5.263417353815491140e+00
6.600000000000000311e-02 5.346422093833831823e+00
6.700000000000000400e-02 5.430985007414564691e+00
6.800000000000000488e-02 5.517113038480314202e+00
6.900000000000000577e-02 5.604812707991714049e+00
7.000000000000000666e-02 5.694090137905568838e+00
7.100000000000000755e-02 5.784951073534337240e+00
7.200000000000000844e-02 5.877400904432416695e+00
7.299999999999999545e-02 5.971444683923232688e+00
7.399999999999999634e-02 6.067087147370957112e+00
7.499999999999999722e-02 6.164332729291656321e+00
7.599999999999999811e-02 6.263185579390331270e+00
7.699999999999999900e-02 6.363649577602833673e+00
7.799999999999999989e-02 6.465728348215172616e+00
7.900000000000000078e-02 6.569425273126265452e+00
8.000000000000000167e-02 6.674743504315179266e+00
8.100000000000000255e-02 6.781685975568523261e+00
8.200000000000000344e-02 6.890255413519408734e+00
8.300000000000000433e-02 7.000454348045117570e+00
8.400000000000000522e-02 7.112285122067063980e+00
8.500000000000000611e-02 7.225749900793074332e+00
8.600000000000000699e-02 7.340850680439022113e+00
8.700000000000000788e-02 7.457589296463982720e+00
8.799999999999999489e-02 7.575967431350523640e+00
8.899999999999999578e-02 7.695986621959328033e+00
8.999999999999999667e-02 7.817648266485303310e+00
9.099999999999999756e-02 7.940953631040173377e+00
9.199999999999999845e-02 8.065903855884908324e+00
9.299999999999999933e-02 8.192499961333627567e+00
9.400000000000000022e-02 8.320742853348889412e+00
9.500000000000000111e-02 8.450633328847377612e+00
9.600000000000000200e-02 8.582172080732881625e+00
9.700000000000000289e-02 8.715359702673307396e+00
9.800000000000000377e-02 8.850196693636220857e+00
9.900000000000000466e-02 8.986683462197490257e+00
1.000000000000000056e-01 9.124820330635820653e+00
1.010000000000000064e-01 9.264607538825543998e+00
1.020000000000000073e-01 9.406045247939154308e+00
1.030000000000000082e-01 9.549133543970143023e+00
1.040000000000000091e-01 9.693872441086412550e+00
1.049999999999999961e-01 9.840261884823291894e+00
1.059999999999999970e-01 9.988301755125259973e+00
1.069999999999999979e-01 1.013799186924441997e+01
1.079999999999999988e-01 1.028933198450346964e+01
1.089999999999999997e-01 1.044232180093052875e+01
1.100000000000000006e-01 1.059696096377236429e+01
1.110000000000000014e-01 1.075324906589282392e+01
1.120000000000000023e-01 1.091118565006193819e+01
1.130000000000000032e-01 1.107077021114185200e+01
1.140000000000000041e-01 1.123200219817458390e+01
1.150000000000000050e-01 1.139488101637669715e+01
1.160000000000000059e-01 1.155940602904567882e+01
1.170000000000000068e-01 1.172557655938227583e+01
1.180000000000000077e-01 1.189339189223322535e+01
1.190000000000000085e-01 1.206285127575803173e+01
1.199999999999999956e-01 1.223395392302383655e+01
1.209999999999999964e-01 1.240669901353164306e+01
1.219999999999999973e-01 1.258108569467725601e+01
1.229999999999999982e-01 1.275711308315031900e+01
1.239999999999999991e-01 1.293478026627400368e+01
1.250000000000000000e-01 1.311408630328849156e+01
1.260000000000000009e-01 1.329503022658082756e+01
1.270000000000000018e-01 1.347761104286346878e+01
1.280000000000000027e-01 1.366182773430429975e+01
1.290000000000000036e-01 1.384767925960983348e+01
1.300000000000000044e-01 1.403516455506428784e+01
1.310000000000000053e-01 1.422428253552613597e+01
1.320000000000000062e-01 1.441503209538428365e+01
1.330000000000000071e-01 1.460741210947561441e+01
1.340000000000000080e-01 1.480142143396565046e+01
1.350000000000000089e-01 1.499705890719397061e+01
1.360000000000000098e-01 1.519432335048589877e+01
1.370000000000000107e-01 1.539321356893199066e+01
1.380000000000000115e-01 1.559372835213683928e+01
1.390000000000000124e-01 1.579586647493822937e+01
1.400000000000000133e-01 1.599962669809813320e+01
1.410000000000000142e-01 1.620500776896692940e+01
1.420000000000000151e-01 1.641200842212150945e+01
1.430000000000000160e-01 1.662062737997887751e+01
1.440000000000000169e-01 1.683086335338587247e+01
1.449999999999999900e-01 1.704271504218641553e+01
1.459999999999999909e-01 1.725618113576674517e+01
1.469999999999999918e-01 1.747126031358007481e+01
1.479999999999999927e-01 1.768795124565109944e+01
1.489999999999999936e-01 1.790625259306136030e+01
1.499999999999999944e-01 1.812616300841634143e+01
1.509999999999999953e-01 1.834768113629476716e+01
1.519999999999999962e-01 1.857080561368116634e+01
1.529999999999999971e-01 1.879553507038208693e+01
1.539999999999999980e-01 1.902186812942669292e+01
1.549999999999999989e-01 1.924980340745255347e+01
1.559999999999999998e-01 1.947933951507689443e+01
1.570000000000000007e-01 1.971047505725418603e+01
1.580000000000000016e-01 1.994320863362040797e+01
1.590000000000000024e-01 2.017753883882446786e+01
1.600000000000000033e-01 2.041346426284767546e+01
1.610000000000000042e-01 2.065098349131110211e+01
1.620000000000000051e-01 2.089009510577188422e+01
1.630000000000000060e-01 2.113079768400847769e+01
1.640000000000000069e-01 2.137308980029553140e+01
1.650000000000000078e-01 2.161697002566874914e+01
1.660000000000000087e-01 2.186243692817991047e+01
1.670000000000000095e-01 2.210948907314272560e+01
1.680000000000000104e-01 2.235812502336962382e+01
1.690000000000000113e-01 2.260834333939999397e+01
1.700000000000000122e-01 2.286014257972001218e+01
1.710000000000000131e-01 2.311352130097459678e+01
1.720000000000000140e-01 2.336847805817153301e+01
1.730000000000000149e-01 2.362501140487823648e+01
1.740000000000000158e-01 2.388311989341143970e+01
1.750000000000000167e-01 2.414280207501978026e+01
1.759999999999999898e-01 2.440405650006005800e+01
1.769999999999999907e-01 2.466688171816679187e+01
1.779999999999999916e-01 2.493127627841583660e+01
1.789999999999999925e-01 2.519723872948188870e+01
1.799999999999999933e-01 2.546476761979049286e+01
1.809999999999999942e-01 2.573386149766421482e+01
1.819999999999999951e-01 2.600451891146373384e+01
1.829999999999999960e-01 2.627673840972379082e+01
1.839999999999999969e-01 2.655051854128397082e+01
1.849999999999999978e-01 2.682585785541497359e+01
1.859999999999999987e-01 2.710275490194001691e+01
1.869999999999999996e-01 2.738120823135202642e+01
1.880000000000000004e-01 2.766121639492644135e+01
1.890000000000000013e-01 2.794277794482971444e+01
1.900000000000000022e-01 2.822589143422409563e+01
1.910000000000000031e-01 2.851055541736837284e+01
1.920000000000000040e-01 2.879676844971494631e+01
1.930000000000000049e-01 2.908452908800320813e+01
1.940000000000000058e-01 2.937383589034962483e+01
1.950000000000000067e-01 2.966468741633429573e+01
1.960000000000000075e-01 2.995708222708434931e+01
1.970000000000000084e-01 3.025101888535420613e+01
1.980000000000000093e-01 3.054649595560285036e+01
1.990000000000000102e-01 3.084351200406796778e+01
2.000000000000000111e-01 3.114206559883765379e+01
2.010000000000000120e-01 3.144215530991901630e+01
2.020000000000000129e-01 3.174377970930435566e+01
2.030000000000000138e-01 3.204693737103468010e+01
2.040000000000000147e-01 3.235162687126084791e+01
2.050000000000000155e-01 3.265784678830232934e+01
2.060000000000000164e-01 3.296559570270360950e+01
2.070000000000000173e-01 3.327487219728834589e+01
2.080000000000000182e-01 3.358567485721145118e+01
2.089999999999999913e-01 3.389800227000915811e+01
2.099999999999999922e-01 3.421185302564688868e+01
2.109999999999999931e-01 3.452722571656528316e+01
2.119999999999999940e-01 3.484411893772432478e+01
2.129999999999999949e-01 3.516253128664582306e+01
2.139999999999999958e-01 3.548246136345380819e+01
2.149999999999999967e-01 3.580390777091342613e+01
2.159999999999999976e-01 3.612686911446832738e+01
2.169999999999999984e-01 3.645134400227606619e+01
2.179999999999999993e-01 3.677733104524244823e+01
2.190000000000000002e-01 3.710482885705388867e+01
2.200000000000000011e-01 3.743383605420885374e+01
2.210000000000000020e-01 3.776435125604744059e+01
2.220000000000000029e-01 3.809637308477989848e+01
2.230000000000000038e-01 3.842990016551372179e+01
2.240000000000000047e-01 3.876493112627957771e+01
2.250000000000000056e-01 3.910146459805586261e+01
2.260000000000000064e-01 3.943949921479237730e+01
2.270000000000000073e-01 3.977903361343235389e+01
2.280000000000000082e-01 4.012006643393393546e+01
2.290000000000000091e-01 4.046259631929018497e+01
2.300000000000000100e-01 4.080662191554829832e+01
2.310000000000000109e-01 4.115214187182767347e+01
2.320000000000000118e-01 4.149915484033702029e+01
2.330000000000000127e-01 4.184765947639071726e+01
2.340000000000000135e-01 4.219765443842390340e+01
2.350000000000000144e-01 4.254913838800710124e+01
2.360000000000000153e-01 4.290210998985970292e+01
2.370000000000000162e-01 4.325656791186266048e+01
2.380000000000000171e-01 4.361251082507062904e+01
2.390000000000000180e-01 4.396993740372295179e+01
2.399999999999999911e-01 4.432884632525424706e+01
2.409999999999999920e-01 4.468923627030404333e+01
2.419999999999999929e-01 4.505110592272585990e+01
2.429999999999999938e-01 4.541445396959550607e+01
2.439999999999999947e-01 4.577927910121885446e+01
2.449999999999999956e-01 4.614558001113881858e+01
2.459999999999999964e-01 4.651335539614181158e+01
2.469999999999999973e-01 4.688260395626370780e+01
2.479999999999999982e-01 4.725332439479500124e+01
2.489999999999999991e-01 4.762551541828556623e+01
2.500000000000000000e-01 4.799917573654896330e+01
2.510000000000000009e-01 4.837430406266594218e+01
2.520000000000000018e-01 4.875089911298780976e+01
2.530000000000000027e-01 4.912895960713890986e+01
2.540000000000000036e-01 4.950848426801904623e+01
2.550000000000000044e-01 4.988947182180513806e+01
2.560000000000000053e-01 5.027192099795253455e+01
2.570000000000000062e-01 5.065583052919602380e+01
2.580000000000000071e-01 5.104119915155020237e+01
2.590000000000000080e-01 5.142802560430963865e+01
2.600000000000000089e-01 5.181630863004863841e+01
2.610000000000000098e-01 5.220604697462044896e+01
2.620000000000000107e-01 5.259723938715636393e+01
2.630000000000000115e-01 5.298988462006427369e+01
2.640000000000000124e-01 5.338398142902710930e+01
2.650000000000000133e-01 5.377952857300057588e+01
2.660000000000000142e-01 5.417652481421107069e+01
2.670000000000000151e-01 5.457496891815296181e+01
2.680000000000000160e-01 5.497485965358550430e+01
2.690000000000000169e-01 5.537619579252990576e+01
2.700000000000000178e-01 5.577897611026558167e+01
2.710000000000000187e-01 5.618319938532664537e+01
2.720000000000000195e-01 5.658886439949770164e+01
2.730000000000000204e-01 5.699596993780968290e+01
2.740000000000000213e-01 5.740451478853548650e+01
2.750000000000000222e-01 5.781449774318504353e+01
2.760000000000000231e-01 5.822591759650049426e+01
2.770000000000000240e-01 5.863877314645117877e+01
2.780000000000000249e-01 5.905306319422802375e+01
2.790000000000000258e-01 5.946878654423822042e+01
2.800000000000000266e-01 5.988594200409933421e+01
2.810000000000000275e-01 6.030452838463354936e+01
2.820000000000000284e-01 6.072454449986146585e+01
2.830000000000000293e-01 6.114598916699581110e+01
2.840000000000000302e-01 6.156886120643504512e+01
2.850000000000000311e-01 6.199315944175687321e+01
2.860000000000000320e-01 6.241888269971132530e+01
2.870000000000000329e-01 6.284602981021402002e+01
2.880000000000000338e-01 6.327459960633906633e+01
2.889999999999999791e-01 6.370459092431195813e+01
2.899999999999999800e-01 6.413600260350217752e+01
2.909999999999999809e-01 6.456883348641592590e+01
2.919999999999999818e-01 6.500308241868846437e+01
2.929999999999999827e-01 6.543874824907661036e+01
2.939999999999999836e-01 6.587582982945076537e+01
2.949999999999999845e-01 6.631432601478721267e+01
2.959999999999999853e-01 6.675423566316020185e+01
2.969999999999999862e-01 6.719555763573362128e+01
2.979999999999999871e-01 6.763829079675323896e+01
2.989999999999999880e-01 6.808243401353800550e+01
2.999999999999999889e-01 6.852798615647215286e+01
3.009999999999999898e-01 6.897494609899645468e+01
3.019999999999999907e-01 6.942331271759988454e+01
3.029999999999999916e-01 6.987308489181120308e+01
3.039999999999999925e-01 7.032426150418986310e+01
3.049999999999999933e-01 7.077684144031786673e+01
3.059999999999999942e-01 7.123082358879058518e+01
3.069999999999999951e-01 7.168620684120826070e+01
3.079999999999999960e-01 7.214299009216676950e+01
3.089999999999999969e-01 7.260117223924899577e+01
3.099999999999999978e-01 7.306075218301560881e+01
3.109999999999999987e-01 7.352172882699619549e+01
3.119999999999999996e-01 7.398410107768023636e+01
3.130000000000000004e-01 7.444786784450762696e+01
3.140000000000000013e-01 7.491302803985985292e+01
3.150000000000000022e-01 7.537958057905068188e+01
3.160000000000000031e-01 7.584752438031689792e+01
3.170000000000000040e-01 7.631685836480896512e+01
3.180000000000000049e-01 7.678758145658184731e+01
3.190000000000000058e-01 7.725969258258562888e+01
3.200000000000000067e-01 7.773319067265597937e+01
3.210000000000000075e-01 7.820807465950511528e+01
3.220000000000000084e-01 7.868434347871198042e+01
3.230000000000000093e-01 7.916199606871313676e+01
3.240000000000000102e-01 7.964103137079314365e+01
3.250000000000000111e-01 8.012144832907505076e+01
3.260000000000000120e-01 8.060324589051100475e+01
3.270000000000000129e-01 8.108642300487272792e+01
3.280000000000000138e-01 8.157097862474202543e+01
3.290000000000000147e-01 8.205691170550116453e+01
3.300000000000000155e-01 8.254422120532333906e+01
3.310000000000000164e-01 8.303290608516334714e+01
3.320000000000000173e-01 8.352296530874764358e+01
3.330000000000000182e-01 8.401439784256524490e+01
3.340000000000000191e-01 8.450720265585781021e+01
3.350000000000000200e-01 8.500137872061014832e+01
3.360000000000000209e-01 8.549692501154081015e+01
3.370000000000000218e-01 8.599384050609243957e+01
3.380000000000000226e-01 8.649212418442211003e+01
3.390000000000000235e-01 8.699177502939193118e+01
3.400000000000000244e-01 8.749279202655941390e+01
3.410000000000000253e-01 8.799517416416784954e+01
3.420000000000000262e-01 8.849892043313691659e+01
3.430000000000000271e-01 8.900402982705310251e+01
3.440000000000000280e-01 8.951050134216001197e+01
3.450000000000000289e-01 9.001833397734908715e+01
3.460000000000000298e-01 9.052752673415000118e+01
3.470000000000000306e-01 9.103807861672102320e+01
3.480000000000000315e-01 9.154998863183975288e+01
3.490000000000000324e-01 9.206325578889351391e+01
3.500000000000000333e-01 9.257787909986998898e+01
3.510000000000000342e-01 9.309385757934754224e+01
3.519999999999999796e-01 9.361119024448618120e+01
3.529999999999999805e-01 9.412987611501770857e+01
3.539999999999999813e-01 9.464991421323665577e+01
3.549999999999999822e-01 9.517130356399067637e+01
3.559999999999999831e-01 9.569404319467136588e+01
3.569999999999999840e-01 9.621813213520459840e+01
3.579999999999999849e-01 9.674356941804180110e+01
3.589999999999999858e-01 9.727035407814994983e+01
3.599999999999999867e-01 9.779848515300260203e+01
3.609999999999999876e-01 9.832796168257078762e+01
3.619999999999999885e-01 9.885878270931355871e+01
3.629999999999999893e-01 9.939094727816859631e+01
3.639999999999999902e-01 9.992445443654345638e+01
3.649999999999999911e-01 1.004593032343061054e+02
3.659999999999999920e-01 1.009954927237755840e+02
3.669999999999999929e-01 1.015330219597133805e+02
3.679999999999999938e-01 1.020718899993137541e+02
3.689999999999999947e-01 1.026120959021952217e+02
3.699999999999999956e-01 1.031536387303909521e+02
3.709999999999999964e-01 1.036965175483400117e+02
3.719999999999999973e-01 1.042407314228785253e+02
3.729999999999999982e-01 1.047862794232302264e+02
3.739999999999999991e-01 1.053331606209979299e+02
3.750000000000000000e-01 1.058813740901543952e+02
3.760000000000000009e-01 1.064309189070333872e+02
3.770000000000000018e-01 1.069817941503210363e+02
3.780000000000000027e-01 1.075339989010466297e+02
3.790000000000000036e-01 1.080875322425741274e+02
3.800000000000000044e-01 1.086423932605931952e+02
3.810000000000000053e-01 1.091985810431104511e+02
3.820000000000000062e-01 1.097560946804407251e+02
3.830000000000000071e-01 1.103149332651984338e+02
3.840000000000000080e-01 1.108750958922887833e+02
3.850000000000000089e-01 1.114365816588993141e+02
3.860000000000000098e-01 1.119993896644908773e+02
3.870000000000000107e-01 1.125635190107896335e+02
3.880000000000000115e-01 1.131289688017778587e+02
3.890000000000000124e-01 1.136957381436859862e+02
3.900000000000000133e-01 1.142638261449836676e+02
3.910000000000000142e-01 1.148332319163715027e+02
3.920000000000000151e-01 1.154039545707726120e+02
3.930000000000000160e-01 1.159759932233242097e+02
3.940000000000000169e-01 1.165493469913690774e+02
3.950000000000000178e-01 1.171240149944474496e+02
3.960000000000000187e-01 1.176999963542885013e+02
3.970000000000000195e-01 1.182772901948021342e+02
3.980000000000000204e-01 1.188558956420707915e+02
3.990000000000000213e-01 1.194358118243411013e+02
4.000000000000000222e-01 1.200170378720157771e+02
4.010000000000000231e-01 1.205995729176453608e+02
4.020000000000000240e-01 1.211834160959201796e+02
4.030000000000000249e-01 1.217685665436622457e+02
4.040000000000000258e-01 1.223550233998170285e+02
4.050000000000000266e-01 1.229427858054456806e+02
4.060000000000000275e-01 1.235318529037168389e+02
4.070000000000000284e-01 1.241222238398986093e+02
4.080000000000000293e-01 1.247138977613508501e+02
4.090000000000000302e-01 1.253068738175169727e+02
4.100000000000000311e-01 1.259011511599163526e+02
4.110000000000000320e-01 1.264967289421362153e+02
4.120000000000000329e-01 1.270936063198239339e+02
4.130000000000000338e-01 1.276917824506793409e+02
4.140000000000000346e-01 1.282912564944467704e+02
4.150000000000000355e-01 1.288920276129074978e+02
4.160000000000000364e-01 1.294940949698719521e+02
4.169999999999999818e-01 1.300974577311720850e+02
4.179999999999999827e-01 1.307021150646538104e+02
4.189999999999999836e-01 1.313080661401692737e+02
4.199999999999999845e-01 1.319153101295693205e+02
4.209999999999999853e-01 1.325238462066960778e+02
4.219999999999999862e-01 1.331336735473753663e+02
4.229999999999999871e-01 1.337447913294091677e+02
4.239999999999999880e-01 1.343571987325682926e+02
4.249999999999999889e-01 1.349708949385848200e+02
4.259999999999999898e-01 1.355858791311450204e+02
4.269999999999999907e-01 1.362021504958816536e+02
4.279999999999999916e-01 1.368197082203668629e+02
4.289999999999999925e-01 1.374385514941047575e+02
4.299999999999999933e-01 1.380586795085244489e+02
4.309999999999999942e-01 1.386800914569723773e+02
4.319999999999999951e-01 1.393027865347054899e+02
4.329999999999999960e-01 1.399267639388838802e+02
4.339999999999999969e-01 1.405520228685638813e+02
4.349999999999999978e-01 1.411785625246906193e+02
4.359999999999999987e-01 1.418063821100913060e+02
4.369999999999999996e-01 1.424354808294678492e+02
4.380000000000000004e-01 1.430658578893902586e+02
4.390000000000000013e-01 1.436975124982892567e+02
4.400000000000000022e-01 1.443304438664496274e+02
4.410000000000000031e-01 1.449646512060031398e+02
4.420000000000000040e-01 1.456001337309216979e+02
4.430000000000000049e-01 1.462368906570105764e+02
4.440000000000000058e-01 1.468749212019014863e+02
4.450000000000000067e-01 1.475142245850456959e+02
4.460000000000000075e-01 1.481548000277075516e+02
4.470000000000000084e-01 1.487966467529574857e+02
4.480000000000000093e-01 1.494397639856654791e+02
4.490000000000000102e-01 1.500841509524940989e+02
4.500000000000000111e-01 1.507298068818923298e+02
4.510000000000000120e-01 1.513767310040884979e+02
4.520000000000000129e-01 1.520249225510839324e+02
4.530000000000000138e-01 1.526743807566463147e+02
4.540000000000000147e-01 1.533251048563031418e+02
4.550000000000000155e-01 1.539770940873354448e+02
4.560000000000000164e-01 1.546303476887708825e+02
4.570000000000000173e-01 1.552848649013777163e+02
4.580000000000000182e-01 1.559406449676581019e+02
4.590000000000000191e-01 1.565976871318420081e+02
4.600000000000000200e-01 1.572559906398805651e+02
4.610000000000000209e-01 1.579155547394397843e+02
4.620000000000000218e-01 1.585763786798945603e+02
4.630000000000000226e-01 1.592384617123220210e+02
4.640000000000000235e-01 1.599018030894953313e+02
4.650000000000000244e-01 1.605664020658777531e+02
4.660000000000000253e-01 1.612322578976163072e+02
4.670000000000000262e-01 1.618993698425354637e+02
4.680000000000000271e-01 1.625677371601311165e+02
4.690000000000000280e-01 1.632373591115646718e+02
4.700000000000000289e-01 1.639082349596566814e+02
4.710000000000000298e-01 1.645803639688810165e+02
4.720000000000000306e-01 1.652537454053585009e+02
4.730000000000000315e-01 1.659283785368515680e+02
4.740000000000000324e-01 1.666042626327574965e+02
4.750000000000000333e-01 1.672813969641030951e+02
4.760000000000000342e-01 1.679597808035383650e+02
4.770000000000000351e-01 1.686394134253310710e+02
4.780000000000000360e-01 1.693202941053604036e+02
4.790000000000000369e-01 1.700024221211113797e+02
4.799999999999999822e-01 1.706857967516690451e+02
4.809999999999999831e-01 1.713704172777127610e+02
4.819999999999999840e-01 1.720562829815102361e+02
4.829999999999999849e-01 1.727433931469118420e+02
4.839999999999999858e-01 1.734317470593451560e+02
4.849999999999999867e-01 1.741213440058090214e+02
4.859999999999999876e-01 1.748121832748680617e+02
4.869999999999999885e-01 1.755042641566467410e+02
4.879999999999999893e-01 1.761975859428244462e+02
4.889999999999999902e-01 1.768921479266290362e+02
4.899999999999999911e-01 1.775879494028318959e+02
4.909999999999999920e-01 1.782849896677423089e+02
4.919999999999999929e-01 1.789832680192018870e+02
4.929999999999999938e-01 1.796827837565790560e+02
4.939999999999999947e-01 1.803835361807635991e+02
4.949999999999999956e-01 1.810855245941613703e+02
4.959999999999999964e-01 1.817887483006888374e+02
4.969999999999999973e-01 1.824932066057678526e+02
4.979999999999999982e-01 1.831988988163196552e+02
4.989999999999999991e-01 1.839058242407605235e+02
5.000000000000000000e-01 1.846139821889956920e+02
5.010000000000000009e-01 1.853233719724144635e+02
5.020000000000000018e-01 1.860339929038850073e+02
5.030000000000000027e-01 1.867458442977485902e+02
5.040000000000000036e-01 1.874589254698153127e+02
5.050000000000000044e-01 1.881732357373576292e+02
5.060000000000000053e-01 1.888887744191067668e+02
5.070000000000000062e-01 1.896055408352461029e+02
5.080000000000000071e-01 1.903235343074070443e+02
5.090000000000000080e-01 1.910427541586634845e+02
5.100000000000000089e-01 1.917631997135269728e+02
5.110000000000000098e-01 1.924848702979413702e+02
5.120000000000000107e-01 1.932077652392781602e+02
5.130000000000000115e-01 1.939318838663313329e+02
5.140000000000000124e-01 1.946572255093121271e+02
5.150000000000000133e-01 1.953837894998447950e+02
5.160000000000000142e-01 1.961115751709608048e+02
5.170000000000000151e-01 1.968405818570945200e+02
5.180000000000000160e-01 1.975708088940781408e+02
5.190000000000000169e-01 1.983022556191369290e+02
5.200000000000000178e-01 1.990349213708838647e+02
5.210000000000000187e-01 1.997688054893158380e+02
5.220000000000000195e-01 2.005039073158079077e+02
5.230000000000000204e-01 2.012402261931089242e+02
5.240000000000000213e-01 2.019777614653367834e+02
5.250000000000000222e-01 2.027165124779735663e+02
5.260000000000000231e-01 2.034564785778609348e+02
5.270000000000000240e-01 2.041976591131954990e+02
5.280000000000000249e-01 2.049400534335240991e+02
5.290000000000000258e-01 2.056836608897386895e+02
5.300000000000000266e-01 2.064284808340728432e+02
5.310000000000000275e-01 2.071745126200958680e+02
5.320000000000000284e-01 2.079217556027091121e+02
5.330000000000000293e-01 2.086702091381409048e+02
5.340000000000000302e-01 2.094198725839423787e+02
5.350000000000000311e-01 2.101707452989826663e+02
5.360000000000000320e-01 2.109228266434444379e+02
5.370000000000000329e-01 2.116761159788198370e+02
5.380000000000000338e-01 2.124306126679049953e+02
5.390000000000000346e-01 2.131863160747970198e+02
5.400000000000000355e-01 2.139432255648882801e+02
5.410000000000000364e-01 2.147013405048627988e+02
5.420000000000000373e-01 2.154606602626914480e+02
5.430000000000000382e-01 2.162211842076278572e+02
5.440000000000000391e-01 2.169829117102039220e+02
5.450000000000000400e-01 2.177458421422256265e+02
5.460000000000000409e-01 2.185099748767683820e+02
5.470000000000000417e-01 2.192753092881732186e+02
5.480000000000000426e-01 2.200418447520422944e+02
5.490000000000000435e-01 2.208095806452344618e+02
5.500000000000000444e-01 2.215785163458614875e+02
5.510000000000000453e-01 2.223486512332831921e+02
5.520000000000000462e-01 2.231199846881040969e+02
5.530000000000000471e-01 2.238925160921685915e+02
5.540000000000000480e-01 2.246662448285569553e+02
5.550000000000000488e-01 2.254411702815813214e+02
5.560000000000000497e-01 2.262172918367814418e+02
5.570000000000000506e-01 2.269946088809208504e+02
5.580000000000000515e-01 2.277731208019823441e+02
5.590000000000000524e-01 2.285528269891642594e+02
5.600000000000000533e-01 2.293337268328764083e+02
5.610000000000000542e-01 2.301158197247358430e+02
5.620000000000000551e-01 2.308991050575630766e+02
5.630000000000000560e-01 2.316835822253779043e+02
5.640000000000000568e-01 2.324692506233956806e+02
5.650000000000000577e-01 2.332561096480230276e+02
5.660000000000000586e-01 2.340441586968541969e+02
5.670000000000000595e-01 2.348333971686670054e+02
5.680000000000000604e-01 2.356238244634190551e+02
5.690000000000000613e-01 2.364154399822435551e+02
5.700000000000000622e-01 2.372082431274457122e+02
5.710000000000000631e-01 2.380022333024990644e+02
5.720000000000000639e-01 2.387974099120409903e+02
5.730000000000000648e-01 2.395937723618698101e+02
5.740000000000000657e-01 2.403913200589399253e+02
5.750000000000000666e-01 2.411900524113589768e+02
5.760000000000000675e-01 2.419899688283836099e+02
5.769999999999999574e-01 2.427910687204157796e+02
5.779999999999999583e-01 2.435933514989990272e+02
5.789999999999999591e-01 2.443968165768147855e+02
5.799999999999999600e-01 2.452014633676786843e+02
5.809999999999999609e-01 2.460072912865367982e+02
5.819999999999999618e-01 2.468142997494621795e+02
5.829999999999999627e-01 2.476224881736510497e+02
5.839999999999999636e-01 2.484318559774188202e+02
5.849999999999999645e-01 2.492424025801973073e+02
5.859999999999999654e-01 2.500541274025302698e+02
5.869999999999999662e-01 2.508670298660704248e+02
5.879999999999999671e-01 2.516811093935755821e+02
5.889999999999999680e-01 2.524963654089050351e+02
5.899999999999999689e-01 2.533127973370162636e+02
5.909999999999999698e-01 2.541304046039610967e+02
5.919999999999999707e-01 2.549491866368826436e+02
5.929999999999999716e-01 2.557691428640113145e+02
5.939999999999999725e-01 2.565902727146615234e+02
5.949999999999999734e-01 2.574125756192284484e+02
5.959999999999999742e-01 2.582360510091841661e+02
5.969999999999999751e-01 2.590606983170745821e+02
5.979999999999999760e-01 2.598865169765156224e+02
5.989999999999999769e-01 2.607135064221905054e+02
5.999999999999999778e-01 2.615416660898454211e+02
6.009999999999999787e-01 2.623709954162867461e+02
6.019999999999999796e-01 2.632014938393779175e+02
6.029999999999999805e-01 2.640331607980352828e+02
6.039999999999999813e-01 2.648659957322253717e+02
6.049999999999999822e-01 2.656999980829615424e+02
6.059999999999999831e-01 2.665351672923004003e+02
6.069999999999999840e-01 2.673715028033387284e+02
6.079999999999999849e-01 2.682090040602102476e+02
6.089999999999999858e-01 2.690476705080819215e+02
6.099999999999999867e-01 2.698875015931512280e+02
6.109999999999999876e-01 2.707284967626429193e+02
6.119999999999999885e-01 2.715706554648052133e+02
6.129999999999999893e-01 2.724139771489073496e+02
6.139999999999999902e-01 2.732584612652357237e+02
6.149999999999999911e-01 2.741041072650911019e+02
6.159999999999999920e-01 2.749509146007855520e+02
6.169999999999999929e-01 2.757988827256388049e+02
6.179999999999999938e-01 2.766480110939755264e+02
6.189999999999999947e-01 2.774982991611220768e+02
6.199999999999999956e-01 2.783497463834032715e+02
6.209999999999999964e-01 2.792023522181395947e+02
6.219999999999999973e-01 2.800561161236437897e+02
6.229999999999999982e-01 2.809110375592179594e+02
6.239999999999999991e-01 2.817671159851503262e+02
6.250000000000000000e-01 2.826243508627123902e+02
6.260000000000000009e-01 2.834827416541559160e+02
6.270000000000000018e-01 2.843422878227095225e+02
6.280000000000000027e-01 2.852029888325762954e+02
6.290000000000000036e-01 2.860648441489302058e+02
6.300000000000000044e-01 2.869278532379132685e+02
6.310000000000000053e-01 2.877920155666331539e+02
6.320000000000000062e-01 2.886573306031591528e+02
6.330000000000000071e-01 2.895237978165201866e+02
6.340000000000000080e-01 2.903914166767014535e+02
6.350000000000000089e-01 2.912601866546413589e+02
6.360000000000000098e-01 2.921301072222289577e+02
6.370000000000000107e-01 2.930011778523009411e+02
6.380000000000000115e-01 2.938733980186385679e+02
6.390000000000000124e-01 2.947467671959650488e+02
6.400000000000000133e-01 2.956212848599423637e+02
6.410000000000000142e-01 2.964969504871688741e+02
6.420000000000000151e-01 2.973737635551760832e+02
6.430000000000000160e-01 2.982517235424258502e+02
6.440000000000000169e-01 2.991308299283078327e+02
6.450000000000000178e-01 3.000110821931364171e+02
6.460000000000000187e-01 3.008924798181481606e+02
6.470000000000000195e-01 3.017750222854985509e+02
6.480000000000000204e-01 3.026587090782599603e+02
6.490000000000000213e-01 3.035435396804182915e+02
6.500000000000000222e-01 3.044295135768703631e+02
6.510000000000000231e-01 3.053166302534214083e+02
6.520000000000000240e-01 3.062048891967820623e+02
6.530000000000000249e-01 3.070942898945658044e+02
6.540000000000000258e-01 3.079848318352863430e+02
6.550000000000000266e-01 3.088765145083544894e+02
6.560000000000000275e-01 3.097693374040761682e+02
6.570000000000000284e-01 3.106633000136491773e+02
6.580000000000000293e-01 3.115584018291606299e+02
6.590000000000000302e-01 3.124546423435847373e+02
6.600000000000000311e-01 3.133520210507794559e+02
6.610000000000000320e-01 3.142505374454846105e+02
6.620000000000000329e-01 3.151501910233185413e+02
6.630000000000000338e-01 3.160509812807762273e+02
6.640000000000000346e-01 3.169529077152261038e+02
6.650000000000000355e-01 3.178559698249077883e+02
6.660000000000000364e-01 3.187601671089295223e+02
6.670000000000000373e-01 3.196654990672655003e+02
6.680000000000000382e-01 3.205719652007533114e+02
6.690000000000000391e-01 3.214795650110913812e+02
6.700000000000000400e-01 3.223882980008363575e+02
6.710000000000000409e-01 3.232981636734013478e+02
6.720000000000000417e-01 3.242091615330518835e+02
6.730000000000000426e-01 3.251212910849051241e+02
6.740000000000000435e-01 3.260345518349261056e+02
6.750000000000000444e-01 3.269489432899258645e+02
6.760000000000000453e-01 3.278644649575587096e+02
6.770000000000000462e-01 3.287811163463201751e+02
6.780000000000000471e-01 3.296988969655440087e+02
6.790000000000000480e-01 3.306178063254001245e+02
6.800000000000000488e-01 3.315378439368918180e+02
6.810000000000000497e-01 3.324590093118538903e+02
6.820000000000000506e-01 3.333813019629495784e+02
6.830000000000000515e-01 3.343047214036689638e+02
6.840000000000000524e-01 3.352292671483256186e+02
6.850000000000000533e-01 3.361549387120552410e+02
6.860000000000000542e-01 3.370817356108120180e+02
6.870000000000000551e-01 3.380096573613677151e+02
6.880000000000000560e-01 3.389387034813083233e+02
6.890000000000000568e-01 3.398688734890320120e+02
6.900000000000000577e-01 3.408001669037466854e+02
6.910000000000000586e-01 3.417325832454679926e+02
6.920000000000000595e-01 3.426661220350165422e+02
6.930000000000000604e-01 3.436007827940159132e+02
6.940000000000000613e-01 3.445365650448903807e+02
6.950000000000000622e-01 3.454734683108623017e+02
6.960000000000000631e-01 3.464114921159504092e+02
6.970000000000000639e-01 3.473506359849665728e+02
6.980000000000000648e-01 3.482908994435147179e+02
6.990000000000000657e-01 3.492322820179877567e+02
7.000000000000000666e-01 3.501747832355656556e+02
7.010000000000000675e-01 3.511184026242132177e+02
7.020000000000000684e-01 3.520631397126773550e+02
7.030000000000000693e-01 3.530089940304858374e+02
7.039999999999999591e-01 3.539559651079442801e+02
7.049999999999999600e-01 3.549040524761339839e+02
7.059999999999999609e-01 3.558532556669103997e+02
7.069999999999999618e-01 3.568035742129001733e+02
7.079999999999999627e-01 3.577550076474994967e+02
7.089999999999999636e-01 3.587075555048713227e+02
7.099999999999999645e-01 3.596612173199442850e+02
7.109999999999999654e-01 3.606159926284095150e+02
7.119999999999999662e-01 3.615718809667187088e+02
7.129999999999999671e-01 3.625288818720824793e+02
7.139999999999999680e-01 3.634869948824677408e+02
7.149999999999999689e-01 3.644462195365960042e+02
7.159999999999999698e-01 3.654065553739405914e+02
7.169999999999999707e-01 3.663680019347254984e+02
7.179999999999999716e-01 3.673305587599222122e+02
7.189999999999999725e-01 3.682942253912486876e+02
7.199999999999999734e-01 3.692590013711665620e+02
7.209999999999999742e-01 3.702248862428793927e+02
7.219999999999999751e-01 3.711918795503302704e+02
7.229999999999999760e-01 3.721599808382003403e+02
7.239999999999999769e-01 3.731291896519062448e+02
7.249999999999999778e-01 3.740995055375982474e+02
7.259999999999999787e-01 3.750709280421581866e+02
7.269999999999999796e-01 3.760434567131977701e+02
7.279999999999999805e-01 3.770170910990559605e+02
7.289999999999999813e-01 3.779918307487974403e+02
7.299999999999999822e-01 3.789676752122104517e+02
7.309999999999999831e-01 3.799446240398049781e+02
7.319999999999999840e-01 3.809226767828100719e+02
7.329999999999999849e-01 3.819018329931732865e+02
7.339999999999999858e-01 3.828820922235571516e+02
7.349999999999999867e-01 3.838634540273379798e+02
7.359999999999999876e-01 3.848459179586038772e+02
7.369999999999999885e-01 3.858294835721534355e+02
7.379999999999999893e-01 3.868141504234918671e+02
7.389999999999999902e-01 3.877999180688315732e+02
7.399999999999999911e-01 3.887867860650879379e+02
7.409999999999999920e-01 3.897747539698791002e+02
7.419999999999999929e-01 3.907638213415229984e+02
7.429999999999999938e-01 3.917539877390366314e+02
7.439999999999999947e-01 3.927452527221321361e+02
7.449999999999999956e-01 3.937376158512172992e+02
7.459999999999999964e-01 3.947310766873920898e+02
7.469999999999999973e-01 3.957256347924471811e+02
7.479999999999999982e-01 3.967212897288621889e+02
7.489999999999999991e-01 3.977180410598040226e+02
7.500000000000000000e-01 3.987158883491242705e+02
7.510000000000000009e-01 3.997148311613584042e+02
7.520000000000000018e-01 4.007148690617230500e+02
7.530000000000000027e-01 4.017160016161146814e+02
7.540000000000000036e-01 4.027182283911078571e+02
7.550000000000000044e-01 4.037215489539523219e+02
7.560000000000000053e-01 4.047259628725730636e+02
7.570000000000000062e-01 4.057314697155668455e+02
7.580000000000000071e-01 4.067380690522013538e+02
7.590000000000000080e-01 4.077457604524130375e+02
7.600000000000000089e-01 4.087545434868053462e+02
7.610000000000000098e-01 4.097644177266470251e+02
7.620000000000000107e-01 4.107753827438704661e+02
7.630000000000000115e-01 4.117874381110696049e+02
7.640000000000000124e-01 4.128005834014984430e+02
7.650000000000000133e-01 4.138148181890693422e+02
7.660000000000000142e-01 4.148301420483508082e+02
7.670000000000000151e-01 4.158465545545667510e+02
7.680000000000000160e-01 4.168640552835933022e+02
7.690000000000000169e-01 4.178826438119584736e+02
7.700000000000000178e-01 4.189023197168397132e+02
7.710000000000000187e-01 4.199230825760620860e+02
7.720000000000000195e-01 4.209449319680972508e+02
7.730000000000000204e-01 4.219678674720610161e+02
7.740000000000000213e-01 4.229918886677121463e+02
7.750000000000000222e-01 4.240169951354503155e+02
7.760000000000000231e-01 4.250431864563147428e+02
7.770000000000000240e-01 4.260704622119821465e+02
7.780000000000000249e-01 4.270988219847657774e+02
7.790000000000000258e-01 4.281282653576130883e+02
7.800000000000000266e-01 4.291587919141037446e+02
7.810000000000000275e-01 4.301904012384491125e+02
7.820000000000000284e-01 4.312230929154900991e+02
7.830000000000000293e-01 4.322568665306947651e+02
7.840000000000000302e-01 4.332917216701579264e+02
7.850000000000000311e-01 4.343276579205988241e+02
7.860000000000000320e-01 4.353646748693594191e+02
7.870000000000000329e-01 4.364027721044031978e+02
7.880000000000000338e-01 4.374419492143132402e+02
7.890000000000000346e-01 4.384822057882908553e+02
7.900000000000000355e-01 4.395235414161534777e+02
7.910000000000000364e-01 4.405659556883343839e+02
7.920000000000000373e-01 4.416094481958789970e+02
7.930000000000000382e-01 4.426540185304452848e+02
7.940000000000000391e-01 4.436996662843010881e+02
7.950000000000000400e-01 4.447463910503227567e+02
7.960000000000000409e-01 4.457941924219941257e+02
7.970000000000000417e-01 4.468430699934040149e+02
7.980000000000000426e-01 4.478930233592453760e+02
7.990000000000000435e-01 4.489440521148137577e+02
8.000000000000000444e-01 4.499961558560053163e+02
8.010000000000000453e-01 4.510493341793153377e+02
8.020000000000000462e-01 4.521035866818372142e+02
8.030000000000000471e-01 4.531589129612605689e+02
8.040000000000000480e-01 4.542153126158696068e+02
8.050000000000000488e-01 4.552727852445418648e+02
8.060000000000000497e-01 4.563313304467466196e+02
8.070000000000000506e-01 4.573909478225431258e+02
8.080000000000000515e-01 4.584516369725797631e+02
8.090000000000000524e-01 4.595133974980915355e+02
8.100000000000000533e-01 4.605762290009000708e+02
8.110000000000000542e-01 4.616401310834103242e+02
8.120000000000000551e-01 4.627051033486106917e+02
8.130000000000000560e-01 4.637711454000704521e+02
8.140000000000000568e-01 4.648382568419389713e+02
8.150000000000000577e-01 4.659064372789439972e+02
8.160000000000000586e-01 4.669756863163900107e+02
8.170000000000000595e-01 4.680460035601572031e+02
8.180000000000000604e-01 4.691173886166995999e+02
8.190000000000000613e-01 4.701898410930439240e+02
8.200000000000000622e-01 4.712633605967881181e+02
8.210000000000000631e-01 4.723379467360996387e+02
8.220000000000000639e-01 4.734135991197144904e+02
8.230000000000000648e-01 4.744903173569352930e+02
8.240000000000000657e-01 4.755681010576304288e+02
8.250000000000000666e-01 4.766469498322321101e+02
8.260000000000000675e-01 4.777268632917351852e+02
8.270000000000000684e-01 4.788078410476961153e+02
8.280000000000000693e-01 4.798898827122304738e+02
8.290000000000000702e-01 4.809729878980132298e+02
8.300000000000000711e-01 4.820571562182757930e+02
8.310000000000000719e-01 4.831423872868053877e+02
8.320000000000000728e-01 4.842286807179435755e+02
8.329999999999999627e-01 4.853160361265847769e+02
8.339999999999999636e-01 4.864044531281755894e+02
8.349999999999999645e-01 4.874939313387119455e+02
8.359999999999999654e-01 4.885844703747389985e+02
8.369999999999999662e-01 4.896760698533498726e+02
8.379999999999999671e-01 4.907687293921831611e+02
8.389999999999999680e-01 4.918624486094227564e+02
8.399999999999999689e-01 4.929572271237955192e+02
8.409999999999999698e-01 4.940530645545709945e+02
8.419999999999999707e-01 4.951499605215594784e+02
8.429999999999999716e-01 4.962479146451103702e+02
8.439999999999999725e-01 4.973469265461114901e+02
8.449999999999999734e-01 4.984469958459875443e+02
8.459999999999999742e-01 4.995481221666991019e+02
8.469999999999999751e-01 5.006503051307400369e+02
8.479999999999999760e-01 5.017535443611381538e+02
8.489999999999999769e-01 5.028578394814522881e+02
8.499999999999999778e-01 5.039631901157721359e+02
8.509999999999999787e-01 5.050695958887156962e+02
8.519999999999999796e-01 5.061770564254294413e+02
8.529999999999999805e-01 5.072855713515859861e+02
8.539999999999999813e-01 5.083951402933834629e+02
8.549999999999999822e-01 5.095057628775434750e+02
8.559999999999999831e-01 5.106174387313106990e+02
8.569999999999999840e-01 5.117301674824509519e+02
8.579999999999999849e-01 5.128439487592506794e+02
8.589999999999999858e-01 5.139587821905146257e+02
8.599999999999999867e-01 5.150746674055653784e+02
8.609999999999999876e-01 5.161916040342423457e+02
8.619999999999999885e-01 5.173095917068997096e+02
8.629999999999999893e-01 5.184286300544056303e+02
8.639999999999999902e-01 5.195487187081407683e+02
8.649999999999999911e-01 5.206698572999977159e+02
8.659999999999999920e-01 5.217920454623790647e+02
8.669999999999999929e-01 5.229152828281960410e+02
8.679999999999999938e-01 5.240395690308685062e+02
8.689999999999999947e-01 5.251649037043223416e+02
8.699999999999999956e-01 5.262912864829886530e+02
8.709999999999999964e-01 5.274187170018033157e+02
8.719999999999999973e-01 5.285471948962048145e+02
8.729999999999999982e-01 5.296767198021332206e+02
8.739999999999999991e-01 5.308072913560297366e+02
8.750000000000000000e-01 5.319389091948345367e+02
8.760000000000000009e-01 5.330715729559860847e+02
8.770000000000000018e-01 5.342052822774201104e+02
8.780000000000000027e-01 5.353400367975677909e+02
8.790000000000000036e-01 5.364758361553556369e+02
8.800000000000000044e-01 5.376126799902026505e+02
8.810000000000000053e-01 5.387505679420213482e+02
8.820000000000000062e-01 5.398894996512146918e+02
8.830000000000000071e-01 5.410294747586756330e+02
8.840000000000000080e-01 5.421704929057864319e+02
8.850000000000000089e-01 5.433125537344170652e+02
8.860000000000000098e-01 5.444556568869236344e+02
8.870000000000000107e-01 5.455998020061483658e+02
8.880000000000000115e-01 5.467449887354168823e+02
8.890000000000000124e-01 5.478912167185387716e+02
8.900000000000000133e-01 5.490384855998054263e+02
8.910000000000000142e-01 5.501867950239890206e+02
8.920000000000000151e-01 5.513361446363414871e+02
8.930000000000000160e-01 5.524865340825936073e+02
8.940000000000000169e-01 5.536379630089538750e+02
8.950000000000000178e-01 5.547904310621066770e+02
8.960000000000000187e-01 5.559439378892122932e+02
8.970000000000000195e-01 5.570984831379047364e+02
8.980000000000000204e-01 5.582540664562914117e+02
8.990000000000000213e-01 5.594106874929522064e+02
9.000000000000000222e-01 5.605683458969369894e+02
9.010000000000000231e-01 5.617270413177661794e+02
9.020000000000000240e-01 5.628867734054285847e+02
9.030000000000000249e-01 5.640475418103808352e+02
9.040000000000000258e-01 5.652093461835463586e+02
9.050000000000000266e-01 5.663721861763139032e+02
9.060000000000000275e-01 5.675360614405360593e+02
9.070000000000000284e-01 5.687009716285301693e+02
9.080000000000000293e-01 5.698669163930746890e+02
9.090000000000000302e-01 5.710338953874097569e+02
9.100000000000000311e-01 5.722019082652357156e+02
9.110000000000000320e-01 5.733709546807119750e+02
9.120000000000000329e-01 5.745410342884558759e+02
9.130000000000000338e-01 5.757121467435422346e+02
9.140000000000000346e-01 5.768842917015012972e+02
9.150000000000000355e-01 5.780574688183187391e+02
9.160000000000000364e-01 5.792316777504336187e+02
9.170000000000000373e-01 5.804069181547386052e+02
9.180000000000000382e-01 5.815831896885772494e+02
9.190000000000000391e-01 5.827604920097446666e+02
9.200000000000000400e-01 5.839388247764854896e+02
9.210000000000000409e-01 5.851181876474928458e+02
9.220000000000000417e-01 5.862985802819082437e+02
9.230000000000000426e-01 5.874800023393195261e+02
9.240000000000000435e-01 5.886624534797598471e+02
9.250000000000000444e-01 5.898459333637077862e+02
9.260000000000000453e-01 5.910304416520853010e+02
9.270000000000000462e-01 5.922159780062570462e+02
9.280000000000000471e-01 5.934025420880291222e+02
9.290000000000000480e-01 5.945901335596488479e+02
9.300000000000000488e-01 5.957787520838027149e+02
9.310000000000000497e-01 5.969683973236163865e+02
9.320000000000000506e-01 5.981590689426528797e+02
9.330000000000000515e-01 5.993507666049121099e+02
9.340000000000000524e-01 6.005434899748298676e+02
9.350000000000000533e-01 6.017372387172764547e+02
9.360000000000000542e-01 6.029320124975564568e+02
9.370000000000000551e-01 6.041278109814065829e+02
9.380000000000000560e-01 6.053246338349960070e+02
9.390000000000000568e-01 6.065224807249242076e+02
9.400000000000000577e-01 6.077213513182217639e+02
9.410000000000000586e-01 6.089212452823467174e+02
9.420000000000000595e-01 6.101221622851861639e+02
9.430000000000000604e-01 6.113241019950539794e+02
9.440000000000000613e-01 6.125270640806903657e+02
9.450000000000000622e-01 6.137310482112602585e+02
9.460000000000000631e-01 6.149360540563529867e+02
9.470000000000000639e-01 6.161420812859814760e+02
9.480000000000000648e-01 6.173491295705805442e+02
9.490000000000000657e-01 6.185571985810067872e+02
9.500000000000000666e-01 6.197662879885368739e+02
9.510000000000000675e-01 6.209763974648678868e+02
9.520000000000000684e-01 6.221875266821143668e+02
9.530000000000000693e-01 6.233996753128092223e+02
9.540000000000000702e-01 6.246128430299021375e+02
9.550000000000000711e-01 6.258270295067585494e+02
9.560000000000000719e-01 6.270422344171587383e+02
9.570000000000000728e-01 6.282584574352972595e+02
9.580000000000000737e-01 6.294756982357818060e+02
9.590000000000000746e-01 6.306939564936317311e+02
9.599999999999999645e-01 6.319132318842781615e+02
9.609999999999999654e-01 6.331335240835628611e+02
9.619999999999999662e-01 6.343548327677369798e+02
9.629999999999999671e-01 6.355771576134595762e+02
9.639999999999999680e-01 6.368004982977984128e+02
9.649999999999999689e-01 6.380248544982273415e+02
9.659999999999999698e-01 6.392502258926266450e+02
9.669999999999999707e-01 6.404766121592815580e+02
9.679999999999999716e-01 6.417040129768813586e+02
9.689999999999999725e-01 6.429324280245186856e+02
9.699999999999999734e-01 6.441618569816887430e+02
9.709999999999999742e-01 6.453922995282880493e+02
9.719999999999999751e-01 6.466237553446137554e+02
9.729999999999999760e-01 6.478562241113634173e+02
9.739999999999999769e-01 6.490897055096327222e+02
9.749999999999999778e-01 6.503241992209158298e+02
9.759999999999999787e-01 6.515597049271042351e+02
9.769999999999999796e-01 6.527962223104857458e+02
9.779999999999999805e-01 6.540337510537433445e+02
9.789999999999999813e-01 6.552722908399550761e+02
9.799999999999999822e-01 6.565118413525926826e+02
9.809999999999999831e-01 6.577524022755205806e+02
9.819999999999999840e-01 6.589939732929956335e+02
9.829999999999999849e-01 6.602365540896657876e+02
9.839999999999999858e-01 6.614801443505696170e+02
9.849999999999999867e-01 6.627247437611354144e+02
9.859999999999999876e-01 6.639703520071794856e+02
9.869999999999999885e-01 6.652169687749067180e+02
9.879999999999999893e-01 6.664645937509092164e+02
9.889999999999999902e-01 6.677132266221644841e+02
9.899999999999999911e-01 6.689628670760366731e+02
9.909999999999999920e-01 6.702135148002735150e+02
9.919999999999999929e-01 6.714651694830072302e+02
9.929999999999999938e-01 6.727178308127524815e+02
9.939999999999999947e-01 6.739714984784064882e+02
9.949999999999999956e-01 6.752261721692475476e+02
9.959999999999999964e-01 6.764818515749351491e+02
9.969999999999999973e-01 6.777385363855073592e+02
9.979999999999999982e-01 6.789962262913822997e+02
9.989999999999999991e-01 6.802549209833557597e+02
1.000000000000000000e+00 6.815146201526006280e+02
