0.000000000000000000e+00 0.000000000000000000e+00
1.000000000000000021e-03 1.030618125991105360e+00
2.000000000000000042e-03 1.558410356177861056e+00
3.000000000000000062e-03 1.969823149382456506e+00
4.000000000000000083e-03 2.316448556164542261e+00
5.000000000000000104e-03 2.619800404369263536e+00
6.000000000000000125e-03 2.891473237398927143e+00
7.000000000000000146e-03 3.138619946081538270e+00
8.000000000000000167e-03 3.366045554376374316e+00
9.000000000000001055e-03 3.577174097060610070e+00
1.000000000000000021e-02 3.774553870108715792e+00
1.099999999999999936e-02 3.960145789609308409e+00
1.200000000000000025e-02 4.135499267408482282e+00
1.300000000000000114e-02 4.301865206180453427e+00
1.400000000000000029e-02 4.460271701146561796e+00
1.499999999999999944e-02 4.611576537735539993e+00
1.600000000000000033e-02 4.756504666970482909e+00
1.700000000000000122e-02 4.895675624685615901e+00
1.800000000000000211e-02 5.029624023761466667e+00
1.899999999999999953e-02 5.158815155404407271e+00
2.000000000000000042e-02 5.283657061624879248e+00
2.100000000000000130e-02 5.404510012738284352e+00
2.199999999999999872e-02 5.521694044025615256e+00
2.299999999999999961e-02 5.635495018655437782e+00
2.400000000000000050e-02 5.746169556202476159e+00
2.500000000000000139e-02 5.853949077134982915e+00
2.600000000000000228e-02 5.959043150619935503e+00
2.699999999999999969e-02 6.061642287643239868e+00
2.800000000000000058e-02 6.161920288336986573e+00
2.900000000000000147e-02 6.260036227921574437e+00
2.999999999999999889e-02 6.356136147343385723e+00
3.099999999999999978e-02 6.450354500816999348e+00
3.200000000000000067e-02 6.542815401873053993e+00
3.300000000000000155e-02 6.633633701323288889e+00
3.400000000000000244e-02 6.722915924175253188e+00
3.500000000000000333e-02 6.810761087519038526e+00
3.600000000000000422e-02 6.897261417442898335e+00
3.699999999999999817e-02 6.982502979872988291e+00
3.799999999999999906e-02 7.066566237694573260e+00
3.899999999999999994e-02 7.149526544461544120e+00
4.000000000000000083e-02 7.231454583334674169e+00
4.100000000000000172e-02 7.312416758526468108e+00
4.200000000000000261e-02 7.392475545410970739e+00
4.300000000000000350e-02 7.471689804531570722e+00
4.399999999999999745e-02 7.550115063972203444e+00
4.499999999999999833e-02 7.627803773916754793e+00
4.599999999999999922e-02 7.704805536684972367e+00
4.700000000000000011e-02 7.781167315082196723e+00
4.800000000000000100e-02 7.856933621518670030e+00
4.900000000000000189e-02 7.932146690031606440e+00
5.000000000000000278e-02 8.006846633067855379e+00
5.100000000000000366e-02 8.081071584650665329e+00
5.200000000000000455e-02 8.154857831352590125e+00
5.299999999999999850e-02 8.228239932324250105e+00
5.399999999999999939e-02 8.301250829479199567e+00
5.500000000000000028e-02 8.373921948806771098e+00
5.600000000000000117e-02 8.446283293672831149e+00
5.700000000000000205e-02 8.518363530871457812e+00
5.800000000000000294e-02 8.590190070105840903e+00
5.900000000000000383e-02 8.661789137502790226e+00
5.999999999999999778e-02 8.733185843700420392e+00
6.099999999999999867e-02 8.804404246991778038e+00
6.199999999999999956e-02 8.875467411957012942e+00
6.300000000000000044e-02 8.946397463972614261e+00
6.400000000000000133e-02 9.017215639947226080e+00
6.500000000000000222e-02 9.087942335598892640e+00
6.600000000000000311e-02 9.158597149558115547e+00
6.700000000000000400e-02 9.229198924553589478e+00
6.800000000000000488e-02 9.299765785913381322e+00
6.900000000000000577e-02 9.370315177592679845e+00
7.000000000000000666e-02 9.440863895919605397e+00
7.100000000000000755e-02 9.511428121233596045e+00
7.200000000000000844e-02 9.582023447575014785e+00
7.299999999999999545e-02 9.652664910570859291e+00
7.399999999999999634e-02 9.723367013648772428e+00
7.499999999999999722e-02 9.794143752700293248e+00
7.599999999999999811e-02 9.865008639304011950e+00
7.699999999999999900e-02 9.935974722610072973e+00
7.799999999999999989e-02 1.000705460997924767e+01
7.900000000000000078e-02 1.007826048646196782e+01
8.000000000000000167e-02 1.014960413319604626e+01
8.100000000000000255e-02 1.022109694479557085e+01
8.200000000000000344e-02 1.029274994579768077e+01
8.300000000000000433e-02 1.036457380622880642e+01
8.400000000000000522e-02 1.043657885634732096e+01
8.500000000000000611e-02 1.050877510061512332e+01
8.600000000000000699e-02 1.058117223094688697e+01
8.700000000000000788e-02 1.065377963928198568e+01
8.799999999999999489e-02 1.072660642952092935e+01
8.899999999999999578e-02 1.079966142886500080e+01
8.999999999999999667e-02 1.087295319859519438e+01
9.099999999999999756e-02 1.094649004432385198e+01
9.199999999999999845e-02 1.102028002575011101e+01
9.299999999999999933e-02 1.109433096594822565e+01
9.400000000000000022e-02 1.116865046021559671e+01
9.500000000000000111e-02 1.124324588450589602e+01
9.600000000000000200e-02 1.131812440347056103e+01
9.700000000000000289e-02 1.139329297813074149e+01
9.800000000000000377e-02 1.146875837320011371e+01
9.900000000000000466e-02 1.154452716407774737e+01
1.000000000000000056e-01 1.162060574352898001e+01
1.010000000000000064e-01 1.169700032807103440e+01
1.020000000000000073e-01 1.177371696407920432e+01
1.030000000000000082e-01 1.185076153362823526e+01
1.040000000000000091e-01 1.192813976008292087e+01
1.049999999999999961e-01 1.200585721345066048e+01
1.059999999999999970e-01 1.208391931550847609e+01
1.069999999999999979e-01 1.216233134471571198e+01
1.079999999999999988e-01 1.224109844092336452e+01
1.089999999999999997e-01 1.232022560989011595e+01
1.100000000000000006e-01 1.239971772761466973e+01
1.110000000000000014e-01 1.247957954449342743e+01
1.120000000000000023e-01 1.255981568931185599e+01
1.130000000000000032e-01 1.264043067307780177e+01
1.140000000000000041e-01 1.272142889270402044e+01
1.150000000000000050e-01 1.280281463454729973e+01
1.160000000000000059e-01 1.288459207781075122e+01
1.170000000000000068e-01 1.296676529781572107e+01
1.180000000000000077e-01 1.304933826914937711e+01
1.190000000000000085e-01 1.313231486869343811e+01
1.199999999999999956e-01 1.321569887853985570e+01
1.209999999999999964e-01 1.329949398879809763e+01
1.219999999999999973e-01 1.338370380029916440e+01
1.229999999999999982e-01 1.346833182720084032e+01
1.239999999999999991e-01 1.355338149949847804e+01
1.250000000000000000e-01 1.363885616544550317e+01
1.260000000000000009e-01 1.372475909388751347e+01
1.270000000000000018e-01 1.381109347651361396e+01
1.280000000000000027e-01 1.389786243002881250e+01
1.290000000000000036e-01 1.398506899825028071e+01
1.300000000000000044e-01 1.407271615413129595e+01
1.310000000000000053e-01 1.416080680171535278e+01
1.320000000000000062e-01 1.424934377802371088e+01
1.330000000000000071e-01 1.433832985487883604e+01
1.340000000000000080e-01 1.442776774066656031e+01
1.350000000000000089e-01 1.451766008203934533e+01
1.360000000000000098e-01 1.460800946556293312e+01
1.370000000000000107e-01 1.469881841930883937e+01
1.380000000000000115e-01 1.479008941439465730e+01
1.390000000000000124e-01 1.488182486647436775e+01
1.400000000000000133e-01 1.497402713718040701e+01
1.410000000000000142e-01 1.506669853551965588e+01
1.420000000000000151e-01 1.515984131922481382e+01
1.430000000000000160e-01 1.525345769606314050e+01
1.440000000000000169e-01 1.534754982510394683e+01
1.449999999999999900e-01 1.544211981794656907e+01
1.459999999999999909e-01 1.553716973991025085e+01
1.469999999999999918e-01 1.563270161118729007e+01
1.479999999999999927e-01 1.572871740796090023e+01
1.489999999999999936e-01 1.582521906348906882e+01
1.499999999999999944e-01 1.592220846915560273e+01
1.509999999999999953e-01 1.601968747548954752e+01
1.519999999999999962e-01 1.611765789315427000e+01
1.529999999999999971e-01 1.621612149390705326e+01
1.539999999999999980e-01 1.631508001153042287e+01
1.549999999999999989e-01 1.641453514273621295e+01
1.559999999999999998e-01 1.651448854804320021e+01
1.570000000000000007e-01 1.661494185262937506e+01
1.580000000000000016e-01 1.671589664715960311e+01
1.590000000000000024e-01 1.681735448858958648e+01
1.600000000000000033e-01 1.691931690094704166e+01
1.610000000000000042e-01 1.702178537609061593e+01
1.620000000000000051e-01 1.712476137444760127e+01
1.630000000000000060e-01 1.722824632573084358e+01
1.640000000000000069e-01 1.733224162963588100e+01
1.650000000000000078e-01 1.743674865651869155e+01
1.660000000000000087e-01 1.754176874805480679e+01
1.670000000000000095e-01 1.764730321788043099e+01
1.680000000000000104e-01 1.775335335221611643e+01
1.690000000000000113e-01 1.785992041047350654e+01
1.700000000000000122e-01 1.796700562584587502e+01
1.710000000000000131e-01 1.807461020588275602e+01
1.720000000000000140e-01 1.818273533304934730e+01
1.730000000000000149e-01 1.829138216527101690e+01
1.740000000000000158e-01 1.840055183646360604e+01
1.750000000000000167e-01 1.851024545704972724e+01
1.759999999999999898e-01 1.862046411446169358e+01
1.769999999999999907e-01 1.873120887363135267e+01
1.779999999999999916e-01 1.884248077746730132e+01
1.789999999999999925e-01 1.895428084731990026e+01
1.799999999999999933e-01 1.906661008343440500e+01
1.809999999999999942e-01 1.917946946539255038e+01
1.819999999999999951e-01 1.929285995254302222e+01
1.829999999999999960e-01 1.940678248442113230e+01
1.839999999999999969e-01 1.952123798115794173e+01
1.849999999999999978e-01 1.963622734387923785e+01
1.859999999999999987e-01 1.975175145509458474e+01
1.869999999999999996e-01 1.986781117907691296e+01
1.880000000000000004e-01 1.998440736223263769e+01
1.890000000000000013e-01 2.010154083346284892e+01
1.900000000000000022e-01 2.021921240451570156e+01
1.910000000000000031e-01 2.033742287033034302e+01
1.920000000000000040e-01 2.045617300937245275e+01
1.930000000000000049e-01 2.057546358396178476e+01
1.940000000000000058e-01 2.069529534059207165e+01
1.950000000000000067e-01 2.081566901024308081e+01
1.960000000000000075e-01 2.093658530868547274e+01
1.970000000000000084e-01 2.105804493677845102e+01
1.980000000000000093e-01 2.118004858076048436e+01
1.990000000000000102e-01 2.130259691253314713e+01
2.000000000000000111e-01 2.142569058993855791e+01
2.010000000000000120e-01 2.154933025703026672e+01
2.020000000000000129e-01 2.167351654433798203e+01
2.030000000000000138e-01 2.179825006912622243e+01
2.040000000000000147e-01 2.192353143564712781e+01
2.050000000000000155e-01 2.204936123538751502e+01
2.060000000000000164e-01 2.217574004731028481e+01
2.070000000000000173e-01 2.230266843809052801e+01
2.080000000000000182e-01 2.243014696234627436e+01
2.089999999999999913e-01 2.255817616286410043e+01
2.099999999999999922e-01 2.268675657081982067e+01
2.109999999999999931e-01 2.281588870599413710e+01
2.119999999999999940e-01 2.294557307698368120e+01
2.129999999999999949e-01 2.307581018140743723e+01
2.139999999999999958e-01 2.320660050610858605e+01
2.149999999999999967e-01 2.333794452735198632e+01
2.159999999999999976e-01 2.346984271101744923e+01
2.169999999999999984e-01 2.360229551278873927e+01
2.179999999999999993e-01 2.373530337833865289e+01
2.190000000000000002e-01 2.386886674351002924e+01
2.200000000000000011e-01 2.400298603449291690e+01
2.210000000000000020e-01 2.413766166799813462e+01
2.220000000000000029e-01 2.427289405142694534e+01
2.230000000000000038e-01 2.440868358303730190e+01
2.240000000000000047e-01 2.454503065210661106e+01
2.250000000000000056e-01 2.468193563909105492e+01
2.260000000000000064e-01 2.481939891578164392e+01
2.270000000000000073e-01 2.495742084545693373e+01
2.280000000000000082e-01 2.509600178303280416e+01
2.290000000000000091e-01 2.523514207520892327e+01
2.300000000000000100e-01 2.537484206061237302e+01
2.310000000000000109e-01 2.551510206993831886e+01
2.320000000000000118e-01 2.565592242608777696e+01
2.330000000000000127e-01 2.579730344430261724e+01
2.340000000000000135e-01 2.593924543229784518e+01
2.350000000000000144e-01 2.608174869039130428e+01
2.360000000000000153e-01 2.622481351163060737e+01
2.370000000000000162e-01 2.636844018191768768e+01
2.380000000000000171e-01 2.651262898013089853e+01
2.390000000000000180e-01 2.665738017824451944e+01
2.399999999999999911e-01 2.680269404144608103e+01
2.409999999999999920e-01 2.694857082825133432e+01
2.419999999999999929e-01 2.709501079061690021e+01
2.429999999999999938e-01 2.724201417405086900e+01
2.439999999999999947e-01 2.738958121772103382e+01
2.449999999999999956e-01 2.753771215456130506e+01
2.459999999999999964e-01 2.768640721137584748e+01
2.469999999999999973e-01 2.783566660894121014e+01
2.479999999999999982e-01 2.798549056210678287e+01
2.489999999999999991e-01 2.813587927989289739e+01
2.500000000000000000e-01 2.828683296558746818e+01
2.510000000000000009e-01 2.843835181684052671e+01
2.520000000000000018e-01 2.859043602575718168e+01
2.530000000000000027e-01 2.874308577898854367e+01
2.540000000000000036e-01 2.889630125782127834e+01
2.550000000000000044e-01 2.905008263826523773e+01
2.560000000000000053e-01 2.920443009113955313e+01
2.570000000000000062e-01 2.935934378215710439e+01
2.580000000000000071e-01 2.951482387200749358e+01
2.590000000000000080e-01 2.967087051643830620e+01
2.600000000000000089e-01 2.982748386633516802e+01
2.610000000000000098e-01 2.998466406779998294e+01
2.620000000000000107e-01 3.014241126222806244e+01
2.630000000000000115e-01 3.030072558638362068e+01
2.640000000000000124e-01 3.045960717247406180e+01
2.650000000000000133e-01 3.061905614822271815e+01
2.660000000000000142e-01 3.077907263694055118e+01
2.670000000000000151e-01 3.093965675759631750e+01
2.680000000000000160e-01 3.110080862488559106e+01
2.690000000000000169e-01 3.126252834929854885e+01
2.700000000000000178e-01 3.142481603718649197e+01
2.710000000000000187e-01 3.158767179082727239e+01
2.720000000000000195e-01 3.175109570848948337e+01
2.730000000000000204e-01 3.191508788449551659e+01
2.740000000000000213e-01 3.207964840928359251e+01
2.750000000000000222e-01 3.224477736946856510e+01
2.760000000000000231e-01 3.241047484790183830e+01
2.770000000000000240e-01 3.257674092373007113e+01
2.780000000000000249e-01 3.274357567245293410e+01
2.790000000000000258e-01 3.291097916597987449e+01
2.800000000000000266e-01 3.307895147268584424e+01
2.810000000000000275e-01 3.324749265746619642e+01
2.820000000000000284e-01 3.341660278179047339e+01
2.830000000000000293e-01 3.358628190375537059e+01
2.840000000000000302e-01 3.375653007813665596e+01
2.850000000000000311e-01 3.392734735644057054e+01
2.860000000000000320e-01 3.409873378695385782e+01
2.870000000000000329e-01 3.427068941479332409e+01
2.880000000000000338e-01 3.444321428195438273e+01
2.889999999999999791e-01 3.461630842735878844e+01
2.899999999999999800e-01 3.478997188690170361e+01
2.909999999999999809e-01 3.496420469349777704e+01
2.919999999999999818e-01 3.513900687712657600e+01
2.929999999999999827e-01 3.531437846487730781e+01
2.939999999999999836e-01 3.549031948099259637e+01
2.949999999999999845e-01 3.566682994691175423e+01
2.959999999999999853e-01 3.584390988131330147e+01
2.969999999999999862e-01 3.602155930015651109e+01
2.979999999999999871e-01 3.619977821672274843e+01
2.989999999999999880e-01 3.637856664165568077e+01
2.999999999999999889e-01 3.655792458300118142e+01
3.009999999999999898e-01 3.673785204624626743e+01
3.019999999999999907e-01 3.691834903435761817e+01
3.029999999999999916e-01 3.709941554781948980e+01
3.039999999999999925e-01 3.728105158467079860e+01
3.049999999999999933e-01 3.746325714054184886e+01
3.059999999999999942e-01 3.764603220869028632e+01
3.069999999999999951e-01 3.782937678003662541e+01
3.079999999999999960e-01 3.801329084319908702e+01
3.089999999999999969e-01 3.819777438452785390e+01
3.099999999999999978e-01 3.838282738813904871e+01
3.109999999999999987e-01 3.856844983594776011e+01
3.119999999999999996e-01 3.875464170770088401e+01
3.130000000000000004e-01 3.894140298100928987e+01
3.140000000000000013e-01 3.912873363137947536e+01
3.150000000000000022e-01 3.931663363224477337e+01
3.160000000000000031e-01 3.950510295499610436e+01
3.170000000000000040e-01 3.969414156901211754e+01
3.180000000000000049e-01 3.988374944168897684e+01
3.190000000000000058e-01 4.007392653846967789e+01
3.200000000000000067e-01 4.026467282287268290e+01
3.210000000000000075e-01 4.045598825652070474e+01
3.220000000000000084e-01 4.064787279916811258e+01
3.230000000000000093e-01 4.084032640872889885e+01
3.240000000000000102e-01 4.103334904130353777e+01
3.250000000000000111e-01 4.122694065120563778e+01
3.260000000000000120e-01 4.142110119098830268e+01
3.270000000000000129e-01 4.161583061146996698e+01
3.280000000000000138e-01 4.181112886175979781e+01
3.290000000000000147e-01 4.200699588928281969e+01
3.300000000000000155e-01 4.220343163980456325e+01
3.310000000000000164e-01 4.240043605745548660e+01
3.320000000000000173e-01 4.259800908475475012e+01
3.330000000000000182e-01 4.279615066263399115e+01
3.340000000000000191e-01 4.299486073046044510e+01
3.350000000000000200e-01 4.319413922605985334e+01
3.360000000000000209e-01 4.339398608573895899e+01
3.370000000000000218e-01 4.359440124430787478e+01
3.380000000000000226e-01 4.379538463510175461e+01
3.390000000000000235e-01 4.399693619000245093e+01
3.400000000000000244e-01 4.419905583945970307e+01
3.410000000000000253e-01 4.440174351251209117e+01
3.420000000000000262e-01 4.460499913680754958e+01
3.430000000000000271e-01 4.480882263862381620e+01
3.440000000000000280e-01 4.501321394288824962e+01
3.450000000000000289e-01 4.521817297319764606e+01
3.460000000000000298e-01 4.542369965183763014e+01
3.470000000000000306e-01 4.562979389980179690e+01
3.480000000000000315e-01 4.583645563681049850e+01
3.490000000000000324e-01 4.604368478132953868e+01
3.500000000000000333e-01 4.625148125058835546e+01
3.510000000000000342e-01 4.645984496059813296e+01
3.519999999999999796e-01 4.666877582616952935e+01
3.529999999999999805e-01 4.687827376093026288e+01
3.539999999999999813e-01 4.708833867734234957e+01
3.549999999999999822e-01 4.729897048671903548e+01
3.559999999999999831e-01 4.751016909924175025e+01
3.569999999999999840e-01 4.772193442397641405e+01
3.579999999999999849e-01 4.793426636889002168e+01
3.589999999999999858e-01 4.814716484086637394e+01
3.599999999999999867e-01 4.836062974572217144e+01
3.609999999999999876e-01 4.857466098822247602e+01
3.619999999999999885e-01 4.878925847209618638e+01
3.629999999999999893e-01 4.900442210005112997e+01
3.639999999999999902e-01 4.922015177378909101e+01
3.649999999999999911e-01 4.943644739402049737e+01
3.659999999999999920e-01 4.965330886047891568e+01
3.669999999999999929e-01 4.987073607193552505e+01
3.679999999999999938e-01 5.008872892621301531e+01
3.689999999999999947e-01 5.030728732019981919e+01
3.699999999999999956e-01 5.052641114986354864e+01
3.709999999999999964e-01 5.074610031026467283e+01
3.719999999999999973e-01 5.096635469556989761e+01
3.729999999999999982e-01 5.118717419906527510e+01
3.739999999999999991e-01 5.140855871316922077e+01
3.750000000000000000e-01 5.163050812944533163e+01
3.760000000000000009e-01 5.185302233861484211e+01
3.770000000000000018e-01 5.207610123056939955e+01
3.780000000000000027e-01 5.229974469438295159e+01
3.790000000000000036e-01 5.252395261832425177e+01
3.800000000000000044e-01 5.274872488986845553e+01
3.810000000000000053e-01 5.297406139570917105e+01
3.820000000000000062e-01 5.319996202176987055e+01
3.830000000000000071e-01 5.342642665321545792e+01
3.840000000000000080e-01 5.365345517446351664e+01
3.850000000000000089e-01 5.388104746919553634e+01
3.860000000000000098e-01 5.410920342036778408e+01
3.870000000000000107e-01 5.433792291022229648e+01
3.880000000000000115e-01 5.456720582029741706e+01
3.890000000000000124e-01 5.479705203143848991e+01
3.900000000000000133e-01 5.502746142380819805e+01
3.910000000000000142e-01 5.525843387689680952e+01
3.920000000000000151e-01 5.548996926953230968e+01
3.930000000000000160e-01 5.572206747989057618e+01
3.940000000000000169e-01 5.595472838550489314e+01
3.950000000000000178e-01 5.618795186327606928e+01
3.960000000000000187e-01 5.642173778948161100e+01
3.970000000000000195e-01 5.665608603978557767e+01
3.980000000000000204e-01 5.689099648924769781e+01
3.990000000000000213e-01 5.712646901233267727e+01
4.000000000000000222e-01 5.736250348291921597e+01
4.010000000000000231e-01 5.759909977430908157e+01
4.020000000000000240e-01 5.783625775923585621e+01
4.030000000000000249e-01 5.807397730987370466e+01
4.040000000000000258e-01 5.831225829784604997e+01
4.050000000000000266e-01 5.855110059423405033e+01
4.060000000000000275e-01 5.879050406958491948e+01
4.070000000000000284e-01 5.903046859392031109e+01
4.080000000000000293e-01 5.927099403674444034e+01
4.090000000000000302e-01 5.951208026705212717e+01
4.100000000000000311e-01 5.975372715333685392e+01
4.110000000000000320e-01 5.999593456359845334e+01
4.120000000000000329e-01 6.023870236535104539e+01
4.130000000000000338e-01 6.048203042563052634e+01
4.140000000000000346e-01 6.072591861100222843e+01
4.150000000000000355e-01 6.097036678756836636e+01
4.160000000000000364e-01 6.121537482097529193e+01
4.169999999999999818e-01 6.146094257642083392e+01
4.179999999999999827e-01 6.170706991866147462e+01
4.189999999999999836e-01 6.195375671201940548e+01
4.199999999999999845e-01 6.220100282038939810e+01
4.209999999999999853e-01 6.244880810724593800e+01
4.219999999999999862e-01 6.269717243564975462e+01
4.229999999999999871e-01 6.294609566825467795e+01
4.239999999999999880e-01 6.319557766731433190e+01
4.249999999999999889e-01 6.344561829468838710e+01
4.259999999999999898e-01 6.369621741184943886e+01
4.269999999999999907e-01 6.394737487988897584e+01
4.279999999999999916e-01 6.419909055952389565e+01
4.289999999999999925e-01 6.445136431110270792e+01
4.299999999999999933e-01 6.470419599461159521e+01
4.309999999999999942e-01 6.495758546968042424e+01
4.319999999999999951e-01 6.521153259558892046e+01
4.329999999999999960e-01 6.546603723127230978e+01
4.339999999999999969e-01 6.572109923532730136e+01
4.349999999999999978e-01 6.597671846601784296e+01
4.359999999999999987e-01 6.623289478128066321e+01
4.369999999999999996e-01 6.648962803873105543e+01
4.380000000000000004e-01 6.674691809566826350e+01
4.390000000000000013e-01 6.700476480908096732e+01
4.400000000000000022e-01 6.726316803565279656e+01
4.410000000000000031e-01 6.752212763176744659e+01
4.420000000000000040e-01 6.778164345351416387e+01
4.430000000000000049e-01 6.804171535669274817e+01
4.440000000000000058e-01 6.830234319681881061e+01
4.450000000000000067e-01 6.856352682912867635e+01
4.460000000000000075e-01 6.882526610858460003e+01
4.470000000000000084e-01 6.908756088987949795e+01
4.480000000000000093e-01 6.935041102744193608e+01
4.490000000000000102e-01 6.961381637544096179e+01
4.500000000000000111e-01 6.987777678779065127e+01
4.510000000000000120e-01 7.014229211815504073e+01
4.520000000000000129e-01 7.040736221995280175e+01
4.530000000000000138e-01 7.067298694636133405e+01
4.540000000000000147e-01 7.093916615032193818e+01
4.550000000000000155e-01 7.120589968454385144e+01
4.560000000000000164e-01 7.147318740150871008e+01
4.570000000000000173e-01 7.174102915347508258e+01
4.580000000000000182e-01 7.200942479248249128e+01
4.590000000000000191e-01 7.227837417035587464e+01
4.600000000000000200e-01 7.254787713870973676e+01
4.610000000000000209e-01 7.281793354895212644e+01
4.620000000000000218e-01 7.308854325228898574e+01
4.630000000000000226e-01 7.335970609972794421e+01
4.640000000000000235e-01 7.363142194208244007e+01
4.650000000000000244e-01 7.390369062997558558e+01
4.660000000000000253e-01 7.417651201384418869e+01
4.670000000000000262e-01 7.444988594394229153e+01
4.680000000000000271e-01 7.472381227034534845e+01
4.690000000000000280e-01 7.499829084295370762e+01
4.700000000000000289e-01 7.527332151149639117e+01
4.710000000000000298e-01 7.554890412553470469e+01
4.720000000000000306e-01 7.582503853446587527e+01
4.730000000000000315e-01 7.610172458752677471e+01
4.740000000000000324e-01 7.637896213379704591e+01
4.750000000000000333e-01 7.665675102220296822e+01
4.760000000000000342e-01 7.693509110152065489e+01
4.770000000000000351e-01 7.721398222037969106e+01
4.780000000000000360e-01 7.749342422726607538e+01
4.790000000000000369e-01 7.777341697052588643e+01
4.799999999999999822e-01 7.805396029836855121e+01
4.809999999999999831e-01 7.833505405886978679e+01
4.819999999999999840e-01 7.861669809997503933e+01
4.829999999999999849e-01 7.889889226950248258e+01
4.839999999999999858e-01 7.918163641514630058e+01
4.849999999999999867e-01 7.946493038447960089e+01
4.859999999999999876e-01 7.974877402495761203e+01
4.869999999999999885e-01 8.003316718392025564e+01
4.879999999999999893e-01 8.031810970859589816e+01
4.889999999999999902e-01 8.060360144610342559e+01
4.899999999999999911e-01 8.088964224345563991e+01
4.909999999999999920e-01 8.117623194756205862e+01
4.919999999999999929e-01 8.146337040523161477e+01
4.929999999999999938e-01 8.175105746317541389e+01
4.939999999999999947e-01 8.203929296800968984e+01
4.949999999999999956e-01 8.232807676625824911e+01
4.959999999999999964e-01 8.261740870435544082e+01
4.969999999999999973e-01 8.290728862864864368e+01
4.979999999999999982e-01 8.319771638540076708e+01
4.989999999999999991e-01 8.348869182079317852e+01
5.000000000000000000e-01 8.378021478092793473e+01
5.010000000000000009e-01 8.407228511183046749e+01
5.020000000000000018e-01 8.436490265945204214e+01
5.030000000000000027e-01 8.465806726967232976e+01
5.040000000000000036e-01 8.495177878830162399e+01
5.050000000000000044e-01 8.524603706108325696e+01
5.060000000000000053e-01 8.554084193369637035e+01
5.070000000000000062e-01 8.583619325175772019e+01
5.080000000000000071e-01 8.613209086082436272e+01
5.090000000000000080e-01 8.642853460639577179e+01
5.100000000000000089e-01 8.672552433391619786e+01
5.110000000000000098e-01 8.702305988877689913e+01
5.120000000000000107e-01 8.732114111631821629e+01
5.130000000000000115e-01 8.761976786183194577e+01
5.140000000000000124e-01 8.791893997056328658e+01
5.150000000000000133e-01 8.821865728771328463e+01
5.160000000000000142e-01 8.851891965844046695e+01
5.170000000000000151e-01 8.881972692786342805e+01
5.180000000000000160e-01 8.912107894106250683e+01
5.190000000000000169e-01 8.942297554308206031e+01
5.200000000000000178e-01 8.972541657893211209e+01
5.210000000000000187e-01 9.002840189359091028e+01
5.220000000000000195e-01 9.033193133200634861e+01
5.230000000000000204e-01 9.063600473909811228e+01
5.240000000000000213e-01 9.094062195975956797e+01
5.250000000000000222e-01 9.124578283885975338e+01
5.260000000000000231e-01 9.155148722124501148e+01
5.270000000000000240e-01 9.185773495174099423e+01
5.280000000000000249e-01 9.216452587515459527e+01
5.290000000000000258e-01 9.247185983627522887e+01
5.300000000000000266e-01 9.277973667987737372e+01
5.310000000000000275e-01 9.308815625072165290e+01
5.320000000000000284e-01 9.339711839355703660e+01
5.330000000000000293e-01 9.370662295312203582e+01
5.340000000000000302e-01 9.401666977414706139e+01
5.350000000000000311e-01 9.432725870135547552e+01
5.360000000000000320e-01 9.463838957946558139e+01
5.370000000000000329e-01 9.495006225319228577e+01
5.380000000000000338e-01 9.526227656724832116e+01
5.390000000000000346e-01 9.557503236634643429e+01
5.400000000000000355e-01 9.588832949520033821e+01
5.410000000000000364e-01 9.620216779852677291e+01
5.420000000000000373e-01 9.651654712104662792e+01
5.430000000000000382e-01 9.683146730748677555e+01
5.440000000000000391e-01 9.714692820258139250e+01
5.450000000000000400e-01 9.746292965107355144e+01
5.460000000000000409e-01 9.777947149771642898e+01
5.470000000000000417e-01 9.809655358727511043e+01
5.480000000000000426e-01 9.841417576452784033e+01
5.490000000000000435e-01 9.873233787426720198e+01
5.500000000000000444e-01 9.905103976130195065e+01
5.510000000000000453e-01 9.937028127045803672e+01
5.520000000000000462e-01 9.969006224658019732e+01
5.530000000000000471e-01 1.000103825345330222e+02
5.540000000000000480e-01 1.003312419792026446e+02
5.550000000000000488e-01 1.006526404254976512e+02
5.560000000000000497e-01 1.009745777183505595e+02
5.570000000000000506e-01 1.012970537027193672e+02
5.580000000000000515e-01 1.016200682235882482e+02
5.590000000000000524e-01 1.019436211259692300e+02
5.600000000000000533e-01 1.022677122549032447e+02
5.610000000000000542e-01 1.025923414554613800e+02
5.620000000000000551e-01 1.029175085727461294e+02
5.630000000000000560e-01 1.032432134518925011e+02
5.640000000000000568e-01 1.035694559380691260e+02
5.650000000000000577e-01 1.038962358764797074e+02
5.660000000000000586e-01 1.042235531123636889e+02
5.670000000000000595e-01 1.045514074909978888e+02
5.680000000000000604e-01 1.048797988576973665e+02
5.690000000000000613e-01 1.052087270578163043e+02
5.700000000000000622e-01 1.055381919367494419e+02
5.710000000000000631e-01 1.058681933399331854e+02
5.720000000000000639e-01 1.061987311128462750e+02
5.730000000000000648e-01 1.065298051010113198e+02
5.740000000000000657e-01 1.068614151499951959e+02
5.750000000000000666e-01 1.071935611054108222e+02
5.760000000000000675e-01 1.075262428129176442e+02
5.769999999999999574e-01 1.078594601182227848e+02
5.779999999999999583e-01 1.081932128670819679e+02
5.789999999999999591e-01 1.085275009053007409e+02
5.799999999999999600e-01 1.088623240787349715e+02
5.809999999999999609e-01 1.091976822332922268e+02
5.819999999999999618e-01 1.095335752149325685e+02
5.829999999999999627e-01 1.098700028696693636e+02
5.839999999999999636e-01 1.102069650435703636e+02
5.849999999999999645e-01 1.105444615827584016e+02
5.859999999999999654e-01 1.108824923334124719e+02
5.869999999999999662e-01 1.112210571417686822e+02
5.879999999999999671e-01 1.115601558541208078e+02
5.889999999999999680e-01 1.118997883168213150e+02
5.899999999999999689e-01 1.122399543762823129e+02
5.909999999999999698e-01 1.125806538789762499e+02
5.919999999999999707e-01 1.129218866714368090e+02
5.929999999999999716e-01 1.132636526002596042e+02
5.939999999999999725e-01 1.136059515121031609e+02
5.949999999999999734e-01 1.139487832536895979e+02
5.959999999999999742e-01 1.142921476718053668e+02
5.969999999999999751e-01 1.146360446133022322e+02
5.979999999999999760e-01 1.149804739250977264e+02
5.989999999999999769e-01 1.153254354541761586e+02
5.999999999999999778e-01 1.156709290475893113e+02
6.009999999999999787e-01 1.160169545524570083e+02
6.019999999999999796e-01 1.163635118159681809e+02
6.029999999999999805e-01 1.167106006853811095e+02
6.039999999999999813e-01 1.170582210080246170e+02
6.049999999999999822e-01 1.174063726312983817e+02
6.059999999999999831e-01 1.177550554026738467e+02
6.069999999999999840e-01 1.181042691696949021e+02
6.079999999999999849e-01 1.184540137799784389e+02
6.089999999999999858e-01 1.188042890812150176e+02
6.099999999999999867e-01 1.191550949211696064e+02
6.109999999999999876e-01 1.195064311476822780e+02
6.119999999999999885e-01 1.198582976086685505e+02
6.129999999999999893e-01 1.202106941521204533e+02
6.139999999999999902e-01 1.205636206261068253e+02
6.149999999999999911e-01 1.209170768787739974e+02
6.159999999999999920e-01 1.212710627583464600e+02
6.169999999999999929e-01 1.216255781131273750e+02
6.179999999999999938e-01 1.219806227914992434e+02
6.189999999999999947e-01 1.223361966419244737e+02
6.199999999999999956e-01 1.226922995129458229e+02
6.209999999999999964e-01 1.230489312531872343e+02
6.219999999999999973e-01 1.234060917113541223e+02
6.229999999999999982e-01 1.237637807362340538e+02
6.239999999999999991e-01 1.241219981766972467e+02
6.250000000000000000e-01 1.244807438816972649e+02
6.260000000000000009e-01 1.248400177002712184e+02
6.270000000000000018e-01 1.251998194815405441e+02
6.280000000000000027e-01 1.255601490747115747e+02
6.290000000000000036e-01 1.259210063290758228e+02
6.300000000000000044e-01 1.262823910940104213e+02
6.310000000000000053e-01 1.266443032189791609e+02
6.320000000000000062e-01 1.270067425535322911e+02
6.330000000000000071e-01 1.273697089473073731e+02
6.340000000000000080e-01 1.277332022500297910e+02
6.350000000000000089e-01 1.280972223115129509e+02
6.360000000000000098e-01 1.284617689816590769e+02
6.370000000000000107e-01 1.288268421104592676e+02
6.380000000000000115e-01 1.291924415479944628e+02
6.390000000000000124e-01 1.295585671444353579e+02
6.400000000000000133e-01 1.299252187500431717e+02
6.410000000000000142e-01 1.302923962151699584e+02
6.420000000000000151e-01 1.306600993902590346e+02
6.430000000000000160e-01 1.310283281258455190e+02
6.440000000000000169e-01 1.313970822725564460e+02
6.450000000000000178e-01 1.317663616811115332e+02
6.460000000000000187e-01 1.321361662023233521e+02
6.470000000000000195e-01 1.325064956870977255e+02
6.480000000000000204e-01 1.328773499864342682e+02
6.490000000000000213e-01 1.332487289514266990e+02
6.500000000000000222e-01 1.336206324332630402e+02
6.510000000000000231e-01 1.339930602832263276e+02
6.520000000000000240e-01 1.343660123526945540e+02
6.530000000000000249e-01 1.347394884931416641e+02
6.540000000000000258e-01 1.351134885561370709e+02
6.550000000000000266e-01 1.354880123933467075e+02
6.560000000000000275e-01 1.358630598565330558e+02
6.570000000000000284e-01 1.362386307975556008e+02
6.580000000000000293e-01 1.366147250683710297e+02
6.590000000000000302e-01 1.369913425210337721e+02
6.600000000000000311e-01 1.373684830076960282e+02
6.610000000000000320e-01 1.377461463806083941e+02
6.620000000000000329e-01 1.381243324921199473e+02
6.630000000000000338e-01 1.385030411946788149e+02
6.640000000000000346e-01 1.388822723408321451e+02
6.650000000000000355e-01 1.392620257832265906e+02
6.660000000000000364e-01 1.396423013746087349e+02
6.670000000000000373e-01 1.400230989678252058e+02
6.680000000000000382e-01 1.404044184158229314e+02
6.690000000000000391e-01 1.407862595716495377e+02
6.700000000000000400e-01 1.411686222884535482e+02
6.710000000000000409e-01 1.415515064194848378e+02
6.720000000000000417e-01 1.419349118180944913e+02
6.730000000000000426e-01 1.423188383377357127e+02
6.740000000000000435e-01 1.427032858319633704e+02
6.750000000000000444e-01 1.430882541544347362e+02
6.760000000000000453e-01 1.434737431589095991e+02
6.770000000000000462e-01 1.438597526992505777e+02
6.780000000000000471e-01 1.442462826294232343e+02
6.790000000000000480e-01 1.446333328034963870e+02
6.800000000000000488e-01 1.450209030756422237e+02
6.810000000000000497e-01 1.454089933001367854e+02
6.820000000000000506e-01 1.457976033313601647e+02
6.830000000000000515e-01 1.461867330237964211e+02
6.840000000000000524e-01 1.465763822320341205e+02
6.850000000000000533e-01 1.469665508107665914e+02
6.860000000000000542e-01 1.473572386147915552e+02
6.870000000000000551e-01 1.477484454990120639e+02
6.880000000000000560e-01 1.481401713184365576e+02
6.890000000000000568e-01 1.485324159281786649e+02
6.900000000000000577e-01 1.489251791834577432e+02
6.910000000000000586e-01 1.493184609395989639e+02
6.920000000000000595e-01 1.497122610520336821e+02
6.930000000000000604e-01 1.501065793762991802e+02
6.940000000000000613e-01 1.505014157680394078e+02
6.950000000000000622e-01 1.508967700830048386e+02
6.960000000000000631e-01 1.512926421770527270e+02
6.970000000000000639e-01 1.516890319061471359e+02
6.980000000000000648e-01 1.520859391263593920e+02
6.990000000000000657e-01 1.524833636938679433e+02
7.000000000000000666e-01 1.528813054649590981e+02
7.010000000000000675e-01 1.532797642960262294e+02
7.020000000000000684e-01 1.536787400435707127e+02
7.030000000000000693e-01 1.540782325642018691e+02
7.039999999999999591e-01 1.544782417146371358e+02
7.049999999999999600e-01 1.548787673517022085e+02
7.059999999999999609e-01 1.552798093323309558e+02
7.069999999999999618e-01 1.556813675135658741e+02
7.079999999999999627e-01 1.560834417525582865e+02
7.089999999999999636e-01 1.564860319065679164e+02
7.099999999999999645e-01 1.568891378329638258e+02
7.109999999999999654e-01 1.572927593892239315e+02
7.119999999999999662e-01 1.576968964329353469e+02
7.129999999999999671e-01 1.581015488217945233e+02
7.139999999999999680e-01 1.585067164136073643e+02
7.149999999999999689e-01 1.589123990662895096e+02
7.159999999999999698e-01 1.593185966378658520e+02
7.169999999999999707e-01 1.597253089864715889e+02
7.179999999999999716e-01 1.601325359703513698e+02
7.189999999999999725e-01 1.605402774478602055e+02
7.199999999999999734e-01 1.609485332774630706e+02
7.209999999999999742e-01 1.613573033177353295e+02
7.219999999999999751e-01 1.617665874273622535e+02
7.229999999999999760e-01 1.621763854651401289e+02
7.239999999999999769e-01 1.625866972899754046e+02
7.249999999999999778e-01 1.629975227608853174e+02
7.259999999999999787e-01 1.634088617369976646e+02
7.269999999999999796e-01 1.638207140775513153e+02
7.279999999999999805e-01 1.642330796418957561e+02
7.289999999999999813e-01 1.646459582894914888e+02
7.299999999999999822e-01 1.650593498799104850e+02
7.309999999999999831e-01 1.654732542728353337e+02
7.319999999999999840e-01 1.658876713280599802e+02
7.329999999999999849e-01 1.663026009054901238e+02
7.339999999999999858e-01 1.667180428651421664e+02
7.349999999999999867e-01 1.671339970671444348e+02
7.359999999999999876e-01 1.675504633717364982e+02
7.369999999999999885e-01 1.679674416392698504e+02
7.379999999999999893e-01 1.683849317302073132e+02
7.389999999999999902e-01 1.688029335051235762e+02
7.399999999999999911e-01 1.692214468247049410e+02
7.409999999999999920e-01 1.696404715497497762e+02
7.419999999999999929e-01 1.700600075411682894e+02
7.429999999999999938e-01 1.704800546599825566e+02
7.439999999999999947e-01 1.709006127673266064e+02
7.449999999999999956e-01 1.713216817244468189e+02
7.459999999999999964e-01 1.717432613927012994e+02
7.469999999999999973e-01 1.721653516335605616e+02
7.479999999999999982e-01 1.725879523086071572e+02
7.489999999999999991e-01 1.730110632795359606e+02
7.500000000000000000e-01 1.734346844081540837e+02
7.510000000000000009e-01 1.738588155563811029e+02
7.520000000000000018e-01 1.742834565862486897e+02
7.530000000000000027e-01 1.747086073599012366e+02
7.540000000000000036e-01 1.751342677395952023e+02
7.550000000000000044e-01 1.755604375876997665e+02
7.560000000000000053e-01 1.759871167666965448e+02
7.570000000000000062e-01 1.764143051391795609e+02
7.580000000000000071e-01 1.768420025678556158e+02
7.590000000000000080e-01 1.772702089155438614e+02
7.600000000000000089e-01 1.776989240451760850e+02
7.610000000000000098e-01 1.781281478197968511e+02
7.620000000000000107e-01 1.785578801025632742e+02
7.630000000000000115e-01 1.789881207567449906e+02
7.640000000000000124e-01 1.794188696457244419e+02
7.650000000000000133e-01 1.798501266329967621e+02
7.660000000000000142e-01 1.802818915821698624e+02
7.670000000000000151e-01 1.807141643569642895e+02
7.680000000000000160e-01 1.811469448212132249e+02
7.690000000000000169e-01 1.815802328388627132e+02
7.700000000000000178e-01 1.820140282739715190e+02
7.710000000000000187e-01 1.824483309907112130e+02
7.720000000000000195e-01 1.828831408533661147e+02
7.730000000000000204e-01 1.833184577263330084e+02
7.740000000000000213e-01 1.837542814741220241e+02
7.750000000000000222e-01 1.841906119613555575e+02
7.760000000000000231e-01 1.846274490527690659e+02
7.770000000000000240e-01 1.850647926132104431e+02
7.780000000000000249e-01 1.855026425076407008e+02
7.790000000000000258e-01 1.859409986011336002e+02
7.800000000000000266e-01 1.863798607588752247e+02
7.810000000000000275e-01 1.868192288461648047e+02
7.820000000000000284e-01 1.872591027284142911e+02
7.830000000000000293e-01 1.876994822711480424e+02
7.840000000000000302e-01 1.881403673400034506e+02
7.850000000000000311e-01 1.885817578007304860e+02
7.860000000000000320e-01 1.890236535191917540e+02
7.870000000000000329e-01 1.894660543613627226e+02
7.880000000000000338e-01 1.899089601933312110e+02
7.890000000000000346e-01 1.903523708812979294e+02
7.900000000000000355e-01 1.907962862915759104e+02
7.910000000000000364e-01 1.912407062905913335e+02
7.920000000000000373e-01 1.916856307448823031e+02
7.930000000000000382e-01 1.921310595210999566e+02
7.940000000000000391e-01 1.925769924860076685e+02
7.950000000000000400e-01 1.930234295064814773e+02
7.960000000000000409e-01 1.934703704495099146e+02
7.970000000000000417e-01 1.939178151821938059e+02
7.980000000000000426e-01 1.943657635717464416e+02
7.990000000000000435e-01 1.948142154854937758e+02
8.000000000000000444e-01 1.952631707908736871e+02
8.010000000000000453e-01 1.957126293554367749e+02
8.020000000000000462e-01 1.961625910468457050e+02
8.030000000000000471e-01 1.966130557328753810e+02
8.040000000000000480e-01 1.970640232814132560e+02
8.050000000000000488e-01 1.975154935604586512e+02
8.060000000000000497e-01 1.979674664381232674e+02
8.070000000000000506e-01 1.984199417826306444e+02
8.080000000000000515e-01 1.988729194623167018e+02
8.090000000000000524e-01 1.993263993456292269e+02
8.100000000000000533e-01 1.997803813011282728e+02
8.110000000000000542e-01 2.002348651974854192e+02
8.120000000000000551e-01 2.006898509034845688e+02
8.130000000000000560e-01 2.011453382880213212e+02
8.140000000000000568e-01 2.016013272201030873e+02
8.150000000000000577e-01 2.020578175688492024e+02
8.160000000000000586e-01 2.025148092034905289e+02
8.170000000000000595e-01 2.029723019933699391e+02
8.180000000000000604e-01 2.034302958079417181e+02
8.190000000000000613e-01 2.038887905167716212e+02
8.200000000000000622e-01 2.043477859895375275e+02
8.210000000000000631e-01 2.048072820960280467e+02
8.220000000000000639e-01 2.052672787061438839e+02
8.230000000000000648e-01 2.057277756898967880e+02
8.240000000000000657e-01 2.061887729174099775e+02
8.250000000000000666e-01 2.066502702589180558e+02
8.260000000000000675e-01 2.071122675847664709e+02
8.270000000000000684e-01 2.075747647654124535e+02
8.280000000000000693e-01 2.080377616714237092e+02
8.290000000000000702e-01 2.085012581734796697e+02
8.300000000000000711e-01 2.089652541423702985e+02
8.310000000000000719e-01 2.094297494489967448e+02
8.320000000000000728e-01 2.098947439643708890e+02
8.329999999999999627e-01 2.103602375596154559e+02
8.339999999999999636e-01 2.108262301059643278e+02
8.349999999999999645e-01 2.112927214747616347e+02
8.359999999999999654e-01 2.117597115374622376e+02
8.369999999999999662e-01 2.122272001656319276e+02
8.379999999999999671e-01 2.126951872309465728e+02
8.389999999999999680e-01 2.131636726051928576e+02
8.399999999999999689e-01 2.136326561602675724e+02
8.409999999999999698e-01 2.141021377681780677e+02
8.419999999999999707e-01 2.145721173010420557e+02
8.429999999999999716e-01 2.150425946310868994e+02
8.439999999999999725e-01 2.155135696306508066e+02
8.449999999999999734e-01 2.159850421721815223e+02
8.459999999999999742e-01 2.164570121282372952e+02
8.469999999999999751e-01 2.169294793714856269e+02
8.479999999999999760e-01 2.174024437747044090e+02
8.489999999999999769e-01 2.178759052107811840e+02
8.499999999999999778e-01 2.183498635527132308e+02
8.509999999999999787e-01 2.188243186736073653e+02
8.519999999999999796e-01 2.192992704466800546e+02
8.529999999999999805e-01 2.197747187452572746e+02
8.539999999999999813e-01 2.202506634427744814e+02
8.549999999999999822e-01 2.207271044127763560e+02
8.559999999999999831e-01 2.212040415289169459e+02
8.569999999999999840e-01 2.216814746649595804e+02
8.579999999999999849e-01 2.221594036947764721e+02
8.589999999999999858e-01 2.226378284923492288e+02
8.599999999999999867e-01 2.231167489317679440e+02
8.609999999999999876e-01 2.235961648872323053e+02
8.619999999999999885e-01 2.240760762330502303e+02
8.629999999999999893e-01 2.245564828436387188e+02
8.639999999999999902e-01 2.250373845935231714e+02
8.649999999999999911e-01 2.255187813573377866e+02
8.659999999999999920e-01 2.260006730098252774e+02
8.669999999999999929e-01 2.264830594258366432e+02
8.679999999999999938e-01 2.269659404803313123e+02
8.689999999999999947e-01 2.274493160483771135e+02
8.699999999999999956e-01 2.279331860051496506e+02
8.709999999999999964e-01 2.284175502259330983e+02
8.719999999999999973e-01 2.289024085861193782e+02
8.729999999999999982e-01 2.293877609612085848e+02
8.739999999999999991e-01 2.298736072268083035e+02
8.750000000000000000e-01 2.303599472586342927e+02
8.760000000000000009e-01 2.308467809325097164e+02
8.770000000000000018e-01 2.313341081243654571e+02
8.780000000000000027e-01 2.318219287102399448e+02
8.790000000000000036e-01 2.323102425662790722e+02
8.800000000000000044e-01 2.327990495687357679e+02
8.810000000000000053e-01 2.332883495939707643e+02
8.820000000000000062e-01 2.337781425184514603e+02
8.830000000000000071e-01 2.342684282187526605e+02
8.840000000000000080e-01 2.347592065715560352e+02
8.850000000000000089e-01 2.352504774536502055e+02
8.860000000000000098e-01 2.357422407419305159e+02
8.870000000000000107e-01 2.362344963133994611e+02
8.880000000000000115e-01 2.367272440451655200e+02
8.890000000000000124e-01 2.372204838144443215e+02
8.900000000000000133e-01 2.377142154985576212e+02
8.910000000000000142e-01 2.382084389749337561e+02
8.920000000000000151e-01 2.387031541211071612e+02
8.930000000000000160e-01 2.391983608147185691e+02
8.940000000000000169e-01 2.396940589335149525e+02
8.950000000000000178e-01 2.401902483553491265e+02
8.960000000000000187e-01 2.406869289581798625e+02
8.970000000000000195e-01 2.411841006200717459e+02
8.980000000000000204e-01 2.416817632191951475e+02
8.990000000000000213e-01 2.421799166338262808e+02
9.000000000000000222e-01 2.426785607423466331e+02
9.010000000000000231e-01 2.431776954232431649e+02
9.020000000000000240e-01 2.436773205551084232e+02
9.030000000000000249e-01 2.441774360166399447e+02
9.040000000000000258e-01 2.446780416866407677e+02
9.050000000000000266e-01 2.451791374440189202e+02
9.060000000000000275e-01 2.456807231677871073e+02
9.070000000000000284e-01 2.461827987370634787e+02
9.080000000000000293e-01 2.466853640310705202e+02
9.090000000000000302e-01 2.471884189291358211e+02
9.100000000000000311e-01 2.476919633106912215e+02
9.110000000000000320e-01 2.481959970552734092e+02
9.120000000000000329e-01 2.487005200425230100e+02
9.130000000000000338e-01 2.492055321521858104e+02
9.140000000000000346e-01 2.497110332641109380e+02
9.150000000000000355e-01 2.502170232582521407e+02
9.160000000000000364e-01 2.507235020146670479e+02
9.170000000000000373e-01 2.512304694135174827e+02
9.180000000000000382e-01 2.517379253350686668e+02
9.190000000000000391e-01 2.522458696596899301e+02
9.200000000000000400e-01 2.527543022678541149e+02
9.210000000000000409e-01 2.532632230401375182e+02
9.220000000000000417e-01 2.537726318572202615e+02
9.230000000000000426e-01 2.542825285998853531e+02
9.240000000000000435e-01 2.547929131490192844e+02
9.250000000000000444e-01 2.553037853856117181e+02
9.260000000000000453e-01 2.558151451907552882e+02
9.270000000000000462e-01 2.563269924456456579e+02
9.280000000000000471e-01 2.568393270315812060e+02
9.290000000000000480e-01 2.573521488299633120e+02
9.300000000000000488e-01 2.578654577222957869e+02
9.310000000000000497e-01 2.583792535901851579e+02
9.320000000000000506e-01 2.588935363153403273e+02
9.330000000000000515e-01 2.594083057795724585e+02
9.340000000000000524e-01 2.599235618647950901e+02
9.350000000000000533e-01 2.604393044530240786e+02
9.360000000000000542e-01 2.609555334263769737e+02
9.370000000000000551e-01 2.614722486670734156e+02
9.380000000000000560e-01 2.619894500574351355e+02
9.390000000000000568e-01 2.625071374798850457e+02
9.400000000000000577e-01 2.630253108169486609e+02
9.410000000000000586e-01 2.635439699512518814e+02
9.420000000000000595e-01 2.640631147655228688e+02
9.430000000000000604e-01 2.645827451425908521e+02
9.440000000000000613e-01 2.651028609653863555e+02
9.450000000000000622e-01 2.656234621169411412e+02
9.460000000000000631e-01 2.661445484803875274e+02
9.470000000000000639e-01 2.666661199389594117e+02
9.480000000000000648e-01 2.671881763759910200e+02
9.490000000000000657e-01 2.677107176749177029e+02
9.500000000000000666e-01 2.682337437192750258e+02
9.510000000000000675e-01 2.687572543926996218e+02
9.520000000000000684e-01 2.692812495789278273e+02
9.530000000000000693e-01 2.698057291617968758e+02
9.540000000000000702e-01 2.703306930252439315e+02
9.550000000000000711e-01 2.708561410533063167e+02
9.560000000000000719e-01 2.713820731301214551e+02
9.570000000000000728e-01 2.719084891399265871e+02
9.580000000000000737e-01 2.724353889670586000e+02
9.590000000000000746e-01 2.729627724959544253e+02
9.599999999999999645e-01 2.734906396111501863e+02
9.609999999999999654e-01 2.740189901972818234e+02
9.619999999999999662e-01 2.745478241390844687e+02
9.629999999999999671e-01 2.750771413213925598e+02
9.639999999999999680e-01 2.756069416291397829e+02
9.649999999999999689e-01 2.761372249473585043e+02
9.659999999999999698e-01 2.766679911611807938e+02
9.669999999999999707e-01 2.771992401558367760e+02
9.679999999999999716e-01 2.777309718166559378e+02
9.689999999999999725e-01 2.782631860290661621e+02
9.699999999999999734e-01 2.787958826785936139e+02
9.709999999999999742e-01 2.793290616508634798e+02
9.719999999999999751e-01 2.798627228315987736e+02
9.729999999999999760e-01 2.803968661066208483e+02
9.739999999999999769e-01 2.809314913618493392e+02
9.749999999999999778e-01 2.814665984833017092e+02
9.759999999999999787e-01 2.820021873570935895e+02
9.769999999999999796e-01 2.825382578694379276e+02
9.779999999999999805e-01 2.830748099066458963e+02
9.789999999999999813e-01 2.836118433551260978e+02
9.799999999999999822e-01 2.841493581013842800e+02
9.809999999999999831e-01 2.846873540320240181e+02
9.819999999999999840e-01 2.852258310337461467e+02
9.829999999999999849e-01 2.857647889933480769e+02
9.839999999999999858e-01 2.863042277977251047e+02
9.849999999999999867e-01 2.868441473338690457e+02
9.859999999999999876e-01 2.873845474888684066e+02
9.869999999999999885e-01 2.879254281499087824e+02
9.879999999999999893e-01 2.884667892042722883e+02
9.889999999999999902e-01 2.890086305393375028e+02
9.899999999999999911e-01 2.895509520425795245e+02
9.909999999999999920e-01 2.900937536015695741e+02
9.919999999999999929e-01 2.906370351039755633e+02
9.929999999999999938e-01 2.911807964375607867e+02
9.939999999999999947e-01 2.917250374901851728e+02
9.949999999999999956e-01 2.922697581498041473e+02
9.959999999999999964e-01 2.928149583044694282e+02
9.969999999999999973e-01 2.933606378423275487e+02
9.979999999999999982e-01 2.939067966516216188e+02
9.989999999999999991e-01 2.944534346206894497e+02
1.000000000000000000e+00 2.950005516379646338e+02
