0.000000000000000000e+00 0.000000000000000000e+00
1.000000000000000021e-03 9.592015215746950707e-01
2.000000000000000042e-03 1.446107728880217103e+00
3.000000000000000062e-03 1.827297502933204587e+00
4.000000000000000083e-03 2.150044499367201656e+00
5.000000000000000104e-03 2.433851654510368778e+00
6.000000000000000125e-03 2.689157488555304454e+00
7.000000000000000146e-03 2.922370742588696224e+00
8.000000000000000167e-03 3.137781723259643218e+00
9.000000000000001055e-03 3.338440176506980883e+00
1.000000000000000021e-02 3.526611986841274415e+00
1.099999999999999936e-02 3.704038845455171369e+00
1.200000000000000025e-02 3.872096114309356185e+00
1.300000000000000114e-02 4.031893964360904192e+00
1.400000000000000029e-02 4.184344967295449358e+00
1.499999999999999944e-02 4.330210867940809116e+00
1.600000000000000033e-02 4.470135909231052196e+00
1.700000000000000122e-02 4.604671173835906295e+00
1.800000000000000211e-02 4.734292749380133891e+00
1.899999999999999953e-02 4.859415540055956662e+00
2.000000000000000042e-02 4.980403941960961589e+00
2.100000000000000130e-02 5.097580215335804077e+00
2.199999999999999872e-02 5.211231136452806112e+00
2.299999999999999961e-02 5.321613344701392911e+00
2.400000000000000050e-02 5.428957686362569923e+00
2.500000000000000139e-02 5.533472777257038899e+00
2.600000000000000228e-02 5.635347950339905765e+00
2.699999999999999969e-02 5.734755713984500680e+00
2.800000000000000058e-02 5.831853817290818753e+00
2.900000000000000147e-02 5.926786997027573278e+00
2.999999999999999889e-02 6.019688464569885156e+00
3.099999999999999978e-02 6.110681178908608402e+00
3.200000000000000067e-02 6.199878942420038008e+00
3.300000000000000155e-02 6.287387348843411772e+00
3.400000000000000244e-02 6.373304607277279210e+00
3.500000000000000333e-02 6.457722261582500956e+00
3.600000000000000422e-02 6.540725821080393132e+00
3.699999999999999817e-02 6.622395315646837588e+00
3.799999999999999906e-02 6.702805786066526217e+00
3.899999999999999994e-02 6.782027718705334607e+00
4.000000000000000083e-02 6.860127432091874589e+00
4.100000000000000172e-02 6.937167421800201517e+00
4.200000000000000261e-02 7.013206669041018415e+00
4.300000000000000350e-02 7.088300917555146796e+00
4.399999999999999745e-02 7.162502922728391397e+00
4.499999999999999833e-02 7.235862676284108730e+00
4.599999999999999922e-02 7.308427609438595596e+00
4.700000000000000011e-02 7.380242777008330535e+00
4.800000000000000100e-02 7.451351024623411590e+00
4.900000000000000189e-02 7.521793140918082266e+00
5.000000000000000278e-02 7.591607996328035846e+00
5.100000000000000366e-02 7.660832669918344884e+00
5.200000000000000455e-02 7.729502565489253740e+00
5.299999999999999850e-02 7.797651518056008868e+00
5.399999999999999939e-02 7.865311891667828625e+00
5.500000000000000028e-02 7.932514669418367248e+00
5.600000000000000117e-02 7.999289536402317324e+00
5.700000000000000205e-02 8.065664956287351472e+00
5.800000000000000294e-02 8.131668242096726118e+00
5.900000000000000383e-02 8.197325621732963086e+00
5.999999999999999778e-02 8.262662298715977016e+00
6.099999999999999867e-02 8.327702508559781336e+00
6.199999999999999956e-02 8.392469571167348263e+00
6.300000000000000044e-02 8.456985939584940937e+00
6.400000000000000133e-02 8.521273245422884557e+00
6.500000000000000222e-02 8.585352341219479655e+00
6.600000000000000311e-02 8.649243339997818580e+00
6.700000000000000400e-02 8.712965652241519976e+00
6.800000000000000488e-02 8.776538020493831027e+00
6.900000000000000577e-02 8.839978551765929282e+00
7.000000000000000666e-02 8.903304747922831552e+00
7.100000000000000755e-02 8.966533534200550548e+00
7.200000000000000844e-02 9.029681285994090700e+00
7.299999999999999545e-02 9.092763854043880656e+00
7.399999999999999634e-02 9.155796588137182113e+00
7.499999999999999722e-02 9.218794359430972918e+00
7.599999999999999811e-02 9.281771581493831746e+00
7.699999999999999900e-02 9.344742230156473539e+00
7.799999999999999989e-02 9.407719862252875487e+00
7.900000000000000078e-02 9.470717633327627283e+00
8.000000000000000167e-02 9.533748314378971855e+00
8.100000000000000255e-02 9.596824307701403711e+00
8.200000000000000344e-02 9.659957661886920732e+00
8.300000000000000433e-02 9.723160086039381866e+00
8.400000000000000522e-02 9.786442963252238059e+00
8.500000000000000611e-02 9.849817363396237369e+00
8.600000000000000699e-02 9.913294055260056581e+00
8.700000000000000788e-02 9.976883518083973001e+00
8.799999999999999489e-02 1.004059595252339321e+01
8.899999999999999578e-02 1.010444129107682798e+01
8.999999999999999667e-02 1.016842920800998229e+01
9.099999999999999756e-02 1.023256912880587421e+01
9.199999999999999845e-02 1.029687023916858735e+01
9.299999999999999933e-02 1.036134149360622558e+01
9.400000000000000022e-02 1.042599162361727139e+01
9.500000000000000111e-02 1.049082914550264789e+01
9.600000000000000200e-02 1.055586236782426823e+01
9.700000000000000289e-02 1.062109939852994245e+01
9.800000000000000377e-02 1.068654815176233086e+01
9.900000000000000466e-02 1.075221635436970047e+01
1.000000000000000056e-01 1.081811155213377162e+01
1.010000000000000064e-01 1.088424111573030473e+01
1.020000000000000073e-01 1.095061224643605868e+01
1.030000000000000082e-01 1.101723198159514538e+01
1.040000000000000091e-01 1.108410719985792525e+01
1.049999999999999961e-01 1.115124462620303092e+01
1.059999999999999970e-01 1.121865083675428565e+01
1.069999999999999979e-01 1.128633226340231488e+01
1.079999999999999988e-01 1.135429519824071320e+01
1.089999999999999997e-01 1.142254579782584756e+01
1.100000000000000006e-01 1.149109008726870940e+01
1.110000000000000014e-01 1.155993396416732821e+01
1.120000000000000023e-01 1.162908320238667415e+01
1.130000000000000032e-01 1.169854345569407172e+01
1.140000000000000041e-01 1.176832026125622832e+01
1.150000000000000050e-01 1.183841904300467718e+01
1.160000000000000059e-01 1.190884511487556807e+01
1.170000000000000068e-01 1.197960368392966046e+01
1.180000000000000077e-01 1.205069985335763505e+01
1.190000000000000085e-01 1.212213862537641518e+01
1.199999999999999956e-01 1.219392490402076845e+01
1.209999999999999964e-01 1.226606349783516237e+01
1.219999999999999973e-01 1.233855912247018694e+01
1.229999999999999982e-01 1.241141640318762995e+01
1.239999999999999991e-01 1.248463987727806312e+01
1.250000000000000000e-01 1.255823399639500337e+01
1.260000000000000009e-01 1.263220312880873308e+01
1.270000000000000018e-01 1.270655156158342436e+01
1.280000000000000027e-01 1.278128350268075053e+01
1.290000000000000036e-01 1.285640308299314682e+01
1.300000000000000044e-01 1.293191435830912894e+01
1.310000000000000053e-01 1.300782131121390250e+01
1.320000000000000062e-01 1.308412785292807001e+01
1.330000000000000071e-01 1.316083782508587774e+01
1.340000000000000080e-01 1.323795500145693893e+01
1.350000000000000089e-01 1.331548308961211546e+01
1.360000000000000098e-01 1.339342573253695434e+01
1.370000000000000107e-01 1.347178651019413564e+01
1.380000000000000115e-01 1.355056894103695697e+01
1.390000000000000124e-01 1.362977648347563786e+01
1.400000000000000133e-01 1.370941253729877474e+01
1.410000000000000142e-01 1.378948044505096959e+01
1.420000000000000151e-01 1.386998349336852243e+01
1.430000000000000160e-01 1.395092491427514858e+01
1.440000000000000169e-01 1.403230788643834615e+01
1.449999999999999900e-01 1.411413553638871576e+01
1.459999999999999909e-01 1.419641093970321322e+01
1.469999999999999918e-01 1.427913712215344333e+01
1.479999999999999927e-01 1.436231706082067205e+01
1.489999999999999936e-01 1.444595368517843781e+01
1.499999999999999944e-01 1.453004987814408366e+01
1.509999999999999953e-01 1.461460847710007727e+01
1.519999999999999962e-01 1.469963227488665325e+01
1.529999999999999971e-01 1.478512402076616183e+01
1.539999999999999980e-01 1.487108642136041681e+01
1.549999999999999989e-01 1.495752214156232185e+01
1.559999999999999998e-01 1.504443380542161890e+01
1.570000000000000007e-01 1.513182399700724545e+01
1.580000000000000016e-01 1.521969526124497918e+01
1.590000000000000024e-01 1.530805010473355310e+01
1.600000000000000033e-01 1.539689099653782023e+01
1.610000000000000042e-01 1.548622036896125564e+01
1.620000000000000051e-01 1.557604061829769648e+01
1.630000000000000060e-01 1.566635410556314412e+01
1.640000000000000069e-01 1.575716315720836747e+01
1.650000000000000078e-01 1.584847006581303219e+01
1.660000000000000087e-01 1.594027709076159738e+01
1.670000000000000095e-01 1.603258645890183232e+01
1.680000000000000104e-01 1.612540036518653608e+01
1.690000000000000113e-01 1.621872097329864459e+01
1.700000000000000122e-01 1.631255041626093316e+01
1.710000000000000131e-01 1.640689079702990227e+01
1.720000000000000140e-01 1.650174418907467100e+01
1.730000000000000149e-01 1.659711263694237005e+01
1.740000000000000158e-01 1.669299815680841448e+01
1.750000000000000167e-01 1.678940273701387298e+01
1.759999999999999898e-01 1.688632833858936522e+01
1.769999999999999907e-01 1.698377689576675209e+01
1.779999999999999916e-01 1.708175031647756725e+01
1.789999999999999925e-01 1.718025048284019363e+01
1.799999999999999933e-01 1.727927925163511702e+01
1.809999999999999942e-01 1.737883845476878264e+01
1.819999999999999951e-01 1.747892989972670819e+01
1.829999999999999960e-01 1.757955537001565460e+01
1.839999999999999969e-01 1.768071662559557922e+01
1.849999999999999978e-01 1.778241540330158443e+01
1.859999999999999987e-01 1.788465341725610358e+01
1.869999999999999996e-01 1.798743235927133810e+01
1.880000000000000004e-01 1.809075389924292665e+01
1.890000000000000013e-01 1.819461968553423503e+01
1.900000000000000022e-01 1.829903134535197751e+01
1.910000000000000031e-01 1.840399048511378055e+01
1.920000000000000040e-01 1.850949869080703536e+01
1.930000000000000049e-01 1.861555752833982069e+01
1.940000000000000058e-01 1.872216854388439344e+01
1.950000000000000067e-01 1.882933326421246534e+01
1.960000000000000075e-01 1.893705319702388579e+01
1.970000000000000084e-01 1.904532983126748036e+01
1.980000000000000093e-01 1.915416463745535225e+01
1.990000000000000102e-01 1.926355906796985096e+01
2.000000000000000111e-01 1.937351455736470029e+01
2.010000000000000120e-01 1.948403252265904939e+01
2.020000000000000129e-01 1.959511436362558356e+01
2.030000000000000138e-01 1.970676146307224030e+01
2.040000000000000147e-01 1.981897518711826933e+01
2.050000000000000155e-01 1.993175688546443780e+01
2.060000000000000164e-01 2.004510789165743745e+01
2.070000000000000173e-01 2.015902952334889164e+01
2.080000000000000182e-01 2.027352308254901914e+01
2.089999999999999913e-01 2.038858985587503980e+01
2.099999999999999922e-01 2.050423111479466343e+01
2.109999999999999931e-01 2.062044811586420678e+01
2.119999999999999940e-01 2.073724210096224851e+01
2.129999999999999949e-01 2.085461429751839546e+01
2.139999999999999958e-01 2.097256591873758680e+01
2.149999999999999967e-01 2.109109816381976543e+01
2.159999999999999976e-01 2.121021221817505875e+01
2.169999999999999984e-01 2.132990925363512247e+01
2.179999999999999993e-01 2.145019042865996539e+01
2.190000000000000002e-01 2.157105688854051095e+01
2.200000000000000011e-01 2.169250976559794708e+01
2.210000000000000020e-01 2.181455017937838647e+01
2.220000000000000029e-01 2.193717923684408788e+01
2.230000000000000038e-01 2.206039803256132359e+01
2.240000000000000047e-01 2.218420764888372787e+01
2.250000000000000056e-01 2.230860915613334328e+01
2.260000000000000064e-01 2.243360361277703419e+01
2.270000000000000073e-01 2.255919206560056978e+01
2.280000000000000082e-01 2.268537554987872795e+01
2.290000000000000091e-01 2.281215508954238658e+01
2.300000000000000100e-01 2.293953169734265884e+01
2.310000000000000109e-01 2.306750637501187384e+01
2.320000000000000118e-01 2.319608011342151599e+01
2.330000000000000127e-01 2.332525389273712335e+01
2.340000000000000135e-01 2.345502868257077012e+01
2.350000000000000144e-01 2.358540544213039425e+01
2.360000000000000153e-01 2.371638512036628299e+01
2.370000000000000162e-01 2.384796865611559724e+01
2.380000000000000171e-01 2.398015697824305903e+01
2.390000000000000180e-01 2.411295100578050210e+01
2.399999999999999911e-01 2.424635164806315402e+01
2.409999999999999920e-01 2.438035980486318977e+01
2.419999999999999929e-01 2.451497636652177903e+01
2.429999999999999938e-01 2.465020221407789336e+01
2.439999999999999947e-01 2.478603821939600493e+01
2.449999999999999956e-01 2.492248524528960729e+01
2.459999999999999964e-01 2.505954414564521926e+01
2.469999999999999973e-01 2.519721576554155718e+01
2.479999999999999982e-01 2.533550094136876396e+01
2.489999999999999991e-01 2.547440050094397179e+01
2.500000000000000000e-01 2.561391526362629634e+01
2.510000000000000009e-01 2.575404604042850565e+01
2.520000000000000018e-01 2.589479363412797852e+01
2.530000000000000027e-01 2.603615883937479225e+01
2.540000000000000036e-01 2.617814244279873037e+01
2.550000000000000044e-01 2.632074522311395981e+01
2.560000000000000053e-01 2.646396795122225853e+01
2.570000000000000062e-01 2.660781139031450948e+01
2.580000000000000071e-01 2.675227629597011969e+01
2.590000000000000080e-01 2.689736341625558680e+01
2.600000000000000089e-01 2.704307349182025177e+01
2.610000000000000098e-01 2.718940725599162533e+01
2.620000000000000107e-01 2.733636543486866799e+01
2.630000000000000115e-01 2.748394874741325111e+01
2.640000000000000124e-01 2.763215790554053797e+01
2.650000000000000133e-01 2.778099361420814262e+01
2.660000000000000142e-01 2.793045657150275929e+01
2.670000000000000151e-01 2.808054746872684859e+01
2.680000000000000160e-01 2.823126699048259525e+01
2.690000000000000169e-01 2.838261581475575213e+01
2.700000000000000178e-01 2.853459461299689792e+01
2.710000000000000187e-01 2.868720405020243902e+01
2.720000000000000195e-01 2.884044478499384923e+01
2.730000000000000204e-01 2.899431746969560209e+01
2.740000000000000213e-01 2.914882275041219373e+01
2.750000000000000222e-01 2.930396126710348881e+01
2.760000000000000231e-01 2.945973365365972541e+01
2.770000000000000240e-01 2.961614053797407564e+01
2.780000000000000249e-01 2.977318254201534842e+01
2.790000000000000258e-01 2.993086028189884473e+01
2.800000000000000266e-01 3.008917436795661615e+01
2.810000000000000275e-01 3.024812540480564849e+01
2.820000000000000284e-01 3.040771399141650022e+01
2.830000000000000293e-01 3.056794072117952510e+01
2.840000000000000302e-01 3.072880618197095259e+01
2.850000000000000311e-01 3.089031095621760414e+01
2.860000000000000320e-01 3.105245562096087042e+01
2.870000000000000329e-01 3.121524074791909698e+01
2.880000000000000338e-01 3.137866690355014043e+01
2.889999999999999791e-01 3.154273464911187830e+01
2.899999999999999800e-01 3.170744454072257668e+01
2.909999999999999809e-01 3.187279712942012111e+01
2.919999999999999818e-01 3.203879296122005371e+01
2.929999999999999827e-01 3.220543257717321239e+01
2.939999999999999836e-01 3.237271651342263112e+01
2.949999999999999845e-01 3.254064530125890542e+01
2.959999999999999853e-01 3.270921946717533046e+01
2.969999999999999862e-01 3.287843953292241395e+01
2.979999999999999871e-01 3.304830601556074043e+01
2.989999999999999880e-01 3.321881942751429051e+01
2.999999999999999889e-01 3.338998027662137247e+01
3.009999999999999898e-01 3.356178906618703195e+01
3.019999999999999907e-01 3.373424629503227834e+01
3.029999999999999916e-01 3.390735245754433436e+01
3.039999999999999925e-01 3.408110804372597613e+01
3.049999999999999933e-01 3.425551353924294062e+01
3.059999999999999942e-01 3.443056942547241306e+01
3.069999999999999951e-01 3.460627617954941115e+01
3.079999999999999960e-01 3.478263427441362410e+01
3.089999999999999969e-01 3.495964417885437570e+01
3.099999999999999978e-01 3.513730635755609910e+01
3.109999999999999987e-01 3.531562127114290206e+01
3.119999999999999996e-01 3.549458937622182475e+01
3.130000000000000004e-01 3.567421112542621131e+01
3.140000000000000013e-01 3.585448696745885400e+01
3.150000000000000022e-01 3.603541734713303413e+01
3.160000000000000031e-01 3.621700270541464306e+01
3.170000000000000040e-01 3.639924347946282523e+01
3.180000000000000049e-01 3.658214010267033700e+01
3.190000000000000058e-01 3.676569300470316648e+01
3.200000000000000067e-01 3.694990261154009659e+01
3.210000000000000075e-01 3.713476934551107433e+01
3.220000000000000084e-01 3.732029362533546646e+01
3.230000000000000093e-01 3.750647586616008766e+01
3.240000000000000102e-01 3.769331647959586462e+01
3.250000000000000111e-01 3.788081587375472736e+01
3.260000000000000120e-01 3.806897445328638696e+01
3.270000000000000129e-01 3.825779261941244158e+01
3.280000000000000138e-01 3.844727076996372261e+01
3.290000000000000147e-01 3.863740929941349123e+01
3.300000000000000155e-01 3.882820859891273813e+01
3.310000000000000164e-01 3.901966905632332328e+01
3.320000000000000173e-01 3.921179105625179773e+01
3.330000000000000182e-01 3.940457498008288439e+01
3.340000000000000191e-01 3.959802120601091246e+01
3.350000000000000200e-01 3.979213010907335502e+01
3.360000000000000209e-01 3.998690206118129709e+01
3.370000000000000218e-01 4.018233743115149537e+01
3.380000000000000226e-01 4.037843658473769892e+01
3.390000000000000235e-01 4.057519988466032146e+01
3.400000000000000244e-01 4.077262769063679571e+01
3.410000000000000253e-01 4.097072035941209833e+01
3.420000000000000262e-01 4.116947824478756957e+01
3.430000000000000271e-01 4.136890169764939174e+01
3.440000000000000280e-01 4.156899106599888682e+01
3.450000000000000289e-01 4.176974669497906234e+01
3.460000000000000298e-01 4.197116892690377199e+01
3.470000000000000306e-01 4.217325810128465946e+01
3.480000000000000315e-01 4.237601455485918223e+01
3.490000000000000324e-01 4.257943862161636162e+01
3.500000000000000333e-01 4.278353063282469293e+01
3.510000000000000342e-01 4.298829091705755445e+01
3.519999999999999796e-01 4.319371980021952595e+01
3.529999999999999805e-01 4.339981760557196822e+01
3.539999999999999813e-01 4.360658465375820469e+01
3.549999999999999822e-01 4.381402126282893050e+01
3.559999999999999831e-01 4.402212774826591613e+01
3.569999999999999840e-01 4.423090442300832592e+01
3.579999999999999849e-01 4.444035159747471653e+01
3.589999999999999858e-01 4.465046957958816165e+01
3.599999999999999867e-01 4.486125867479961471e+01
3.609999999999999876e-01 4.507271918611075989e+01
3.619999999999999885e-01 4.528485141409720427e+01
3.629999999999999893e-01 4.549765565693161307e+01
3.639999999999999902e-01 4.571113221040559438e+01
3.649999999999999911e-01 4.592528136795186811e+01
3.659999999999999920e-01 4.614010342066671910e+01
3.669999999999999929e-01 4.635559865733119977e+01
3.679999999999999938e-01 4.657176736443244636e+01
3.689999999999999947e-01 4.678860982618527942e+01
3.699999999999999956e-01 4.700612632455295170e+01
3.709999999999999964e-01 4.722431713926744123e+01
3.719999999999999973e-01 4.744318254785019917e+01
3.729999999999999982e-01 4.766272282563272711e+01
3.739999999999999991e-01 4.788293824577533542e+01
3.750000000000000000e-01 4.810382907928828899e+01
3.760000000000000009e-01 4.832539559505062243e+01
3.770000000000000018e-01 4.854763805982884151e+01
3.780000000000000027e-01 4.877055673829715943e+01
3.790000000000000036e-01 4.899415189305568674e+01
3.800000000000000044e-01 4.921842378464862122e+01
3.810000000000000053e-01 4.944337267158363147e+01
3.820000000000000062e-01 4.966899881034964892e+01
3.830000000000000071e-01 4.989530245543414821e+01
3.840000000000000080e-01 5.012228385934224661e+01
3.850000000000000089e-01 5.034994327261324543e+01
3.860000000000000098e-01 5.057828094383876305e+01
3.870000000000000107e-01 5.080729711967893536e+01
3.880000000000000115e-01 5.103699204488077612e+01
3.890000000000000124e-01 5.126736596229369525e+01
3.900000000000000133e-01 5.149841911288723395e+01
3.910000000000000142e-01 5.173015173576669667e+01
3.920000000000000151e-01 5.196256406818986306e+01
3.930000000000000160e-01 5.219565634558279044e+01
3.940000000000000169e-01 5.242942880155590046e+01
3.950000000000000178e-01 5.266388166792006587e+01
3.960000000000000187e-01 5.289901517470121917e+01
3.970000000000000195e-01 5.313482955015672360e+01
3.980000000000000204e-01 5.337132502079020924e+01
3.990000000000000213e-01 5.360850181136635229e+01
4.000000000000000222e-01 5.384636014492627965e+01
4.010000000000000231e-01 5.408490024280223452e+01
4.020000000000000240e-01 5.432412232463150303e+01
4.030000000000000249e-01 5.456402660837227359e+01
4.040000000000000258e-01 5.480461331031585814e+01
4.050000000000000266e-01 5.504588264510255158e+01
4.060000000000000275e-01 5.528783482573527408e+01
4.070000000000000284e-01 5.553047006359241777e+01
4.080000000000000293e-01 5.577378856844256916e+01
4.090000000000000302e-01 5.601779054845769679e+01
4.100000000000000311e-01 5.626247621022616840e+01
4.110000000000000320e-01 5.650784575876673443e+01
4.120000000000000329e-01 5.675389939754109037e+01
4.130000000000000338e-01 5.700063732846672337e+01
4.140000000000000346e-01 5.724805975193038421e+01
4.150000000000000355e-01 5.749616686680019484e+01
4.160000000000000364e-01 5.774495887043843823e+01
4.169999999999999818e-01 5.799443595871366597e+01
4.179999999999999827e-01 5.824459832601371545e+01
4.189999999999999836e-01 5.849544616525753327e+01
4.199999999999999845e-01 5.874697966790677128e+01
4.209999999999999853e-01 5.899919902397829219e+01
4.219999999999999862e-01 5.925210442205570871e+01
4.229999999999999871e-01 5.950569604930115020e+01
4.239999999999999880e-01 5.975997409146714290e+01
4.249999999999999889e-01 6.001493873290746706e+01
4.259999999999999898e-01 6.027059015658824137e+01
4.269999999999999907e-01 6.052692854410065593e+01
4.279999999999999916e-01 6.078395407567040820e+01
4.289999999999999925e-01 6.104166693016952649e+01
4.299999999999999933e-01 6.130006728512682912e+01
4.309999999999999942e-01 6.155915531673940677e+01
4.319999999999999951e-01 6.181893119988239960e+01
4.329999999999999960e-01 6.207939510812036588e+01
4.339999999999999969e-01 6.234054721371683172e+01
4.349999999999999978e-01 6.260238768764520501e+01
4.359999999999999987e-01 6.286491669959946194e+01
4.369999999999999996e-01 6.312813441800290093e+01
4.380000000000000004e-01 6.339204101001973868e+01
4.390000000000000013e-01 6.365663664156420509e+01
4.400000000000000022e-01 6.392192147731020668e+01
4.410000000000000031e-01 6.418789568070189944e+01
4.420000000000000040e-01 6.445455941396232902e+01
4.430000000000000049e-01 6.472191283810366258e+01
4.440000000000000058e-01 6.498995611293639740e+01
4.450000000000000067e-01 6.525868939707925165e+01
4.460000000000000075e-01 6.552811284796746349e+01
4.470000000000000084e-01 6.579822662186256821e+01
4.480000000000000093e-01 6.606903087386149309e+01
4.490000000000000102e-01 6.634052575790576611e+01
4.500000000000000111e-01 6.661271142678970136e+01
4.510000000000000120e-01 6.688558803217006243e+01
4.520000000000000129e-01 6.715915572457413418e+01
4.530000000000000138e-01 6.743341465340927243e+01
4.540000000000000147e-01 6.770836496697029361e+01
4.550000000000000155e-01 6.798400681244879706e+01
4.560000000000000164e-01 6.826034033594180528e+01
4.570000000000000173e-01 6.853736568245915350e+01
4.580000000000000182e-01 6.881508299593235733e+01
4.590000000000000191e-01 6.909349241922325291e+01
4.600000000000000200e-01 6.937259409413115918e+01
4.610000000000000209e-01 6.965238816140106337e+01
4.620000000000000218e-01 6.993287476073248854e+01
4.630000000000000226e-01 7.021405403078631480e+01
4.640000000000000235e-01 7.049592610919330582e+01
4.650000000000000244e-01 7.077849113256127112e+01
4.660000000000000253e-01 7.106174923648245567e+01
4.670000000000000262e-01 7.134570055554320334e+01
4.680000000000000271e-01 7.163034522332827692e+01
4.690000000000000280e-01 7.191568337243086262e+01
4.700000000000000289e-01 7.220171513445893652e+01
4.710000000000000298e-01 7.248844064004242682e+01
4.720000000000000306e-01 7.277586001884117195e+01
4.730000000000000315e-01 7.306397339955105963e+01
4.740000000000000324e-01 7.335278090991209865e+01
4.750000000000000333e-01 7.364228267671489903e+01
4.760000000000000342e-01 7.393247882580840269e+01
4.770000000000000351e-01 7.422336948210511309e+01
4.780000000000000360e-01 7.451495476959007647e+01
4.790000000000000369e-01 7.480723481132667985e+01
4.799999999999999822e-01 7.510020972946256279e+01
4.809999999999999831e-01 7.539387964523723440e+01
4.819999999999999840e-01 7.568824467898969033e+01
4.829999999999999849e-01 7.598330495016250552e+01
4.839999999999999858e-01 7.627906057731036071e+01
4.849999999999999867e-01 7.657551167810538573e+01
4.859999999999999876e-01 7.687265836934386698e+01
4.869999999999999885e-01 7.717050076695329608e+01
4.879999999999999893e-01 7.746903898599680360e+01
4.889999999999999902e-01 7.776827314068111718e+01
4.899999999999999911e-01 7.806820334436235953e+01
4.909999999999999920e-01 7.836882970955173278e+01
4.919999999999999929e-01 7.867015234792086176e+01
4.929999999999999938e-01 7.897217137030986578e+01
4.939999999999999947e-01 7.927488688673111028e+01
4.949999999999999956e-01 7.957829900637636911e+01
4.959999999999999964e-01 7.988240783762239516e+01
4.969999999999999973e-01 8.018721348803637738e+01
4.979999999999999982e-01 8.049271606438242088e+01
4.989999999999999991e-01 8.079891567262563967e+01
5.000000000000000000e-01 8.110581241794011476e+01
5.010000000000000009e-01 8.141340640471275947e+01
5.020000000000000018e-01 8.172169773654866276e+01
5.030000000000000027e-01 8.203068651627779673e+01
5.040000000000000036e-01 8.234037284596035988e+01
5.050000000000000044e-01 8.265075682689052883e+01
5.060000000000000053e-01 8.296183855960350684e+01
5.070000000000000062e-01 8.327361814388075345e+01
5.080000000000000071e-01 8.358609567875384982e+01
5.090000000000000080e-01 8.389927126251154732e+01
5.100000000000000089e-01 8.421314499270295073e+01
5.110000000000000098e-01 8.452771696614411212e+01
5.120000000000000107e-01 8.484298727892348779e+01
5.130000000000000115e-01 8.515895602640466677e+01
5.140000000000000124e-01 8.547562330323364677e+01
5.150000000000000133e-01 8.579298920334304057e+01
5.160000000000000142e-01 8.611105381995650987e+01
5.170000000000000151e-01 8.642981724559410850e+01
5.180000000000000160e-01 8.674927957207728468e+01
5.190000000000000169e-01 8.706944089053331481e+01
5.200000000000000178e-01 8.739030129139950986e+01
5.210000000000000187e-01 8.771186086442958185e+01
5.220000000000000195e-01 8.803411969869637232e+01
5.230000000000000204e-01 8.835707788259742301e+01
5.240000000000000213e-01 8.868073550385997805e+01
5.250000000000000222e-01 8.900509264954484934e+01
5.260000000000000231e-01 8.933014940605028187e+01
5.270000000000000240e-01 8.965590585911877497e+01
5.280000000000000249e-01 8.998236209383856021e+01
5.290000000000000258e-01 9.030951819465030894e+01
5.300000000000000266e-01 9.063737424535020182e+01
5.310000000000000275e-01 9.096593032909470367e+01
5.320000000000000284e-01 9.129518652840465620e+01
5.330000000000000293e-01 9.162514292517016656e+01
5.340000000000000302e-01 9.195579960065390424e+01
5.350000000000000311e-01 9.228715663549576220e+01
5.360000000000000320e-01 9.261921410971706337e+01
5.370000000000000329e-01 9.295197210272419852e+01
5.380000000000000338e-01 9.328543069331374227e+01
5.390000000000000346e-01 9.361958995967540886e+01
5.400000000000000355e-01 9.395444997939659970e+01
5.410000000000000364e-01 9.429001082946604129e+01
5.420000000000000373e-01 9.462627258627810534e+01
5.430000000000000382e-01 9.496323532563678782e+01
5.440000000000000391e-01 9.530089912275946062e+01
5.450000000000000400e-01 9.563926405227971372e+01
5.460000000000000409e-01 9.597833018825383533e+01
5.470000000000000417e-01 9.631809760416138033e+01
5.480000000000000426e-01 9.665856637291119569e+01
5.490000000000000435e-01 9.699973656684414891e+01
5.500000000000000444e-01 9.734160825773744818e+01
5.510000000000000453e-01 9.768418151680737083e+01
5.520000000000000462e-01 9.802745641471415183e+01
5.530000000000000471e-01 9.837143302156425761e+01
5.540000000000000480e-01 9.871611140691561559e+01
5.550000000000000488e-01 9.906149163977909211e+01
5.560000000000000497e-01 9.940757378862440419e+01
5.570000000000000506e-01 9.975435792138102897e+01
5.580000000000000515e-01 1.001018441054440018e+02
5.590000000000000524e-01 1.004500324076760762e+02
5.600000000000000533e-01 1.007989228944118167e+02
5.610000000000000542e-01 1.011485156314597589e+02
5.620000000000000551e-01 1.014988106841071840e+02
5.630000000000000560e-01 1.018498081171234162e+02
5.640000000000000568e-01 1.022015079947616414e+02
5.650000000000000577e-01 1.025539103807637957e+02
5.660000000000000586e-01 1.029070153383635216e+02
5.670000000000000595e-01 1.032608229302885547e+02
5.680000000000000604e-01 1.036153332187643628e+02
5.690000000000000613e-01 1.039705462655184647e+02
5.700000000000000622e-01 1.043264621317817955e+02
5.710000000000000631e-01 1.046830808782922304e+02
5.720000000000000639e-01 1.050404025652994733e+02
5.730000000000000648e-01 1.053984272525655115e+02
5.740000000000000657e-01 1.057571549993698454e+02
5.750000000000000666e-01 1.061165858645114213e+02
5.760000000000000675e-01 1.064767199063115868e+02
5.769999999999999574e-01 1.068375571826171608e+02
5.779999999999999583e-01 1.071990977508050946e+02
5.789999999999999591e-01 1.075613416677821306e+02
5.799999999999999600e-01 1.079242889899908278e+02
5.809999999999999609e-01 1.082879397734110398e+02
5.819999999999999618e-01 1.086522940735623024e+02
5.829999999999999627e-01 1.090173519455076985e+02
5.839999999999999636e-01 1.093831134438568142e+02
5.849999999999999645e-01 1.097495786227675580e+02
5.859999999999999654e-01 1.101167475359502532e+02
5.869999999999999662e-01 1.104846202366686612e+02
5.879999999999999671e-01 1.108531967777445288e+02
5.889999999999999680e-01 1.112224772115591804e+02
5.899999999999999689e-01 1.115924615900569279e+02
5.909999999999999698e-01 1.119631499647472310e+02
5.919999999999999707e-01 1.123345423867076533e+02
5.929999999999999716e-01 1.127066389065864769e+02
5.939999999999999725e-01 1.130794395746055443e+02
5.949999999999999734e-01 1.134529444405621916e+02
5.959999999999999742e-01 1.138271535538324315e+02
5.969999999999999751e-01 1.142020669633737953e+02
5.979999999999999760e-01 1.145776847177268110e+02
5.989999999999999769e-01 1.149540068650193234e+02
5.999999999999999778e-01 1.153310334529669490e+02
6.009999999999999787e-01 1.157087645288771682e+02
6.019999999999999796e-01 1.160872001396503492e+02
6.029999999999999805e-01 1.164663403317838402e+02
6.039999999999999813e-01 1.168461851513743568e+02
6.049999999999999822e-01 1.172267346441178688e+02
6.059999999999999831e-01 1.176079888553151704e+02
6.069999999999999840e-01 1.179899478298725626e+02
6.079999999999999849e-01 1.183726116123044676e+02
6.089999999999999858e-01 1.187559802467364989e+02
6.099999999999999867e-01 1.191400537769069388e+02
6.109999999999999876e-01 1.195248322461691259e+02
6.119999999999999885e-01 1.199103156974947524e+02
6.129999999999999893e-01 1.202965041734738634e+02
6.139999999999999902e-01 1.206833977163208829e+02
6.149999999999999911e-01 1.210709963678732493e+02
6.159999999999999920e-01 1.214593001695947123e+02
6.169999999999999929e-01 1.218483091625798806e+02
6.179999999999999938e-01 1.222380233875521753e+02
6.189999999999999947e-01 1.226284428848697416e+02
6.199999999999999956e-01 1.230195676945266996e+02
6.209999999999999964e-01 1.234113978561532576e+02
6.219999999999999973e-01 1.238039334090208285e+02
6.229999999999999982e-01 1.241971743920414610e+02
6.239999999999999991e-01 1.245911208437732967e+02
6.250000000000000000e-01 1.249857728024181824e+02
6.260000000000000009e-01 1.253811303058282647e+02
6.270000000000000018e-01 1.257771933915053069e+02
6.280000000000000027e-01 1.261739620966034181e+02
6.290000000000000036e-01 1.265714364579307585e+02
6.300000000000000044e-01 1.269696165119532907e+02
6.310000000000000053e-01 1.273685022947938705e+02
6.320000000000000062e-01 1.277680938422370218e+02
6.330000000000000071e-01 1.281683911897291637e+02
6.340000000000000080e-01 1.285693943723817938e+02
6.350000000000000089e-01 1.289711034249714885e+02
6.360000000000000098e-01 1.293735183819455870e+02
6.370000000000000107e-01 1.297766392774190081e+02
6.380000000000000115e-01 1.301804661451810716e+02
6.390000000000000124e-01 1.305849990186939067e+02
6.400000000000000133e-01 1.309902379310963170e+02
6.410000000000000142e-01 1.313961829152049177e+02
6.420000000000000151e-01 1.318028340035157271e+02
6.430000000000000160e-01 1.322101912282073499e+02
6.440000000000000169e-01 1.326182546211405224e+02
6.450000000000000178e-01 1.330270242138624326e+02
6.460000000000000187e-01 1.334365000376067201e+02
6.470000000000000195e-01 1.338466821232964321e+02
6.480000000000000204e-01 1.342575705015447056e+02
6.490000000000000213e-01 1.346691652026577231e+02
6.500000000000000222e-01 1.350814662566360767e+02
6.510000000000000231e-01 1.354944736931761327e+02
6.520000000000000240e-01 1.359081875416716230e+02
6.530000000000000249e-01 1.363226078312161462e+02
6.540000000000000258e-01 1.367377345906047594e+02
6.550000000000000266e-01 1.371535678483348875e+02
6.560000000000000275e-01 1.375701076326085968e+02
6.570000000000000284e-01 1.379873539713350965e+02
6.580000000000000293e-01 1.384053068921311933e+02
6.590000000000000302e-01 1.388239664223224281e+02
6.600000000000000311e-01 1.392433325889469415e+02
6.610000000000000320e-01 1.396634054187545644e+02
6.620000000000000329e-01 1.400841849382111377e+02
6.630000000000000338e-01 1.405056711734973760e+02
6.640000000000000346e-01 1.409278641505122778e+02
6.650000000000000355e-01 1.413507638948744898e+02
6.660000000000000364e-01 1.417743704319229892e+02
6.670000000000000373e-01 1.421986837867207214e+02
6.680000000000000382e-01 1.426237039840518719e+02
6.690000000000000391e-01 1.430494310484295966e+02
6.700000000000000400e-01 1.434758650040921566e+02
6.710000000000000409e-01 1.439030058750072385e+02
6.720000000000000417e-01 1.443308536848728636e+02
6.730000000000000426e-01 1.447594084571182975e+02
6.740000000000000435e-01 1.451886702149067787e+02
6.750000000000000444e-01 1.456186389811357458e+02
6.760000000000000453e-01 1.460493147784395660e+02
6.770000000000000462e-01 1.464806976291893079e+02
6.780000000000000471e-01 1.469127875554959246e+02
6.790000000000000480e-01 1.473455845792109358e+02
6.800000000000000488e-01 1.477790887219282467e+02
6.810000000000000497e-01 1.482133000049846032e+02
6.820000000000000506e-01 1.486482184494618650e+02
6.830000000000000515e-01 1.490838440761890524e+02
6.840000000000000524e-01 1.495201769057423462e+02
6.850000000000000533e-01 1.499572169584462245e+02
6.860000000000000542e-01 1.503949642543773280e+02
6.870000000000000551e-01 1.508334188133630960e+02
6.880000000000000560e-01 1.512725806549849494e+02
6.890000000000000568e-01 1.517124497985792004e+02
6.900000000000000577e-01 1.521530262632365975e+02
6.910000000000000586e-01 1.525943100678071005e+02
6.920000000000000595e-01 1.530363012308982888e+02
6.930000000000000604e-01 1.534789997708783176e+02
6.940000000000000613e-01 1.539224057058765993e+02
6.950000000000000622e-01 1.543665190537851686e+02
6.960000000000000631e-01 1.548113398322593639e+02
6.970000000000000639e-01 1.552568680587212384e+02
6.980000000000000648e-01 1.557031037503577409e+02
6.990000000000000657e-01 1.561500469241250357e+02
7.000000000000000666e-01 1.565976975967471390e+02
7.010000000000000675e-01 1.570460557847193286e+02
7.020000000000000684e-01 1.574951215043085995e+02
7.030000000000000693e-01 1.579448947715536633e+02
7.039999999999999591e-01 1.583953756022679045e+02
7.049999999999999600e-01 1.588465640120409716e+02
7.059999999999999609e-01 1.592984600162378683e+02
7.069999999999999618e-01 1.597510636300014539e+02
7.079999999999999627e-01 1.602043748682540354e+02
7.089999999999999636e-01 1.606583937456978219e+02
7.099999999999999645e-01 1.611131202768156072e+02
7.109999999999999654e-01 1.615685544758741798e+02
7.119999999999999662e-01 1.620246963569229592e+02
7.129999999999999671e-01 1.624815459337964967e+02
7.139999999999999680e-01 1.629391032201151575e+02
7.149999999999999689e-01 1.633973682292876219e+02
7.159999999999999698e-01 1.638563409745092940e+02
7.169999999999999707e-01 1.643160214687652569e+02
7.179999999999999716e-01 1.647764097248327744e+02
7.189999999999999725e-01 1.652375057552787894e+02
7.199999999999999734e-01 1.656993095724642444e+02
7.209999999999999742e-01 1.661618211885440815e+02
7.219999999999999751e-01 1.666250406154676966e+02
7.229999999999999760e-01 1.670889678649812140e+02
7.239999999999999769e-01 1.675536029486268035e+02
7.249999999999999778e-01 1.680189458777470008e+02
7.259999999999999787e-01 1.684849966634819793e+02
7.269999999999999796e-01 1.689517553167731876e+02
7.279999999999999805e-01 1.694192218483628949e+02
7.289999999999999813e-01 1.698873962687969197e+02
7.299999999999999822e-01 1.703562785884246296e+02
7.309999999999999831e-01 1.708258688173987139e+02
7.319999999999999840e-01 1.712961669656790491e+02
7.329999999999999849e-01 1.717671730430317893e+02
7.339999999999999858e-01 1.722388870590311853e+02
7.349999999999999867e-01 1.727113090230595844e+02
7.359999999999999876e-01 1.731844389443090222e+02
7.369999999999999885e-01 1.736582768317828140e+02
7.379999999999999893e-01 1.741328226942969195e+02
7.389999999999999902e-01 1.746080765404788053e+02
7.399999999999999911e-01 1.750840383787697192e+02
7.409999999999999920e-01 1.755607082174265088e+02
7.419999999999999929e-01 1.760380860645218490e+02
7.429999999999999938e-01 1.765161719279440149e+02
7.439999999999999947e-01 1.769949658153996097e+02
7.449999999999999956e-01 1.774744677344137926e+02
7.459999999999999964e-01 1.779546776923318703e+02
7.469999999999999973e-01 1.784355956963188419e+02
7.479999999999999982e-01 1.789172217533616731e+02
7.489999999999999991e-01 1.793995558702695234e+02
7.500000000000000000e-01 1.798825980536753377e+02
7.510000000000000009e-01 1.803663483100356189e+02
7.520000000000000018e-01 1.808508066456327015e+02
7.530000000000000027e-01 1.813359730665742973e+02
7.540000000000000036e-01 1.818218475787955413e+02
7.550000000000000044e-01 1.823084301880603562e+02
7.560000000000000053e-01 1.827957208999594059e+02
7.570000000000000062e-01 1.832837197199146431e+02
7.580000000000000071e-01 1.837724266531786270e+02
7.590000000000000080e-01 1.842618417048340689e+02
7.600000000000000089e-01 1.847519648797981517e+02
7.610000000000000098e-01 1.852427961828188927e+02
7.620000000000000107e-01 1.857343356184801451e+02
7.630000000000000115e-01 1.862265831911995519e+02
7.640000000000000124e-01 1.867195389052312748e+02
7.650000000000000133e-01 1.872132027646662209e+02
7.660000000000000142e-01 1.877075747734318156e+02
7.670000000000000151e-01 1.882026549352940492e+02
7.680000000000000160e-01 1.886984432538590681e+02
7.690000000000000169e-01 1.891949397325729478e+02
7.700000000000000178e-01 1.896921443747207832e+02
7.710000000000000187e-01 1.901900571834312359e+02
7.720000000000000195e-01 1.906886781616738062e+02
7.730000000000000204e-01 1.911880073122631529e+02
7.740000000000000213e-01 1.916880446378565921e+02
7.750000000000000222e-01 1.921887901409561437e+02
7.760000000000000231e-01 1.926902438239105777e+02
7.770000000000000240e-01 1.931924056889147323e+02
7.780000000000000249e-01 1.936952757380101957e+02
7.790000000000000258e-01 1.941988539730864431e+02
7.800000000000000266e-01 1.947031403958819737e+02
7.810000000000000275e-01 1.952081350079865842e+02
7.820000000000000284e-01 1.957138378108372763e+02
7.830000000000000293e-01 1.962202488057248502e+02
7.840000000000000302e-01 1.967273679937900397e+02
7.850000000000000311e-01 1.972351953760273773e+02
7.860000000000000320e-01 1.977437309532847394e+02
7.870000000000000329e-01 1.982529747262631190e+02
7.880000000000000338e-01 1.987629266955195817e+02
7.890000000000000346e-01 1.992735868614661285e+02
7.900000000000000355e-01 1.997849552243712878e+02
7.910000000000000364e-01 2.002970317843601151e+02
7.920000000000000373e-01 2.008098165414166942e+02
7.930000000000000382e-01 2.013233094953823183e+02
7.940000000000000391e-01 2.018375106459584458e+02
7.950000000000000400e-01 2.023524199927057907e+02
7.960000000000000409e-01 2.028680375350452323e+02
7.970000000000000417e-01 2.033843632722612256e+02
7.980000000000000426e-01 2.039013972034979361e+02
7.990000000000000435e-01 2.044191393277633324e+02
8.000000000000000444e-01 2.049375896439289590e+02
8.010000000000000453e-01 2.054567481507301636e+02
8.020000000000000462e-01 2.059766148467660969e+02
8.030000000000000471e-01 2.064971897305038055e+02
8.040000000000000480e-01 2.070184728002745942e+02
8.050000000000000488e-01 2.075404640542772086e+02
8.060000000000000497e-01 2.080631634905780629e+02
8.070000000000000506e-01 2.085865711071114674e+02
8.080000000000000515e-01 2.091106869016812198e+02
8.090000000000000524e-01 2.096355108719592408e+02
8.100000000000000533e-01 2.101610430154889855e+02
8.110000000000000542e-01 2.106872833296845329e+02
8.120000000000000551e-01 2.112142318118308140e+02
8.130000000000000560e-01 2.117418884590856578e+02
8.140000000000000568e-01 2.122702532684779726e+02
8.150000000000000577e-01 2.127993262369122931e+02
8.160000000000000586e-01 2.133291073611660522e+02
8.170000000000000595e-01 2.138595966378911726e+02
8.180000000000000604e-01 2.143907940636154308e+02
8.190000000000000613e-01 2.149226996347415479e+02
8.200000000000000622e-01 2.154553133475499180e+02
8.210000000000000631e-01 2.159886351981972439e+02
8.220000000000000639e-01 2.165226651827190381e+02
8.230000000000000648e-01 2.170574032970271219e+02
8.240000000000000657e-01 2.175928495369144002e+02
8.250000000000000666e-01 2.181290038980512236e+02
8.260000000000000675e-01 2.186658663759917545e+02
8.270000000000000684e-01 2.192034369661662367e+02
8.280000000000000693e-01 2.197417156638900906e+02
8.290000000000000702e-01 2.202807024643580007e+02
8.300000000000000711e-01 2.208203973626489187e+02
8.310000000000000719e-01 2.213608003537233344e+02
8.320000000000000728e-01 2.219019114324280508e+02
8.329999999999999627e-01 2.224437305934907272e+02
8.339999999999999636e-01 2.229862578315264727e+02
8.349999999999999645e-01 2.235294931410346635e+02
8.359999999999999654e-01 2.240734365164016708e+02
8.369999999999999662e-01 2.246180879518979054e+02
8.379999999999999671e-01 2.251634474416837293e+02
8.389999999999999680e-01 2.257095149798060447e+02
8.399999999999999689e-01 2.262562905601992043e+02
8.409999999999999698e-01 2.268037741766877389e+02
8.419999999999999707e-01 2.273519658229831748e+02
8.429999999999999716e-01 2.279008654926913096e+02
8.439999999999999725e-01 2.284504731793031169e+02
8.449999999999999734e-01 2.290007888762040693e+02
8.459999999999999742e-01 2.295518125766686808e+02
8.469999999999999751e-01 2.301035442738661914e+02
8.479999999999999760e-01 2.306559839608555649e+02
8.489999999999999769e-01 2.312091316305911732e+02
8.499999999999999778e-01 2.317629872759189311e+02
8.509999999999999787e-01 2.323175508895812982e+02
8.519999999999999796e-01 2.328728224642120495e+02
8.529999999999999805e-01 2.334288019923437787e+02
8.539999999999999813e-01 2.339854894664017593e+02
8.549999999999999822e-01 2.345428848787084917e+02
8.559999999999999831e-01 2.351009882214841582e+02
8.569999999999999840e-01 2.356597994868445767e+02
8.579999999999999849e-01 2.362193186668046110e+02
8.589999999999999858e-01 2.367795457532754426e+02
8.599999999999999867e-01 2.373404807380695729e+02
8.609999999999999876e-01 2.379021236128953660e+02
8.619999999999999885e-01 2.384644743693643250e+02
8.629999999999999893e-01 2.390275329989851798e+02
8.639999999999999902e-01 2.395912994931693447e+02
8.649999999999999911e-01 2.401557738432290989e+02
8.659999999999999920e-01 2.407209560403762225e+02
8.669999999999999929e-01 2.412868460757274534e+02
8.679999999999999938e-01 2.418534439403006218e+02
8.689999999999999947e-01 2.424207496250164695e+02
8.699999999999999956e-01 2.429887631206997867e+02
8.709999999999999964e-01 2.435574844180798664e+02
8.719999999999999973e-01 2.441269135077880037e+02
8.729999999999999982e-01 2.446970503803638621e+02
8.739999999999999991e-01 2.452678950262495619e+02
8.750000000000000000e-01 2.458394474357946820e+02
8.760000000000000009e-01 2.464117075992548962e+02
8.770000000000000018e-01 2.469846755067919730e+02
8.780000000000000027e-01 2.475583511484751398e+02
8.790000000000000036e-01 2.481327345142819922e+02
8.800000000000000044e-01 2.487078255940969029e+02
8.810000000000000053e-01 2.492836243777142045e+02
8.820000000000000062e-01 2.498601308548359157e+02
8.830000000000000071e-01 2.504373450150742428e+02
8.840000000000000080e-01 2.510152668479511249e+02
8.850000000000000089e-01 2.515938963428982333e+02
8.860000000000000098e-01 2.521732334892592462e+02
8.870000000000000107e-01 2.527532782762878014e+02
8.880000000000000115e-01 2.533340306931493160e+02
8.890000000000000124e-01 2.539154907289216681e+02
8.900000000000000133e-01 2.544976583725954242e+02
8.910000000000000142e-01 2.550805336130720207e+02
8.920000000000000151e-01 2.556641164391694474e+02
8.930000000000000160e-01 2.562484068396158818e+02
8.940000000000000169e-01 2.568334048030569647e+02
8.950000000000000178e-01 2.574191103180498885e+02
8.960000000000000187e-01 2.580055233730693089e+02
8.970000000000000195e-01 2.585926439565027977e+02
8.980000000000000204e-01 2.591804720566556171e+02
8.990000000000000213e-01 2.597690076617486739e+02
9.000000000000000222e-01 2.603582507599192013e+02
9.010000000000000231e-01 2.609482013392207591e+02
9.020000000000000240e-01 2.615388593876252799e+02
9.030000000000000249e-01 2.621302248930230689e+02
9.040000000000000258e-01 2.627222978432198488e+02
9.050000000000000266e-01 2.633150782259428979e+02
9.060000000000000275e-01 2.639085660288374129e+02
9.070000000000000284e-01 2.645027612394667358e+02
9.080000000000000293e-01 2.650976638453146279e+02
9.090000000000000302e-01 2.656932738337873161e+02
9.100000000000000311e-01 2.662895911922068990e+02
9.110000000000000320e-01 2.668866159078195324e+02
9.120000000000000329e-01 2.674843479677933828e+02
9.130000000000000338e-01 2.680827873592145352e+02
9.140000000000000346e-01 2.686819340690947229e+02
9.150000000000000355e-01 2.692817880843658713e+02
9.160000000000000364e-01 2.698823493918839631e+02
9.170000000000000373e-01 2.704836179784267642e+02
9.180000000000000382e-01 2.710855938306970074e+02
9.190000000000000391e-01 2.716882769353192089e+02
9.200000000000000400e-01 2.722916672788439882e+02
9.210000000000000409e-01 2.728957648477464772e+02
9.220000000000000417e-01 2.735005696284256373e+02
9.230000000000000426e-01 2.741060816072056241e+02
9.240000000000000435e-01 2.747123007703376061e+02
9.250000000000000444e-01 2.753192271039974912e+02
9.260000000000000453e-01 2.759268605942877457e+02
9.270000000000000462e-01 2.765352012272378488e+02
9.280000000000000471e-01 2.771442489888052023e+02
9.290000000000000480e-01 2.777540038648719474e+02
9.300000000000000488e-01 2.783644658412517856e+02
9.310000000000000497e-01 2.789756349036815664e+02
9.320000000000000506e-01 2.795875110378310637e+02
9.330000000000000515e-01 2.802000942292966101e+02
9.340000000000000524e-01 2.808133844636040521e+02
9.350000000000000533e-01 2.814273817262085231e+02
9.360000000000000542e-01 2.820420860024958074e+02
9.370000000000000551e-01 2.826574972777807488e+02
9.380000000000000560e-01 2.832736155373077054e+02
9.390000000000000568e-01 2.838904407662557787e+02
9.400000000000000577e-01 2.845079729497299468e+02
9.410000000000000586e-01 2.851262120727706133e+02
9.420000000000000595e-01 2.857451581203474689e+02
9.430000000000000604e-01 2.863648110773638109e+02
9.440000000000000613e-01 2.869851709286549521e+02
9.450000000000000622e-01 2.876062376589879932e+02
9.460000000000000631e-01 2.882280112530638689e+02
9.470000000000000639e-01 2.888504916955184854e+02
9.480000000000000648e-01 2.894736789709168079e+02
9.490000000000000657e-01 2.900975730637628658e+02
9.500000000000000666e-01 2.907221739584933857e+02
9.510000000000000675e-01 2.913474816394759728e+02
9.520000000000000684e-01 2.919734960910200243e+02
9.530000000000000693e-01 2.926002172973639972e+02
9.540000000000000702e-01 2.932276452426858668e+02
9.550000000000000711e-01 2.938557799110967608e+02
9.560000000000000719e-01 2.944846212866459609e+02
9.570000000000000728e-01 2.951141693533177204e+02
9.580000000000000737e-01 2.957444240950335370e+02
9.590000000000000746e-01 2.963753854956530631e+02
9.599999999999999645e-01 2.970070535389709221e+02
9.609999999999999654e-01 2.976394282087226202e+02
9.619999999999999662e-01 2.982725094885772705e+02
9.629999999999999671e-01 2.989062973621466881e+02
9.639999999999999680e-01 2.995407918129790232e+02
9.649999999999999689e-01 3.001759928245592164e+02
9.659999999999999698e-01 3.008119003803162741e+02
9.669999999999999707e-01 3.014485144636141740e+02
9.679999999999999716e-01 3.020858350577595957e+02
9.689999999999999725e-01 3.027238621459955539e+02
9.699999999999999734e-01 3.033625957115091296e+02
9.709999999999999742e-01 3.040020357374255582e+02
9.719999999999999751e-01 3.046421822068123220e+02
9.729999999999999760e-01 3.052830351026768767e+02
9.739999999999999769e-01 3.059245944079684705e+02
9.749999999999999778e-01 3.065668601055776890e+02
9.759999999999999787e-01 3.072098321783382744e+02
9.769999999999999796e-01 3.078535106090239424e+02
9.779999999999999805e-01 3.084978953803524746e+02
9.789999999999999813e-01 3.091429864749848093e+02
9.799999999999999822e-01 3.097887838755227676e+02
9.809999999999999831e-01 3.104352875645131462e+02
9.819999999999999840e-01 3.110824975244463531e+02
9.829999999999999849e-01 3.117304137377568622e+02
9.839999999999999858e-01 3.123790361868213949e+02
9.849999999999999867e-01 3.130283648539616479e+02
9.859999999999999876e-01 3.136783997214456576e+02
9.869999999999999885e-01 3.143291407714837078e+02
9.879999999999999893e-01 3.149805879862328766e+02
9.889999999999999902e-01 3.156327413477961272e+02
9.899999999999999911e-01 3.162856008382204891e+02
9.909999999999999920e-01 3.169391664394993313e+02
9.919999999999999929e-01 3.175934381335732724e+02
9.929999999999999938e-01 3.182484159023269967e+02
9.939999999999999947e-01 3.189040997275942573e+02
9.949999999999999956e-01 3.195604895911556014e+02
9.959999999999999964e-01 3.202175854747360972e+02
9.969999999999999973e-01 3.208753873600107909e+02
9.979999999999999982e-01 3.215338952286019776e+02
9.989999999999999991e-01 3.221931090620778377e+02
1.000000000000000000e+00 3.228530288419583485e+02
