0.000000000000000000e+00 0.000000000000000000e+00
1.000000000000000021e-03 8.619305507307521985e-01
2.000000000000000042e-03 1.278652790183001819e+00
3.000000000000000062e-03 1.603490733129575130e+00
4.000000000000000083e-03 1.879769557131647506e+00
5.000000000000000104e-03 2.124883645758416595e+00
6.000000000000000125e-03 2.347926403292188713e+00
7.000000000000000146e-03 2.554361746045330506e+00
8.000000000000000167e-03 2.747774303783490524e+00
9.000000000000001055e-03 2.930663701907764818e+00
1.000000000000000021e-02 3.104853175032133539e+00
1.099999999999999936e-02 3.271719442307487569e+00
1.200000000000000025e-02 3.432331046127389929e+00
1.300000000000000114e-02 3.587536116995884594e+00
1.400000000000000029e-02 3.738020473540572208e+00
1.499999999999999944e-02 3.884347457322611774e+00
1.600000000000000033e-02 4.026986060340853157e+00
1.700000000000000122e-02 4.166331290116563224e+00
1.800000000000000211e-02 4.302719236782825973e+00
1.899999999999999953e-02 4.436438432461716985e+00
2.000000000000000042e-02 4.567738558412613337e+00
2.100000000000000130e-02 4.696837217972446687e+00
2.199999999999999872e-02 4.823925274505722172e+00
2.299999999999999961e-02 4.949171108259282192e+00
2.400000000000000050e-02 5.072724047403023739e+00
2.500000000000000139e-02 5.194717160316408844e+00
2.600000000000000228e-02 5.315269548155124646e+00
2.699999999999999969e-02 5.434488242385189238e+00
2.800000000000000058e-02 5.552469787049982841e+00
2.900000000000000147e-02 5.669301567212035486e+00
2.999999999999999889e-02 5.785062931374688411e+00
3.099999999999999978e-02 5.899826145425020485e+00
3.200000000000000067e-02 6.013657207834376628e+00
3.300000000000000155e-02 6.126616549859734917e+00
3.400000000000000244e-02 6.238759639845723015e+00
3.500000000000000333e-02 6.350137507099618439e+00
3.600000000000000422e-02 6.460797197954963877e+00
3.699999999999999817e-02 6.570782174373797524e+00
3.799999999999999906e-02 6.680132663627539991e+00
3.899999999999999994e-02 6.788885966141823936e+00
4.000000000000000083e-02 6.897076727413695707e+00
4.100000000000000172e-02 7.004737178952278320e+00
4.200000000000000261e-02 7.111897352410791129e+00
4.300000000000000350e-02 7.218585270433931278e+00
4.399999999999999745e-02 7.324827117212499239e+00
4.499999999999999833e-02 7.430647391295413406e+00
4.599999999999999922e-02 7.536069042840852994e+00
4.700000000000000011e-02 7.641113597179948869e+00
4.800000000000000100e-02 7.745801266306795441e+00
4.900000000000000189e-02 7.850151049689957361e+00
5.000000000000000278e-02 7.954180825614889372e+00
5.100000000000000366e-02 8.057907434109271350e+00
5.200000000000000455e-02 8.161346752368402235e+00
5.299999999999999850e-02 8.264513763483188669e+00
5.399999999999999939e-02 8.367422619173915166e+00
5.500000000000000028e-02 8.470086697148172306e+00
5.600000000000000117e-02 8.572518653627925644e+00
5.700000000000000205e-02 8.674730471526782338e+00
5.800000000000000294e-02 8.776733504703619460e+00
5.900000000000000383e-02 8.878538518670405111e+00
5.999999999999999778e-02 8.980155728090119638e+00
6.099999999999999867e-02 9.081594831364276033e+00
6.199999999999999956e-02 9.182865042576864312e+00
6.300000000000000044e-02 9.283975121033861910e+00
6.400000000000000133e-02 9.384933398612025357e+00
6.500000000000000222e-02 9.485747805109193465e+00
6.600000000000000311e-02 9.586425891768623586e+00
6.700000000000000400e-02 9.686974853132724661e+00
6.800000000000000488e-02 9.787401547366487264e+00
6.900000000000000577e-02 9.887712515177160100e+00
7.000000000000000666e-02 9.987913997444684000e+00
7.100000000000000755e-02 1.008801195166660136e+01
7.200000000000000844e-02 1.018801206731174069e+01
7.299999999999999545e-02 1.028791978016797870e+01
7.399999999999999634e-02 1.038774028576198738e+01
7.499999999999999722e-02 1.048747855192169709e+01
7.599999999999999811e-02 1.058713933054631617e+01
7.699999999999999900e-02 1.068672716864259797e+01
7.799999999999999989e-02 1.078624641868155365e+01
7.900000000000000078e-02 1.088570124832471997e+01
8.000000000000000167e-02 1.098509564956554385e+01
8.100000000000000255e-02 1.108443344732697611e+01
8.200000000000000344e-02 1.118371830755367213e+01
8.300000000000000433e-02 1.128295374483368718e+01
8.400000000000000522e-02 1.138214312958187513e+01
8.500000000000000611e-02 1.148128969481475004e+01
8.600000000000000699e-02 1.158039654254410955e+01
8.700000000000000788e-02 1.167946664981462490e+01
8.799999999999999489e-02 1.177850287440884181e+01
8.899999999999999578e-02 1.187750796024111644e+01
8.999999999999999667e-02 1.197648454246024663e+01
9.099999999999999756e-02 1.207543515227962594e+01
9.199999999999999845e-02 1.217436222155177461e+01
9.299999999999999933e-02 1.227326808710318495e+01
9.400000000000000022e-02 1.237215499484431014e+01
9.500000000000000111e-02 1.247102510366834416e+01
9.600000000000000200e-02 1.256988048915149037e+01
9.700000000000000289e-02 1.266872314706674274e+01
9.800000000000000377e-02 1.276755499672193039e+01
9.900000000000000466e-02 1.286637788413269412e+01
1.000000000000000056e-01 1.296519358503957342e+01
1.010000000000000064e-01 1.306400380777852455e+01
1.020000000000000073e-01 1.316281019601306745e+01
1.030000000000000082e-01 1.326161433133567336e+01
1.040000000000000091e-01 1.336041773574628877e+01
1.049999999999999961e-01 1.345922187401400727e+01
1.059999999999999970e-01 1.355802815592908317e+01
1.069999999999999979e-01 1.365683793845074234e+01
1.079999999999999988e-01 1.375565252775661662e+01
1.089999999999999997e-01 1.385447318119910953e+01
1.100000000000000006e-01 1.395330110917346111e+01
1.110000000000000014e-01 1.405213747690245540e+01
1.120000000000000023e-01 1.415098340614169103e+01
1.130000000000000032e-01 1.424983997680999970e+01
1.140000000000000041e-01 1.434870822854859185e+01
1.150000000000000050e-01 1.444758916221243439e+01
1.160000000000000059e-01 1.454648374129776656e+01
1.170000000000000068e-01 1.464539289330829064e+01
1.180000000000000077e-01 1.474431751106371991e+01
1.190000000000000085e-01 1.484325845395317600e+01
1.199999999999999956e-01 1.494221654913614117e+01
1.209999999999999964e-01 1.504119259269368314e+01
1.219999999999999973e-01 1.514018735073216071e+01
1.229999999999999982e-01 1.523920156044189866e+01
1.239999999999999991e-01 1.533823593111277361e+01
1.250000000000000000e-01 1.543729114510887435e+01
1.260000000000000009e-01 1.553636785880400772e+01
1.270000000000000018e-01 1.563546670348009648e+01
1.280000000000000027e-01 1.573458828619003036e+01
1.290000000000000036e-01 1.583373319058648043e+01
1.300000000000000044e-01 1.593290197771859162e+01
1.310000000000000053e-01 1.603209518679758361e+01
1.320000000000000062e-01 1.613131333593302230e+01
1.330000000000000071e-01 1.623055692284074425e+01
1.340000000000000080e-01 1.632982642552396157e+01
1.350000000000000089e-01 1.642912230292860087e+01
1.360000000000000098e-01 1.652844499557394187e+01
1.370000000000000107e-01 1.662779492615975485e+01
1.380000000000000115e-01 1.672717250015093526e+01
1.390000000000000124e-01 1.682657810634044182e+01
1.400000000000000133e-01 1.692601211739172484e+01
1.410000000000000142e-01 1.702547489036119188e+01
1.420000000000000151e-01 1.712496676720194344e+01
1.430000000000000160e-01 1.722448807524913050e+01
1.440000000000000169e-01 1.732403912768805654e+01
1.449999999999999900e-01 1.742362022400547161e+01
1.459999999999999909e-01 1.752323165042498943e+01
1.469999999999999918e-01 1.762287368032704649e+01
1.479999999999999927e-01 1.772254657465417438e+01
1.489999999999999936e-01 1.782225058230207537e+01
1.499999999999999944e-01 1.792198594049727589e+01
1.509999999999999953e-01 1.802175287516153901e+01
1.519999999999999962e-01 1.812155160126395259e+01
1.529999999999999971e-01 1.822138232316083872e+01
1.539999999999999980e-01 1.832124523492419144e+01
1.549999999999999989e-01 1.842114052065902641e+01
1.559999999999999998e-01 1.852106835480996594e+01
1.570000000000000007e-01 1.862102890245759568e+01
1.580000000000000016e-01 1.872102231960511887e+01
1.590000000000000024e-01 1.882104875345509853e+01
1.600000000000000033e-01 1.892110834267757369e+01
1.610000000000000042e-01 1.902120121766883898e+01
1.620000000000000051e-01 1.912132750080238708e+01
1.630000000000000060e-01 1.922148730667099770e+01
1.640000000000000069e-01 1.932168074232165011e+01
1.650000000000000078e-01 1.942190790748223606e+01
1.660000000000000087e-01 1.952216889478162187e+01
1.670000000000000095e-01 1.962246378996211504e+01
1.680000000000000104e-01 1.972279267208560682e+01
1.690000000000000113e-01 1.982315561373289370e+01
1.700000000000000122e-01 1.992355268119688461e+01
1.710000000000000131e-01 2.002398393466972237e+01
1.720000000000000140e-01 2.012444942842390105e+01
1.730000000000000149e-01 2.022494921098803289e+01
1.740000000000000158e-01 2.032548332531689894e+01
1.750000000000000167e-01 2.042605180895639450e+01
1.759999999999999898e-01 2.052665469420329103e+01
1.769999999999999907e-01 2.062729200826031928e+01
1.779999999999999916e-01 2.072796377338626428e+01
1.789999999999999925e-01 2.082867000704165505e+01
1.799999999999999933e-01 2.092941072203004893e+01
1.809999999999999942e-01 2.103018592663491404e+01
1.819999999999999951e-01 2.113099562475273174e+01
1.829999999999999960e-01 2.123183981602156933e+01
1.839999999999999969e-01 2.133271849594645886e+01
1.849999999999999978e-01 2.143363165602051623e+01
1.859999999999999987e-01 2.153457928384285225e+01
1.869999999999999996e-01 2.163556136323272483e+01
1.880000000000000004e-01 2.173657787434062527e+01
1.890000000000000013e-01 2.183762879375574784e+01
1.900000000000000022e-01 2.193871409461080191e+01
1.910000000000000031e-01 2.203983374668326078e+01
1.920000000000000040e-01 2.214098771649409514e+01
1.930000000000000049e-01 2.224217596740338010e+01
1.940000000000000058e-01 2.234339845970335148e+01
1.950000000000000067e-01 2.244465515070863049e+01
1.960000000000000075e-01 2.254594599484400064e+01
1.970000000000000084e-01 2.264727094372958760e+01
1.980000000000000093e-01 2.274862994626361967e+01
1.990000000000000102e-01 2.285002294870296424e+01
2.000000000000000111e-01 2.295144989474122355e+01
2.010000000000000120e-01 2.305291072558480181e+01
2.020000000000000129e-01 2.315440538002665960e+01
2.030000000000000138e-01 2.325593379451822784e+01
2.040000000000000147e-01 2.335749590323892022e+01
2.050000000000000155e-01 2.345909163816430620e+01
2.060000000000000164e-01 2.356072092913187888e+01
2.070000000000000173e-01 2.366238370390518853e+01
2.080000000000000182e-01 2.376407988823625317e+01
2.089999999999999913e-01 2.386580940592616784e+01
2.099999999999999922e-01 2.396757217888413294e+01
2.109999999999999931e-01 2.406936812718474883e+01
2.119999999999999940e-01 2.417119716912392136e+01
2.129999999999999949e-01 2.427305922127309401e+01
2.139999999999999958e-01 2.437495419853195244e+01
2.149999999999999967e-01 2.447688201418003828e+01
2.159999999999999976e-01 2.457884257992655819e+01
2.169999999999999984e-01 2.468083580595901338e+01
2.179999999999999993e-01 2.478286160099068169e+01
2.190000000000000002e-01 2.488491987230656122e+01
2.200000000000000011e-01 2.498701052580819493e+01
2.210000000000000020e-01 2.508913346605744721e+01
2.220000000000000029e-01 2.519128859631873496e+01
2.230000000000000038e-01 2.529347581860062277e+01
2.240000000000000047e-01 2.539569503369585846e+01
2.250000000000000056e-01 2.549794614122073355e+01
2.260000000000000064e-01 2.560022903965302277e+01
2.270000000000000073e-01 2.570254362636933365e+01
2.280000000000000082e-01 2.580488979768107072e+01
2.290000000000000091e-01 2.590726744886973165e+01
2.300000000000000100e-01 2.600967647422126561e+01
2.310000000000000109e-01 2.611211676705931950e+01
2.320000000000000118e-01 2.621458821977780218e+01
2.330000000000000127e-01 2.631709072387255333e+01
2.340000000000000135e-01 2.641962416997223784e+01
2.350000000000000144e-01 2.652218844786825258e+01
2.360000000000000153e-01 2.662478344654416418e+01
2.370000000000000162e-01 2.672740905420398505e+01
2.380000000000000171e-01 2.683006515830012262e+01
2.390000000000000180e-01 2.693275164556031953e+01
2.399999999999999911e-01 2.703546840201410362e+01
2.409999999999999920e-01 2.713821531301828571e+01
2.419999999999999929e-01 2.724099226328204892e+01
2.429999999999999938e-01 2.734379913689142683e+01
2.439999999999999947e-01 2.744663581733281177e+01
2.449999999999999956e-01 2.754950218751625357e+01
2.459999999999999964e-01 2.765239812979790202e+01
2.469999999999999973e-01 2.775532352600209052e+01
2.479999999999999982e-01 2.785827825744251030e+01
2.489999999999999991e-01 2.796126220494330994e+01
2.500000000000000000e-01 2.806427524885915759e+01
2.510000000000000009e-01 2.816731726909531375e+01
2.520000000000000018e-01 2.827038814512665965e+01
2.530000000000000027e-01 2.837348775601672912e+01
2.540000000000000036e-01 2.847661598043585229e+01
2.550000000000000044e-01 2.857977269667909326e+01
2.560000000000000053e-01 2.868295778268369389e+01
2.570000000000000062e-01 2.878617111604597767e+01
2.580000000000000071e-01 2.888941257403787688e+01
2.590000000000000080e-01 2.899268203362305130e+01
2.600000000000000089e-01 2.909597937147265867e+01
2.610000000000000098e-01 2.919930446398052126e+01
2.620000000000000107e-01 2.930265718727824975e+01
2.630000000000000115e-01 2.940603741724956066e+01
2.640000000000000124e-01 2.950944502954461512e+01
2.650000000000000133e-01 2.961287989959370748e+01
2.660000000000000142e-01 2.971634190262083308e+01
2.670000000000000151e-01 2.981983091365679428e+01
2.680000000000000160e-01 2.992334680755183030e+01
2.690000000000000169e-01 3.002688945898841055e+01
2.700000000000000178e-01 3.013045874249297640e+01
2.710000000000000187e-01 3.023405453244819086e+01
2.720000000000000195e-01 3.033767670310406217e+01
2.730000000000000204e-01 3.044132512858965711e+01
2.740000000000000213e-01 3.054499968292369516e+01
2.750000000000000222e-01 3.064870024002538429e+01
2.760000000000000231e-01 3.075242667372470606e+01
2.770000000000000240e-01 3.085617885777287484e+01
2.780000000000000249e-01 3.095995666585186967e+01
2.790000000000000258e-01 3.106375997158434643e+01
2.800000000000000266e-01 3.116758864854280731e+01
2.810000000000000275e-01 3.127144257025883434e+01
2.820000000000000284e-01 3.137532161023225186e+01
2.830000000000000293e-01 3.147922564193951445e+01
2.840000000000000302e-01 3.158315453884204871e+01
2.850000000000000311e-01 3.168710817439503202e+01
2.860000000000000320e-01 3.179108642205513036e+01
2.870000000000000329e-01 3.189508915528811883e+01
2.880000000000000338e-01 3.199911624757691442e+01
2.889999999999999791e-01 3.210316757242873109e+01
2.899999999999999800e-01 3.220724300338258672e+01
2.909999999999999809e-01 3.231134241401608875e+01
2.919999999999999818e-01 3.241546567795244016e+01
2.929999999999999827e-01 3.251961266886723934e+01
2.939999999999999836e-01 3.262378326049478972e+01
2.949999999999999845e-01 3.272797732663455150e+01
2.959999999999999853e-01 3.283219474115742287e+01
2.969999999999999862e-01 3.293643537801166588e+01
2.979999999999999871e-01 3.304069911122878267e+01
2.989999999999999880e-01 3.314498581492922824e+01
2.999999999999999889e-01 3.324929536332807345e+01
3.009999999999999898e-01 3.335362763074026304e+01
3.019999999999999907e-01 3.345798249158596605e+01
3.029999999999999916e-01 3.356235982039578403e+01
3.039999999999999925e-01 3.366675949181562544e+01
3.049999999999999933e-01 3.377118138061168651e+01
3.059999999999999942e-01 3.387562536167504135e+01
3.069999999999999951e-01 3.398009131002643102e+01
3.079999999999999960e-01 3.408457910082051256e+01
3.089999999999999969e-01 3.418908860935050598e+01
3.099999999999999978e-01 3.429361971105218743e+01
3.109999999999999987e-01 3.439817228150819517e+01
3.119999999999999996e-01 3.450274619645184515e+01
3.130000000000000004e-01 3.460734133177123795e+01
3.140000000000000013e-01 3.471195756351300332e+01
3.150000000000000022e-01 3.481659476788583873e+01
3.160000000000000031e-01 3.492125282126439600e+01
3.170000000000000040e-01 3.502593160019237928e+01
3.180000000000000049e-01 3.513063098138632512e+01
3.190000000000000058e-01 3.523535084173860810e+01
3.200000000000000067e-01 3.534009105832080877e+01
3.210000000000000075e-01 3.544485150838661980e+01
3.220000000000000084e-01 3.554963206937529208e+01
3.230000000000000093e-01 3.565443261891405768e+01
3.240000000000000102e-01 3.575925303482117101e+01
3.250000000000000111e-01 3.586409319510883620e+01
3.260000000000000120e-01 3.596895297798573665e+01
3.270000000000000129e-01 3.607383226185958591e+01
3.280000000000000138e-01 3.617873092533978507e+01
3.290000000000000147e-01 3.628364884723977468e+01
3.300000000000000155e-01 3.638858590657941505e+01
3.310000000000000164e-01 3.649354198258748738e+01
3.320000000000000173e-01 3.659851695470344879e+01
3.330000000000000182e-01 3.670351070258023185e+01
3.340000000000000191e-01 3.680852310608580069e+01
3.350000000000000200e-01 3.691355404530553130e+01
3.360000000000000209e-01 3.701860340054385290e+01
3.370000000000000218e-01 3.712367105232654296e+01
3.380000000000000226e-01 3.722875688140214834e+01
3.390000000000000235e-01 3.733386076874427317e+01
3.400000000000000244e-01 3.743898259555267316e+01
3.410000000000000253e-01 3.754412224325544400e+01
3.420000000000000262e-01 3.764927959351038567e+01
3.430000000000000271e-01 3.775445452820667214e+01
3.440000000000000280e-01 3.785964692946613042e+01
3.450000000000000289e-01 3.796485667964506661e+01
3.460000000000000298e-01 3.807008366133520383e+01
3.470000000000000306e-01 3.817532775736545148e+01
3.480000000000000315e-01 3.828058885080289997e+01
3.490000000000000324e-01 3.838586682495420632e+01
3.500000000000000333e-01 3.849116156336691574e+01
3.510000000000000342e-01 3.859647294983021482e+01
3.519999999999999796e-01 3.870180086837657996e+01
3.529999999999999805e-01 3.880714520328244532e+01
3.539999999999999813e-01 3.891250583906936811e+01
3.549999999999999822e-01 3.901788266050501619e+01
3.559999999999999831e-01 3.912327555260411316e+01
3.569999999999999840e-01 3.922868440062941175e+01
3.579999999999999849e-01 3.933410909009235468e+01
3.589999999999999858e-01 3.943954950675416882e+01
3.599999999999999867e-01 3.954500553662645501e+01
3.609999999999999876e-01 3.965047706597194832e+01
3.619999999999999885e-01 3.975596398130550568e+01
3.629999999999999893e-01 3.986146616939435461e+01
3.639999999999999902e-01 3.996698351725920872e+01
3.649999999999999911e-01 4.007251591217446673e+01
3.659999999999999920e-01 4.017806324166918586e+01
3.669999999999999929e-01 4.028362539352725946e+01
3.679999999999999938e-01 4.038920225578830525e+01
3.689999999999999947e-01 4.049479371674784289e+01
3.699999999999999956e-01 4.060039966495801877e+01
3.709999999999999964e-01 4.070601998922782627e+01
3.719999999999999973e-01 4.081165457862375234e+01
3.729999999999999982e-01 4.091730332246993385e+01
3.739999999999999991e-01 4.102296611034854834e+01
3.750000000000000000e-01 4.112864283210033989e+01
3.760000000000000009e-01 4.123433337782476826e+01
3.770000000000000018e-01 4.134003763788021502e+01
3.780000000000000027e-01 4.144575550288433874e+01
3.790000000000000036e-01 4.155148686371442324e+01
3.800000000000000044e-01 4.165723161150732778e+01
3.810000000000000053e-01 4.176298963765982819e+01
3.820000000000000062e-01 4.186876083382880154e+01
3.830000000000000071e-01 4.197454509193133276e+01
3.840000000000000080e-01 4.208034230414481414e+01
3.850000000000000089e-01 4.218615236290699499e+01
3.860000000000000098e-01 4.229197516091620201e+01
3.870000000000000107e-01 4.239781059113128947e+01
3.880000000000000115e-01 4.250365854677171740e+01
3.890000000000000124e-01 4.260951892131757290e+01
3.900000000000000133e-01 4.271539160850966255e+01
3.910000000000000142e-01 4.282127650234920679e+01
3.920000000000000151e-01 4.292717349709829477e+01
3.930000000000000160e-01 4.303308248727928742e+01
3.940000000000000169e-01 4.313900336767514432e+01
3.950000000000000178e-01 4.324493603332925318e+01
3.960000000000000187e-01 4.335088037954527351e+01
3.970000000000000195e-01 4.345683630188702296e+01
3.980000000000000204e-01 4.356280369617850567e+01
3.990000000000000213e-01 4.366878245850334395e+01
4.000000000000000222e-01 4.377477248520530395e+01
4.010000000000000231e-01 4.388077367288758524e+01
4.020000000000000240e-01 4.398678591841274965e+01
4.030000000000000249e-01 4.409280911890270716e+01
4.040000000000000258e-01 4.419884317173820421e+01
4.050000000000000266e-01 4.430488797455892325e+01
4.060000000000000275e-01 4.441094342526309902e+01
4.070000000000000284e-01 4.451700942200719169e+01
4.080000000000000293e-01 4.462308586320580162e+01
4.090000000000000302e-01 4.472917264753129274e+01
4.100000000000000311e-01 4.483526967391345863e+01
4.110000000000000320e-01 4.494137684153934487e+01
4.120000000000000329e-01 4.504749404985307848e+01
4.130000000000000338e-01 4.515362119855512901e+01
4.140000000000000346e-01 4.525975818760232983e+01
4.150000000000000355e-01 4.536590491720761520e+01
4.160000000000000364e-01 4.547206128783928136e+01
4.169999999999999818e-01 4.557822720022103624e+01
4.179999999999999827e-01 4.568440255533153049e+01
4.189999999999999836e-01 4.579058725440378197e+01
4.199999999999999845e-01 4.589678119892511887e+01
4.209999999999999853e-01 4.600298429063651895e+01
4.219999999999999862e-01 4.610919643153243896e+01
4.229999999999999871e-01 4.621541752386021074e+01
4.239999999999999880e-01 4.632164747011979244e+01
4.249999999999999889e-01 4.642788617306337073e+01
4.259999999999999898e-01 4.653413353569473543e+01
4.269999999999999907e-01 4.664038946126900953e+01
4.279999999999999916e-01 4.674665385329221579e+01
4.289999999999999925e-01 4.685292661552065852e+01
4.299999999999999933e-01 4.695920765196086677e+01
4.309999999999999942e-01 4.706549686686864220e+01
4.319999999999999951e-01 4.717179416474898801e+01
4.329999999999999960e-01 4.727809945035545525e+01
4.339999999999999969e-01 4.738441262868958859e+01
4.349999999999999978e-01 4.749073360500062790e+01
4.359999999999999987e-01 4.759706228478509615e+01
4.369999999999999996e-01 4.770339857378596093e+01
4.380000000000000004e-01 4.780974237799249948e+01
4.390000000000000013e-01 4.791609360363950287e+01
4.400000000000000022e-01 4.802245215720696336e+01
4.410000000000000031e-01 4.812881794541968361e+01
4.420000000000000040e-01 4.823519087524627480e+01
4.430000000000000049e-01 4.834157085389917086e+01
4.440000000000000058e-01 4.844795778883389659e+01
4.450000000000000067e-01 4.855435158774841398e+01
4.460000000000000075e-01 4.866075215858276692e+01
4.470000000000000084e-01 4.876715940951853412e+01
4.480000000000000093e-01 4.887357324897816824e+01
4.490000000000000102e-01 4.897999358562455541e+01
4.500000000000000111e-01 4.908642032836046099e+01
4.510000000000000120e-01 4.919285338632793980e+01
4.520000000000000129e-01 4.929929266890779616e+01
4.530000000000000138e-01 4.940573808571913617e+01
4.540000000000000147e-01 4.951218954661869986e+01
4.550000000000000155e-01 4.961864696170004407e+01
4.560000000000000164e-01 4.972511024129363477e+01
4.570000000000000173e-01 4.983157929596562496e+01
4.580000000000000182e-01 4.993805403651761310e+01
4.590000000000000191e-01 5.004453437398606042e+01
4.600000000000000200e-01 5.015102021964167989e+01
4.610000000000000209e-01 5.025751148498876830e+01
4.620000000000000218e-01 5.036400808176473021e+01
4.630000000000000226e-01 5.047050992193956631e+01
4.640000000000000235e-01 5.057701691771501373e+01
4.650000000000000244e-01 5.068352898152427599e+01
4.660000000000000253e-01 5.079004602603123431e+01
4.670000000000000262e-01 5.089656796413002127e+01
4.680000000000000271e-01 5.100309470894428898e+01
4.690000000000000280e-01 5.110962617382648432e+01
4.700000000000000289e-01 5.121616227235787733e+01
4.710000000000000298e-01 5.132270291834714726e+01
4.720000000000000306e-01 5.142924802583019073e+01
4.730000000000000315e-01 5.153579750906968115e+01
4.740000000000000324e-01 5.164235128255415930e+01
4.750000000000000333e-01 5.174890926099762112e+01
4.760000000000000342e-01 5.185547135933883567e+01
4.770000000000000351e-01 5.196203749274071981e+01
4.780000000000000360e-01 5.206860757658994032e+01
4.790000000000000369e-01 5.217518152649606122e+01
4.799999999999999822e-01 5.228175925829073378e+01
4.809999999999999831e-01 5.238834068802799493e+01
4.819999999999999840e-01 5.249492573198271117e+01
4.829999999999999849e-01 5.260151430665021621e+01
4.839999999999999858e-01 5.270810632874584201e+01
4.849999999999999867e-01 5.281470171520451373e+01
4.859999999999999876e-01 5.292130038317968399e+01
4.869999999999999885e-01 5.302790225004315516e+01
4.879999999999999893e-01 5.313450723338387149e+01
4.889999999999999902e-01 5.324111525100807540e+01
4.899999999999999911e-01 5.334772622093817063e+01
4.909999999999999920e-01 5.345434006141218930e+01
4.919999999999999929e-01 5.356095669088344380e+01
4.929999999999999938e-01 5.366757602801956750e+01
4.939999999999999947e-01 5.377419799170220926e+01
4.949999999999999956e-01 5.388082250102603155e+01
4.959999999999999964e-01 5.398744947529854699e+01
4.969999999999999973e-01 5.409407883403956419e+01
4.979999999999999982e-01 5.420071049697960319e+01
4.989999999999999991e-01 5.430734438406064868e+01
5.000000000000000000e-01 5.441398041543478570e+01
5.010000000000000009e-01 5.452061851146351756e+01
5.020000000000000018e-01 5.462725859271748874e+01
5.030000000000000027e-01 5.473390057997556113e+01
5.040000000000000036e-01 5.484054439422471461e+01
5.050000000000000044e-01 5.494718995665884620e+01
5.060000000000000053e-01 5.505383718867840059e+01
5.070000000000000062e-01 5.516048601188985145e+01
5.080000000000000071e-01 5.526713634810513298e+01
5.090000000000000080e-01 5.537378811934075173e+01
5.100000000000000089e-01 5.548044124781753084e+01
5.110000000000000098e-01 5.558709565595965074e+01
5.120000000000000107e-01 5.569375126639444318e+01
5.130000000000000115e-01 5.580040800195135375e+01
5.140000000000000124e-01 5.590706578566160090e+01
5.150000000000000133e-01 5.601372454075772112e+01
5.160000000000000142e-01 5.612038419067259554e+01
5.170000000000000151e-01 5.622704465903900228e+01
5.180000000000000160e-01 5.633370586968930382e+01
5.190000000000000169e-01 5.644036774665438116e+01
5.200000000000000178e-01 5.654703021416310094e+01
5.210000000000000187e-01 5.665369319664226566e+01
5.220000000000000195e-01 5.676035661871527793e+01
5.230000000000000204e-01 5.686702040520201251e+01
5.240000000000000213e-01 5.697368448111821948e+01
5.250000000000000222e-01 5.708034877167447263e+01
5.260000000000000231e-01 5.718701320227626184e+01
5.270000000000000240e-01 5.729367769852284198e+01
5.280000000000000249e-01 5.740034218620680662e+01
5.290000000000000258e-01 5.750700659131377535e+01
5.300000000000000266e-01 5.761367084002144168e+01
5.310000000000000275e-01 5.772033485869895486e+01
5.320000000000000284e-01 5.782699857390675646e+01
5.330000000000000293e-01 5.793366191239558560e+01
5.340000000000000302e-01 5.804032480110619474e+01
5.350000000000000311e-01 5.814698716716834781e+01
5.360000000000000320e-01 5.825364893790075627e+01
5.370000000000000329e-01 5.836031004081006301e+01
5.380000000000000338e-01 5.846697040359057240e+01
5.390000000000000346e-01 5.857362995412358941e+01
5.400000000000000355e-01 5.868028862047655281e+01
5.410000000000000364e-01 5.878694633090307065e+01
5.420000000000000373e-01 5.889360301384168395e+01
5.430000000000000382e-01 5.900025859791567484e+01
5.440000000000000391e-01 5.910691301193240577e+01
5.450000000000000400e-01 5.921356618488287893e+01
5.460000000000000409e-01 5.932021804594090497e+01
5.470000000000000417e-01 5.942686852446278323e+01
5.480000000000000426e-01 5.953351754998639223e+01
5.490000000000000435e-01 5.964016505223111864e+01
5.500000000000000444e-01 5.974681096109708989e+01
5.510000000000000453e-01 5.985345520666407282e+01
5.520000000000000462e-01 5.996009771919193554e+01
5.530000000000000471e-01 6.006673842911936845e+01
5.540000000000000480e-01 6.017337726706322343e+01
5.550000000000000488e-01 6.028001416381865596e+01
5.560000000000000497e-01 6.038664905035792430e+01
5.570000000000000506e-01 6.049328185783009104e+01
5.580000000000000515e-01 6.059991251756046182e+01
5.590000000000000524e-01 6.070654096104983211e+01
5.600000000000000533e-01 6.081316711997461510e+01
5.610000000000000542e-01 6.091979092618507252e+01
5.620000000000000551e-01 6.102641231170603930e+01
5.630000000000000560e-01 6.113303120873570151e+01
5.640000000000000568e-01 6.123964754964506341e+01
5.650000000000000577e-01 6.134626126697747850e+01
5.660000000000000586e-01 6.145287229344845770e+01
5.670000000000000595e-01 6.155948056194438323e+01
5.680000000000000604e-01 6.166608600552279995e+01
5.690000000000000613e-01 6.177268855741118614e+01
5.700000000000000622e-01 6.187928815100682556e+01
5.710000000000000631e-01 6.198588471987621062e+01
5.720000000000000639e-01 6.209247819775453792e+01
5.730000000000000648e-01 6.219906851854479157e+01
5.740000000000000657e-01 6.230565561631783567e+01
5.750000000000000666e-01 6.241223942531137681e+01
5.760000000000000675e-01 6.251881987992983625e+01
5.769999999999999574e-01 6.262539691474323433e+01
5.779999999999999583e-01 6.273197046448772340e+01
5.789999999999999591e-01 6.283854046406355565e+01
5.799999999999999600e-01 6.294510684853609916e+01
5.809999999999999609e-01 6.305166955313425348e+01
5.819999999999999618e-01 6.315822851325051346e+01
5.829999999999999627e-01 6.326478366443996748e+01
5.839999999999999636e-01 6.337133494242038267e+01
5.849999999999999645e-01 6.347788228307118175e+01
5.859999999999999654e-01 6.358442562243316587e+01
5.869999999999999662e-01 6.369096489670771177e+01
5.879999999999999671e-01 6.379750004225707727e+01
5.889999999999999680e-01 6.390403099560268174e+01
5.899999999999999689e-01 6.401055769342579538e+01
5.909999999999999698e-01 6.411708007256594044e+01
5.919999999999999707e-01 6.422359807002152365e+01
5.929999999999999716e-01 6.433011162294815222e+01
5.939999999999999725e-01 6.443662066865920224e+01
5.949999999999999734e-01 6.454312514462466766e+01
5.959999999999999742e-01 6.464962498847074812e+01
5.969999999999999751e-01 6.475612013797952216e+01
5.979999999999999760e-01 6.486261053108842134e+01
5.989999999999999769e-01 6.496909610588973294e+01
5.999999999999999778e-01 6.507557680062996042e+01
6.009999999999999787e-01 6.518205255370952500e+01
6.019999999999999796e-01 6.528852330368212620e+01
6.029999999999999805e-01 6.539498898925450021e+01
6.039999999999999813e-01 6.550144954928541097e+01
6.049999999999999822e-01 6.560790492278613328e+01
6.059999999999999831e-01 6.571435504891883284e+01
6.069999999999999840e-01 6.582079986699690721e+01
6.079999999999999849e-01 6.592723931648401958e+01
6.089999999999999858e-01 6.603367333699395658e+01
6.099999999999999867e-01 6.614010186829000304e+01
6.109999999999999876e-01 6.624652485028460092e+01
6.119999999999999885e-01 6.635294222303846823e+01
6.129999999999999893e-01 6.645935392676072695e+01
6.139999999999999902e-01 6.656575990180809299e+01
6.149999999999999911e-01 6.667216008868423671e+01
6.159999999999999920e-01 6.677855442803982555e+01
6.169999999999999929e-01 6.688494286067154349e+01
6.179999999999999938e-01 6.699132532752192049e+01
6.189999999999999947e-01 6.709770176967897726e+01
6.199999999999999956e-01 6.720407212837535837e+01
6.209999999999999964e-01 6.731043634498816175e+01
6.219999999999999973e-01 6.741679436103855494e+01
6.229999999999999982e-01 6.752314611819110723e+01
6.239999999999999991e-01 6.762949155825353387e+01
6.250000000000000000e-01 6.773583062317584336e+01
6.260000000000000009e-01 6.784216325505050804e+01
6.270000000000000018e-01 6.794848939611173932e+01
6.280000000000000027e-01 6.805480898873460660e+01
6.290000000000000036e-01 6.816112197543532147e+01
6.300000000000000044e-01 6.826742829887021458e+01
6.310000000000000053e-01 6.837372790183592031e+01
6.320000000000000062e-01 6.848002072726799838e+01
6.330000000000000071e-01 6.858630671824144542e+01
6.340000000000000080e-01 6.869258581796984231e+01
6.350000000000000089e-01 6.879885796980465784e+01
6.360000000000000098e-01 6.890512311723536243e+01
6.370000000000000107e-01 6.901138120388864650e+01
6.380000000000000115e-01 6.911763217352788047e+01
6.390000000000000124e-01 6.922387597005325688e+01
6.400000000000000133e-01 6.933011253750046876e+01
6.410000000000000142e-01 6.943634182004122124e+01
6.420000000000000151e-01 6.954256376198199519e+01
6.430000000000000160e-01 6.964877830776441670e+01
6.440000000000000169e-01 6.975498540196417707e+01
6.450000000000000178e-01 6.986118498929074860e+01
6.460000000000000187e-01 6.996737701458722825e+01
6.470000000000000195e-01 7.007356142282966971e+01
6.480000000000000204e-01 7.017973815912685609e+01
6.490000000000000213e-01 7.028590716871956090e+01
6.500000000000000222e-01 7.039206839698076124e+01
6.510000000000000231e-01 7.049822178941431616e+01
6.520000000000000240e-01 7.060436729165543568e+01
6.530000000000000249e-01 7.071050484946971437e+01
6.540000000000000258e-01 7.081663440875291826e+01
6.550000000000000266e-01 7.092275591553055847e+01
6.560000000000000275e-01 7.102886931595762121e+01
6.570000000000000284e-01 7.113497455631784305e+01
6.580000000000000293e-01 7.124107158302348353e+01
6.590000000000000302e-01 7.134716034261515460e+01
6.600000000000000311e-01 7.145324078176095384e+01
6.610000000000000320e-01 7.155931284725659225e+01
6.620000000000000329e-01 7.166537648602437116e+01
6.630000000000000338e-01 7.177143164511339535e+01
6.640000000000000346e-01 7.187747827169872039e+01
6.650000000000000355e-01 7.198351631308150900e+01
6.660000000000000364e-01 7.208954571668786571e+01
6.670000000000000373e-01 7.219556643006902164e+01
6.680000000000000382e-01 7.230157840090087973e+01
6.690000000000000391e-01 7.240758157698348896e+01
6.700000000000000400e-01 7.251357590624060379e+01
6.710000000000000409e-01 7.261956133671961311e+01
6.720000000000000417e-01 7.272553781659077288e+01
6.730000000000000426e-01 7.283150529414714924e+01
6.740000000000000435e-01 7.293746371780390803e+01
6.750000000000000444e-01 7.304341303609805891e+01
6.760000000000000453e-01 7.314935319768854072e+01
6.770000000000000462e-01 7.325528415135519822e+01
6.780000000000000471e-01 7.336120584599834160e+01
6.790000000000000480e-01 7.346711823063908753e+01
6.800000000000000488e-01 7.357302125441862017e+01
6.810000000000000497e-01 7.367891486659743805e+01
6.820000000000000506e-01 7.378479901655553874e+01
6.830000000000000515e-01 7.389067365379176522e+01
6.840000000000000524e-01 7.399653872792359266e+01
6.850000000000000533e-01 7.410239418868667371e+01
6.860000000000000542e-01 7.420823998593428428e+01
6.870000000000000551e-01 7.431407606963735191e+01
6.880000000000000560e-01 7.441990238988390161e+01
6.890000000000000568e-01 7.452571889687862949e+01
6.900000000000000577e-01 7.463152554094254754e+01
6.910000000000000586e-01 7.473732227251275617e+01
6.920000000000000595e-01 7.484310904214208904e+01
6.930000000000000604e-01 7.494888580049848770e+01
6.940000000000000613e-01 7.505465249836493058e+01
6.950000000000000622e-01 7.516040908663896403e+01
6.960000000000000631e-01 7.526615551633264545e+01
6.970000000000000639e-01 7.537189173857147750e+01
6.980000000000000648e-01 7.547761770459490549e+01
6.990000000000000657e-01 7.558333336575535100e+01
7.000000000000000666e-01 7.568903867351792769e+01
7.010000000000000675e-01 7.579473357946065448e+01
7.020000000000000684e-01 7.590041803527344655e+01
7.030000000000000693e-01 7.600609199275814376e+01
7.039999999999999591e-01 7.611175540382794225e+01
7.049999999999999600e-01 7.621740822050732334e+01
7.059999999999999609e-01 7.632305039493134302e+01
7.069999999999999618e-01 7.642868187934578827e+01
7.079999999999999627e-01 7.653430262610633861e+01
7.089999999999999636e-01 7.663991258767870818e+01
7.099999999999999645e-01 7.674551171663770788e+01
7.109999999999999654e-01 7.685109996566751533e+01
7.119999999999999662e-01 7.695667728756106385e+01
7.129999999999999671e-01 7.706224363521980081e+01
7.139999999999999680e-01 7.716779896165303398e+01
7.149999999999999689e-01 7.727334321997818734e+01
7.159999999999999698e-01 7.737887636341991993e+01
7.169999999999999707e-01 7.748439834531016857e+01
7.179999999999999716e-01 7.758990911908760779e+01
7.189999999999999725e-01 7.769540863829747934e+01
7.199999999999999734e-01 7.780089685659118004e+01
7.209999999999999742e-01 7.790637372772584968e+01
7.219999999999999751e-01 7.801183920556424312e+01
7.229999999999999760e-01 7.811729324407438924e+01
7.239999999999999769e-01 7.822273579732910775e+01
7.249999999999999778e-01 7.832816681950588134e+01
7.259999999999999787e-01 7.843358626488631558e+01
7.269999999999999796e-01 7.853899408785608216e+01
7.279999999999999805e-01 7.864439024290450675e+01
7.289999999999999813e-01 7.874977468462408581e+01
7.299999999999999822e-01 7.885514736771051503e+01
7.309999999999999831e-01 7.896050824696187931e+01
7.319999999999999840e-01 7.906585727727910751e+01
7.329999999999999849e-01 7.917119441366480714e+01
7.339999999999999858e-01 7.927651961122367652e+01
7.349999999999999867e-01 7.938183282516172312e+01
7.359999999999999876e-01 7.948713401078595098e+01
7.369999999999999885e-01 7.959242312350446014e+01
7.379999999999999893e-01 7.969770011882596350e+01
7.389999999999999902e-01 7.980296495235927523e+01
7.399999999999999911e-01 7.990821757981306916e+01
7.409999999999999920e-01 8.001345795699600671e+01
7.419999999999999929e-01 8.011868603981591264e+01
7.429999999999999938e-01 8.022390178427957608e+01
7.439999999999999947e-01 8.032910514649275058e+01
7.449999999999999956e-01 8.043429608265952879e+01
7.459999999999999964e-01 8.053947454908237091e+01
7.469999999999999973e-01 8.064464050216132307e+01
7.479999999999999982e-01 8.074979389839421628e+01
7.489999999999999991e-01 8.085493469437642489e+01
7.500000000000000000e-01 8.096006284679970122e+01
7.510000000000000009e-01 8.106517831245321304e+01
7.520000000000000018e-01 8.117028104822223611e+01
7.530000000000000027e-01 8.127537101108796946e+01
7.540000000000000036e-01 8.138044815812804700e+01
7.550000000000000044e-01 8.148551244651525849e+01
7.560000000000000053e-01 8.159056383351770592e+01
7.570000000000000062e-01 8.169560227649890294e+01
7.580000000000000071e-01 8.180062773291656697e+01
7.590000000000000080e-01 8.190564016032327288e+01
7.600000000000000089e-01 8.201063951636557192e+01
7.610000000000000098e-01 8.211562575878399173e+01
7.620000000000000107e-01 8.222059884541265262e+01
7.630000000000000115e-01 8.232555873417898340e+01
7.640000000000000124e-01 8.243050538310372133e+01
7.650000000000000133e-01 8.253543875030005950e+01
7.660000000000000142e-01 8.264035879397388840e+01
7.670000000000000151e-01 8.274526547242336960e+01
7.680000000000000160e-01 8.285015874403860892e+01
7.690000000000000169e-01 8.295503856730145742e+01
7.700000000000000178e-01 8.305990490078515620e+01
7.710000000000000187e-01 8.316475770315409477e+01
7.720000000000000195e-01 8.326959693316374000e+01
7.730000000000000204e-01 8.337442254965992561e+01
7.740000000000000213e-01 8.347923451157906527e+01
7.750000000000000222e-01 8.358403277794768371e+01
7.760000000000000231e-01 8.368881730788191931e+01
7.770000000000000240e-01 8.379358806058783671e+01
7.780000000000000249e-01 8.389834499536068790e+01
7.790000000000000258e-01 8.400308807158445745e+01
7.800000000000000266e-01 8.410781724873257303e+01
7.810000000000000275e-01 8.421253248636645594e+01
7.820000000000000284e-01 8.431723374413600425e+01
7.830000000000000293e-01 8.442192098177920911e+01
7.840000000000000302e-01 8.452659415912162899e+01
7.850000000000000311e-01 8.463125323607667383e+01
7.860000000000000320e-01 8.473589817264473822e+01
7.870000000000000329e-01 8.484052892891321562e+01
7.880000000000000338e-01 8.494514546505654096e+01
7.890000000000000346e-01 8.504974774133522430e+01
7.900000000000000355e-01 8.515433571809639091e+01
7.910000000000000364e-01 8.525890935577295693e+01
7.920000000000000373e-01 8.536346861488378579e+01
7.930000000000000382e-01 8.546801345603296340e+01
7.940000000000000391e-01 8.557254383991021029e+01
7.950000000000000400e-01 8.567705972728988684e+01
7.960000000000000409e-01 8.578156107903140537e+01
7.970000000000000417e-01 8.588604785607839176e+01
7.980000000000000426e-01 8.599052001945905488e+01
7.990000000000000435e-01 8.609497753028563238e+01
8.000000000000000444e-01 8.619942034975386491e+01
8.010000000000000453e-01 8.630384843914332293e+01
8.020000000000000462e-01 8.640826175981672463e+01
8.030000000000000471e-01 8.651266027322009222e+01
8.040000000000000480e-01 8.661704394088197034e+01
8.050000000000000488e-01 8.672141272441356818e+01
8.060000000000000497e-01 8.682576658550877369e+01
8.070000000000000506e-01 8.693010548594328668e+01
8.080000000000000515e-01 8.703442938757460468e+01
8.090000000000000524e-01 8.713873825234222181e+01
8.100000000000000533e-01 8.724303204226691832e+01
8.110000000000000542e-01 8.734731071945054737e+01
8.120000000000000551e-01 8.745157424607597818e+01
8.130000000000000560e-01 8.755582258440682608e+01
8.140000000000000568e-01 8.766005569678721088e+01
8.150000000000000577e-01 8.776427354564152949e+01
8.160000000000000586e-01 8.786847609347432808e+01
8.170000000000000595e-01 8.797266330286950620e+01
8.180000000000000604e-01 8.807683513649109841e+01
8.190000000000000613e-01 8.818099155708226533e+01
8.200000000000000622e-01 8.828513252746515150e+01
8.210000000000000631e-01 8.838925801054115539e+01
8.220000000000000639e-01 8.849336796929006255e+01
8.230000000000000648e-01 8.859746236677024456e+01
8.240000000000000657e-01 8.870154116611820427e+01
8.250000000000000666e-01 8.880560433054854741e+01
8.260000000000000675e-01 8.890965182335378358e+01
8.270000000000000684e-01 8.901368360790381473e+01
8.280000000000000693e-01 8.911769964764599194e+01
8.290000000000000702e-01 8.922169990610468915e+01
8.300000000000000711e-01 8.932568434688145942e+01
8.310000000000000719e-01 8.942965293365426760e+01
8.320000000000000728e-01 8.953360563017760398e+01
8.329999999999999627e-01 8.963754240028251274e+01
8.339999999999999636e-01 8.974146320787571085e+01
8.349999999999999645e-01 8.984536801693998598e+01
8.359999999999999654e-01 8.994925679153408282e+01
8.369999999999999662e-01 9.005312949579132464e+01
8.379999999999999671e-01 9.015698609392077856e+01
8.389999999999999680e-01 9.026082655020675816e+01
8.399999999999999689e-01 9.036465082900772927e+01
8.409999999999999698e-01 9.046845889475717684e+01
8.419999999999999707e-01 9.057225071196288013e+01
8.429999999999999716e-01 9.067602624520671384e+01
8.439999999999999725e-01 9.077978545914454855e+01
8.449999999999999734e-01 9.088352831850590974e+01
8.459999999999999742e-01 9.098725478809383560e+01
8.469999999999999751e-01 9.109096483278513290e+01
8.479999999999999760e-01 9.119465841752914059e+01
8.489999999999999769e-01 9.129833550734846881e+01
8.499999999999999778e-01 9.140199606733833093e+01
8.509999999999999787e-01 9.150564006266665729e+01
8.519999999999999796e-01 9.160926745857334197e+01
8.529999999999999805e-01 9.171287822037074022e+01
8.539999999999999813e-01 9.181647231344297211e+01
8.549999999999999822e-01 9.192004970324592250e+01
8.559999999999999831e-01 9.202361035530681477e+01
8.569999999999999840e-01 9.212715423522463709e+01
8.579999999999999849e-01 9.223068130866911929e+01
8.589999999999999858e-01 9.233419154138094598e+01
8.599999999999999867e-01 9.243768489917171394e+01
8.609999999999999876e-01 9.254116134792349158e+01
8.619999999999999885e-01 9.264462085358853471e+01
8.629999999999999893e-01 9.274806338218962765e+01
8.639999999999999902e-01 9.285148889981915943e+01
8.649999999999999911e-01 9.295489737263929442e+01
8.659999999999999920e-01 9.305828876688200069e+01
8.669999999999999929e-01 9.316166304884849581e+01
8.679999999999999938e-01 9.326502018490897683e+01
8.689999999999999947e-01 9.336836014150314611e+01
8.699999999999999956e-01 9.347168288513906020e+01
8.709999999999999964e-01 9.357498838239364147e+01
8.719999999999999973e-01 9.367827659991229439e+01
8.729999999999999982e-01 9.378154750440840814e+01
8.739999999999999991e-01 9.388480106266349878e+01
8.750000000000000000e-01 9.398803724152705286e+01
8.760000000000000009e-01 9.409125600791647059e+01
8.770000000000000018e-01 9.419445732881627009e+01
8.780000000000000027e-01 9.429764117127847101e+01
8.790000000000000036e-01 9.440080750242202612e+01
8.800000000000000044e-01 9.450395628943343240e+01
8.810000000000000053e-01 9.460708749956518204e+01
8.820000000000000062e-01 9.471020110013672877e+01
8.830000000000000071e-01 9.481329705853404732e+01
8.840000000000000080e-01 9.491637534220919292e+01
8.850000000000000089e-01 9.501943591868024441e+01
8.860000000000000098e-01 9.512247875553124743e+01
8.870000000000000107e-01 9.522550382041208650e+01
8.880000000000000115e-01 9.532851108103766080e+01
8.890000000000000124e-01 9.543150050518872263e+01
8.900000000000000133e-01 9.553447206071085418e+01
8.910000000000000142e-01 9.563742571551476601e+01
8.920000000000000151e-01 9.574036143757604123e+01
8.930000000000000160e-01 9.584327919493483705e+01
8.940000000000000169e-01 9.594617895569554378e+01
8.950000000000000178e-01 9.604906068802716845e+01
8.960000000000000187e-01 9.615192436016280908e+01
8.970000000000000195e-01 9.625476994039929934e+01
8.980000000000000204e-01 9.635759739709725125e+01
8.990000000000000213e-01 9.646040669868092721e+01
9.000000000000000222e-01 9.656319781363812638e+01
9.010000000000000231e-01 9.666597071051985779e+01
9.020000000000000240e-01 9.676872535794012720e+01
9.030000000000000249e-01 9.687146172457590865e+01
9.040000000000000258e-01 9.697417977916683185e+01
9.050000000000000266e-01 9.707687949051539533e+01
9.060000000000000275e-01 9.717956082748618485e+01
9.070000000000000284e-01 9.728222375900627128e+01
9.080000000000000293e-01 9.738486825406428693e+01
9.090000000000000302e-01 9.748749428171166187e+01
9.100000000000000311e-01 9.759010181106091864e+01
9.110000000000000320e-01 9.769269081128636856e+01
9.120000000000000329e-01 9.779526125162354333e+01
9.130000000000000338e-01 9.789781310136950765e+01
9.140000000000000346e-01 9.800034632988224814e+01
9.150000000000000355e-01 9.810286090658080127e+01
9.160000000000000364e-01 9.820535680094501174e+01
9.170000000000000373e-01 9.830783398251506355e+01
9.180000000000000382e-01 9.841029242089186369e+01
9.190000000000000391e-01 9.851273208573634577e+01
9.200000000000000400e-01 9.861515294676991061e+01
9.210000000000000409e-01 9.871755497377368727e+01
9.220000000000000417e-01 9.881993813658856141e+01
9.230000000000000426e-01 9.892230240511527484e+01
9.240000000000000435e-01 9.902464774931375757e+01
9.250000000000000444e-01 9.912697413920371048e+01
9.260000000000000453e-01 9.922928154486380947e+01
9.270000000000000462e-01 9.933156993643171973e+01
9.280000000000000471e-01 9.943383928410369776e+01
9.290000000000000480e-01 9.953608955813523096e+01
9.300000000000000488e-01 9.963832072883992907e+01
9.310000000000000497e-01 9.974053276659040534e+01
9.320000000000000506e-01 9.984272564181667065e+01
9.330000000000000515e-01 9.994489932500748353e+01
9.340000000000000524e-01 1.000470537867094691e+02
9.350000000000000533e-01 1.001491889975267355e+02
9.360000000000000542e-01 1.002513049281213853e+02
9.370000000000000551e-01 1.003534015492127622e+02
9.380000000000000560e-01 1.004554788315776506e+02
9.390000000000000568e-01 1.005575367460500757e+02
9.400000000000000577e-01 1.006595752635209351e+02
9.410000000000000586e-01 1.007615943549382678e+02
9.420000000000000595e-01 1.008635939913068142e+02
9.430000000000000604e-01 1.009655741436875047e+02
9.440000000000000613e-01 1.010675347831982833e+02
9.450000000000000622e-01 1.011694758810130139e+02
9.460000000000000631e-01 1.012713974083619348e+02
9.470000000000000639e-01 1.013732993365312751e+02
9.480000000000000648e-01 1.014751816368627999e+02
9.490000000000000657e-01 1.015770442807545919e+02
9.500000000000000666e-01 1.016788872396598435e+02
9.510000000000000675e-01 1.017807104850871838e+02
9.520000000000000684e-01 1.018825139886009339e+02
9.530000000000000693e-01 1.019842977218198712e+02
9.540000000000000702e-01 1.020860616564185364e+02
9.550000000000000711e-01 1.021878057641258835e+02
9.560000000000000719e-01 1.022895300167256352e+02
9.570000000000000728e-01 1.023912343860562544e+02
9.580000000000000737e-01 1.024929188440103616e+02
9.590000000000000746e-01 1.025945833625349479e+02
9.599999999999999645e-01 1.026962279136313470e+02
9.609999999999999654e-01 1.027978524693549929e+02
9.619999999999999662e-01 1.028994570018147385e+02
9.629999999999999671e-01 1.030010414831737506e+02
9.639999999999999680e-01 1.031026058856480603e+02
9.649999999999999689e-01 1.032041501815078846e+02
9.659999999999999698e-01 1.033056743430763902e+02
9.669999999999999707e-01 1.034071783427299920e+02
9.679999999999999716e-01 1.035086621528981681e+02
9.689999999999999725e-01 1.036101257460634741e+02
9.699999999999999734e-01 1.037115690947608897e+02
9.709999999999999742e-01 1.038129921715783297e+02
9.719999999999999751e-01 1.039143949491560903e+02
9.729999999999999760e-01 1.040157774001870905e+02
9.739999999999999769e-01 1.041171394974161188e+02
9.749999999999999778e-01 1.042184812136402030e+02
9.759999999999999787e-01 1.043198025217084819e+02
9.769999999999999796e-01 1.044211033945219498e+02
9.779999999999999805e-01 1.045223838050331437e+02
9.789999999999999813e-01 1.046236437262461436e+02
9.799999999999999822e-01 1.047248831312167141e+02
9.809999999999999831e-01 1.048261019930518785e+02
9.819999999999999840e-01 1.049273002849096770e+02
9.829999999999999849e-01 1.050284779799994368e+02
9.839999999999999858e-01 1.051296350515812179e+02
9.849999999999999867e-01 1.052307714729659409e+02
9.859999999999999876e-01 1.053318872175153729e+02
9.869999999999999885e-01 1.054329822586416157e+02
9.879999999999999893e-01 1.055340565698073050e+02
9.889999999999999902e-01 1.056351101245252124e+02
9.899999999999999911e-01 1.057361428963584444e+02
9.909999999999999920e-01 1.058371548589201865e+02
9.919999999999999929e-01 1.059381459858731773e+02
9.929999999999999938e-01 1.060391162509306042e+02
9.939999999999999947e-01 1.061400656278546677e+02
9.949999999999999956e-01 1.062409940904571641e+02
9.959999999999999964e-01 1.063419016125997416e+02
9.969999999999999973e-01 1.064427881681930472e+02
9.979999999999999982e-01 1.065436537311967129e+02
9.989999999999999991e-01 1.066444982756198669e+02
1.000000000000000000e+00 1.067453217755202672e+02
