0.000000000000000000e+00 0.000000000000000000e+00
1.000000000000000021e-03 1.014750446423585029e+00
2.000000000000000042e-03 1.535819278040801761e+00
3.000000000000000062e-03 1.944260644598396093e+00
4.000000000000000083e-03 2.290337238439482892e+00
5.000000000000000104e-03 2.594905289808445925e+00
6.000000000000000125e-03 2.869162553846724695e+00
7.000000000000000146e-03 3.119995477797918415e+00
8.000000000000000167e-03 3.352017564823663420e+00
9.000000000000001055e-03 3.568508492625242834e+00
1.000000000000000021e-02 3.771903863133591717e+00
1.099999999999999936e-02 3.964074204085602737e+00
1.200000000000000025e-02 4.146494853017649973e+00
1.300000000000000114e-02 4.320354934195625773e+00
1.400000000000000029e-02 4.486630263186799361e+00
1.499999999999999944e-02 4.646133836438101739e+00
1.600000000000000033e-02 4.799551827278143001e+00
1.700000000000000122e-02 4.947469890956539551e+00
1.800000000000000211e-02 5.090392801641243636e+00
1.899999999999999953e-02 5.228759386245644514e+00
2.000000000000000042e-02 5.362954068353420922e+00
2.100000000000000130e-02 5.493315921710316907e+00
2.199999999999999872e-02 5.620145862790111302e+00
2.299999999999999961e-02 5.743712431561296405e+00
2.400000000000000050e-02 5.864256486460493356e+00
2.500000000000000139e-02 5.981995053917096072e+00
2.600000000000000228e-02 6.097124512135229324e+00
2.699999999999999969e-02 6.209823245235210898e+00
2.800000000000000058e-02 6.320253872049882204e+00
2.900000000000000147e-02 6.428565130363451452e+00
2.999999999999999889e-02 6.534893479796004101e+00
3.099999999999999978e-02 6.639364473235811914e+00
3.200000000000000067e-02 6.742093936556610601e+00
3.300000000000000155e-02 6.843188988514173232e+00
3.400000000000000244e-02 6.942748926611126414e+00
3.500000000000000333e-02 7.040865999926795737e+00
3.600000000000000422e-02 7.137626086117746738e+00
3.699999999999999817e-02 7.233109286774099367e+00
3.799999999999999906e-02 7.327390452893059347e+00
3.899999999999999994e-02 7.420539650274217358e+00
4.000000000000000083e-02 7.512622573051449315e+00
4.100000000000000172e-02 7.603700912277206569e+00
4.200000000000000261e-02 7.693832685408136918e+00
4.300000000000000350e-02 7.783072531659660065e+00
4.399999999999999745e-02 7.871471977466294234e+00
4.499999999999999833e-02 7.959079675674950671e+00
4.599999999999999922e-02 8.045941621588218240e+00
4.700000000000000011e-02 8.132101348545756281e+00
4.800000000000000100e-02 8.217600105369545105e+00
4.900000000000000189e-02 8.302477017692115879e+00
5.000000000000000278e-02 8.386769234925695926e+00
5.100000000000000366e-02 8.470512064407582642e+00
5.200000000000000455e-02 8.553739094066209248e+00
5.299999999999999850e-02 8.636482304788666298e+00
5.399999999999999939e-02 8.718772173529071523e+00
5.500000000000000028e-02 8.800637768075256773e+00
5.600000000000000117e-02 8.882106834285524499e+00
5.700000000000000205e-02 8.963205876515164761e+00
5.800000000000000294e-02 9.043960231872510747e+00
5.900000000000000383e-02 9.124394138874217575e+00
5.999999999999999778e-02 9.204530801008260710e+00
6.099999999999999867e-02 9.284392445659353399e+00
6.199999999999999956e-02 9.364000378804211877e+00
6.300000000000000044e-02 9.443375035842304754e+00
6.400000000000000133e-02 9.522536028891014581e+00
6.500000000000000222e-02 9.601502190841353368e+00
6.600000000000000311e-02 9.680291616441630609e+00
6.700000000000000400e-02 9.758921700650532216e+00
6.800000000000000488e-02 9.837409174478334961e+00
6.900000000000000577e-02 9.915770138514533372e+00
7.000000000000000666e-02 9.994020094321799164e+00
7.100000000000000755e-02 1.007217397385995383e+01
7.200000000000000844e-02 1.015024616708896588e+01
7.299999999999999545e-02 1.022825054788681953e+01
7.399999999999999634e-02 1.030620049840623054e+01
7.499999999999999722e-02 1.038410893198363283e+01
7.599999999999999811e-02 1.046198831470414348e+01
7.699999999999999900e-02 1.053985068571756756e+01
7.799999999999999989e-02 1.061770767639272073e+01
7.900000000000000078e-02 1.069557052839006417e+01
8.000000000000000167e-02 1.077345011072642045e+01
8.100000000000000255e-02 1.085135693589944950e+01
8.200000000000000344e-02 1.092930117513445154e+01
8.300000000000000433e-02 1.100729267281101542e+01
8.400000000000000522e-02 1.108534096012278880e+01
8.500000000000000611e-02 1.116345526801949362e+01
8.600000000000000699e-02 1.124164453947666331e+01
8.700000000000000788e-02 1.131991744113523879e+01
8.799999999999999489e-02 1.139828237435003189e+01
8.899999999999999578e-02 1.147674748568325853e+01
8.999999999999999667e-02 1.155532067687676978e+01
9.099999999999999756e-02 1.163400961433419312e+01
9.199999999999999845e-02 1.171282173814204874e+01
9.299999999999999933e-02 1.179176427065684507e+01
9.400000000000000022e-02 1.187084422468333855e+01
9.500000000000000111e-02 1.195006841126748220e+01
9.600000000000000200e-02 1.202944344712582492e+01
9.700000000000000289e-02 1.210897576173198509e+01
9.800000000000000377e-02 1.218867160407912209e+01
9.900000000000000466e-02 1.226853704913635568e+01
1.000000000000000056e-01 1.234857800401581684e+01
1.010000000000000064e-01 1.242880021386595857e+01
1.020000000000000073e-01 1.250920926750578133e+01
1.030000000000000082e-01 1.258981060281363895e+01
1.040000000000000091e-01 1.267060951188370055e+01
1.049999999999999961e-01 1.275161114596183864e+01
1.059999999999999970e-01 1.283282052017264974e+01
1.069999999999999979e-01 1.291424251804797052e+01
1.079999999999999988e-01 1.299588189586718201e+01
1.089999999999999997e-01 1.307774328681849596e+01
1.100000000000000006e-01 1.315983120499030079e+01
1.110000000000000014e-01 1.324215004920087679e+01
1.120000000000000023e-01 1.332470410667427707e+01
1.130000000000000032e-01 1.340749755656999120e+01
1.140000000000000041e-01 1.349053447337321288e+01
1.150000000000000050e-01 1.357381883015252200e+01
1.160000000000000059e-01 1.365735450169103515e+01
1.170000000000000068e-01 1.374114526749711018e+01
1.180000000000000077e-01 1.382519481470015421e+01
1.190000000000000085e-01 1.390950674083664396e+01
1.199999999999999956e-01 1.399408455653167849e+01
1.209999999999999964e-01 1.407893168808048756e+01
1.219999999999999973e-01 1.416405147993455316e+01
1.229999999999999982e-01 1.424944719709653995e+01
1.239999999999999991e-01 1.433512202742808128e+01
1.250000000000000000e-01 1.442107908387419002e+01
1.260000000000000009e-01 1.450732140660799985e+01
1.270000000000000018e-01 1.459385196509912852e+01
1.280000000000000027e-01 1.468067366010919450e+01
1.290000000000000036e-01 1.476778932561720303e+01
1.300000000000000044e-01 1.485520173067815364e+01
1.310000000000000053e-01 1.494291358121735058e+01
1.320000000000000062e-01 1.503092752176331182e+01
1.330000000000000071e-01 1.511924613712160870e+01
1.340000000000000080e-01 1.520787195399221581e+01
1.350000000000000089e-01 1.529680744253265701e+01
1.360000000000000098e-01 1.538605501786892837e+01
1.370000000000000107e-01 1.547561704155655704e+01
1.380000000000000115e-01 1.556549582299369305e+01
1.390000000000000124e-01 1.565569362078798576e+01
1.400000000000000133e-01 1.574621264407922716e+01
1.410000000000000142e-01 1.583705505381945855e+01
1.420000000000000151e-01 1.592822296401210558e+01
1.430000000000000160e-01 1.601971844291179892e+01
1.440000000000000169e-01 1.611154351418630171e+01
1.449999999999999900e-01 1.620370015804205721e+01
1.459999999999999909e-01 1.629619031231470672e+01
1.469999999999999918e-01 1.638901587352579980e+01
1.479999999999999927e-01 1.648217869790713053e+01
1.489999999999999936e-01 1.657568060239367469e+01
1.499999999999999944e-01 1.666952336558651737e+01
1.509999999999999953e-01 1.676370872868660200e+01
1.519999999999999962e-01 1.685823839640062261e+01
1.529999999999999971e-01 1.695311403781986925e+01
1.539999999999999980e-01 1.704833728727299302e+01
1.549999999999999989e-01 1.714390974515389132e+01
1.559999999999999998e-01 1.723983297872508302e+01
1.570000000000000007e-01 1.733610852289802651e+01
1.580000000000000016e-01 1.743273788099069321e+01
1.590000000000000024e-01 1.752972252546339860e+01
1.600000000000000033e-01 1.762706389863377510e+01
1.610000000000000042e-01 1.772476341337121752e+01
1.620000000000000051e-01 1.782282245377194130e+01
1.630000000000000060e-01 1.792124237581493418e+01
1.640000000000000069e-01 1.802002450799969679e+01
1.650000000000000078e-01 1.811917015196629421e+01
1.660000000000000087e-01 1.821868058309825145e+01
1.670000000000000095e-01 1.831855705110893240e+01
1.680000000000000104e-01 1.841880078061196002e+01
1.690000000000000113e-01 1.851941297167606848e+01
1.700000000000000122e-01 1.862039480036510497e+01
1.710000000000000131e-01 1.872174741926348318e+01
1.720000000000000140e-01 1.882347195798756800e+01
1.730000000000000149e-01 1.892556952368358836e+01
1.740000000000000158e-01 1.902804120151230904e+01
1.750000000000000167e-01 1.913088805512106561e+01
1.759999999999999898e-01 1.923411112710338244e+01
1.769999999999999907e-01 1.933771143944673199e+01
1.779999999999999916e-01 1.944168999396861608e+01
1.789999999999999925e-01 1.954604777274155225e+01
1.799999999999999933e-01 1.965078573850712118e+01
1.809999999999999942e-01 1.975590483507946971e+01
1.819999999999999951e-01 1.986140598773861399e+01
1.829999999999999960e-01 1.996729010361388390e+01
1.839999999999999969e-01 2.007355807205765075e+01
1.849999999999999978e-01 2.018021076500981792e+01
1.859999999999999987e-01 2.028724903735321661e+01
1.869999999999999996e-01 2.039467372726030803e+01
1.880000000000000004e-01 2.050248565653125610e+01
1.890000000000000013e-01 2.061068563092376849e+01
1.900000000000000022e-01 2.071927444047498668e+01
1.910000000000000031e-01 2.082825285981549612e+01
1.920000000000000040e-01 2.093762164847578333e+01
1.930000000000000049e-01 2.104738155118532461e+01
1.940000000000000058e-01 2.115753329816465111e+01
1.950000000000000067e-01 2.126807760541030490e+01
1.960000000000000075e-01 2.137901517497317982e+01
1.970000000000000084e-01 2.149034669523021535e+01
1.980000000000000093e-01 2.160207284114986592e+01
1.990000000000000102e-01 2.171419427455119688e+01
2.000000000000000111e-01 2.182671164435712896e+01
2.010000000000000120e-01 2.193962558684172848e+01
2.020000000000000129e-01 2.205293672587182385e+01
2.030000000000000138e-01 2.216664567314313672e+01
2.040000000000000147e-01 2.228075302841096672e+01
2.050000000000000155e-01 2.239525937971570713e+01
2.060000000000000164e-01 2.251016530360319479e+01
2.070000000000000173e-01 2.262547136534011827e+01
2.080000000000000182e-01 2.274117811912466891e+01
2.089999999999999913e-01 2.285728610829238150e+01
2.099999999999999922e-01 2.297379586551753405e+01
2.109999999999999931e-01 2.309070791300995040e+01
2.119999999999999940e-01 2.320802276270756082e+01
2.129999999999999949e-01 2.332574091646473136e+01
2.139999999999999958e-01 2.344386286623649340e+01
2.149999999999999967e-01 2.356238909425870887e+01
2.159999999999999976e-01 2.368132007322438071e+01
2.169999999999999984e-01 2.380065626645613008e+01
2.179999999999999993e-01 2.392039812807509236e+01
2.190000000000000002e-01 2.404054610316595131e+01
2.200000000000000011e-01 2.416110062793872970e+01
2.210000000000000020e-01 2.428206212988697033e+01
2.220000000000000029e-01 2.440343102794265917e+01
2.230000000000000038e-01 2.452520773262783393e+01
2.240000000000000047e-01 2.464739264620306969e+01
2.250000000000000056e-01 2.476998616281284171e+01
2.260000000000000064e-01 2.489298866862788628e+01
2.270000000000000073e-01 2.501640054198449548e+01
2.280000000000000082e-01 2.514022215352116518e+01
2.290000000000000091e-01 2.526445386631223045e+01
2.300000000000000100e-01 2.538909603599883980e+01
2.310000000000000109e-01 2.551414901091729703e+01
2.320000000000000118e-01 2.563961313222474203e+01
2.330000000000000127e-01 2.576548873402231976e+01
2.340000000000000135e-01 2.589177614347578782e+01
2.350000000000000144e-01 2.601847568093391061e+01
2.360000000000000153e-01 2.614558766004417123e+01
2.370000000000000162e-01 2.627311238786649028e+01
2.380000000000000171e-01 2.640105016498446844e+01
2.390000000000000180e-01 2.652940128561450450e+01
2.399999999999999911e-01 2.665816603771283511e+01
2.409999999999999920e-01 2.678734470308030424e+01
2.419999999999999929e-01 2.691693755746523919e+01
2.429999999999999938e-01 2.704694487066428366e+01
2.439999999999999947e-01 2.717736690662115251e+01
2.449999999999999956e-01 2.730820392352364934e+01
2.459999999999999964e-01 2.743945617389877611e+01
2.469999999999999973e-01 2.757112390470584273e+01
2.479999999999999982e-01 2.770320735742806306e+01
2.489999999999999991e-01 2.783570676816212597e+01
2.500000000000000000e-01 2.796862236770635590e+01
2.510000000000000009e-01 2.810195438164692661e+01
2.520000000000000018e-01 2.823570303044263952e+01
2.530000000000000027e-01 2.836986852950796845e+01
2.540000000000000036e-01 2.850445108929470095e+01
2.550000000000000044e-01 2.863945091537189214e+01
2.560000000000000053e-01 2.877486820850444360e+01
2.570000000000000062e-01 2.891070316473015822e+01
2.580000000000000071e-01 2.904695597543542007e+01
2.590000000000000080e-01 2.918362682742943193e+01
2.600000000000000089e-01 2.932071590301712760e+01
2.610000000000000098e-01 2.945822338007068453e+01
2.620000000000000107e-01 2.959614943209986748e+01
2.630000000000000115e-01 2.973449422832088729e+01
2.640000000000000124e-01 2.987325793372421145e+01
2.650000000000000133e-01 3.001244070914097861e+01
2.660000000000000142e-01 3.015204271130843594e+01
2.670000000000000151e-01 3.029206409293388447e+01
2.680000000000000160e-01 3.043250500275776105e+01
2.690000000000000169e-01 3.057336558561551243e+01
2.700000000000000178e-01 3.071464598249825073e+01
2.710000000000000187e-01 3.085634633061253140e+01
2.720000000000000195e-01 3.099846676343891261e+01
2.730000000000000204e-01 3.114100741078950918e+01
2.740000000000000213e-01 3.128396839886466552e+01
2.750000000000000222e-01 3.142734985030842054e+01
2.760000000000000231e-01 3.157115188426319818e+01
2.770000000000000240e-01 3.171537461642347466e+01
2.780000000000000249e-01 3.186001815908841550e+01
2.790000000000000258e-01 3.200508262121378777e+01
2.800000000000000266e-01 3.215056810846283497e+01
2.810000000000000275e-01 3.229647472325630986e+01
2.820000000000000284e-01 3.244280256482171865e+01
2.830000000000000293e-01 3.258955172924161303e+01
2.840000000000000302e-01 3.273672230950107576e+01
2.850000000000000311e-01 3.288431439553453117e+01
2.860000000000000320e-01 3.303232807427163209e+01
2.870000000000000329e-01 3.318076342968234371e+01
2.880000000000000338e-01 3.332962054282141651e+01
2.889999999999999791e-01 3.347889949187190695e+01
2.899999999999999800e-01 3.362860035218822929e+01
2.909999999999999809e-01 3.377872319633827658e+01
2.919999999999999818e-01 3.392926809414480260e+01
2.929999999999999827e-01 3.408023511272644157e+01
2.939999999999999836e-01 3.423162431653761217e+01
2.949999999999999845e-01 3.438343576740808771e+01
2.959999999999999853e-01 3.453566952458184858e+01
2.969999999999999862e-01 3.468832564475506786e+01
2.979999999999999871e-01 3.484140418211389090e+01
2.989999999999999880e-01 3.499490518837114905e+01
2.999999999999999889e-01 3.514882871280289578e+01
3.009999999999999898e-01 3.530317480228394800e+01
3.019999999999999907e-01 3.545794350132315742e+01
3.029999999999999916e-01 3.561313485209804242e+01
3.039999999999999925e-01 3.576874889448865247e+01
3.049999999999999933e-01 3.592478566611124080e+01
3.059999999999999942e-01 3.608124520235109856e+01
3.069999999999999951e-01 3.623812753639506212e+01
3.079999999999999960e-01 3.639543269926326730e+01
3.089999999999999969e-01 3.655316071984074711e+01
3.099999999999999978e-01 3.671131162490816280e+01
3.109999999999999987e-01 3.686988543917230743e+01
3.119999999999999996e-01 3.702888218529600550e+01
3.130000000000000004e-01 3.718830188392759339e+01
3.140000000000000013e-01 3.734814455372985265e+01
3.150000000000000022e-01 3.750841021140861642e+01
3.160000000000000031e-01 3.766909887174082883e+01
3.170000000000000040e-01 3.783021054760227742e+01
3.180000000000000049e-01 3.799174524999466485e+01
3.190000000000000058e-01 3.815370298807259530e+01
3.200000000000000067e-01 3.831608376916977932e+01
3.210000000000000075e-01 3.847888759882524568e+01
3.220000000000000084e-01 3.864211448080867228e+01
3.230000000000000093e-01 3.880576441714575253e+01
3.240000000000000102e-01 3.896983740814296482e+01
3.250000000000000111e-01 3.913433345241192285e+01
3.260000000000000120e-01 3.929925254689351277e+01
3.270000000000000129e-01 3.946459468688154715e+01
3.280000000000000138e-01 3.963035986604612049e+01
3.290000000000000147e-01 3.979654807645649583e+01
3.300000000000000155e-01 3.996315930860382082e+01
3.310000000000000164e-01 4.013019355142344580e+01
3.320000000000000173e-01 4.029765079231670200e+01
3.330000000000000182e-01 4.046553101717273648e+01
3.340000000000000191e-01 4.063383421038966503e+01
3.350000000000000200e-01 4.080256035489560418e+01
3.360000000000000209e-01 4.097170943216930539e+01
3.370000000000000218e-01 4.114128142226061158e+01
3.380000000000000226e-01 4.131127630381037363e+01
3.390000000000000235e-01 4.148169405407034560e+01
3.400000000000000244e-01 4.165253464892256119e+01
3.410000000000000253e-01 4.182379806289858237e+01
3.420000000000000262e-01 4.199548426919831456e+01
3.430000000000000271e-01 4.216759323970876494e+01
3.440000000000000280e-01 4.234012494502226076e+01
3.450000000000000289e-01 4.251307935445463215e+01
3.460000000000000298e-01 4.268645643606295437e+01
3.470000000000000306e-01 4.286025615666315502e+01
3.480000000000000315e-01 4.303447848184734426e+01
3.490000000000000324e-01 4.320912337600078956e+01
3.500000000000000333e-01 4.338419080231884095e+01
3.510000000000000342e-01 4.355968072282338710e+01
3.519999999999999796e-01 4.373559309837923337e+01
3.529999999999999805e-01 4.391192788871025243e+01
3.539999999999999813e-01 4.408868505241512992e+01
3.549999999999999822e-01 4.426586454698309581e+01
3.559999999999999831e-01 4.444346632880931480e+01
3.569999999999999840e-01 4.462149035321006352e+01
3.579999999999999849e-01 4.479993657443777266e+01
3.589999999999999858e-01 4.497880494569568555e+01
3.599999999999999867e-01 4.515809541915252368e+01
3.609999999999999876e-01 4.533780794595675445e+01
3.619999999999999885e-01 4.551794247625086598e+01
3.629999999999999893e-01 4.569849895918515159e+01
3.639999999999999902e-01 4.587947734293160096e+01
3.649999999999999911e-01 4.606087757469742883e+01
3.659999999999999920e-01 4.624269960073837638e+01
3.669999999999999929e-01 4.642494336637205521e+01
3.679999999999999938e-01 4.660760881599073002e+01
3.689999999999999947e-01 4.679069589307444232e+01
3.699999999999999956e-01 4.697420454020330283e+01
3.709999999999999964e-01 4.715813469907023148e+01
3.719999999999999973e-01 4.734248631049318590e+01
3.729999999999999982e-01 4.752725931442724772e+01
3.739999999999999991e-01 4.771245364997658100e+01
3.750000000000000000e-01 4.789806925540633387e+01
3.760000000000000009e-01 4.808410606815407107e+01
3.770000000000000018e-01 4.827056402484153352e+01
3.780000000000000027e-01 4.845744306128566592e+01
3.790000000000000036e-01 4.864474311251001382e+01
3.800000000000000044e-01 4.883246411275555943e+01
3.810000000000000053e-01 4.902060599549177056e+01
3.820000000000000062e-01 4.920916869342713795e+01
3.830000000000000071e-01 4.939815213851984055e+01
3.840000000000000080e-01 4.958755626198816913e+01
3.850000000000000089e-01 4.977738099432079366e+01
3.860000000000000098e-01 4.996762626528693829e+01
3.870000000000000107e-01 5.015829200394634313e+01
3.880000000000000115e-01 5.034937813865924738e+01
3.890000000000000124e-01 5.054088459709597458e+01
3.900000000000000133e-01 5.073281130624673096e+01
3.910000000000000142e-01 5.092515819243094199e+01
3.920000000000000151e-01 5.111792518130668839e+01
3.930000000000000160e-01 5.131111219787996447e+01
3.940000000000000169e-01 5.150471916651371629e+01
3.950000000000000178e-01 5.169874601093691524e+01
3.960000000000000187e-01 5.189319265425332617e+01
3.970000000000000195e-01 5.208805901895041046e+01
3.980000000000000204e-01 5.228334502690784547e+01
3.990000000000000213e-01 5.247905059940609362e+01
4.000000000000000222e-01 5.267517565713485794e+01
4.010000000000000231e-01 5.287172012020130296e+01
4.020000000000000240e-01 5.306868390813836101e+01
4.030000000000000249e-01 5.326606693991264052e+01
4.040000000000000258e-01 5.346386913393266127e+01
4.050000000000000266e-01 5.366209040805651398e+01
4.060000000000000275e-01 5.386073067959975447e+01
4.070000000000000284e-01 5.405978986534301356e+01
4.080000000000000293e-01 5.425926788153967095e+01
4.090000000000000302e-01 5.445916464392320222e+01
4.100000000000000311e-01 5.465948006771464662e+01
4.110000000000000320e-01 5.486021406762986174e+01
4.120000000000000329e-01 5.506136655788674972e+01
4.130000000000000338e-01 5.526293745221231291e+01
4.140000000000000346e-01 5.546492666384963854e+01
4.150000000000000355e-01 5.566733410556495443e+01
4.160000000000000364e-01 5.587015968965427248e+01
4.169999999999999818e-01 5.607340332795025262e+01
4.179999999999999827e-01 5.627706493182878233e+01
4.189999999999999836e-01 5.648114441221564874e+01
4.199999999999999845e-01 5.668564167959289080e+01
4.209999999999999853e-01 5.689055664400535761e+01
4.219999999999999862e-01 5.709588921506686177e+01
4.229999999999999871e-01 5.730163930196653155e+01
4.239999999999999880e-01 5.750780681347501400e+01
4.249999999999999889e-01 5.771439165795034398e+01
4.259999999999999898e-01 5.792139374334428226e+01
4.269999999999999907e-01 5.812881297720795715e+01
4.279999999999999916e-01 5.833664926669780471e+01
4.289999999999999925e-01 5.854490251858145200e+01
4.299999999999999933e-01 5.875357263924338014e+01
4.309999999999999942e-01 5.896265953469037413e+01
4.319999999999999951e-01 5.917216311055743461e+01
4.329999999999999960e-01 5.938208327211298609e+01
4.339999999999999969e-01 5.959241992426445478e+01
4.349999999999999978e-01 5.980317297156359757e+01
4.359999999999999987e-01 6.001434231821175302e+01
4.369999999999999996e-01 6.022592786806509224e+01
4.380000000000000004e-01 6.043792952463991952e+01
4.390000000000000013e-01 6.065034719111749695e+01
4.400000000000000022e-01 6.086318077034927398e+01
4.410000000000000031e-01 6.107643016486186127e+01
4.420000000000000040e-01 6.129009527686188363e+01
4.430000000000000049e-01 6.150417600824084019e+01
4.440000000000000058e-01 6.171867226057990052e+01
4.450000000000000067e-01 6.193358393515463689e+01
4.460000000000000075e-01 6.214891093293969249e+01
4.470000000000000084e-01 6.236465315461344261e+01
4.480000000000000093e-01 6.258081050056248529e+01
4.490000000000000102e-01 6.279738287088617454e+01
4.500000000000000111e-01 6.301437016540110392e+01
4.510000000000000120e-01 6.323177228364540525e+01
4.520000000000000129e-01 6.344958912488326064e+01
4.530000000000000138e-01 6.366782058810891698e+01
4.540000000000000147e-01 6.388646657205125479e+01
4.550000000000000155e-01 6.410552697517769616e+01
4.560000000000000164e-01 6.432500169569840409e+01
4.570000000000000173e-01 6.454489063157058126e+01
4.580000000000000182e-01 6.476519368050207959e+01
4.590000000000000191e-01 6.498591073995572742e+01
4.600000000000000200e-01 6.520704170715328019e+01
4.610000000000000209e-01 6.542858647907897307e+01
4.620000000000000218e-01 6.565054495248369903e+01
4.630000000000000226e-01 6.587291702388873205e+01
4.640000000000000235e-01 6.609570258958927980e+01
4.650000000000000244e-01 6.631890154565834905e+01
4.660000000000000253e-01 6.654251378795058258e+01
4.670000000000000262e-01 6.676653921210534293e+01
4.680000000000000271e-01 6.699097771355083353e+01
4.690000000000000280e-01 6.721582918750738145e+01
4.700000000000000289e-01 6.744109352899086218e+01
4.710000000000000298e-01 6.766677063281628079e+01
4.720000000000000306e-01 6.789286039360109726e+01
4.730000000000000315e-01 6.811936270576867969e+01
4.740000000000000324e-01 6.834627746355141653e+01
4.750000000000000333e-01 6.857360456099421242e+01
4.760000000000000342e-01 6.880134389195760036e+01
4.770000000000000351e-01 6.902949535012112392e+01
4.780000000000000360e-01 6.925805882898615096e+01
4.790000000000000369e-01 6.948703422187944057e+01
4.799999999999999822e-01 6.971642142195587155e+01
4.809999999999999831e-01 6.994622032220172514e+01
4.819999999999999840e-01 7.017643081543755557e+01
4.829999999999999849e-01 7.040705279432121699e+01
4.839999999999999858e-01 7.063808615135084779e+01
4.849999999999999867e-01 7.086953077886781216e+01
4.859999999999999876e-01 7.110138656905945709e+01
4.869999999999999885e-01 7.133365341396194026e+01
4.879999999999999893e-01 7.156633120546328541e+01
4.889999999999999902e-01 7.179941983530585503e+01
4.899999999999999911e-01 7.203291919508924934e+01
4.909999999999999920e-01 7.226682917627300640e+01
4.919999999999999929e-01 7.250114967017933054e+01
4.929999999999999938e-01 7.273588056799549406e+01
4.939999999999999947e-01 7.297102176077684987e+01
4.949999999999999956e-01 7.320657313944900579e+01
4.959999999999999964e-01 7.344253459481066670e+01
4.969999999999999973e-01 7.367890601753612145e+01
4.979999999999999982e-01 7.391568729817751660e+01
4.989999999999999991e-01 7.415287832716759908e+01
5.000000000000000000e-01 7.439047899482199000e+01
5.010000000000000009e-01 7.462848919134169989e+01
5.020000000000000018e-01 7.486690880681533145e+01
5.030000000000000027e-01 7.510573773122168006e+01
5.040000000000000036e-01 7.534497585443187972e+01
5.050000000000000044e-01 7.558462306621163407e+01
5.060000000000000053e-01 7.582467925622378857e+01
5.070000000000000062e-01 7.606514431403019216e+01
5.080000000000000071e-01 7.630601812909422677e+01
5.090000000000000080e-01 7.654730059078286786e+01
5.100000000000000089e-01 7.678899158836881611e+01
5.110000000000000098e-01 7.703109101103267164e+01
5.120000000000000107e-01 7.727359874786512250e+01
5.130000000000000115e-01 7.751651468786891996e+01
5.140000000000000124e-01 7.775983871996101016e+01
5.150000000000000133e-01 7.800357073297456623e+01
5.160000000000000142e-01 7.824771061566100627e+01
5.170000000000000151e-01 7.849225825669199708e+01
5.180000000000000160e-01 7.873721354466137257e+01
5.190000000000000169e-01 7.898257636808720861e+01
5.200000000000000178e-01 7.922834661541355672e+01
5.210000000000000187e-01 7.947452417501257571e+01
5.220000000000000195e-01 7.972110893518622277e+01
5.230000000000000204e-01 7.996810078416825718e+01
5.240000000000000213e-01 8.021549961012587460e+01
5.250000000000000222e-01 8.046330530116182445e+01
5.260000000000000231e-01 8.071151774531594469e+01
5.270000000000000240e-01 8.096013683056702348e+01
5.280000000000000249e-01 8.120916244483473179e+01
5.290000000000000258e-01 8.145859447598094505e+01
5.300000000000000266e-01 8.170843281181190321e+01
5.310000000000000275e-01 8.195867734007961758e+01
5.320000000000000284e-01 8.220932794848368985e+01
5.330000000000000293e-01 8.246038452467277580e+01
5.340000000000000302e-01 8.271184695624660321e+01
5.350000000000000311e-01 8.296371513075712301e+01
5.360000000000000320e-01 8.321598893571041344e+01
5.370000000000000329e-01 8.346866825856835703e+01
5.380000000000000338e-01 8.372175298674966371e+01
5.390000000000000346e-01 8.397524300763208771e+01
5.400000000000000355e-01 8.422913820855356448e+01
5.410000000000000364e-01 8.448343847681374541e+01
5.420000000000000373e-01 8.473814369967554683e+01
5.430000000000000382e-01 8.499325376436672741e+01
5.440000000000000391e-01 8.524876855808112452e+01
5.450000000000000400e-01 8.550468796798028848e+01
5.460000000000000409e-01 8.576101188119471885e+01
5.470000000000000417e-01 8.601774018482561246e+01
5.480000000000000426e-01 8.627487276594575860e+01
5.490000000000000435e-01 8.653240951160137229e+01
5.500000000000000444e-01 8.679035030881317425e+01
5.510000000000000453e-01 8.704869504457778362e+01
5.520000000000000462e-01 8.730744360586925268e+01
5.530000000000000471e-01 8.756659587964004743e+01
5.540000000000000480e-01 8.782615175282259656e+01
5.550000000000000488e-01 8.808611111233042834e+01
5.560000000000000497e-01 8.834647384505953482e+01
5.570000000000000506e-01 8.860723983788966507e+01
5.580000000000000515e-01 8.886840897768541936e+01
5.590000000000000524e-01 8.912998115129744292e+01
5.600000000000000533e-01 8.939195624556393227e+01
5.610000000000000542e-01 8.965433414731148787e+01
5.620000000000000551e-01 8.991711474335659204e+01
5.630000000000000560e-01 9.018029792050643323e+01
5.640000000000000568e-01 9.044388356556049757e+01
5.650000000000000577e-01 9.070787156531129369e+01
5.660000000000000586e-01 9.097226180654570271e+01
5.670000000000000595e-01 9.123705417604611512e+01
5.680000000000000604e-01 9.150224856059148237e+01
5.690000000000000613e-01 9.176784484695832589e+01
5.700000000000000622e-01 9.203384292192184546e+01
5.710000000000000631e-01 9.230024267225724088e+01
5.720000000000000639e-01 9.256704398474033724e+01
5.730000000000000648e-01 9.283424674614897754e+01
5.740000000000000657e-01 9.310185084326383276e+01
5.750000000000000666e-01 9.336985616286955292e+01
5.760000000000000675e-01 9.363826259175570499e+01
5.769999999999999574e-01 9.390707001671778187e+01
5.779999999999999583e-01 9.417627832455821135e+01
5.789999999999999591e-01 9.444588740208726563e+01
5.799999999999999600e-01 9.471589713612408445e+01
5.809999999999999609e-01 9.498630741349757045e+01
5.819999999999999618e-01 9.525711812104736964e+01
5.829999999999999627e-01 9.552832914562488043e+01
5.839999999999999636e-01 9.579994037409387886e+01
5.849999999999999645e-01 9.607195169333178342e+01
5.859999999999999654e-01 9.634436299023019501e+01
5.869999999999999662e-01 9.661717415169626122e+01
5.879999999999999671e-01 9.689038506465296052e+01
5.889999999999999680e-01 9.716399561604043811e+01
5.899999999999999689e-01 9.743800569281663115e+01
5.909999999999999698e-01 9.771241518195820674e+01
5.919999999999999707e-01 9.798722397046127242e+01
5.929999999999999716e-01 9.826243194534239933e+01
5.939999999999999725e-01 9.853803899363924756e+01
5.949999999999999734e-01 9.881404500241143296e+01
5.959999999999999742e-01 9.909044985874137978e+01
5.969999999999999751e-01 9.936725344973510232e+01
5.979999999999999760e-01 9.964445566252280173e+01
5.989999999999999769e-01 9.992205638425994607e+01
5.999999999999999778e-01 1.002000555021277535e+02
6.009999999999999787e-01 1.004784529033340448e+02
6.019999999999999796e-01 1.007572484751141531e+02
6.029999999999999805e-01 1.010364421047312078e+02
6.039999999999999813e-01 1.013160336794773571e+02
6.049999999999999822e-01 1.015960230866742506e+02
6.059999999999999831e-01 1.018764102136736796e+02
6.069999999999999840e-01 1.021571949478584429e+02
6.079999999999999849e-01 1.024383771766429732e+02
6.089999999999999858e-01 1.027199567874738904e+02
6.099999999999999867e-01 1.030019336678308406e+02
6.109999999999999876e-01 1.032843077052272633e+02
6.119999999999999885e-01 1.035670787872106189e+02
6.129999999999999893e-01 1.038502468013635394e+02
6.139999999999999902e-01 1.041338116353041983e+02
6.149999999999999911e-01 1.044177731766869215e+02
6.159999999999999920e-01 1.047021313132030400e+02
6.169999999999999929e-01 1.049868859325812309e+02
6.179999999999999938e-01 1.052720369225883417e+02
6.189999999999999947e-01 1.055575841710298590e+02
6.199999999999999956e-01 1.058435275657505201e+02
6.209999999999999964e-01 1.061298669946351936e+02
6.219999999999999973e-01 1.064166023456089363e+02
6.229999999999999982e-01 1.067037335066379455e+02
6.239999999999999991e-01 1.069912603657301418e+02
6.250000000000000000e-01 1.072791828109355663e+02
6.260000000000000009e-01 1.075675007303468647e+02
6.270000000000000018e-01 1.078562140121002244e+02
6.280000000000000027e-01 1.081453225443754462e+02
6.290000000000000036e-01 1.084348262153968676e+02
6.300000000000000044e-01 1.087247249134335334e+02
6.310000000000000053e-01 1.090150185268001195e+02
6.320000000000000062e-01 1.093057069438571034e+02
6.330000000000000071e-01 1.095967900530114747e+02
6.340000000000000080e-01 1.098882677427172467e+02
6.350000000000000089e-01 1.101801399014757692e+02
6.360000000000000098e-01 1.104724064178362823e+02
6.370000000000000107e-01 1.107650671803967413e+02
6.380000000000000115e-01 1.110581220778038016e+02
6.390000000000000124e-01 1.113515709987535161e+02
6.400000000000000133e-01 1.116454138319918457e+02
6.410000000000000142e-01 1.119396504663151291e+02
6.420000000000000151e-01 1.122342807905703808e+02
6.430000000000000160e-01 1.125293046936559449e+02
6.440000000000000169e-01 1.128247220645218221e+02
6.450000000000000178e-01 1.131205327921700814e+02
6.460000000000000187e-01 1.134167367656554575e+02
6.470000000000000195e-01 1.137133338740854924e+02
6.480000000000000204e-01 1.140103240066213459e+02
6.490000000000000213e-01 1.143077070524779373e+02
6.500000000000000222e-01 1.146054829009243718e+02
6.510000000000000231e-01 1.149036514412844667e+02
6.520000000000000240e-01 1.152022125629370635e+02
6.530000000000000249e-01 1.155011661553165965e+02
6.540000000000000258e-01 1.158005121079131214e+02
6.550000000000000266e-01 1.161002503102731112e+02
6.560000000000000275e-01 1.164003806519995976e+02
6.570000000000000284e-01 1.167009030227525841e+02
6.580000000000000293e-01 1.170018173122495853e+02
6.590000000000000302e-01 1.173031234102657550e+02
6.600000000000000311e-01 1.176048212066342700e+02
6.610000000000000320e-01 1.179069105912470548e+02
6.620000000000000329e-01 1.182093914540545114e+02
6.630000000000000338e-01 1.185122636850665714e+02
6.640000000000000346e-01 1.188155271743524111e+02
6.650000000000000355e-01 1.191191818120411767e+02
6.660000000000000364e-01 1.194232274883222829e+02
6.670000000000000373e-01 1.197276640934456111e+02
6.680000000000000382e-01 1.200324915177219225e+02
6.690000000000000391e-01 1.203377096515231131e+02
6.700000000000000400e-01 1.206433183852826403e+02
6.710000000000000409e-01 1.209493176094959210e+02
6.720000000000000417e-01 1.212557072147201893e+02
6.730000000000000426e-01 1.215624870915754343e+02
6.740000000000000435e-01 1.218696571307442014e+02
6.750000000000000444e-01 1.221772172229721605e+02
6.760000000000000453e-01 1.224851672590683620e+02
6.770000000000000462e-01 1.227935071299054357e+02
6.780000000000000471e-01 1.231022367264199460e+02
6.790000000000000480e-01 1.234113559396126618e+02
6.800000000000000488e-01 1.237208646605488127e+02
6.810000000000000497e-01 1.240307627803584580e+02
6.820000000000000506e-01 1.243410501902366150e+02
6.830000000000000515e-01 1.246517267814436849e+02
6.840000000000000524e-01 1.249627924453055527e+02
6.850000000000000533e-01 1.252742470732141129e+02
6.860000000000000542e-01 1.255860905566270560e+02
6.870000000000000551e-01 1.258983227870687074e+02
6.880000000000000560e-01 1.262109436561297571e+02
6.890000000000000568e-01 1.265239530554679561e+02
6.900000000000000577e-01 1.268373508768079176e+02
6.910000000000000586e-01 1.271511370119417279e+02
6.920000000000000595e-01 1.274653113527290031e+02
6.930000000000000604e-01 1.277798737910971454e+02
6.940000000000000613e-01 1.280948242190415840e+02
6.950000000000000622e-01 1.284101625286259889e+02
6.960000000000000631e-01 1.287258886119826684e+02
6.970000000000000639e-01 1.290420023613122851e+02
6.980000000000000648e-01 1.293585036688847083e+02
6.990000000000000657e-01 1.296753924270389007e+02
7.000000000000000666e-01 1.299926685281831169e+02
7.010000000000000675e-01 1.303103318647951312e+02
7.020000000000000684e-01 1.306283823294224931e+02
7.030000000000000693e-01 1.309468198146827831e+02
7.039999999999999591e-01 1.312656442132636414e+02
7.049999999999999600e-01 1.315848554179231655e+02
7.059999999999999609e-01 1.319044533214899388e+02
7.069999999999999618e-01 1.322244378168632011e+02
7.079999999999999627e-01 1.325448087970133315e+02
7.089999999999999636e-01 1.328655661549815648e+02
7.099999999999999645e-01 1.331867097838806728e+02
7.109999999999999654e-01 1.335082395768947094e+02
7.119999999999999662e-01 1.338301554272794647e+02
7.129999999999999671e-01 1.341524572283625503e+02
7.139999999999999680e-01 1.344751448735435133e+02
7.149999999999999689e-01 1.347982182562942057e+02
7.159999999999999698e-01 1.351216772701586137e+02
7.169999999999999707e-01 1.354455218087533410e+02
7.179999999999999716e-01 1.357697517657675803e+02
7.189999999999999725e-01 1.360943670349634260e+02
7.199999999999999734e-01 1.364193675101758458e+02
7.209999999999999742e-01 1.367447530853129081e+02
7.219999999999999751e-01 1.370705236543560090e+02
7.229999999999999760e-01 1.373966791113600152e+02
7.239999999999999769e-01 1.377232193504532347e+02
7.249999999999999778e-01 1.380501442658377300e+02
7.259999999999999787e-01 1.383774537517894032e+02
7.269999999999999796e-01 1.387051477026581665e+02
7.279999999999999805e-01 1.390332260128680275e+02
7.289999999999999813e-01 1.393616885769172313e+02
7.299999999999999822e-01 1.396905352893785164e+02
7.309999999999999831e-01 1.400197660448989723e+02
7.319999999999999840e-01 1.403493807382004661e+02
7.329999999999999849e-01 1.406793792640795857e+02
7.339999999999999858e-01 1.410097615174076964e+02
7.349999999999999867e-01 1.413405273931313957e+02
7.359999999999999876e-01 1.416716767862722577e+02
7.369999999999999885e-01 1.420032095919271740e+02
7.379999999999999893e-01 1.423351257052683252e+02
7.389999999999999902e-01 1.426674250215434654e+02
7.399999999999999911e-01 1.430001074360757798e+02
7.409999999999999920e-01 1.433331728442642543e+02
7.419999999999999929e-01 1.436666211415836756e+02
7.429999999999999938e-01 1.440004522235847162e+02
7.439999999999999947e-01 1.443346659858939063e+02
7.449999999999999956e-01 1.446692623242142304e+02
7.459999999999999964e-01 1.450042411343245021e+02
7.469999999999999973e-01 1.453396023120799896e+02
7.479999999999999982e-01 1.456753457534123868e+02
7.489999999999999991e-01 1.460114713543298421e+02
7.500000000000000000e-01 1.463479790109169869e+02
7.510000000000000009e-01 1.466848686193352478e+02
7.520000000000000018e-01 1.470221400758227333e+02
7.530000000000000027e-01 1.473597932766944041e+02
7.540000000000000036e-01 1.476978281183421871e+02
7.550000000000000044e-01 1.480362444972348044e+02
7.560000000000000053e-01 1.483750423099183422e+02
7.570000000000000062e-01 1.487142214530159094e+02
7.580000000000000071e-01 1.490537818232277516e+02
7.590000000000000080e-01 1.493937233173316486e+02
7.600000000000000089e-01 1.497340458321824599e+02
7.610000000000000098e-01 1.500747492647128638e+02
7.620000000000000107e-01 1.504158335119327887e+02
7.630000000000000115e-01 1.507572984709298396e+02
7.640000000000000124e-01 1.510991440388692695e+02
7.650000000000000133e-01 1.514413701129940364e+02
7.660000000000000142e-01 1.517839765906249738e+02
7.670000000000000151e-01 1.521269633691607055e+02
7.680000000000000160e-01 1.524703303460776738e+02
7.690000000000000169e-01 1.528140774189304523e+02
7.700000000000000178e-01 1.531582044853515185e+02
7.710000000000000187e-01 1.535027114430513961e+02
7.720000000000000195e-01 1.538475981898189389e+02
7.730000000000000204e-01 1.541928646235209612e+02
7.740000000000000213e-01 1.545385106421026933e+02
7.750000000000000222e-01 1.548845361435875532e+02
7.760000000000000231e-01 1.552309410260773177e+02
7.770000000000000240e-01 1.555777251877520939e+02
7.780000000000000249e-01 1.559248885268705465e+02
7.790000000000000258e-01 1.562724309417697555e+02
7.800000000000000266e-01 1.566203523308651882e+02
7.810000000000000275e-01 1.569686525926510399e+02
7.820000000000000284e-01 1.573173316257001204e+02
7.830000000000000293e-01 1.576663893286636835e+02
7.840000000000000302e-01 1.580158256002718531e+02
7.850000000000000311e-01 1.583656403393333107e+02
7.860000000000000320e-01 1.587158334447356083e+02
7.870000000000000329e-01 1.590664048154450825e+02
7.880000000000000338e-01 1.594173543505067414e+02
7.890000000000000346e-01 1.597686819490445203e+02
7.900000000000000355e-01 1.601203875102612528e+02
7.910000000000000364e-01 1.604724709334387285e+02
7.920000000000000373e-01 1.608249321179374647e+02
7.930000000000000382e-01 1.611777709631971049e+02
7.940000000000000391e-01 1.615309873687363051e+02
7.950000000000000400e-01 1.618845812341525630e+02
7.960000000000000409e-01 1.622385524591225021e+02
7.970000000000000417e-01 1.625929009434018155e+02
7.980000000000000426e-01 1.629476265868252085e+02
7.990000000000000435e-01 1.633027292893065692e+02
8.000000000000000444e-01 1.636582089508387980e+02
8.010000000000000453e-01 1.640140654714938933e+02
8.020000000000000462e-01 1.643702987514231495e+02
8.030000000000000471e-01 1.647269086908568738e+02
8.040000000000000480e-01 1.650838951901046414e+02
8.050000000000000488e-01 1.654412581495550967e+02
8.060000000000000497e-01 1.657989974696762658e+02
8.070000000000000506e-01 1.661571130510151875e+02
8.080000000000000515e-01 1.665156047941981683e+02
8.090000000000000524e-01 1.668744725999308400e+02
8.100000000000000533e-01 1.672337163689980457e+02
8.110000000000000542e-01 1.675933360022637544e+02
8.120000000000000551e-01 1.679533314006712317e+02
8.130000000000000560e-01 1.683137024652431251e+02
8.140000000000000568e-01 1.686744490970811512e+02
8.150000000000000577e-01 1.690355711973663801e+02
8.160000000000000586e-01 1.693970686673591217e+02
8.170000000000000595e-01 1.697589414083989823e+02
8.180000000000000604e-01 1.701211893219048648e+02
8.190000000000000613e-01 1.704838123093747129e+02
8.200000000000000622e-01 1.708468102723860511e+02
8.210000000000000631e-01 1.712101831125954732e+02
8.220000000000000639e-01 1.715739307317388125e+02
8.230000000000000648e-01 1.719380530316312274e+02
8.240000000000000657e-01 1.723025499141672015e+02
8.250000000000000666e-01 1.726674212813202303e+02
8.260000000000000675e-01 1.730326670351432199e+02
8.270000000000000684e-01 1.733982870777683161e+02
8.280000000000000693e-01 1.737642813114066769e+02
8.290000000000000702e-01 1.741306496383489844e+02
8.300000000000000711e-01 1.744973919609648192e+02
8.310000000000000719e-01 1.748645081817032292e+02
8.320000000000000728e-01 1.752319982030921324e+02
8.329999999999999627e-01 1.755998619277387434e+02
8.339999999999999636e-01 1.759680992583296870e+02
8.349999999999999645e-01 1.763367100976302879e+02
8.359999999999999654e-01 1.767056943484853377e+02
8.369999999999999662e-01 1.770750519138185268e+02
8.379999999999999671e-01 1.774447826966326716e+02
8.389999999999999680e-01 1.778148866000097996e+02
8.399999999999999689e-01 1.781853635271108374e+02
8.409999999999999698e-01 1.785562133811757803e+02
8.419999999999999707e-01 1.789274360655238638e+02
8.429999999999999716e-01 1.792990314835528807e+02
8.439999999999999725e-01 1.796709995387400056e+02
8.449999999999999734e-01 1.800433401346411415e+02
8.459999999999999742e-01 1.804160531748913172e+02
8.469999999999999751e-01 1.807891385632042329e+02
8.479999999999999760e-01 1.811625962033727433e+02
8.489999999999999769e-01 1.815364259992683174e+02
8.499999999999999778e-01 1.819106278548416071e+02
8.509999999999999787e-01 1.822852016741216801e+02
8.519999999999999796e-01 1.826601473612165591e+02
8.529999999999999805e-01 1.830354648203131944e+02
8.539999999999999813e-01 1.834111539556771504e+02
8.549999999999999822e-01 1.837872146716525208e+02
8.559999999999999831e-01 1.841636468726624116e+02
8.569999999999999840e-01 1.845404504632084013e+02
8.579999999999999849e-01 1.849176253478706826e+02
8.589999999999999858e-01 1.852951714313081197e+02
8.599999999999999867e-01 1.856730886182580775e+02
8.609999999999999876e-01 1.860513768135364501e+02
8.619999999999999885e-01 1.864300359220377175e+02
8.629999999999999893e-01 1.868090658487347753e+02
8.639999999999999902e-01 1.871884664986789630e+02
8.649999999999999911e-01 1.875682377769999505e+02
8.659999999999999920e-01 1.879483795889059081e+02
8.669999999999999929e-01 1.883288918396833083e+02
8.679999999999999938e-01 1.887097744346967829e+02
8.689999999999999947e-01 1.890910272793894364e+02
8.699999999999999956e-01 1.894726502792824760e+02
8.709999999999999964e-01 1.898546433399752971e+02
8.719999999999999973e-01 1.902370063671455682e+02
8.729999999999999982e-01 1.906197392665488906e+02
8.739999999999999991e-01 1.910028419440190532e+02
8.750000000000000000e-01 1.913863143054680336e+02
8.760000000000000009e-01 1.917701562568854285e+02
8.770000000000000018e-01 1.921543677043391654e+02
8.780000000000000027e-01 1.925389485539749330e+02
8.790000000000000036e-01 1.929238987120162960e+02
8.800000000000000044e-01 1.933092180847646659e+02
8.810000000000000053e-01 1.936949065785993298e+02
8.820000000000000062e-01 1.940809640999773080e+02
8.830000000000000071e-01 1.944673905554330986e+02
8.840000000000000080e-01 1.948541858515793592e+02
8.850000000000000089e-01 1.952413498951058273e+02
8.860000000000000098e-01 1.956288825927802577e+02
8.870000000000000107e-01 1.960167838514477694e+02
8.880000000000000115e-01 1.964050535780309588e+02
8.890000000000000124e-01 1.967936916795299567e+02
8.900000000000000133e-01 1.971826980630221442e+02
8.910000000000000142e-01 1.975720726356625221e+02
8.920000000000000151e-01 1.979618153046831139e+02
8.930000000000000160e-01 1.983519259773934209e+02
8.940000000000000169e-01 1.987424045611801375e+02
8.950000000000000178e-01 1.991332509635070380e+02
8.960000000000000187e-01 1.995244650919150899e+02
8.970000000000000195e-01 1.999160468540222837e+02
8.980000000000000204e-01 2.003079961575236325e+02
8.990000000000000213e-01 2.007003129101914567e+02
9.000000000000000222e-01 2.010929970198744741e+02
9.010000000000000231e-01 2.014860483944985958e+02
9.020000000000000240e-01 2.018794669420665855e+02
9.030000000000000249e-01 2.022732525706577462e+02
9.040000000000000258e-01 2.026674051884285177e+02
9.050000000000000266e-01 2.030619247036117372e+02
9.060000000000000275e-01 2.034568110245167532e+02
9.070000000000000284e-01 2.038520640595298232e+02
9.080000000000000293e-01 2.042476837171134889e+02
9.090000000000000302e-01 2.046436699058069166e+02
9.100000000000000311e-01 2.050400225342254998e+02
9.110000000000000320e-01 2.054367415110612001e+02
9.120000000000000329e-01 2.058338267450821490e+02
9.130000000000000338e-01 2.062312781451329897e+02
9.140000000000000346e-01 2.066290956201341373e+02
9.150000000000000355e-01 2.070272790790825184e+02
9.160000000000000364e-01 2.074258284310510305e+02
9.170000000000000373e-01 2.078247435851886848e+02
9.180000000000000382e-01 2.082240244507202647e+02
9.190000000000000391e-01 2.086236709369468940e+02
9.200000000000000400e-01 2.090236829532450145e+02
9.210000000000000409e-01 2.094240604090673799e+02
9.220000000000000417e-01 2.098248032139424026e+02
9.230000000000000426e-01 2.102259112774740117e+02
9.240000000000000435e-01 2.106273845093418515e+02
9.250000000000000444e-01 2.110292228193013671e+02
9.260000000000000453e-01 2.114314261171832641e+02
9.270000000000000462e-01 2.118339943128938785e+02
9.280000000000000471e-01 2.122369273164148638e+02
9.290000000000000480e-01 2.126402250378034751e+02
9.300000000000000488e-01 2.130438873871918872e+02
9.310000000000000497e-01 2.134479142747879905e+02
9.320000000000000506e-01 2.138523056108743958e+02
9.330000000000000515e-01 2.142570613058091453e+02
9.340000000000000524e-01 2.146621812700252860e+02
9.350000000000000533e-01 2.150676654140307278e+02
9.360000000000000542e-01 2.154735136484085558e+02
9.370000000000000551e-01 2.158797258838166044e+02
9.380000000000000560e-01 2.162863020309875708e+02
9.390000000000000568e-01 2.166932420007288158e+02
9.400000000000000577e-01 2.171005457039228190e+02
9.410000000000000586e-01 2.175082130515260133e+02
9.420000000000000595e-01 2.179162439545699499e+02
9.430000000000000604e-01 2.183246383241606452e+02
9.440000000000000613e-01 2.187333960714782961e+02
9.450000000000000622e-01 2.191425171077779055e+02
9.460000000000000631e-01 2.195520013443883727e+02
9.470000000000000639e-01 2.199618486927132892e+02
9.480000000000000648e-01 2.203720590642301431e+02
9.490000000000000657e-01 2.207826323704907452e+02
9.500000000000000666e-01 2.211935685231208311e+02
9.510000000000000675e-01 2.216048674338204592e+02
9.520000000000000684e-01 2.220165290143634138e+02
9.530000000000000693e-01 2.224285531765972905e+02
9.540000000000000702e-01 2.228409398324437234e+02
9.550000000000000711e-01 2.232536888938981292e+02
9.560000000000000719e-01 2.236668002730294234e+02
9.570000000000000728e-01 2.240802738819804745e+02
9.580000000000000737e-01 2.244941096329673371e+02
9.590000000000000746e-01 2.249083074382799055e+02
9.599999999999999645e-01 2.253228672102814301e+02
9.609999999999999654e-01 2.257377888614084327e+02
9.619999999999999662e-01 2.261530723041709621e+02
9.629999999999999671e-01 2.265687174511521107e+02
9.639999999999999680e-01 2.269847242150082423e+02
9.649999999999999689e-01 2.274010925084688211e+02
9.659999999999999698e-01 2.278178222443366394e+02
9.669999999999999707e-01 2.282349133354868798e+02
9.679999999999999716e-01 2.286523656948683367e+02
9.689999999999999725e-01 2.290701792355022519e+02
9.699999999999999734e-01 2.294883538704826265e+02
9.709999999999999742e-01 2.299068895129764769e+02
9.719999999999999751e-01 2.303257860762232667e+02
9.729999999999999760e-01 2.307450434735351337e+02
9.739999999999999769e-01 2.311646616182966625e+02
9.749999999999999778e-01 2.315846404239650269e+02
9.759999999999999787e-01 2.320049798040697056e+02
9.769999999999999796e-01 2.324256796722123681e+02
9.779999999999999805e-01 2.328467399420673587e+02
9.789999999999999813e-01 2.332681605273808714e+02
9.799999999999999822e-01 2.336899413419712630e+02
9.809999999999999831e-01 2.341120822997290247e+02
9.819999999999999840e-01 2.345345833146166115e+02
9.829999999999999849e-01 2.349574443006682714e+02
9.839999999999999858e-01 2.353806651719905290e+02
9.849999999999999867e-01 2.358042458427612189e+02
9.859999999999999876e-01 2.362281862272299691e+02
9.869999999999999885e-01 2.366524862397183711e+02
9.879999999999999893e-01 2.370771457946192413e+02
9.889999999999999902e-01 2.375021648063971611e+02
9.899999999999999911e-01 2.379275431895880217e+02
9.909999999999999920e-01 2.383532808587990814e+02
9.919999999999999929e-01 2.387793777287090791e+02
9.929999999999999938e-01 2.392058337140677509e+02
9.939999999999999947e-01 2.396326487296961147e+02
9.949999999999999956e-01 2.400598226904862145e+02
9.959999999999999964e-01 2.404873555114014323e+02
9.969999999999999973e-01 2.409152471074756363e+02
9.979999999999999982e-01 2.413434973938138910e+02
9.989999999999999991e-01 2.417721062855921446e+02
1.000000000000000000e+00 2.422010736980568595e+02
