0.000000000000000000e+00 0.000000000000000000e+00
1.000000000000000021e-03 1.001323038568783019e+00
2.000000000000000042e-03 1.515613466437923940e+00
3.000000000000000062e-03 1.920350502119156699e+00
4.000000000000000083e-03 2.264874942703259730e+00
5.000000000000000104e-03 2.569574863835987877e+00
6.000000000000000125e-03 2.845359275873703631e+00
7.000000000000000146e-03 3.098916908152024696e+00
8.000000000000000167e-03 3.334716572095788312e+00
9.000000000000001055e-03 3.555927043173678470e+00
1.000000000000000021e-02 3.764895964310474685e+00
1.099999999999999936e-02 3.963422240726665713e+00
1.200000000000000025e-02 4.152921657616993834e+00
1.300000000000000114e-02 4.334532972947732432e+00
1.400000000000000029e-02 4.509188798858269287e+00
1.499999999999999944e-02 4.677664628077228492e+00
1.600000000000000033e-02 4.840613744321167644e+00
1.700000000000000122e-02 4.998592704101370465e+00
1.800000000000000211e-02 5.152080337593651471e+00
1.899999999999999953e-02 5.301492182791143648e+00
2.000000000000000042e-02 5.447191631236439235e+00
2.100000000000000130e-02 5.589498660108609407e+00
2.199999999999999872e-02 5.728696762386299213e+00
2.299999999999999961e-02 5.865038511174247127e+00
2.400000000000000050e-02 5.998750074487109174e+00
2.500000000000000139e-02 6.130034913496992033e+00
2.600000000000000228e-02 6.259076838334001636e+00
2.699999999999999969e-02 6.386042553191675353e+00
2.800000000000000058e-02 6.511083791626678163e+00
2.900000000000000147e-02 6.634339120147141777e+00
2.999999999999999889e-02 6.755935471143565962e+00
3.099999999999999978e-02 6.875989453334780954e+00
3.200000000000000067e-02 6.994608478063148560e+00
3.300000000000000155e-02 7.111891732187113568e+00
3.400000000000000244e-02 7.227931022417033446e+00
3.500000000000000333e-02 7.342811511310483041e+00
3.600000000000000422e-02 7.456612361482537921e+00
3.699999999999999817e-02 7.569407301671665422e+00
3.799999999999999906e-02 7.681265125964308993e+00
3.899999999999999994e-02 7.792250135594840366e+00
4.000000000000000083e-02 7.902422531206118705e+00
4.100000000000000172e-02 8.011838762204957831e+00
4.200000000000000261e-02 8.120551838820105672e+00
4.300000000000000350e-02 8.228611611622689281e+00
4.399999999999999745e-02 8.336065022566378602e+00
4.499999999999999833e-02 8.442956331018931948e+00
4.599999999999999922e-02 8.549327317766660883e+00
4.700000000000000011e-02 8.655217469561753418e+00
4.800000000000000100e-02 8.760664146434724131e+00
4.900000000000000189e-02 8.865702733700162597e+00
5.000000000000000278e-02 8.970366780333684176e+00
5.100000000000000366e-02 9.074688125184684040e+00
5.200000000000000455e-02 9.178697012306756164e+00
5.299999999999999850e-02 9.282422196530962566e+00
5.399999999999999939e-02 9.385891040271902241e+00
5.500000000000000028e-02 9.489129602440007361e+00
5.600000000000000117e-02 9.592162720232284556e+00
5.700000000000000205e-02 9.695014084486061279e+00
5.800000000000000294e-02 9.797706309203665143e+00
5.900000000000000383e-02 9.900260995789389895e+00
5.999999999999999778e-02 1.000269879248141613e+01
6.099999999999999867e-02 1.010503944941038057e+01
6.199999999999999956e-02 1.020730186967091058e+01
6.300000000000000044e-02 1.030950415675289200e+01
6.400000000000000133e-02 1.041166365864416576e+01
6.500000000000000222e-02 1.051379700888507074e+01
6.600000000000000311e-02 1.061592016482811296e+01
6.700000000000000400e-02 1.071804844333109585e+01
6.800000000000000488e-02 1.082019655409072101e+01
6.900000000000000577e-02 1.092237863080403137e+01
7.000000000000000666e-02 1.102460826032766406e+01
7.100000000000000755e-02 1.112689850998962982e+01
7.200000000000000844e-02 1.122926195319414511e+01
7.299999999999999545e-02 1.133171069344779980e+01
7.399999999999999634e-02 1.143425638692396262e+01
7.499999999999999722e-02 1.153691026367229888e+01
7.599999999999999811e-02 1.163968314757119771e+01
7.699999999999999900e-02 1.174258547511257689e+01
7.799999999999999989e-02 1.184562731310128925e+01
7.900000000000000078e-02 1.194881837534432911e+01
8.000000000000000167e-02 1.205216803839930506e+01
8.100000000000000255e-02 1.215568535644571924e+01
8.200000000000000344e-02 1.225937907533792881e+01
8.300000000000000433e-02 1.236325764589376242e+01
8.400000000000000522e-02 1.246732923646883506e+01
8.500000000000000611e-02 1.257160174486263315e+01
8.600000000000000699e-02 1.267608280959906963e+01
8.700000000000000788e-02 1.278077982062098172e+01
8.799999999999999489e-02 1.288569992943516418e+01
8.899999999999999578e-02 1.299085005874179188e+01
8.999999999999999667e-02 1.309623691157980296e+01
9.099999999999999756e-02 1.320186698001739956e+01
9.199999999999999845e-02 1.330774655341484447e+01
9.299999999999999933e-02 1.341388172628488107e+01
9.400000000000000022e-02 1.352027840577424556e+01
9.500000000000000111e-02 1.362694231878827189e+01
9.600000000000000200e-02 1.373387901877894279e+01
9.700000000000000289e-02 1.384109389221561415e+01
9.800000000000000377e-02 1.394859216475603780e+01
9.900000000000000466e-02 1.405637890713452975e+01
1.000000000000000056e-01 1.416445904078271667e+01
1.010000000000000064e-01 1.427283734319749087e+01
1.020000000000000073e-01 1.438151845306985344e+01
1.030000000000000082e-01 1.449050687518728964e+01
1.040000000000000091e-01 1.459980698512190855e+01
1.049999999999999961e-01 1.470942303371528403e+01
1.059999999999999970e-01 1.481935915137088067e+01
1.069999999999999979e-01 1.492961935216369973e+01
1.079999999999999988e-01 1.504020753777668773e+01
1.089999999999999997e-01 1.515112750127251218e+01
1.100000000000000006e-01 1.526238293070903218e+01
1.110000000000000014e-01 1.537397741260628337e+01
1.120000000000000023e-01 1.548591443527212164e+01
1.130000000000000032e-01 1.559819739199366673e+01
1.140000000000000041e-01 1.571082958410076280e+01
1.150000000000000050e-01 1.582381422390790071e+01
1.160000000000000059e-01 1.593715443754011929e+01
1.170000000000000068e-01 1.605085326764850251e+01
1.180000000000000077e-01 1.616491367602049678e+01
1.190000000000000085e-01 1.627933854608968645e+01
1.199999999999999956e-01 1.639413068535002083e+01
1.209999999999999964e-01 1.650929282767850736e+01
1.219999999999999973e-01 1.662482763557071053e+01
1.229999999999999982e-01 1.674073770229298219e+01
1.239999999999999991e-01 1.685702555395506153e+01
1.250000000000000000e-01 1.697369365150654374e+01
1.260000000000000009e-01 1.709074439266075274e+01
1.270000000000000018e-01 1.720818011374888812e+01
1.280000000000000027e-01 1.732600309150778628e+01
1.290000000000000036e-01 1.744421554480379655e+01
1.300000000000000044e-01 1.756281963629587395e+01
1.310000000000000053e-01 1.768181747404008775e+01
1.320000000000000062e-01 1.780121111303834169e+01
1.330000000000000071e-01 1.792100255673329556e+01
1.340000000000000080e-01 1.804119375845207429e+01
1.350000000000000089e-01 1.816178662280056955e+01
1.360000000000000098e-01 1.828278300701046533e+01
1.370000000000000107e-01 1.840418472224095581e+01
1.380000000000000115e-01 1.852599353483689271e+01
1.390000000000000124e-01 1.864821116754512786e+01
1.400000000000000133e-01 1.877083930069070661e+01
1.410000000000000142e-01 1.889387957331455326e+01
1.420000000000000151e-01 1.901733358427402010e+01
1.430000000000000160e-01 1.914120289330792701e+01
1.440000000000000169e-01 1.926548902206726765e+01
1.449999999999999900e-01 1.939019345511299974e+01
1.459999999999999909e-01 1.951531764088230148e+01
1.469999999999999918e-01 1.964086299262414315e+01
1.479999999999999927e-01 1.976683088930570165e+01
1.489999999999999936e-01 1.989322267649048115e+01
1.499999999999999944e-01 2.002003966718922712e+01
1.509999999999999953e-01 2.014728314268472076e+01
1.519999999999999962e-01 2.027495435333131013e+01
1.529999999999999971e-01 2.040305451933015490e+01
1.539999999999999980e-01 2.053158483148103031e+01
1.549999999999999989e-01 2.066054645191157846e+01
1.559999999999999998e-01 2.078994051478477800e+01
1.570000000000000007e-01 2.091976812698539945e+01
1.580000000000000016e-01 2.105003036878625267e+01
1.590000000000000024e-01 2.118072829449478434e+01
1.600000000000000033e-01 2.131186293308094903e+01
1.610000000000000042e-01 2.144343528878675542e+01
1.620000000000000051e-01 2.157544634171828690e+01
1.630000000000000060e-01 2.170789704842074030e+01
1.640000000000000069e-01 2.184078834243704037e+01
1.650000000000000078e-01 2.197412113485064822e+01
1.660000000000000087e-01 2.210789631481301853e+01
1.670000000000000095e-01 2.224211475005626681e+01
1.680000000000000104e-01 2.237677728739157246e+01
1.690000000000000113e-01 2.251188475319368365e+01
1.700000000000000122e-01 2.264743795387209246e+01
1.710000000000000131e-01 2.278343767632931005e+01
1.720000000000000140e-01 2.291988468840649062e+01
1.730000000000000149e-01 2.305677973931708991e+01
1.740000000000000158e-01 2.319412356006874276e+01
1.750000000000000167e-01 2.333191686387378994e+01
1.759999999999999898e-01 2.347016034654881267e+01
1.769999999999999907e-01 2.360885468690358380e+01
1.779999999999999916e-01 2.374800054711966268e+01
1.789999999999999925e-01 2.388759857311901769e+01
1.799999999999999933e-01 2.402764939492304208e+01
1.809999999999999942e-01 2.416815362700215886e+01
1.819999999999999951e-01 2.430911186861627016e+01
1.829999999999999960e-01 2.445052470414665180e+01
1.839999999999999969e-01 2.459239270341900507e+01
1.849999999999999978e-01 2.473471642201847942e+01
1.859999999999999987e-01 2.487749640159655229e+01
1.869999999999999996e-01 2.502073317017021026e+01
1.880000000000000004e-01 2.516442724241350248e+01
1.890000000000000013e-01 2.530857911994181464e+01
1.900000000000000022e-01 2.545318929158908361e+01
1.910000000000000031e-01 2.559825823367804887e+01
1.920000000000000040e-01 2.574378641028384962e+01
1.930000000000000049e-01 2.588977427349107074e+01
1.940000000000000058e-01 2.603622226364460701e+01
1.950000000000000067e-01 2.618313080959426031e+01
1.960000000000000075e-01 2.633050032893348558e+01
1.970000000000000084e-01 2.647833122823229957e+01
1.980000000000000093e-01 2.662662390326465811e+01
1.990000000000000102e-01 2.677537873923022005e+01
2.000000000000000111e-01 2.692459611097105920e+01
2.010000000000000120e-01 2.707427638318295848e+01
2.020000000000000129e-01 2.722441991062191846e+01
2.030000000000000138e-01 2.737502703830562112e+01
2.040000000000000147e-01 2.752609810171029636e+01
2.050000000000000155e-01 2.767763342696296647e+01
2.060000000000000164e-01 2.782963333102913595e+01
2.070000000000000173e-01 2.798209812189616841e+01
2.080000000000000182e-01 2.813502809875251387e+01
2.089999999999999913e-01 2.828842355216265858e+01
2.099999999999999922e-01 2.844228476423826635e+01
2.109999999999999931e-01 2.859661200880520937e+01
2.119999999999999940e-01 2.875140555156692557e+01
2.129999999999999949e-01 2.890666565026410595e+01
2.139999999999999958e-01 2.906239255483071915e+01
2.149999999999999967e-01 2.921858650754651521e+01
2.159999999999999976e-01 2.937524774318623955e+01
2.169999999999999984e-01 2.953237648916537950e+01
2.179999999999999993e-01 2.968997296568279509e+01
2.190000000000000002e-01 2.984803738586013466e+01
2.200000000000000011e-01 3.000656995587817732e+01
2.210000000000000020e-01 3.016557087511029422e+01
2.220000000000000029e-01 3.032504033625283668e+01
2.230000000000000038e-01 3.048497852545275677e+01
2.240000000000000047e-01 3.064538562243255981e+01
2.250000000000000056e-01 3.080626180061240049e+01
2.260000000000000064e-01 3.096760722722964587e+01
2.270000000000000073e-01 3.112942206345583074e+01
2.280000000000000082e-01 3.129170646451122906e+01
2.290000000000000091e-01 3.145446057977677157e+01
2.300000000000000100e-01 3.161768455290383528e+01
2.310000000000000109e-01 3.178137852192154256e+01
2.320000000000000118e-01 3.194554261934187522e+01
2.330000000000000127e-01 3.211017697226257894e+01
2.340000000000000135e-01 3.227528170246789330e+01
2.350000000000000144e-01 3.244085692652723196e+01
2.360000000000000153e-01 3.260690275589175968e+01
2.370000000000000162e-01 3.277341929698896195e+01
2.380000000000000171e-01 3.294040665131549162e+01
2.390000000000000180e-01 3.310786491552761390e+01
2.399999999999999911e-01 3.327579418153039370e+01
2.409999999999999920e-01 3.344419453656465180e+01
2.419999999999999929e-01 3.361306606329225133e+01
2.429999999999999938e-01 3.378240883987982102e+01
2.439999999999999947e-01 3.395222294008051023e+01
2.449999999999999956e-01 3.412250843331433714e+01
2.459999999999999964e-01 3.429326538474683872e+01
2.469999999999999973e-01 3.446449385536609356e+01
2.479999999999999982e-01 3.463619390205830229e+01
2.489999999999999991e-01 3.480836557768178352e+01
2.500000000000000000e-01 3.498100893113966947e+01
2.510000000000000009e-01 3.515412400745088206e+01
2.520000000000000018e-01 3.532771084782001481e+01
2.530000000000000027e-01 3.550176948970564439e+01
2.540000000000000036e-01 3.567629996688739169e+01
2.550000000000000044e-01 3.585130230953166830e+01
2.560000000000000053e-01 3.602677654425612275e+01
2.570000000000000062e-01 3.620272269419285749e+01
2.580000000000000071e-01 3.637914077905045218e+01
2.590000000000000080e-01 3.655603081517466535e+01
2.600000000000000089e-01 3.673339281560824787e+01
2.610000000000000098e-01 3.691122679014925723e+01
2.620000000000000107e-01 3.708953274540851197e+01
2.630000000000000115e-01 3.726831068486595200e+01
2.640000000000000124e-01 3.744756060892572691e+01
2.650000000000000133e-01 3.762728251497043885e+01
2.660000000000000142e-01 3.780747639741434796e+01
2.670000000000000151e-01 3.798814224775546933e+01
2.680000000000000160e-01 3.816928005462673923e+01
2.690000000000000169e-01 3.835088980384633572e+01
2.700000000000000178e-01 3.853297147846686954e+01
2.710000000000000187e-01 3.871552505882382178e+01
2.720000000000000195e-01 3.889855052258301527e+01
2.730000000000000204e-01 3.908204784478719773e+01
2.740000000000000213e-01 3.926601699790181499e+01
2.750000000000000222e-01 3.945045795185986748e+01
2.760000000000000231e-01 3.963537067410607051e+01
2.770000000000000240e-01 3.982075512964010500e+01
2.780000000000000249e-01 4.000661128105905817e+01
2.790000000000000258e-01 4.019293908859919640e+01
2.800000000000000266e-01 4.037973851017692084e+01
2.810000000000000275e-01 4.056700950142897710e+01
2.820000000000000284e-01 4.075475201575197559e+01
2.830000000000000293e-01 4.094296600434118005e+01
2.840000000000000302e-01 4.113165141622850030e+01
2.850000000000000311e-01 4.132080819832011542e+01
2.860000000000000320e-01 4.151043629543298863e+01
2.870000000000000329e-01 4.170053565033118304e+01
2.880000000000000338e-01 4.189110620376111171e+01
2.889999999999999791e-01 4.208214789448644666e+01
2.899999999999999800e-01 4.227366065932239536e+01
2.909999999999999809e-01 4.246564443316923132e+01
2.919999999999999818e-01 4.265809914904527034e+01
2.929999999999999827e-01 4.285102473811945600e+01
2.939999999999999836e-01 4.304442112974308543e+01
2.949999999999999845e-01 4.323828825148120814e+01
2.959999999999999853e-01 4.343262602914336412e+01
2.969999999999999862e-01 4.362743438681386721e+01
2.979999999999999871e-01 4.382271324688147018e+01
2.989999999999999880e-01 4.401846253006855392e+01
2.999999999999999889e-01 4.421468215545994696e+01
3.009999999999999898e-01 4.441137204053099197e+01
3.019999999999999907e-01 4.460853210117529244e+01
3.029999999999999916e-01 4.480616225173208989e+01
3.039999999999999925e-01 4.500426240501286657e+01
3.049999999999999933e-01 4.520283247232780610e+01
3.059999999999999942e-01 4.540187236351159328e+01
3.069999999999999951e-01 4.560138198694897227e+01
3.079999999999999960e-01 4.580136124959958721e+01
3.089999999999999969e-01 4.600181005702269488e+01
3.099999999999999978e-01 4.620272831340133024e+01
3.109999999999999987e-01 4.640411592156604570e+01
3.119999999999999996e-01 4.660597278301831636e+01
3.130000000000000004e-01 4.680829879795347637e+01
3.140000000000000013e-01 4.701109386528334966e+01
3.150000000000000022e-01 4.721435788265847577e+01
3.160000000000000031e-01 4.741809074648991640e+01
3.170000000000000040e-01 4.762229235197083455e+01
3.180000000000000049e-01 4.782696259309753373e+01
3.190000000000000058e-01 4.803210136269031238e+01
3.200000000000000067e-01 4.823770855241379252e+01
3.210000000000000075e-01 4.844378405279727673e+01
3.220000000000000084e-01 4.865032775325420999e+01
3.230000000000000093e-01 4.885733954210184038e+01
3.240000000000000102e-01 4.906481930658033974e+01
3.250000000000000111e-01 4.927276693287149811e+01
3.260000000000000120e-01 4.948118230611735413e+01
3.270000000000000129e-01 4.969006531043844888e+01
3.280000000000000138e-01 4.989941582895161076e+01
3.290000000000000147e-01 5.010923374378768358e+01
3.300000000000000155e-01 5.031951893610879978e+01
3.310000000000000164e-01 5.053027128612557561e+01
3.320000000000000173e-01 5.074149067311372363e+01
3.330000000000000182e-01 5.095317697543074331e+01
3.340000000000000191e-01 5.116533007053205040e+01
3.350000000000000200e-01 5.137794983498704227e+01
3.360000000000000209e-01 5.159103614449479380e+01
3.370000000000000218e-01 5.180458887389965383e+01
3.380000000000000226e-01 5.201860789720630862e+01
3.390000000000000235e-01 5.223309308759497327e+01
3.400000000000000244e-01 5.244804431743596496e+01
3.410000000000000253e-01 5.266346145830441827e+01
3.420000000000000262e-01 5.287934438099443923e+01
3.430000000000000271e-01 5.309569295553329482e+01
3.440000000000000280e-01 5.331250705119516198e+01
3.450000000000000289e-01 5.352978653651482688e+01
3.460000000000000298e-01 5.374753127930107865e+01
3.470000000000000306e-01 5.396574114664992550e+01
3.480000000000000315e-01 5.418441600495762600e+01
3.490000000000000324e-01 5.440355571993345052e+01
3.500000000000000333e-01 5.462316015661227908e+01
3.510000000000000342e-01 5.484322917936703590e+01
3.519999999999999796e-01 5.506376265192090358e+01
3.529999999999999805e-01 5.528476043735931000e+01
3.539999999999999813e-01 5.550622239814177306e+01
3.549999999999999822e-01 5.572814839611360327e+01
3.559999999999999831e-01 5.595053829251729383e+01
3.569999999999999840e-01 5.617339194800386792e+01
3.579999999999999849e-01 5.639670922264405561e+01
3.589999999999999858e-01 5.662048997593909405e+01
3.599999999999999867e-01 5.684473406683160590e+01
3.609999999999999876e-01 5.706944135371625038e+01
3.619999999999999885e-01 5.729461169445018243e+01
3.629999999999999893e-01 5.752024494636312824e+01
3.639999999999999902e-01 5.774634096626785151e+01
3.649999999999999911e-01 5.797289961046995899e+01
3.659999999999999920e-01 5.819992073477767747e+01
3.669999999999999929e-01 5.842740419451168066e+01
3.679999999999999938e-01 5.865534984451449674e+01
3.689999999999999947e-01 5.888375753916002964e+01
3.699999999999999956e-01 5.911262713236264688e+01
3.709999999999999964e-01 5.934195847758640951e+01
3.719999999999999973e-01 5.957175142785403921e+01
3.729999999999999982e-01 5.980200583575566498e+01
3.739999999999999991e-01 6.003272155345754868e+01
3.750000000000000000e-01 6.026389843271081048e+01
3.760000000000000009e-01 6.049553632485961430e+01
3.770000000000000018e-01 6.072763508084970852e+01
3.780000000000000027e-01 6.096019455123642672e+01
3.790000000000000036e-01 6.119321458619294418e+01
3.800000000000000044e-01 6.142669503551807964e+01
3.810000000000000053e-01 6.166063574864418229e+01
3.820000000000000062e-01 6.189503657464486963e+01
3.830000000000000071e-01 6.212989736224255921e+01
3.840000000000000080e-01 6.236521795981597904e+01
3.850000000000000089e-01 6.260099821540755727e+01
3.860000000000000098e-01 6.283723797673067679e+01
3.870000000000000107e-01 6.307393709117681624e+01
3.880000000000000115e-01 6.331109540582264827e+01
3.890000000000000124e-01 6.354871276743686792e+01
3.900000000000000133e-01 6.378678902248719851e+01
3.910000000000000142e-01 6.402532401714695709e+01
3.920000000000000151e-01 6.426431759730185433e+01
3.930000000000000160e-01 6.450376960855645336e+01
3.940000000000000169e-01 6.474367989624059305e+01
3.950000000000000178e-01 6.498404830541583976e+01
3.960000000000000187e-01 6.522487468088156959e+01
3.970000000000000195e-01 6.546615886718136323e+01
3.980000000000000204e-01 6.570790070860893195e+01
3.990000000000000213e-01 6.595010004921410030e+01
4.000000000000000222e-01 6.619275673280878891e+01
4.010000000000000231e-01 6.643587060297272728e+01
4.020000000000000240e-01 6.667944150305932283e+01
4.030000000000000249e-01 6.692346927620111785e+01
4.040000000000000258e-01 6.716795376531548811e+01
4.050000000000000266e-01 6.741289481311008558e+01
4.060000000000000275e-01 6.765829226208825276e+01
4.070000000000000284e-01 6.790414595455428071e+01
4.080000000000000293e-01 6.815045573261876655e+01
4.090000000000000302e-01 6.839722143820364408e+01
4.100000000000000311e-01 6.864444291304741341e+01
4.110000000000000320e-01 6.889211999871000103e+01
4.120000000000000329e-01 6.914025253657787573e+01
4.130000000000000338e-01 6.938884036786883769e+01
4.140000000000000346e-01 6.963788333363672223e+01
4.150000000000000355e-01 6.988738127477643047e+01
4.160000000000000364e-01 7.013733403202822103e+01
4.169999999999999818e-01 7.038774144598252747e+01
4.179999999999999827e-01 7.063860335708449156e+01
4.189999999999999836e-01 7.088991960563839712e+01
4.199999999999999845e-01 7.114169003181196160e+01
4.209999999999999853e-01 7.139391447564084103e+01
4.219999999999999862e-01 7.164659277703287898e+01
4.229999999999999871e-01 7.189972477577214249e+01
4.239999999999999880e-01 7.215331031152328478e+01
4.249999999999999889e-01 7.240734922383549588e+01
4.259999999999999898e-01 7.266184135214672324e+01
4.269999999999999907e-01 7.291678653578738079e+01
4.279999999999999916e-01 7.317218461398444163e+01
4.289999999999999925e-01 7.342803542586527499e+01
4.299999999999999933e-01 7.368433881046146894e+01
4.309999999999999942e-01 7.394109460671243994e+01
4.319999999999999951e-01 7.419830265346936926e+01
4.329999999999999960e-01 7.445596278949861357e+01
4.339999999999999969e-01 7.471407485348547084e+01
4.349999999999999978e-01 7.497263868403757670e+01
4.359999999999999987e-01 7.523165411968851402e+01
4.369999999999999996e-01 7.549112099890116667e+01
4.380000000000000004e-01 7.575103916007118698e+01
4.390000000000000013e-01 7.601140844153020737e+01
4.400000000000000022e-01 7.627222868154929358e+01
4.410000000000000031e-01 7.653349971834208532e+01
4.420000000000000040e-01 7.679522139006800785e+01
4.430000000000000049e-01 7.705739353483545528e+01
4.440000000000000058e-01 7.732001599070488851e+01
4.450000000000000067e-01 7.758308859569181948e+01
4.460000000000000075e-01 7.784661118776995181e+01
4.470000000000000084e-01 7.811058360487415086e+01
4.480000000000000093e-01 7.837500568490322905e+01
4.490000000000000102e-01 7.863987726572300119e+01
4.500000000000000111e-01 7.890519818516906980e+01
4.510000000000000120e-01 7.917096828104952522e+01
4.520000000000000129e-01 7.943718739114801508e+01
4.530000000000000138e-01 7.970385535322604653e+01
4.540000000000000147e-01 7.997097200502611258e+01
4.550000000000000155e-01 8.023853718427400850e+01
4.560000000000000164e-01 8.050655072868156026e+01
4.570000000000000173e-01 8.077501247594931044e+01
4.580000000000000182e-01 8.104392226376883457e+01
4.590000000000000191e-01 8.131327992982541275e+01
4.600000000000000200e-01 8.158308531180047396e+01
4.610000000000000209e-01 8.185333824737392661e+01
4.620000000000000218e-01 8.212403857422667386e+01
4.630000000000000226e-01 8.239518613004288738e+01
4.640000000000000235e-01 8.266678075251236635e+01
4.650000000000000244e-01 8.293882227933279694e+01
4.660000000000000253e-01 8.321131054821216821e+01
4.670000000000000262e-01 8.348424539687070478e+01
4.680000000000000271e-01 8.375762666304333948e+01
4.690000000000000280e-01 8.403145418448173132e+01
4.700000000000000289e-01 8.430572779895642554e+01
4.710000000000000298e-01 8.458044734425898525e+01
4.720000000000000306e-01 8.485561265820400934e+01
4.730000000000000315e-01 8.513122357863123568e+01
4.740000000000000324e-01 8.540727994340748808e+01
4.750000000000000333e-01 8.568378159042872255e+01
4.760000000000000342e-01 8.596072835762184638e+01
4.770000000000000351e-01 8.623812008294692077e+01
4.780000000000000360e-01 8.651595660439866720e+01
4.790000000000000369e-01 8.679423776000872692e+01
4.799999999999999822e-01 8.707296338784718159e+01
4.809999999999999831e-01 8.735213332602468483e+01
4.819999999999999840e-01 8.763174741269391177e+01
4.829999999999999849e-01 8.791180548605152012e+01
4.839999999999999858e-01 8.819230738433991235e+01
4.849999999999999867e-01 8.847325294584886990e+01
4.859999999999999876e-01 8.875464200891725852e+01
4.869999999999999885e-01 8.903647441193461987e+01
4.879999999999999893e-01 8.931874999334299048e+01
4.889999999999999902e-01 8.960146859163833710e+01
4.899999999999999911e-01 8.988463004537216250e+01
4.909999999999999920e-01 9.016823419315326760e+01
4.919999999999999929e-01 9.045228087364907310e+01
4.929999999999999938e-01 9.073676992558712584e+01
4.939999999999999947e-01 9.102170118775688934e+01
4.949999999999999956e-01 9.130707449901078121e+01
4.959999999999999964e-01 9.159288969826602056e+01
4.969999999999999973e-01 9.187914662450592118e+01
4.979999999999999982e-01 9.216584511678118474e+01
4.989999999999999991e-01 9.245298501421144977e+01
5.000000000000000000e-01 9.274056615598657061e+01
5.010000000000000009e-01 9.302858838136805275e+01
5.020000000000000018e-01 9.331705152969026074e+01
5.030000000000000027e-01 9.360595544036188187e+01
5.040000000000000036e-01 9.389529995286707731e+01
5.050000000000000044e-01 9.418508490676674683e+01
5.060000000000000053e-01 9.447531014170000674e+01
5.070000000000000062e-01 9.476597549738504256e+01
5.080000000000000071e-01 9.505708081362071482e+01
5.090000000000000080e-01 9.534862593028745437e+01
5.100000000000000089e-01 9.564061068734864079e+01
5.110000000000000098e-01 9.593303492485161144e+01
5.120000000000000107e-01 9.622589848292894033e+01
5.130000000000000115e-01 9.651920120179944718e+01
5.140000000000000124e-01 9.681294292176934846e+01
5.150000000000000133e-01 9.710712348323345111e+01
5.160000000000000142e-01 9.740174272667597677e+01
5.170000000000000151e-01 9.769680049267186916e+01
5.180000000000000160e-01 9.799229662188773204e+01
5.190000000000000169e-01 9.828823095508285235e+01
5.200000000000000178e-01 9.858460333311016655e+01
5.210000000000000187e-01 9.888141359691742593e+01
5.220000000000000195e-01 9.917866158754789296e+01
5.230000000000000204e-01 9.947634714614160600e+01
5.240000000000000213e-01 9.977447011393608989e+01
5.250000000000000222e-01 1.000730303322675070e+02
5.260000000000000231e-01 1.003720276425713109e+02
5.270000000000000240e-01 1.006714618863833692e+02
5.280000000000000249e-01 1.009713329053408444e+02
5.290000000000000258e-01 1.012716405411828475e+02
5.300000000000000266e-01 1.015723846357516464e+02
5.310000000000000275e-01 1.018735650309931628e+02
5.320000000000000284e-01 1.021751815689581093e+02
5.330000000000000293e-01 1.024772340918025293e+02
5.340000000000000302e-01 1.027797224417889055e+02
5.350000000000000311e-01 1.030826464612866857e+02
5.360000000000000320e-01 1.033860059927732067e+02
5.370000000000000329e-01 1.036898008788345464e+02
5.380000000000000338e-01 1.039940309621659225e+02
5.390000000000000346e-01 1.042986960855730132e+02
5.400000000000000355e-01 1.046037960919720859e+02
5.410000000000000364e-01 1.049093308243911622e+02
5.420000000000000373e-01 1.052153001259705150e+02
5.430000000000000382e-01 1.055217038399634220e+02
5.440000000000000391e-01 1.058285418097367909e+02
5.450000000000000400e-01 1.061358138787720549e+02
5.460000000000000409e-01 1.064435198906654563e+02
5.470000000000000417e-01 1.067516596891290703e+02
5.480000000000000426e-01 1.070602331179912028e+02
5.490000000000000435e-01 1.073692400211971574e+02
5.500000000000000444e-01 1.076786802428098042e+02
5.510000000000000453e-01 1.079885536270100630e+02
5.520000000000000462e-01 1.082988600180979546e+02
5.530000000000000471e-01 1.086095992604924874e+02
5.540000000000000480e-01 1.089207711987329077e+02
5.550000000000000488e-01 1.092323756774787711e+02
5.560000000000000497e-01 1.095444125415107948e+02
5.570000000000000506e-01 1.098568816357313551e+02
5.580000000000000515e-01 1.101697828051649424e+02
5.590000000000000524e-01 1.104831158949587575e+02
5.600000000000000533e-01 1.107968807503832238e+02
5.610000000000000542e-01 1.111110772168324416e+02
5.620000000000000551e-01 1.114257051398247853e+02
5.630000000000000560e-01 1.117407643650033435e+02
5.640000000000000568e-01 1.120562547381364169e+02
5.650000000000000577e-01 1.123721761051179584e+02
5.660000000000000586e-01 1.126885283119680849e+02
5.670000000000000595e-01 1.130053112048335322e+02
5.680000000000000604e-01 1.133225246299881377e+02
5.690000000000000613e-01 1.136401684338331108e+02
5.700000000000000622e-01 1.139582424628977009e+02
5.710000000000000631e-01 1.142767465638394526e+02
5.720000000000000639e-01 1.145956805834447607e+02
5.730000000000000648e-01 1.149150443686292391e+02
5.740000000000000657e-01 1.152348377664378773e+02
5.750000000000000666e-01 1.155550606240458507e+02
5.760000000000000675e-01 1.158757127887585909e+02
5.769999999999999574e-01 1.161967941080123552e+02
5.779999999999999583e-01 1.165183044293744814e+02
5.789999999999999591e-01 1.168402436005438005e+02
5.799999999999999600e-01 1.171626114693509209e+02
5.809999999999999609e-01 1.174854078837587394e+02
5.819999999999999618e-01 1.178086326918626128e+02
5.829999999999999627e-01 1.181322857418908114e+02
5.839999999999999636e-01 1.184563668822047191e+02
5.849999999999999645e-01 1.187808759612993725e+02
5.859999999999999654e-01 1.191058128278034189e+02
5.869999999999999662e-01 1.194311773304799402e+02
5.879999999999999671e-01 1.197569693182262398e+02
5.889999999999999680e-01 1.200831886400744537e+02
5.899999999999999689e-01 1.204098351451917068e+02
5.909999999999999698e-01 1.207369086828804114e+02
5.919999999999999707e-01 1.210644091025786508e+02
5.929999999999999716e-01 1.213923362538603499e+02
5.939999999999999725e-01 1.217206899864355023e+02
5.949999999999999734e-01 1.220494701501504835e+02
5.959999999999999742e-01 1.223786765949883915e+02
5.969999999999999751e-01 1.227083091710691320e+02
5.979999999999999760e-01 1.230383677286497459e+02
5.989999999999999769e-01 1.233688521181245932e+02
5.999999999999999778e-01 1.236997621900257656e+02
6.009999999999999787e-01 1.240310977950229727e+02
6.019999999999999796e-01 1.243628587839241817e+02
6.029999999999999805e-01 1.246950450076753611e+02
6.039999999999999813e-01 1.250276563173611066e+02
6.049999999999999822e-01 1.253606925642045979e+02
6.059999999999999831e-01 1.256941535995679118e+02
6.069999999999999840e-01 1.260280392749521781e+02
6.079999999999999849e-01 1.263623494419977220e+02
6.089999999999999858e-01 1.266970839524842916e+02
6.099999999999999867e-01 1.270322426583312421e+02
6.109999999999999876e-01 1.273678254115977353e+02
6.119999999999999885e-01 1.277038320644827536e+02
6.129999999999999893e-01 1.280402624693255973e+02
6.139999999999999902e-01 1.283771164786055579e+02
6.149999999999999911e-01 1.287143939449425716e+02
6.159999999999999920e-01 1.290520947210970348e+02
6.169999999999999929e-01 1.293902186599700030e+02
6.179999999999999938e-01 1.297287656146035602e+02
6.189999999999999947e-01 1.300677354381805344e+02
6.199999999999999956e-01 1.304071279840249531e+02
6.209999999999999964e-01 1.307469431056023268e+02
6.219999999999999973e-01 1.310871806565191662e+02
6.229999999999999982e-01 1.314278404905236926e+02
6.239999999999999991e-01 1.317689224615057526e+02
6.250000000000000000e-01 1.321104264234967332e+02
6.260000000000000009e-01 1.324523522306699590e+02
6.270000000000000018e-01 1.327946997373406930e+02
6.280000000000000027e-01 1.331374687979662212e+02
6.290000000000000036e-01 1.334806592671458816e+02
6.300000000000000044e-01 1.338242709996212056e+02
6.310000000000000053e-01 1.341683038502761747e+02
6.320000000000000062e-01 1.345127576741369921e+02
6.330000000000000071e-01 1.348576323263724532e+02
6.340000000000000080e-01 1.352029276622938028e+02
6.350000000000000089e-01 1.355486435373549057e+02
6.360000000000000098e-01 1.358947798071523039e+02
6.370000000000000107e-01 1.362413363274253584e+02
6.380000000000000115e-01 1.365883129540562209e+02
6.390000000000000124e-01 1.369357095430698337e+02
6.400000000000000133e-01 1.372835259506341572e+02
6.410000000000000142e-01 1.376317620330600562e+02
6.420000000000000151e-01 1.379804176468015271e+02
6.430000000000000160e-01 1.383294926484555560e+02
6.440000000000000169e-01 1.386789868947622892e+02
6.450000000000000178e-01 1.390289002426049478e+02
6.460000000000000187e-01 1.393792325490101121e+02
6.470000000000000195e-01 1.397299836711474370e+02
6.480000000000000204e-01 1.400811534663299085e+02
6.490000000000000213e-01 1.404327417920138430e+02
6.500000000000000222e-01 1.407847485057987740e+02
6.510000000000000231e-01 1.411371734654276224e+02
6.520000000000000240e-01 1.414900165287866400e+02
6.530000000000000249e-01 1.418432775539055513e+02
6.540000000000000258e-01 1.421969563989572976e+02
6.550000000000000266e-01 1.425510529222583500e+02
6.560000000000000275e-01 1.429055669822685104e+02
6.570000000000000284e-01 1.432604984375910249e+02
6.580000000000000293e-01 1.436158471469725271e+02
6.590000000000000302e-01 1.439716129693031235e+02
6.600000000000000311e-01 1.443277957636162228e+02
6.610000000000000320e-01 1.446843953890887633e+02
6.620000000000000329e-01 1.450414117050409573e+02
6.630000000000000338e-01 1.453988445709364896e+02
6.640000000000000346e-01 1.457566938463824613e+02
6.650000000000000355e-01 1.461149593911291618e+02
6.660000000000000364e-01 1.464736410650704101e+02
6.670000000000000373e-01 1.468327387282432426e+02
6.680000000000000382e-01 1.471922522408280543e+02
6.690000000000000391e-01 1.475521814631484574e+02
6.700000000000000400e-01 1.479125262556713380e+02
6.710000000000000409e-01 1.482732864790068845e+02
6.720000000000000417e-01 1.486344619939083032e+02
6.730000000000000426e-01 1.489960526612722447e+02
6.740000000000000435e-01 1.493580583421381220e+02
6.750000000000000444e-01 1.497204788976887357e+02
6.760000000000000453e-01 1.500833141892497338e+02
6.770000000000000462e-01 1.504465640782900095e+02
6.780000000000000471e-01 1.508102284264211335e+02
6.790000000000000480e-01 1.511743070953977508e+02
6.800000000000000488e-01 1.515387999471174112e+02
6.810000000000000497e-01 1.519037068436203981e+02
6.820000000000000506e-01 1.522690276470897857e+02
6.830000000000000515e-01 1.526347622198514387e+02
6.840000000000000524e-01 1.530009104243737283e+02
6.850000000000000533e-01 1.533674721232679019e+02
6.860000000000000542e-01 1.537344471792874288e+02
6.870000000000000551e-01 1.541018354553284553e+02
6.880000000000000560e-01 1.544696368144296059e+02
6.890000000000000568e-01 1.548378511197716989e+02
6.900000000000000577e-01 1.552064782346779452e+02
6.910000000000000586e-01 1.555755180226138066e+02
6.920000000000000595e-01 1.559449703471868247e+02
6.930000000000000604e-01 1.563148350721467352e+02
6.940000000000000613e-01 1.566851120613851549e+02
6.950000000000000622e-01 1.570558011789357522e+02
6.960000000000000631e-01 1.574269022889741052e+02
6.970000000000000639e-01 1.577984152558174173e+02
6.980000000000000648e-01 1.581703399439247164e+02
6.990000000000000657e-01 1.585426762178966555e+02
7.000000000000000666e-01 1.589154239424754564e+02
7.010000000000000675e-01 1.592885829825447956e+02
7.020000000000000684e-01 1.596621532031296624e+02
7.030000000000000693e-01 1.600361344693963588e+02
7.039999999999999591e-01 1.604105266466526132e+02
7.049999999999999600e-01 1.607853296003469268e+02
7.059999999999999609e-01 1.611605431960690851e+02
7.069999999999999618e-01 1.615361672995497315e+02
7.079999999999999627e-01 1.619122017766604245e+02
7.089999999999999636e-01 1.622886464934132960e+02
7.099999999999999645e-01 1.626655013159613361e+02
7.109999999999999654e-01 1.630427661105980519e+02
7.119999999999999662e-01 1.634204407437573252e+02
7.129999999999999671e-01 1.637985250820134979e+02
7.139999999999999680e-01 1.641770189920810026e+02
7.149999999999999689e-01 1.645559223408147886e+02
7.159999999999999698e-01 1.649352349952095551e+02
7.169999999999999707e-01 1.653149568223999779e+02
7.179999999999999716e-01 1.656950876896607951e+02
7.189999999999999725e-01 1.660756274644062387e+02
7.199999999999999734e-01 1.664565760141903183e+02
7.209999999999999742e-01 1.668379332067066514e+02
7.219999999999999751e-01 1.672196989097880078e+02
7.229999999999999760e-01 1.676018729914067364e+02
7.239999999999999769e-01 1.679844553196743107e+02
7.249999999999999778e-01 1.683674457628411574e+02
7.259999999999999787e-01 1.687508441892968563e+02
7.269999999999999796e-01 1.691346504675697417e+02
7.279999999999999805e-01 1.695188644663269031e+02
7.289999999999999813e-01 1.699034860543740706e+02
7.299999999999999822e-01 1.702885151006554452e+02
7.309999999999999831e-01 1.706739514742537267e+02
7.319999999999999840e-01 1.710597950443897162e+02
7.329999999999999849e-01 1.714460456804225146e+02
7.339999999999999858e-01 1.718327032518490967e+02
7.349999999999999867e-01 1.722197676283045098e+02
7.359999999999999876e-01 1.726072386795614761e+02
7.369999999999999885e-01 1.729951162755304210e+02
7.379999999999999893e-01 1.733834002862593024e+02
7.389999999999999902e-01 1.737720905819334121e+02
7.399999999999999911e-01 1.741611870328753469e+02
7.409999999999999920e-01 1.745506895095450091e+02
7.419999999999999929e-01 1.749405978825390093e+02
7.429999999999999938e-01 1.753309120225912920e+02
7.439999999999999947e-01 1.757216318005720836e+02
7.449999999999999956e-01 1.761127570874886885e+02
7.459999999999999964e-01 1.765042877544846363e+02
7.469999999999999973e-01 1.768962236728398238e+02
7.479999999999999982e-01 1.772885647139705441e+02
7.489999999999999991e-01 1.776813107494291728e+02
7.500000000000000000e-01 1.780744616509039133e+02
7.510000000000000009e-01 1.784680172902189952e+02
7.520000000000000018e-01 1.788619775393341058e+02
7.530000000000000027e-01 1.792563422703447884e+02
7.540000000000000036e-01 1.796511113554818735e+02
7.550000000000000044e-01 1.800462846671113937e+02
7.560000000000000053e-01 1.804418620777347542e+02
7.570000000000000062e-01 1.808378434599880791e+02
7.580000000000000071e-01 1.812342286866426662e+02
7.590000000000000080e-01 1.816310176306043331e+02
7.600000000000000089e-01 1.820282101649137019e+02
7.610000000000000098e-01 1.824258061627455731e+02
7.620000000000000107e-01 1.828238054974093529e+02
7.630000000000000115e-01 1.832222080423484272e+02
7.640000000000000124e-01 1.836210136711401333e+02
7.650000000000000133e-01 1.840202222574960160e+02
7.660000000000000142e-01 1.844198336752610317e+02
7.670000000000000151e-01 1.848198477984138890e+02
7.680000000000000160e-01 1.852202645010668220e+02
7.690000000000000169e-01 1.856210836574650784e+02
7.700000000000000178e-01 1.860223051419874309e+02
7.710000000000000187e-01 1.864239288291453249e+02
7.720000000000000195e-01 1.868259545935834183e+02
7.730000000000000204e-01 1.872283823100787572e+02
7.740000000000000213e-01 1.876312118535410889e+02
7.750000000000000222e-01 1.880344430990127762e+02
7.760000000000000231e-01 1.884380759216681440e+02
7.770000000000000240e-01 1.888421101968137350e+02
7.780000000000000249e-01 1.892465457998882812e+02
7.790000000000000258e-01 1.896513826064620503e+02
7.800000000000000266e-01 1.900566204922371298e+02
7.810000000000000275e-01 1.904622593330470295e+02
7.820000000000000284e-01 1.908682990048568797e+02
7.830000000000000293e-01 1.912747393837627214e+02
7.840000000000000302e-01 1.916815803459917902e+02
7.850000000000000311e-01 1.920888217679023171e+02
7.860000000000000320e-01 1.924964635259831880e+02
7.870000000000000329e-01 1.929045054968540285e+02
7.880000000000000338e-01 1.933129475572647209e+02
7.890000000000000346e-01 1.937217895840956317e+02
7.900000000000000355e-01 1.941310314543571565e+02
7.910000000000000364e-01 1.945406730451898909e+02
7.920000000000000373e-01 1.949507142338639483e+02
7.930000000000000382e-01 1.953611548977793575e+02
7.940000000000000391e-01 1.957719949144656653e+02
7.950000000000000400e-01 1.961832341615817086e+02
7.960000000000000409e-01 1.965948725169155864e+02
7.970000000000000417e-01 1.970069098583845459e+02
7.980000000000000426e-01 1.974193460640344711e+02
7.990000000000000435e-01 1.978321810120403939e+02
8.000000000000000444e-01 1.982454145807055852e+02
8.010000000000000453e-01 1.986590466484618389e+02
8.020000000000000462e-01 1.990730770938694718e+02
8.030000000000000471e-01 1.994875057956165847e+02
8.040000000000000480e-01 1.999023326325193750e+02
8.050000000000000488e-01 2.003175574835218811e+02
8.060000000000000497e-01 2.007331802276958115e+02
8.070000000000000506e-01 2.011492007442402326e+02
8.080000000000000515e-01 2.015656189124816251e+02
8.090000000000000524e-01 2.019824346118736003e+02
8.100000000000000533e-01 2.023996477219969279e+02
8.110000000000000542e-01 2.028172581225589397e+02
8.120000000000000551e-01 2.032352656933938988e+02
8.130000000000000560e-01 2.036536703144625449e+02
8.140000000000000568e-01 2.040724718658519237e+02
8.150000000000000577e-01 2.044916702277753870e+02
8.160000000000000586e-01 2.049112652805721950e+02
8.170000000000000595e-01 2.053312569047076295e+02
8.180000000000000604e-01 2.057516449807725962e+02
8.190000000000000613e-01 2.061724293894837388e+02
8.200000000000000622e-01 2.065936100116828982e+02
8.210000000000000631e-01 2.070151867283372553e+02
8.220000000000000639e-01 2.074371594205391602e+02
8.230000000000000648e-01 2.078595279695056490e+02
8.240000000000000657e-01 2.082822922565788417e+02
8.250000000000000666e-01 2.087054521632251749e+02
8.260000000000000675e-01 2.091290075710356291e+02
8.270000000000000684e-01 2.095529583617255867e+02
8.280000000000000693e-01 2.099773044171341780e+02
8.290000000000000702e-01 2.104020456192249640e+02
8.300000000000000711e-01 2.108271818500849690e+02
8.310000000000000719e-01 2.112527129919249091e+02
8.320000000000000728e-01 2.116786389270789641e+02
8.329999999999999627e-01 2.121049595380046071e+02
8.339999999999999636e-01 2.125316747072826615e+02
8.349999999999999645e-01 2.129587843176164768e+02
8.359999999999999654e-01 2.133862882518327524e+02
8.369999999999999662e-01 2.138141863928803730e+02
8.379999999999999671e-01 2.142424786238310048e+02
8.389999999999999680e-01 2.146711648278784992e+02
8.399999999999999689e-01 2.151002448883389491e+02
8.409999999999999698e-01 2.155297186886502914e+02
8.419999999999999707e-01 2.159595861123725342e+02
8.429999999999999716e-01 2.163898470431872170e+02
8.439999999999999725e-01 2.168205013648973249e+02
8.449999999999999734e-01 2.172515489614273179e+02
8.459999999999999742e-01 2.176829897168228172e+02
8.469999999999999751e-01 2.181148235152504071e+02
8.479999999999999760e-01 2.185470502409975779e+02
8.489999999999999769e-01 2.189796697784724415e+02
8.499999999999999778e-01 2.194126820122037032e+02
8.509999999999999787e-01 2.198460868268404056e+02
8.519999999999999796e-01 2.202798841071517870e+02
8.529999999999999805e-01 2.207140737380271958e+02
8.539999999999999813e-01 2.211486556044757208e+02
8.549999999999999822e-01 2.215836295916263339e+02
8.559999999999999831e-01 2.220189955847273779e+02
8.569999999999999840e-01 2.224547534691466240e+02
8.579999999999999849e-01 2.228909031303712140e+02
8.589999999999999858e-01 2.233274444540071499e+02
8.599999999999999867e-01 2.237643773257793782e+02
8.609999999999999876e-01 2.242017016315317051e+02
8.619999999999999885e-01 2.246394172572263415e+02
8.629999999999999893e-01 2.250775240889439885e+02
8.639999999999999902e-01 2.255160220128835249e+02
8.649999999999999911e-01 2.259549109153619497e+02
8.659999999999999920e-01 2.263941906828142123e+02
8.669999999999999929e-01 2.268338612017929563e+02
8.679999999999999938e-01 2.272739223589683775e+02
8.689999999999999947e-01 2.277143740411281101e+02
8.699999999999999956e-01 2.281552161351771986e+02
8.709999999999999964e-01 2.285964485281375289e+02
8.719999999999999973e-01 2.290380711071481414e+02
8.729999999999999982e-01 2.294800837594647760e+02
8.739999999999999991e-01 2.299224863724596730e+02
8.750000000000000000e-01 2.303652788336216304e+02
8.760000000000000009e-01 2.308084610305558044e+02
8.770000000000000018e-01 2.312520328509831984e+02
8.780000000000000027e-01 2.316959941827411740e+02
8.790000000000000036e-01 2.321403449137824850e+02
8.800000000000000044e-01 2.325850849321757039e+02
8.810000000000000053e-01 2.330302141261048519e+02
8.820000000000000062e-01 2.334757323838693992e+02
8.830000000000000071e-01 2.339216395938835831e+02
8.840000000000000080e-01 2.343679356446770043e+02
8.850000000000000089e-01 2.348146204248939171e+02
8.860000000000000098e-01 2.352616938232932284e+02
8.870000000000000107e-01 2.357091557287484420e+02
8.880000000000000115e-01 2.361570060302471461e+02
8.890000000000000124e-01 2.366052446168913548e+02
8.900000000000000133e-01 2.370538713778971101e+02
8.910000000000000142e-01 2.375028862025939986e+02
8.920000000000000151e-01 2.379522889804255215e+02
8.930000000000000160e-01 2.384020796009488095e+02
8.940000000000000169e-01 2.388522579538340551e+02
8.950000000000000178e-01 2.393028239288649388e+02
8.960000000000000187e-01 2.397537774159378046e+02
8.970000000000000195e-01 2.402051183050623990e+02
8.980000000000000204e-01 2.406568464863606778e+02
8.990000000000000213e-01 2.411089618500675158e+02
9.000000000000000222e-01 2.415614642865300823e+02
9.010000000000000231e-01 2.420143536862075848e+02
9.020000000000000240e-01 2.424676299396715535e+02
9.030000000000000249e-01 2.429212929376053012e+02
9.040000000000000258e-01 2.433753425708039799e+02
9.050000000000000266e-01 2.438297787301742972e+02
9.060000000000000275e-01 2.442846013067342312e+02
9.070000000000000284e-01 2.447398101916133442e+02
9.080000000000000293e-01 2.451954052760520426e+02
9.090000000000000302e-01 2.456513864514019474e+02
9.100000000000000311e-01 2.461077536091250408e+02
9.110000000000000320e-01 2.465645066407944910e+02
9.120000000000000329e-01 2.470216454380934010e+02
9.130000000000000338e-01 2.474791698928156904e+02
9.140000000000000346e-01 2.479370798968650433e+02
9.150000000000000355e-01 2.483953753422552495e+02
9.160000000000000364e-01 2.488540561211100908e+02
9.170000000000000373e-01 2.493131221256628010e+02
9.180000000000000382e-01 2.497725732482562648e+02
9.190000000000000391e-01 2.502324093813427055e+02
9.200000000000000400e-01 2.506926304174835423e+02
9.210000000000000409e-01 2.511532362493492201e+02
9.220000000000000417e-01 2.516142267697192096e+02
9.230000000000000426e-01 2.520756018714814388e+02
9.240000000000000435e-01 2.525373614476325770e+02
9.250000000000000444e-01 2.529995053912777507e+02
9.260000000000000453e-01 2.534620335956302597e+02
9.270000000000000462e-01 2.539249459540114913e+02
9.280000000000000471e-01 2.543882423598507785e+02
9.290000000000000480e-01 2.548519227066853432e+02
9.300000000000000488e-01 2.553159868881598413e+02
9.310000000000000497e-01 2.557804347980265902e+02
9.320000000000000506e-01 2.562452663301451139e+02
9.330000000000000515e-01 2.567104813784821431e+02
9.340000000000000524e-01 2.571760798371113310e+02
9.350000000000000533e-01 2.576420616002133102e+02
9.360000000000000542e-01 2.581084265620752376e+02
9.370000000000000551e-01 2.585751746170909087e+02
9.380000000000000560e-01 2.590423056597604727e+02
9.390000000000000568e-01 2.595098195846902627e+02
9.400000000000000577e-01 2.599777162865928517e+02
9.410000000000000586e-01 2.604459956602864850e+02
9.420000000000000595e-01 2.609146576006952500e+02
9.430000000000000604e-01 2.613837020028488496e+02
9.440000000000000613e-01 2.618531287618826013e+02
9.450000000000000622e-01 2.623229377730367560e+02
9.460000000000000631e-01 2.627931289316569519e+02
9.470000000000000639e-01 2.632637021331938172e+02
9.480000000000000648e-01 2.637346572732026289e+02
9.490000000000000657e-01 2.642059942473437104e+02
9.500000000000000666e-01 2.646777129513812952e+02
9.510000000000000675e-01 2.651498132811847199e+02
9.520000000000000684e-01 2.656222951327268902e+02
9.530000000000000693e-01 2.660951584020851897e+02
9.540000000000000702e-01 2.665684029854407981e+02
9.550000000000000711e-01 2.670420287790785210e+02
9.560000000000000719e-01 2.675160356793869596e+02
9.570000000000000728e-01 2.679904235828581136e+02
9.580000000000000737e-01 2.684651923860871534e+02
9.590000000000000746e-01 2.689403419857725908e+02
9.599999999999999645e-01 2.694158722787157672e+02
9.609999999999999654e-01 2.698917831618209675e+02
9.619999999999999662e-01 2.703680745320953065e+02
9.629999999999999671e-01 2.708447462866480464e+02
9.639999999999999680e-01 2.713217983226912793e+02
9.649999999999999689e-01 2.717992305375389037e+02
9.659999999999999698e-01 2.722770428286073070e+02
9.669999999999999707e-01 2.727552350934146261e+02
9.679999999999999716e-01 2.732338072295807478e+02
9.689999999999999725e-01 2.737127591348274223e+02
9.699999999999999734e-01 2.741920907069775808e+02
9.709999999999999742e-01 2.746718018439556204e+02
9.719999999999999751e-01 2.751518924437872329e+02
9.729999999999999760e-01 2.756323624045990073e+02
9.739999999999999769e-01 2.761132116246184296e+02
9.749999999999999778e-01 2.765944400021739398e+02
9.759999999999999787e-01 2.770760474356943632e+02
9.769999999999999796e-01 2.775580338237087972e+02
9.779999999999999805e-01 2.780403990648471222e+02
9.789999999999999813e-01 2.785231430578389222e+02
9.799999999999999822e-01 2.790062657015141099e+02
9.809999999999999831e-01 2.794897668948021305e+02
9.819999999999999840e-01 2.799736465367324172e+02
9.829999999999999849e-01 2.804579045264337083e+02
9.839999999999999858e-01 2.809425407631345024e+02
9.849999999999999867e-01 2.814275551461622058e+02
9.859999999999999876e-01 2.819129475749433595e+02
9.869999999999999885e-01 2.823987179490038102e+02
9.879999999999999893e-01 2.828848661679679708e+02
9.889999999999999902e-01 2.833713921315588209e+02
9.899999999999999911e-01 2.838582957395981339e+02
9.909999999999999920e-01 2.843455768920058517e+02
9.919999999999999929e-01 2.848332354888005398e+02
9.929999999999999938e-01 2.853212714300981929e+02
9.939999999999999947e-01 2.858096846161133158e+02
9.949999999999999956e-01 2.862984749471580130e+02
9.959999999999999964e-01 2.867876423236422170e+02
9.969999999999999973e-01 2.872771866460729484e+02
9.979999999999999982e-01 2.877671078150549988e+02
9.989999999999999991e-01 2.882574057312903619e+02
1.000000000000000000e+00 2.887480802955778358e+02
