0.000000000000000000e+00 0.000000000000000000e+00
1.000000000000000021e-03 8.075732084599291927e-01
2.000000000000000042e-03 1.172912214976823408e+00
3.000000000000000062e-03 1.448205606220324348e+00
4.000000000000000083e-03 1.676427544862863606e+00
5.000000000000000104e-03 1.874777281548151375e+00
6.000000000000000125e-03 2.052219329076252929e+00
7.000000000000000146e-03 2.214124230260293480e+00
8.000000000000000167e-03 2.364004905401310808e+00
9.000000000000001055e-03 2.504303636056874449e+00
1.000000000000000021e-02 2.636796418060695313e+00
1.099999999999999936e-02 2.762820159943937703e+00
1.200000000000000025e-02 2.883409243768804142e+00
1.300000000000000114e-02 2.999382056736601854e+00
1.400000000000000029e-02 3.111398205210262891e+00
1.499999999999999944e-02 3.219997694371218078e+00
1.600000000000000033e-02 3.325628559391886618e+00
1.700000000000000122e-02 3.428666846681049041e+00
1.800000000000000211e-02 3.529431378813382203e+00
1.899999999999999953e-02 3.628194872340184229e+00
2.000000000000000042e-02 3.725192449172775255e+00
2.100000000000000130e-02 3.820628248955618034e+00
2.199999999999999872e-02 3.914680633897881012e+00
2.299999999999999961e-02 4.007506334198416731e+00
2.400000000000000050e-02 4.099243784997481654e+00
2.500000000000000139e-02 4.190015838587687114e+00
2.600000000000000228e-02 4.279931988340127447e+00
2.699999999999999969e-02 4.369090207011987914e+00
2.800000000000000058e-02 4.457578477600550926e+00
2.900000000000000147e-02 4.545476076905622165e+00
2.999999999999999889e-02 4.632854658573052120e+00
3.099999999999999978e-02 4.719779172321270977e+00
3.200000000000000067e-02 4.806308648399123307e+00
3.300000000000000155e-02 4.892496870450585789e+00
3.400000000000000244e-02 4.978392955414725485e+00
3.500000000000000333e-02 5.064041855539101356e+00
3.600000000000000422e-02 5.149484794791259645e+00
3.699999999999999817e-02 5.234759649738307097e+00
3.799999999999999906e-02 5.319901283197139286e+00
3.899999999999999994e-02 5.404941837537777793e+00
4.000000000000000083e-02 5.489910993374442327e+00
4.100000000000000172e-02 5.574836198445839663e+00
4.200000000000000261e-02 5.659742870723355246e+00
4.300000000000000350e-02 5.744654579158895658e+00
4.399999999999999745e-02 5.829593204966717401e+00
4.499999999999999833e-02 5.914579085903987732e+00
4.599999999999999922e-02 5.999631145657130737e+00
4.700000000000000011e-02 6.084767010141571397e+00
4.800000000000000100e-02 6.170003112270701529e+00
4.900000000000000189e-02 6.255354786537985490e+00
5.000000000000000278e-02 6.340836354576159906e+00
5.100000000000000366e-02 6.426461202705085363e+00
5.200000000000000455e-02 6.512241852349418103e+00
5.299999999999999850e-02 6.598190024096370898e+00
5.399999999999999939e-02 6.684316696068084873e+00
5.500000000000000028e-02 6.770632157200949131e+00
5.600000000000000117e-02 6.857146055953727171e+00
5.700000000000000205e-02 6.943867444904565644e+00
5.800000000000000294e-02 7.030804821644039748e+00
5.900000000000000383e-02 7.117966166325111033e+00
5.999999999999999778e-02 7.205358976190242792e+00
6.099999999999999867e-02 7.292990297361206409e+00
6.199999999999999956e-02 7.380866754145509745e+00
6.300000000000000044e-02 7.468994576086974924e+00
6.400000000000000133e-02 7.557379622963590116e+00
6.500000000000000222e-02 7.646027407915011231e+00
6.600000000000000311e-02 7.734943118863472300e+00
6.700000000000000400e-02 7.824131638375288134e+00
6.800000000000000488e-02 7.913597562095689320e+00
6.900000000000000577e-02 8.003345215876791485e+00
7.000000000000000666e-02 8.093378671706782157e+00
7.100000000000000755e-02 8.183701762538358793e+00
7.200000000000000844e-02 8.274318096105103493e+00
7.299999999999999545e-02 8.365231067806467635e+00
7.399999999999999634e-02 8.456443872734347167e+00
7.499999999999999722e-02 8.547959516908095523e+00
7.599999999999999811e-02 8.639780827778489325e+00
7.699999999999999900e-02 8.731910464056028331e+00
7.799999999999999989e-02 8.824350924914257988e+00
7.900000000000000078e-02 8.917104558614015630e+00
8.000000000000000167e-02 9.010173570591273773e+00
8.100000000000000255e-02 9.103560031047065237e+00
8.200000000000000344e-02 9.197265882075182475e+00
8.300000000000000433e-02 9.291292944360222350e+00
8.400000000000000522e-02 9.385642923476101629e+00
8.500000000000000611e-02 9.480317415812466564e+00
8.600000000000000699e-02 9.575317914154640064e+00
8.700000000000000788e-02 9.670645812940382058e+00
8.799999999999999489e-02 9.766302413215115052e+00
8.899999999999999578e-02 9.862288927305744579e+00
8.999999999999999667e-02 9.958606483231292827e+00
9.099999999999999756e-02 1.005525612886752995e+01
9.199999999999999845e-02 1.015223883588160980e+01
9.299999999999999933e-02 1.024955550345091559e+01
9.400000000000000022e-02 1.034720696178013277e+01
9.500000000000000111e-02 1.044519397542897465e+01
9.600000000000000200e-02 1.054351724646221555e+01
9.700000000000000289e-02 1.064217741743301104e+01
9.800000000000000377e-02 1.074117507420966966e+01
9.900000000000000466e-02 1.084051074865504383e+01
1.000000000000000056e-01 1.094018492116778063e+01
1.010000000000000064e-01 1.104019802309305121e+01
1.020000000000000073e-01 1.114055043901087316e+01
1.030000000000000082e-01 1.124124250890880639e+01
1.040000000000000091e-01 1.134227453024599441e+01
1.049999999999999961e-01 1.144364675991426061e+01
1.059999999999999970e-01 1.154535941610285299e+01
1.069999999999999979e-01 1.164741268007133712e+01
1.079999999999999988e-01 1.174980669783655962e+01
1.089999999999999997e-01 1.185254158177789385e+01
1.100000000000000006e-01 1.195561741216548057e+01
1.110000000000000014e-01 1.205903423861576762e+01
1.120000000000000023e-01 1.216279208147773794e+01
1.130000000000000032e-01 1.226689093315441070e+01
1.140000000000000041e-01 1.237133075936214333e+01
1.150000000000000050e-01 1.247611150033162630e+01
1.160000000000000059e-01 1.258123307195341667e+01
1.170000000000000068e-01 1.268669536687084332e+01
1.180000000000000077e-01 1.279249825552316544e+01
1.190000000000000085e-01 1.289864158714122233e+01
1.199999999999999956e-01 1.300512519069850725e+01
1.209999999999999964e-01 1.311194887581933166e+01
1.219999999999999973e-01 1.321911243364650090e+01
1.229999999999999982e-01 1.332661563767087642e+01
1.239999999999999991e-01 1.343445824452392046e+01
1.250000000000000000e-01 1.354263999473566216e+01
1.260000000000000009e-01 1.365116061345969811e+01
1.270000000000000018e-01 1.376001981116650441e+01
1.280000000000000027e-01 1.386921728430699829e+01
1.290000000000000036e-01 1.397875271594737789e+01
1.300000000000000044e-01 1.408862577637708213e+01
1.310000000000000053e-01 1.419883612369043568e+01
1.320000000000000062e-01 1.430938340434418876e+01
1.330000000000000071e-01 1.442026725369104234e+01
1.340000000000000080e-01 1.453148729649102755e+01
1.350000000000000089e-01 1.464304314740148172e+01
1.360000000000000098e-01 1.475493441144654660e+01
1.370000000000000107e-01 1.486716068446714623e+01
1.380000000000000115e-01 1.497972155355259538e+01
1.390000000000000124e-01 1.509261659745420658e+01
1.400000000000000133e-01 1.520584538698198962e+01
1.410000000000000142e-01 1.531940748538542785e+01
1.420000000000000151e-01 1.543330244871827084e+01
1.430000000000000160e-01 1.554752982618901669e+01
1.440000000000000169e-01 1.566208916049688327e+01
1.449999999999999900e-01 1.577697998815448166e+01
1.459999999999999909e-01 1.589220183979743517e+01
1.469999999999999918e-01 1.600775424048152829e+01
1.479999999999999927e-01 1.612363670996825604e+01
1.489999999999999936e-01 1.623984876299872937e+01
1.499999999999999944e-01 1.635638990955692407e+01
1.509999999999999953e-01 1.647325965512235157e+01
1.519999999999999962e-01 1.659045750091303262e+01
1.529999999999999971e-01 1.670798294411847706e+01
1.539999999999999980e-01 1.682583547812397029e+01
1.549999999999999989e-01 1.694401459272583210e+01
1.559999999999999998e-01 1.706251977433826639e+01
1.570000000000000007e-01 1.718135050619224202e+01
1.580000000000000016e-01 1.730050626852656492e+01
1.590000000000000024e-01 1.741998653877150716e+01
1.600000000000000033e-01 1.753979079172550470e+01
1.610000000000000042e-01 1.765991849972467875e+01
1.620000000000000051e-01 1.778036913280605802e+01
1.630000000000000060e-01 1.790114215886458027e+01
1.640000000000000069e-01 1.802223704380372027e+01
1.650000000000000078e-01 1.814365325168056486e+01
1.660000000000000087e-01 1.826539024484529605e+01
1.670000000000000095e-01 1.838744748407526330e+01
1.680000000000000104e-01 1.850982442870379430e+01
1.690000000000000113e-01 1.863252053674435516e+01
1.700000000000000122e-01 1.875553526500963741e+01
1.710000000000000131e-01 1.887886806922636751e+01
1.720000000000000140e-01 1.900251840414539828e+01
1.730000000000000149e-01 1.912648572364795641e+01
1.740000000000000158e-01 1.925076948084748807e+01
1.750000000000000167e-01 1.937536912818772450e+01
1.759999999999999898e-01 1.950028411753713087e+01
1.769999999999999907e-01 1.962551390027961773e+01
1.779999999999999916e-01 1.975105792740154698e+01
1.789999999999999925e-01 1.987691564957581036e+01
1.799999999999999933e-01 2.000308651724256492e+01
1.809999999999999942e-01 2.012956998068646541e+01
1.819999999999999951e-01 2.025636549011156617e+01
1.829999999999999960e-01 2.038347249571290476e+01
1.839999999999999969e-01 2.051089044774533221e+01
1.849999999999999978e-01 2.063861879658994525e+01
1.859999999999999987e-01 2.076665699281756616e+01
1.869999999999999996e-01 2.089500448725024029e+01
1.880000000000000004e-01 2.102366073101984512e+01
1.890000000000000013e-01 2.115262517562473121e+01
1.900000000000000022e-01 2.128189727298403255e+01
1.910000000000000031e-01 2.141147647548987010e+01
1.920000000000000040e-01 2.154136223605748413e+01
1.930000000000000049e-01 2.167155400817342326e+01
1.940000000000000058e-01 2.180205124594176880e+01
1.950000000000000067e-01 2.193285340412859341e+01
1.960000000000000075e-01 2.206395993820455814e+01
1.970000000000000084e-01 2.219537030438580416e+01
1.980000000000000093e-01 2.232708395967341630e+01
1.990000000000000102e-01 2.245910036189081538e+01
2.000000000000000111e-01 2.259141896972021613e+01
2.010000000000000120e-01 2.272403924273703879e+01
2.020000000000000129e-01 2.285696064144348583e+01
2.030000000000000138e-01 2.299018262729997275e+01
2.040000000000000147e-01 2.312370466275604741e+01
2.050000000000000155e-01 2.325752621127949027e+01
2.060000000000000164e-01 2.339164673738436662e+01
2.070000000000000173e-01 2.352606570665778207e+01
2.080000000000000182e-01 2.366078258578570015e+01
2.089999999999999913e-01 2.379579684257739558e+01
2.099999999999999922e-01 2.393110794598906210e+01
2.109999999999999931e-01 2.406671536614614126e+01
2.119999999999999940e-01 2.420261857436488029e+01
2.129999999999999949e-01 2.433881704317276373e+01
2.139999999999999958e-01 2.447531024632814578e+01
2.149999999999999967e-01 2.461209765883885936e+01
2.159999999999999976e-01 2.474917875698010761e+01
2.169999999999999984e-01 2.488655301831133926e+01
2.179999999999999993e-01 2.502421992169239573e+01
2.190000000000000002e-01 2.516217894729891924e+01
2.200000000000000011e-01 2.530042957663704328e+01
2.210000000000000020e-01 2.543897129255723044e+01
2.220000000000000029e-01 2.557780357926740677e+01
2.230000000000000038e-01 2.571692592234551356e+01
2.240000000000000047e-01 2.585633780875142307e+01
2.250000000000000056e-01 2.599603872683818651e+01
2.260000000000000064e-01 2.613602816636249671e+01
2.270000000000000073e-01 2.627630561849483470e+01
2.280000000000000082e-01 2.641687057582894838e+01
2.290000000000000091e-01 2.655772253239068803e+01
2.300000000000000100e-01 2.669886098364641214e+01
2.310000000000000109e-01 2.684028542651089566e+01
2.320000000000000118e-01 2.698199535935467708e+01
2.330000000000000127e-01 2.712399028201085116e+01
2.340000000000000135e-01 2.726626969578171966e+01
2.350000000000000144e-01 2.740883310344464974e+01
2.360000000000000153e-01 2.755168000925750604e+01
2.370000000000000162e-01 2.769480991896401889e+01
2.380000000000000171e-01 2.783822233979849869e+01
2.390000000000000180e-01 2.798191678049003173e+01
2.399999999999999911e-01 2.812589275126663324e+01
2.409999999999999920e-01 2.827014976385877532e+01
2.419999999999999929e-01 2.841468733150261983e+01
2.429999999999999938e-01 2.855950496894309154e+01
2.439999999999999947e-01 2.870460219243641831e+01
2.449999999999999956e-01 2.884997851975245098e+01
2.459999999999999964e-01 2.899563347017663162e+01
2.469999999999999973e-01 2.914156656451173077e+01
2.479999999999999982e-01 2.928777732507920817e+01
2.489999999999999991e-01 2.943426527572049878e+01
2.500000000000000000e-01 2.958102994179783352e+01
2.510000000000000009e-01 2.972807085019480411e+01
2.520000000000000018e-01 2.987538752931693864e+01
2.530000000000000027e-01 3.002297950909172641e+01
2.540000000000000036e-01 3.017084632096856467e+01
2.550000000000000044e-01 3.031898749791852765e+01
2.560000000000000053e-01 3.046740257443389410e+01
2.570000000000000062e-01 3.061609108652733724e+01
2.580000000000000071e-01 3.076505257173121777e+01
2.590000000000000080e-01 3.091428656909626227e+01
2.600000000000000089e-01 3.106379261919066437e+01
2.610000000000000098e-01 3.121357026409809166e+01
2.620000000000000107e-01 3.136361904741673001e+01
2.630000000000000115e-01 3.151393851425702408e+01
2.640000000000000124e-01 3.166452821123998262e+01
2.650000000000000133e-01 3.181538768649506110e+01
2.660000000000000142e-01 3.196651648965791281e+01
2.670000000000000151e-01 3.211791417186815778e+01
2.680000000000000160e-01 3.226958028576657966e+01
2.690000000000000169e-01 3.242151438549292664e+01
2.700000000000000178e-01 3.257371602668277433e+01
2.710000000000000187e-01 3.272618476646506025e+01
2.720000000000000195e-01 3.287892016345870161e+01
2.730000000000000204e-01 3.303192177776968919e+01
2.740000000000000213e-01 3.318518917098800358e+01
2.750000000000000222e-01 3.333872190618414777e+01
2.760000000000000231e-01 3.349251954790577912e+01
2.770000000000000240e-01 3.364658166217432722e+01
2.780000000000000249e-01 3.380090781648129195e+01
2.790000000000000258e-01 3.395549757978460548e+01
2.800000000000000266e-01 3.411035052250492328e+01
2.810000000000000275e-01 3.426546621652193636e+01
2.820000000000000284e-01 3.442084423517003700e+01
2.830000000000000293e-01 3.457648415323482283e+01
2.840000000000000302e-01 3.473238554694884783e+01
2.850000000000000311e-01 3.488854799398742301e+01
2.860000000000000320e-01 3.504497107346460183e+01
2.870000000000000329e-01 3.520165436592885300e+01
2.880000000000000338e-01 3.535859745335889670e+01
2.889999999999999791e-01 3.551579991915908607e+01
2.899999999999999800e-01 3.567326134815535710e+01
2.909999999999999809e-01 3.583098132659056034e+01
2.919999999999999818e-01 3.598895944211980691e+01
2.929999999999999827e-01 3.614719528380646096e+01
2.939999999999999836e-01 3.630568844211708068e+01
2.949999999999999845e-01 3.646443850891679972e+01
2.959999999999999853e-01 3.662344507746492894e+01
2.969999999999999862e-01 3.678270774241016028e+01
2.979999999999999871e-01 3.694222609978569238e+01
2.989999999999999880e-01 3.710199974700459791e+01
2.999999999999999889e-01 3.726202828285497759e+01
3.009999999999999898e-01 3.742231130749523516e+01
3.019999999999999907e-01 3.758284842244897561e+01
3.029999999999999916e-01 3.774363923060044357e+01
3.039999999999999925e-01 3.790468333618933627e+01
3.049999999999999933e-01 3.806598034480595061e+01
3.059999999999999942e-01 3.822752986338645798e+01
3.069999999999999951e-01 3.838933150020766760e+01
3.079999999999999960e-01 3.855138486488200300e+01
3.089999999999999969e-01 3.871368956835280528e+01
3.099999999999999978e-01 3.887624522288914619e+01
3.109999999999999987e-01 3.903905144208066247e+01
3.119999999999999996e-01 3.920210784083266020e+01
3.130000000000000004e-01 3.936541403536119077e+01
3.140000000000000013e-01 3.952896964318761519e+01
3.150000000000000022e-01 3.969277428313400691e+01
3.160000000000000031e-01 3.985682757531765930e+01
3.170000000000000040e-01 4.002112914114608344e+01
3.180000000000000049e-01 4.018567860331211961e+01
3.190000000000000058e-01 4.035047558578872895e+01
3.200000000000000067e-01 4.051551971382376394e+01
3.210000000000000075e-01 4.068081061393501585e+01
3.220000000000000084e-01 4.084634791390509179e+01
3.230000000000000093e-01 4.101213124277614241e+01
3.240000000000000102e-01 4.117816023084500188e+01
3.250000000000000111e-01 4.134443450965794398e+01
3.260000000000000120e-01 4.151095371200554496e+01
3.270000000000000129e-01 4.167771747191768839e+01
3.280000000000000138e-01 4.184472542465834266e+01
3.290000000000000147e-01 4.201197720672052327e+01
3.300000000000000155e-01 4.217947245582122662e+01
3.310000000000000164e-01 4.234721081089628569e+01
3.320000000000000173e-01 4.251519191209519022e+01
3.330000000000000182e-01 4.268341540077639706e+01
3.340000000000000191e-01 4.285188091950171696e+01
3.350000000000000200e-01 4.302058811203169597e+01
3.360000000000000209e-01 4.318953662332013721e+01
3.370000000000000218e-01 4.335872609950962442e+01
3.380000000000000226e-01 4.352815618792584473e+01
3.390000000000000235e-01 4.369782653707317621e+01
3.400000000000000244e-01 4.386773679662903191e+01
3.410000000000000253e-01 4.403788661743943322e+01
3.420000000000000262e-01 4.420827565151359551e+01
3.430000000000000271e-01 4.437890355201913906e+01
3.440000000000000280e-01 4.454976997327697319e+01
3.450000000000000289e-01 4.472087457075670613e+01
3.460000000000000298e-01 4.489221700107113833e+01
3.470000000000000306e-01 4.506379692197166520e+01
3.480000000000000315e-01 4.523561399234327496e+01
3.490000000000000324e-01 4.540766787219964584e+01
3.500000000000000333e-01 4.557995822267823627e+01
3.510000000000000342e-01 4.575248470603546025e+01
3.519999999999999796e-01 4.592524698564164964e+01
3.529999999999999805e-01 4.609824472597635037e+01
3.539999999999999813e-01 4.627147759262335569e+01
3.549999999999999822e-01 4.644494525226611614e+01
3.559999999999999831e-01 4.661864737268255254e+01
3.569999999999999840e-01 4.679258362274060801e+01
3.579999999999999849e-01 4.696675367239320309e+01
3.589999999999999858e-01 4.714115719267379490e+01
3.599999999999999867e-01 4.731579385569126828e+01
3.609999999999999876e-01 4.749066333462526046e+01
3.619999999999999885e-01 4.766576530372172016e+01
3.629999999999999893e-01 4.784109943828786982e+01
3.639999999999999902e-01 4.801666541468787130e+01
3.649999999999999911e-01 4.819246291033780949e+01
3.659999999999999920e-01 4.836849160370131528e+01
3.669999999999999929e-01 4.854475117428462738e+01
3.679999999999999938e-01 4.872124130263238584e+01
3.689999999999999947e-01 4.889796167032267249e+01
3.699999999999999956e-01 4.907491195996264821e+01
3.709999999999999964e-01 4.925209185518384203e+01
3.719999999999999973e-01 4.942950104063788075e+01
3.729999999999999982e-01 4.960713920199141569e+01
3.739999999999999991e-01 4.978500602592232127e+01
3.750000000000000000e-01 4.996310120011468570e+01
3.760000000000000009e-01 5.014142441325454769e+01
3.770000000000000018e-01 5.031997535502540586e+01
3.780000000000000027e-01 5.049875371610363572e+01
3.790000000000000036e-01 5.067775918815456748e+01
3.800000000000000044e-01 5.085699146382722802e+01
3.810000000000000053e-01 5.103645023675106529e+01
3.820000000000000062e-01 5.121613520153059795e+01
3.830000000000000071e-01 5.139604605374157131e+01
3.840000000000000080e-01 5.157618248992664434e+01
3.850000000000000089e-01 5.175654420759087060e+01
3.860000000000000098e-01 5.193713090519759135e+01
3.870000000000000107e-01 5.211794228216403724e+01
3.880000000000000115e-01 5.229897803885723562e+01
3.890000000000000124e-01 5.248023787658966910e+01
3.900000000000000133e-01 5.266172149761520416e+01
3.910000000000000142e-01 5.284342860512452944e+01
3.920000000000000151e-01 5.302535890324148937e+01
3.930000000000000160e-01 5.320751209701863615e+01
3.940000000000000169e-01 5.338988789243317967e+01
3.950000000000000178e-01 5.357248599638275977e+01
3.960000000000000187e-01 5.375530611668160219e+01
3.970000000000000195e-01 5.393834796205605642e+01
3.980000000000000204e-01 5.412161124214102870e+01
3.990000000000000213e-01 5.430509566747549854e+01
4.000000000000000222e-01 5.448880094949876707e+01
4.010000000000000231e-01 5.467272680054631451e+01
4.020000000000000240e-01 5.485687293384599172e+01
4.030000000000000249e-01 5.504123906351392037e+01
4.040000000000000258e-01 5.522582490455050674e+01
4.050000000000000266e-01 5.541063017283651249e+01
4.060000000000000275e-01 5.559565458512946634e+01
4.070000000000000284e-01 5.578089785905939380e+01
4.080000000000000293e-01 5.596635971312511515e+01
4.090000000000000302e-01 5.615203986669038727e+01
4.100000000000000311e-01 5.633793803998003824e+01
4.110000000000000320e-01 5.652405395407618727e+01
4.120000000000000329e-01 5.671038733091445039e+01
4.130000000000000338e-01 5.689693789328018170e+01
4.140000000000000346e-01 5.708370536480466484e+01
4.150000000000000355e-01 5.727068946996136845e+01
4.160000000000000364e-01 5.745788993406244316e+01
4.169999999999999818e-01 5.764530648325447970e+01
4.179999999999999827e-01 5.783293884451562406e+01
4.189999999999999836e-01 5.802078674565124317e+01
4.199999999999999845e-01 5.820884991529045749e+01
4.209999999999999853e-01 5.839712808288274459e+01
4.219999999999999862e-01 5.858562097869405250e+01
4.229999999999999871e-01 5.877432833380333221e+01
4.239999999999999880e-01 5.896324988009900636e+01
4.249999999999999889e-01 5.915238535027521039e+01
4.259999999999999898e-01 5.934173447782850985e+01
4.269999999999999907e-01 5.953129699705419853e+01
4.279999999999999916e-01 5.972107264304300145e+01
4.289999999999999925e-01 5.991106115167726642e+01
4.299999999999999933e-01 6.010126225962769553e+01
4.309999999999999942e-01 6.029167570435014767e+01
4.319999999999999951e-01 6.048230122408163112e+01
4.329999999999999960e-01 6.067313855783738319e+01
4.339999999999999969e-01 6.086418744540722514e+01
4.349999999999999978e-01 6.105544762735225106e+01
4.359999999999999987e-01 6.124691884500155226e+01
4.369999999999999996e-01 6.143860084044851533e+01
4.380000000000000004e-01 6.163049335654817895e+01
4.390000000000000013e-01 6.182259613691315536e+01
4.400000000000000022e-01 6.201490892591085213e+01
4.410000000000000031e-01 6.220743146866005446e+01
4.420000000000000040e-01 6.240016351102751457e+01
4.430000000000000049e-01 6.259310479962491058e+01
4.440000000000000058e-01 6.278625508180562775e+01
4.450000000000000067e-01 6.297961410566129814e+01
4.460000000000000075e-01 6.317318162001875237e+01
4.470000000000000084e-01 6.336695737443720589e+01
4.480000000000000093e-01 6.356094111920423018e+01
4.490000000000000102e-01 6.375513260533366378e+01
4.500000000000000111e-01 6.394953158456159059e+01
4.510000000000000120e-01 6.414413780934373221e+01
4.520000000000000129e-01 6.433895103285215100e+01
4.530000000000000138e-01 6.453397100897227290e+01
4.540000000000000147e-01 6.472919749229980368e+01
4.550000000000000155e-01 6.492463023813763812e+01
4.560000000000000164e-01 6.512026900249271932e+01
4.570000000000000173e-01 6.531611354207338138e+01
4.580000000000000182e-01 6.551216361428589607e+01
4.590000000000000191e-01 6.570841897723187230e+01
4.600000000000000200e-01 6.590487938970501602e+01
4.610000000000000209e-01 6.610154461118827385e+01
4.620000000000000218e-01 6.629841440185110457e+01
4.630000000000000226e-01 6.649548852254601172e+01
4.640000000000000235e-01 6.669276673480622719e+01
4.650000000000000244e-01 6.689024880084238589e+01
4.660000000000000253e-01 6.708793448354010991e+01
4.670000000000000262e-01 6.728582354645658370e+01
4.680000000000000271e-01 6.748391575381802454e+01
4.690000000000000280e-01 6.768221087051701090e+01
4.700000000000000289e-01 6.788070866210912868e+01
4.710000000000000298e-01 6.807940889481071167e+01
4.720000000000000306e-01 6.827831133549580045e+01
4.730000000000000315e-01 6.847741575169345651e+01
4.740000000000000324e-01 6.867672191158480643e+01
4.750000000000000333e-01 6.887622958400054074e+01
4.760000000000000342e-01 6.907593853841808595e+01
4.770000000000000351e-01 6.927584854495880506e+01
4.780000000000000360e-01 6.947595937438546798e+01
4.790000000000000369e-01 6.967627079809932411e+01
4.799999999999999822e-01 6.987678258813761545e+01
4.809999999999999831e-01 7.007749451717091915e+01
4.819999999999999840e-01 7.027840635850044748e+01
4.829999999999999849e-01 7.047951788605539036e+01
4.839999999999999858e-01 7.068082887439007322e+01
4.849999999999999867e-01 7.088233909868192484e+01
4.859999999999999876e-01 7.108404833472840778e+01
4.869999999999999885e-01 7.128595635894460258e+01
4.879999999999999893e-01 7.148806294836052189e+01
4.889999999999999902e-01 7.169036788061880827e+01
4.899999999999999911e-01 7.189287093397199158e+01
4.909999999999999920e-01 7.209557188727985988e+01
4.919999999999999929e-01 7.229847052000734209e+01
4.929999999999999938e-01 7.250156661222155208e+01
4.939999999999999947e-01 7.270485994458968548e+01
4.949999999999999956e-01 7.290835029837597858e+01
4.959999999999999964e-01 7.311203745544008825e+01
4.969999999999999973e-01 7.331592119823420717e+01
4.979999999999999982e-01 7.352000130980016479e+01
4.989999999999999991e-01 7.372427757376776469e+01
5.000000000000000000e-01 7.392874977435209871e+01
5.010000000000000009e-01 7.413341769635094636e+01
5.020000000000000018e-01 7.433828112514251529e+01
5.030000000000000027e-01 7.454333984668332391e+01
5.040000000000000036e-01 7.474859364750548707e+01
5.050000000000000044e-01 7.495404231471435708e+01
5.060000000000000053e-01 7.515968563598667629e+01
5.070000000000000062e-01 7.536552339956760704e+01
5.080000000000000071e-01 7.557155539426865687e+01
5.090000000000000080e-01 7.577778140946574581e+01
5.100000000000000089e-01 7.598420123509626478e+01
5.110000000000000098e-01 7.619081466165752659e+01
5.120000000000000107e-01 7.639762148020361110e+01
5.130000000000000115e-01 7.660462148234402946e+01
5.140000000000000124e-01 7.681181446024095294e+01
5.150000000000000133e-01 7.701920020660696764e+01
5.160000000000000142e-01 7.722677851470304233e+01
5.170000000000000151e-01 7.743454917833631157e+01
5.180000000000000160e-01 7.764251199185771668e+01
5.190000000000000169e-01 7.785066675016012994e+01
5.200000000000000178e-01 7.805901324867572555e+01
5.210000000000000187e-01 7.826755128337418910e+01
5.220000000000000195e-01 7.847628065076025905e+01
5.230000000000000204e-01 7.868520114787231989e+01
5.240000000000000213e-01 7.889431257227909100e+01
5.250000000000000222e-01 7.910361472207841871e+01
5.260000000000000231e-01 7.931310739589486047e+01
5.270000000000000240e-01 7.952279039287753903e+01
5.280000000000000249e-01 7.973266351269833763e+01
5.290000000000000258e-01 7.994272655554935625e+01
5.300000000000000266e-01 8.015297932214139109e+01
5.310000000000000275e-01 8.036342161370122028e+01
5.320000000000000284e-01 8.057405323197026803e+01
5.330000000000000293e-01 8.078487397920211777e+01
5.340000000000000302e-01 8.099588365816053681e+01
5.350000000000000311e-01 8.120708207211758634e+01
5.360000000000000320e-01 8.141846902485161763e+01
5.370000000000000329e-01 8.163004432064511207e+01
5.380000000000000338e-01 8.184180776428289050e+01
5.390000000000000346e-01 8.205375916105006695e+01
5.400000000000000355e-01 8.226589831672998798e+01
5.410000000000000364e-01 8.247822503760252744e+01
5.420000000000000373e-01 8.269073913044184110e+01
5.430000000000000382e-01 8.290344040251459035e+01
5.440000000000000391e-01 8.311632866157810895e+01
5.450000000000000400e-01 8.332940371587821460e+01
5.460000000000000409e-01 8.354266537414767413e+01
5.470000000000000417e-01 8.375611344560390137e+01
5.480000000000000426e-01 8.396974773994749341e+01
5.490000000000000435e-01 8.418356806735998532e+01
5.500000000000000444e-01 8.439757423850227269e+01
5.510000000000000453e-01 8.461176606451235216e+01
5.520000000000000462e-01 8.482614335700415609e+01
5.530000000000000471e-01 8.504070592806492357e+01
5.540000000000000480e-01 8.525545359025406356e+01
5.550000000000000488e-01 8.547038615660078165e+01
5.560000000000000497e-01 8.568550344060257373e+01
5.570000000000000506e-01 8.590080525622329333e+01
5.580000000000000515e-01 8.611629141789165942e+01
5.590000000000000524e-01 8.633196174049903959e+01
5.600000000000000533e-01 8.654781603939798629e+01
5.610000000000000542e-01 8.676385413040019046e+01
5.620000000000000551e-01 8.698007582977507468e+01
5.630000000000000560e-01 8.719648095424777523e+01
5.640000000000000568e-01 8.741306932099742255e+01
5.650000000000000577e-01 8.762984074765554965e+01
5.660000000000000586e-01 8.784679505230451468e+01
5.670000000000000595e-01 8.806393205347521302e+01
5.680000000000000604e-01 8.828125157014586932e+01
5.690000000000000613e-01 8.849875342174016168e+01
5.700000000000000622e-01 8.871643742812560163e+01
5.710000000000000631e-01 8.893430340961199931e+01
5.720000000000000639e-01 8.915235118694934613e+01
5.730000000000000648e-01 8.937058058132647886e+01
5.740000000000000657e-01 8.958899141436924651e+01
5.750000000000000666e-01 8.980758350813954394e+01
5.760000000000000675e-01 9.002635668513245548e+01
5.769999999999999574e-01 9.024531076827557285e+01
5.779999999999999583e-01 9.046444558092703403e+01
5.789999999999999591e-01 9.068376094687396005e+01
5.799999999999999600e-01 9.090325669033083500e+01
5.809999999999999609e-01 9.112293263593797121e+01
5.819999999999999618e-01 9.134278860875964767e+01
5.829999999999999627e-01 9.156282443428302997e+01
5.839999999999999636e-01 9.178303993841599606e+01
5.849999999999999645e-01 9.200343494748626938e+01
5.859999999999999654e-01 9.222400928823891775e+01
5.869999999999999662e-01 9.244476278783601231e+01
5.879999999999999671e-01 9.266569527385378535e+01
5.889999999999999680e-01 9.288680657428201926e+01
5.899999999999999689e-01 9.310809651752227012e+01
5.909999999999999698e-01 9.332956493238621931e+01
5.919999999999999707e-01 9.355121164809406764e+01
5.929999999999999716e-01 9.377303649427332743e+01
5.939999999999999725e-01 9.399503930095760040e+01
5.949999999999999734e-01 9.421721989858382074e+01
5.959999999999999742e-01 9.443957811799225510e+01
5.969999999999999751e-01 9.466211379042412943e+01
5.979999999999999760e-01 9.488482674752049206e+01
5.989999999999999769e-01 9.510771682132069316e+01
5.999999999999999778e-01 9.533078384426077889e+01
6.009999999999999787e-01 9.555402764917234038e+01
6.019999999999999796e-01 9.577744806928058097e+01
6.029999999999999805e-01 9.600104493820374785e+01
6.039999999999999813e-01 9.622481808995053143e+01
6.049999999999999822e-01 9.644876735891969588e+01
6.059999999999999831e-01 9.667289257989789064e+01
6.069999999999999840e-01 9.689719358805895411e+01
6.079999999999999849e-01 9.712167021896162566e+01
6.089999999999999858e-01 9.734632230854926149e+01
6.099999999999999867e-01 9.757114969314719133e+01
6.109999999999999876e-01 9.779615220946251952e+01
6.119999999999999885e-01 9.802132969458200762e+01
6.129999999999999893e-01 9.824668198597080959e+01
6.139999999999999902e-01 9.847220892147143445e+01
6.149999999999999911e-01 9.869791033930184199e+01
6.159999999999999920e-01 9.892378607805463275e+01
6.169999999999999929e-01 9.914983597669554172e+01
6.179999999999999938e-01 9.937605987456183243e+01
6.189999999999999947e-01 9.960245761136145859e+01
6.199999999999999956e-01 9.982902902717107452e+01
6.209999999999999964e-01 1.000557739624355094e+02
6.219999999999999973e-01 1.002826922579657776e+02
6.229999999999999982e-01 1.005097837549380273e+02
6.239999999999999991e-01 1.007370482948925599e+02
6.250000000000000000e-01 1.009644857197316981e+02
6.260000000000000009e-01 1.011920958717195163e+02
6.270000000000000018e-01 1.014198785934799645e+02
6.280000000000000027e-01 1.016478337279953621e+02
6.290000000000000036e-01 1.018759611186059999e+02
6.300000000000000044e-01 1.021042606090080227e+02
6.310000000000000053e-01 1.023327320432527330e+02
6.320000000000000062e-01 1.025613752657444309e+02
6.330000000000000071e-01 1.027901901212405704e+02
6.340000000000000080e-01 1.030191764548494291e+02
6.350000000000000089e-01 1.032483341120295393e+02
6.360000000000000098e-01 1.034776629385876845e+02
6.370000000000000107e-01 1.037071627806786864e+02
6.380000000000000115e-01 1.039368334848030599e+02
6.390000000000000124e-01 1.041666748978067147e+02
6.400000000000000133e-01 1.043966868668793921e+02
6.410000000000000142e-01 1.046268692395535140e+02
6.420000000000000151e-01 1.048572218637028612e+02
6.430000000000000160e-01 1.050877445875413940e+02
6.440000000000000169e-01 1.053184372596226126e+02
6.450000000000000178e-01 1.055492997288372976e+02
6.460000000000000187e-01 1.057803318444133964e+02
6.470000000000000195e-01 1.060115334559144458e+02
6.480000000000000204e-01 1.062429044132379659e+02
6.490000000000000213e-01 1.064744445666152615e+02
6.500000000000000222e-01 1.067061537666093898e+02
6.510000000000000231e-01 1.069380318641144214e+02
6.520000000000000240e-01 1.071700787103543178e+02
6.530000000000000249e-01 1.074022941568815526e+02
6.540000000000000258e-01 1.076346780555764582e+02
6.550000000000000266e-01 1.078672302586454634e+02
6.560000000000000275e-01 1.080999506186204400e+02
6.570000000000000284e-01 1.083328389883572527e+02
6.580000000000000293e-01 1.085658952210354187e+02
6.590000000000000302e-01 1.087991191701555778e+02
6.600000000000000311e-01 1.090325106895398619e+02
6.610000000000000320e-01 1.092660696333301047e+02
6.620000000000000329e-01 1.094997958559862923e+02
6.630000000000000338e-01 1.097336892122868619e+02
6.640000000000000346e-01 1.099677495573262291e+02
6.650000000000000355e-01 1.102019767465142905e+02
6.660000000000000364e-01 1.104363706355752157e+02
6.670000000000000373e-01 1.106709310805469499e+02
6.680000000000000382e-01 1.109056579377791394e+02
6.690000000000000391e-01 1.111405510639331169e+02
6.700000000000000400e-01 1.113756103159797419e+02
6.710000000000000409e-01 1.116108355511995001e+02
6.720000000000000417e-01 1.118462266271808829e+02
6.730000000000000426e-01 1.120817834018191945e+02
6.740000000000000435e-01 1.123175057333155422e+02
6.750000000000000444e-01 1.125533934801765810e+02
6.760000000000000453e-01 1.127894465012123391e+02
6.770000000000000462e-01 1.130256646555360618e+02
6.780000000000000471e-01 1.132620478025627619e+02
6.790000000000000480e-01 1.134985958020084524e+02
6.800000000000000488e-01 1.137353085138886684e+02
6.810000000000000497e-01 1.139721857985186091e+02
6.820000000000000506e-01 1.142092275165105093e+02
6.830000000000000515e-01 1.144464335287739232e+02
6.840000000000000524e-01 1.146838036965143033e+02
6.850000000000000533e-01 1.149213378812320343e+02
6.860000000000000542e-01 1.151590359447211540e+02
6.870000000000000551e-01 1.153968977490692112e+02
6.880000000000000560e-01 1.156349231566551623e+02
6.890000000000000568e-01 1.158731120301495139e+02
6.900000000000000577e-01 1.161114642325125317e+02
6.910000000000000586e-01 1.163499796269938145e+02
6.920000000000000595e-01 1.165886580771308161e+02
6.930000000000000604e-01 1.168274994467485897e+02
6.940000000000000613e-01 1.170665035999582955e+02
6.950000000000000622e-01 1.173056704011561067e+02
6.960000000000000631e-01 1.175449997150231951e+02
6.970000000000000639e-01 1.177844914065238413e+02
6.980000000000000648e-01 1.180241453409049086e+02
6.990000000000000657e-01 1.182639613836947916e+02
7.000000000000000666e-01 1.185039394007027198e+02
7.010000000000000675e-01 1.187440792580178339e+02
7.020000000000000684e-01 1.189843808220077648e+02
7.030000000000000693e-01 1.192248439593183207e+02
7.039999999999999591e-01 1.194654685368723364e+02
7.049999999999999600e-01 1.197062544218688629e+02
7.059999999999999609e-01 1.199472014817822298e+02
7.069999999999999618e-01 1.201883095843608800e+02
7.079999999999999627e-01 1.204295785976269997e+02
7.089999999999999636e-01 1.206710083898752970e+02
7.099999999999999645e-01 1.209125988296721204e+02
7.109999999999999654e-01 1.211543497858548335e+02
7.119999999999999662e-01 1.213962611275304937e+02
7.129999999999999671e-01 1.216383327240753971e+02
7.139999999999999680e-01 1.218805644451341834e+02
7.149999999999999689e-01 1.221229561606186564e+02
7.159999999999999698e-01 1.223655077407072724e+02
7.169999999999999707e-01 1.226082190558440033e+02
7.179999999999999716e-01 1.228510899767378390e+02
7.189999999999999725e-01 1.230941203743615802e+02
7.199999999999999734e-01 1.233373101199510415e+02
7.209999999999999742e-01 1.235806590850044273e+02
7.219999999999999751e-01 1.238241671412815208e+02
7.229999999999999760e-01 1.240678341608024766e+02
7.239999999999999769e-01 1.243116600158473375e+02
7.249999999999999778e-01 1.245556445789548548e+02
7.259999999999999787e-01 1.247997877229224741e+02
7.269999999999999796e-01 1.250440893208045452e+02
7.279999999999999805e-01 1.252885492459118097e+02
7.289999999999999813e-01 1.255331673718108902e+02
7.299999999999999822e-01 1.257779435723233661e+02
7.309999999999999831e-01 1.260228777215247078e+02
7.319999999999999840e-01 1.262679696937435949e+02
7.329999999999999849e-01 1.265132193635613191e+02
7.339999999999999858e-01 1.267586266058110311e+02
7.349999999999999867e-01 1.270041912955764047e+02
7.359999999999999876e-01 1.272499133081914238e+02
7.369999999999999885e-01 1.274957925192393304e+02
7.379999999999999893e-01 1.277418288045518295e+02
7.389999999999999902e-01 1.279880220402086195e+02
7.399999999999999911e-01 1.282343721025359287e+02
7.409999999999999920e-01 1.284808788681068279e+02
7.419999999999999929e-01 1.287275422137389853e+02
7.429999999999999938e-01 1.289743620164957463e+02
7.439999999999999947e-01 1.292213381536836891e+02
7.449999999999999956e-01 1.294684705028526253e+02
7.459999999999999964e-01 1.297157589417948884e+02
7.469999999999999973e-01 1.299632033485444254e+02
7.479999999999999982e-01 1.302108036013761421e+02
7.489999999999999991e-01 1.304585595788050512e+02
7.500000000000000000e-01 1.307064711595852771e+02
7.510000000000000009e-01 1.309545382227101982e+02
7.520000000000000018e-01 1.312027606474108268e+02
7.530000000000000027e-01 1.314511383131552407e+02
7.540000000000000036e-01 1.316996710996482136e+02
7.550000000000000044e-01 1.319483588868301069e+02
7.560000000000000053e-01 1.321972015548763295e+02
7.570000000000000062e-01 1.324461989841967693e+02
7.580000000000000071e-01 1.326953510554345428e+02
7.590000000000000080e-01 1.329446576494657393e+02
7.600000000000000089e-01 1.331941186473990228e+02
7.610000000000000098e-01 1.334437339305738988e+02
7.620000000000000107e-01 1.336935033805609123e+02
7.630000000000000115e-01 1.339434268791605973e+02
7.640000000000000124e-01 1.341935043084027370e+02
7.650000000000000133e-01 1.344437355505459379e+02
7.660000000000000142e-01 1.346941204880764360e+02
7.670000000000000151e-01 1.349446590037080114e+02
7.680000000000000160e-01 1.351953509803807947e+02
7.690000000000000169e-01 1.354461963012607839e+02
7.700000000000000178e-01 1.356971948497392759e+02
7.710000000000000187e-01 1.359483465094322128e+02
7.720000000000000195e-01 1.361996511641788743e+02
7.730000000000000204e-01 1.364511086980420487e+02
7.740000000000000213e-01 1.367027189953069239e+02
7.750000000000000222e-01 1.369544819404805196e+02
7.760000000000000231e-01 1.372063974182908623e+02
7.770000000000000240e-01 1.374584653136867303e+02
7.780000000000000249e-01 1.377106855118363455e+02
7.790000000000000258e-01 1.379630578981274027e+02
7.800000000000000266e-01 1.382155823581658467e+02
7.810000000000000275e-01 1.384682587777755884e+02
7.820000000000000284e-01 1.387210870429975103e+02
7.830000000000000293e-01 1.389740670400894089e+02
7.840000000000000302e-01 1.392271986555248304e+02
7.850000000000000311e-01 1.394804817759922457e+02
7.860000000000000320e-01 1.397339162883952781e+02
7.870000000000000329e-01 1.399875020798510832e+02
7.880000000000000338e-01 1.402412390376904341e+02
7.890000000000000346e-01 1.404951270494565847e+02
7.900000000000000355e-01 1.407491660029049569e+02
7.910000000000000364e-01 1.410033557860024587e+02
7.920000000000000373e-01 1.412576962869267163e+02
7.930000000000000382e-01 1.415121873940656201e+02
7.940000000000000391e-01 1.417668289960164714e+02
7.950000000000000400e-01 1.420216209815860395e+02
7.960000000000000409e-01 1.422765632397885440e+02
7.970000000000000417e-01 1.425316556598467344e+02
7.980000000000000426e-01 1.427868981311900427e+02
7.990000000000000435e-01 1.430422905434546408e+02
8.000000000000000444e-01 1.432978327864824166e+02
8.010000000000000453e-01 1.435535247503206051e+02
8.020000000000000462e-01 1.438093663252211059e+02
8.030000000000000471e-01 1.440653574016400853e+02
8.040000000000000480e-01 1.443214978702370956e+02
8.050000000000000488e-01 1.445777876218744495e+02
8.060000000000000497e-01 1.448342265476170780e+02
8.070000000000000506e-01 1.450908145387311663e+02
8.080000000000000515e-01 1.453475514866844946e+02
8.090000000000000524e-01 1.456044372831451312e+02
8.100000000000000533e-01 1.458614718199812614e+02
8.110000000000000542e-01 1.461186549892602500e+02
8.120000000000000551e-01 1.463759866832486125e+02
8.130000000000000560e-01 1.466334667944109356e+02
8.140000000000000568e-01 1.468910952154091376e+02
8.150000000000000577e-01 1.471488718391026396e+02
8.160000000000000586e-01 1.474067965585473985e+02
8.170000000000000595e-01 1.476648692669949980e+02
8.180000000000000604e-01 1.479230898578925348e+02
8.190000000000000613e-01 1.481814582248821921e+02
8.200000000000000622e-01 1.484399742617999038e+02
8.210000000000000631e-01 1.486986378626759233e+02
8.220000000000000639e-01 1.489574489217330324e+02
8.230000000000000648e-01 1.492164073333871102e+02
8.240000000000000657e-01 1.494755129922459389e+02
8.250000000000000666e-01 1.497347657931085507e+02
8.260000000000000675e-01 1.499941656309652558e+02
8.270000000000000684e-01 1.502537124009964487e+02
8.280000000000000693e-01 1.505134059985727504e+02
8.290000000000000702e-01 1.507732463192538717e+02
8.300000000000000711e-01 1.510332332587882433e+02
8.310000000000000719e-01 1.512933667131125901e+02
8.320000000000000728e-01 1.515536465783516178e+02
8.329999999999999627e-01 1.518140727508165639e+02
8.339999999999999636e-01 1.520746451270062209e+02
8.349999999999999645e-01 1.523353636036046055e+02
8.359999999999999654e-01 1.525962280774820101e+02
8.369999999999999662e-01 1.528572384456932696e+02
8.379999999999999671e-01 1.531183946054780165e+02
8.389999999999999680e-01 1.533796964542599426e+02
8.399999999999999689e-01 1.536411438896460027e+02
8.409999999999999698e-01 1.539027368094264716e+02
8.419999999999999707e-01 1.541644751115739780e+02
8.429999999999999716e-01 1.544263586942427366e+02
8.439999999999999725e-01 1.546883874557688614e+02
8.449999999999999734e-01 1.549505612946693702e+02
8.459999999999999742e-01 1.552128801096416737e+02
8.469999999999999751e-01 1.554753437995628076e+02
8.479999999999999760e-01 1.557379522634896318e+02
8.489999999999999769e-01 1.560007054006575800e+02
8.499999999999999778e-01 1.562636031104808580e+02
8.509999999999999787e-01 1.565266452925513363e+02
8.519999999999999796e-01 1.567898318466382932e+02
8.529999999999999805e-01 1.570531626726882735e+02
8.539999999999999813e-01 1.573166376708237522e+02
8.549999999999999822e-01 1.575802567413435895e+02
8.559999999999999831e-01 1.578440197847221498e+02
8.569999999999999840e-01 1.581079267016083065e+02
8.579999999999999849e-01 1.583719773928257553e+02
8.589999999999999858e-01 1.586361717593721607e+02
8.599999999999999867e-01 1.589005097024186739e+02
8.609999999999999876e-01 1.591649911233096191e+02
8.619999999999999885e-01 1.594296159235618404e+02
8.629999999999999893e-01 1.596943840048642187e+02
8.639999999999999902e-01 1.599592952690771028e+02
8.649999999999999911e-01 1.602243496182324805e+02
8.659999999999999920e-01 1.604895469545325000e+02
8.669999999999999929e-01 1.607548871803499253e+02
8.679999999999999938e-01 1.610203701982268285e+02
8.689999999999999947e-01 1.612859959108748740e+02
8.699999999999999956e-01 1.615517642211745795e+02
8.709999999999999964e-01 1.618176750321747477e+02
8.719999999999999973e-01 1.620837282470920400e+02
8.729999999999999982e-01 1.623499237693106920e+02
8.739999999999999991e-01 1.626162615023812918e+02
8.750000000000000000e-01 1.628827413500221439e+02
8.760000000000000009e-01 1.631493632161164840e+02
8.770000000000000018e-01 1.634161270047138999e+02
8.780000000000000027e-01 1.636830326200285981e+02
8.790000000000000036e-01 1.639500799664402280e+02
8.800000000000000044e-01 1.642172689484920056e+02
8.810000000000000053e-01 1.644845994708913111e+02
8.820000000000000062e-01 1.647520714385087217e+02
8.830000000000000071e-01 1.650196847563782967e+02
8.840000000000000080e-01 1.652874393296959568e+02
8.850000000000000089e-01 1.655553350638199390e+02
8.860000000000000098e-01 1.658233718642700865e+02
8.870000000000000107e-01 1.660915496367278195e+02
8.880000000000000115e-01 1.663598682870346863e+02
8.890000000000000124e-01 1.666283277211929601e+02
8.900000000000000133e-01 1.668969278453646439e+02
8.910000000000000142e-01 1.671656685658713855e+02
8.920000000000000151e-01 1.674345497891939090e+02
8.930000000000000160e-01 1.677035714219709348e+02
8.940000000000000169e-01 1.679727333710007144e+02
8.950000000000000178e-01 1.682420355432376482e+02
8.960000000000000187e-01 1.685114778457947864e+02
8.970000000000000195e-01 1.687810601859416408e+02
8.980000000000000204e-01 1.690507824711040428e+02
8.990000000000000213e-01 1.693206446088639154e+02
9.000000000000000222e-01 1.695906465069594162e+02
9.010000000000000231e-01 1.698607880732833166e+02
9.020000000000000240e-01 1.701310692158836559e+02
9.030000000000000249e-01 1.704014898429628033e+02
9.040000000000000258e-01 1.706720498628769178e+02
9.050000000000000266e-01 1.709427491841364599e+02
9.060000000000000275e-01 1.712135877154043442e+02
9.070000000000000284e-01 1.714845653654968203e+02
9.080000000000000293e-01 1.717556820433823077e+02
9.090000000000000302e-01 1.720269376581812253e+02
9.100000000000000311e-01 1.722983321191655932e+02
9.110000000000000320e-01 1.725698653357592036e+02
9.120000000000000329e-01 1.728415372175356026e+02
9.130000000000000338e-01 1.731133476742199662e+02
9.140000000000000346e-01 1.733852966156864568e+02
9.150000000000000355e-01 1.736573839519593321e+02
9.160000000000000364e-01 1.739296095932123194e+02
9.170000000000000373e-01 1.742019734497674790e+02
9.180000000000000382e-01 1.744744754320958293e+02
9.190000000000000391e-01 1.747471154508158975e+02
9.200000000000000400e-01 1.750198934166946287e+02
9.210000000000000409e-01 1.752928092406454823e+02
9.220000000000000417e-01 1.755658628337295113e+02
9.230000000000000426e-01 1.758390541071537427e+02
9.240000000000000435e-01 1.761123829722718881e+02
9.250000000000000444e-01 1.763858493405830359e+02
9.260000000000000453e-01 1.766594531237317938e+02
9.270000000000000462e-01 1.769331942335078907e+02
9.280000000000000471e-01 1.772070725818456083e+02
9.290000000000000480e-01 1.774810880808235538e+02
9.300000000000000488e-01 1.777552406426636935e+02
9.310000000000000497e-01 1.780295301797328875e+02
9.320000000000000506e-01 1.783039566045394793e+02
9.330000000000000515e-01 1.785785198297360239e+02
9.340000000000000524e-01 1.788532197681163609e+02
9.350000000000000533e-01 1.791280563326172057e+02
9.360000000000000542e-01 1.794030294363164728e+02
9.370000000000000551e-01 1.796781389924336736e+02
9.380000000000000560e-01 1.799533849143291491e+02
9.390000000000000568e-01 1.802287671155037856e+02
9.400000000000000577e-01 1.805042855095989012e+02
9.410000000000000586e-01 1.807799400103952223e+02
9.420000000000000595e-01 1.810557305318138503e+02
9.430000000000000604e-01 1.813316569879142435e+02
9.440000000000000613e-01 1.816077192928953536e+02
9.450000000000000622e-01 1.818839173610935802e+02
9.460000000000000631e-01 1.821602511069845889e+02
9.470000000000000639e-01 1.824367204451808391e+02
9.480000000000000648e-01 1.827133252904331471e+02
9.490000000000000657e-01 1.829900655576284407e+02
9.500000000000000666e-01 1.832669411617908963e+02
9.510000000000000675e-01 1.835439520180811996e+02
9.520000000000000684e-01 1.838210980417951532e+02
9.530000000000000693e-01 1.840983791483654670e+02
9.540000000000000702e-01 1.843757952533588877e+02
9.550000000000000711e-01 1.846533462724785295e+02
9.560000000000000719e-01 1.849310321215610315e+02
9.570000000000000728e-01 1.852088527165776384e+02
9.580000000000000737e-01 1.854868079736338871e+02
9.590000000000000746e-01 1.857648978089687262e+02
9.599999999999999645e-01 1.860431221389538621e+02
9.609999999999999654e-01 1.863214808800952369e+02
9.619999999999999662e-01 1.865999739490301863e+02
9.629999999999999671e-01 1.868786012625289459e+02
9.639999999999999680e-01 1.871573627374935143e+02
9.649999999999999689e-01 1.874362582909574826e+02
9.659999999999999698e-01 1.877152878400858924e+02
9.669999999999999707e-01 1.879944513021746957e+02
9.679999999999999716e-01 1.882737485946504989e+02
9.689999999999999725e-01 1.885531796350700802e+02
9.699999999999999734e-01 1.888327443411204456e+02
9.709999999999999742e-01 1.891124426306180055e+02
9.719999999999999751e-01 1.893922744215090290e+02
9.729999999999999760e-01 1.896722396318677681e+02
9.739999999999999769e-01 1.899523381798986463e+02
9.749999999999999778e-01 1.902325699839329900e+02
9.759999999999999787e-01 1.905129349624312738e+02
9.769999999999999796e-01 1.907934330339811879e+02
9.779999999999999805e-01 1.910740641172980077e+02
9.789999999999999813e-01 1.913548281312243091e+02
9.799999999999999822e-01 1.916357249947288608e+02
9.809999999999999831e-01 1.919167546269076752e+02
9.819999999999999840e-01 1.921979169469823887e+02
9.829999999999999849e-01 1.924792118743008018e+02
9.839999999999999858e-01 1.927606393283362536e+02
9.849999999999999867e-01 1.930421992286871102e+02
9.859999999999999876e-01 1.933238914950767082e+02
9.869999999999999885e-01 1.936057160473536101e+02
9.879999999999999893e-01 1.938876728054899843e+02
9.889999999999999902e-01 1.941697616895818044e+02
9.899999999999999911e-01 1.944519826198501562e+02
9.909999999999999920e-01 1.947343355166376284e+02
9.919999999999999929e-01 1.950168203004116663e+02
9.929999999999999938e-01 1.952994368917611325e+02
9.939999999999999947e-01 1.955821852113988371e+02
9.949999999999999956e-01 1.958650651801582967e+02
9.959999999999999964e-01 1.961480767189961796e+02
9.969999999999999973e-01 1.964312197489898324e+02
9.979999999999999982e-01 1.967144941913385878e+02
9.989999999999999991e-01 1.969978999673624003e+02
1.000000000000000000e+00 1.972814369985024996e+02
