0.000000000000000000e+00 0.000000000000000000e+00
1.000000000000000021e-03 8.218470105987915053e-01
2.000000000000000042e-03 1.190950811305256929e+00
3.000000000000000062e-03 1.466822733900321030e+00
4.000000000000000083e-03 1.693880862174181878e+00
5.000000000000000104e-03 1.889968764357921271e+00
6.000000000000000125e-03 2.064409525080573626e+00
7.000000000000000146e-03 2.222798283481743908e+00
8.000000000000000167e-03 2.368799598512582261e+00
9.000000000000001055e-03 2.504963610756032466e+00
1.000000000000000021e-02 2.633146037012469076e+00
1.099999999999999936e-02 2.754744468843665750e+00
1.200000000000000025e-02 2.870840565493041563e+00
1.300000000000000114e-02 2.982290244477940888e+00
1.400000000000000029e-02 3.089783367642585432e+00
1.499999999999999944e-02 3.193884645747459672e+00
1.600000000000000033e-02 3.295062506346620790e+00
1.700000000000000122e-02 3.393709982418915860e+00
1.800000000000000211e-02 3.490160156453509632e+00
1.899999999999999953e-02 3.584697795493497541e+00
2.000000000000000042e-02 3.677568262493073004e+00
2.100000000000000130e-02 3.768984442200238316e+00
2.199999999999999872e-02 3.859132194708704500e+00
2.299999999999999961e-02 3.948174700352290678e+00
2.400000000000000050e-02 4.036255958199507887e+00
2.500000000000000139e-02 4.123503630257274288e+00
2.600000000000000228e-02 4.210031374119753700e+00
2.699999999999999969e-02 4.295940771495123656e+00
2.800000000000000058e-02 4.381322934433441674e+00
2.900000000000000147e-02 4.466259852254830243e+00
2.999999999999999889e-02 4.550825528171610124e+00
3.099999999999999978e-02 4.635086944060491376e+00
3.200000000000000067e-02 4.719104883829873920e+00
3.300000000000000155e-02 4.802934639678389850e+00
3.400000000000000244e-02 4.886626620778375951e+00
3.500000000000000333e-02 4.970226880198978847e+00
3.600000000000000422e-02 5.053777572955937103e+00
3.699999999999999817e-02 5.137317355754176695e+00
3.799999999999999906e-02 5.220881737136200407e+00
3.899999999999999994e-02 5.304503385260109560e+00
4.000000000000000083e-02 5.388212399327438007e+00
4.100000000000000172e-02 5.472036549701783770e+00
4.200000000000000261e-02 5.556001490959160627e+00
4.300000000000000350e-02 5.640130951452876573e+00
4.399999999999999745e-02 5.724446902432823059e+00
4.499999999999999833e-02 5.808969709308096085e+00
4.599999999999999922e-02 5.893718267266224053e+00
4.700000000000000011e-02 5.978710123148015754e+00
4.800000000000000100e-02 6.063961585212554795e+00
4.900000000000000189e-02 6.149487822204296350e+00
5.000000000000000278e-02 6.235302952945212418e+00
5.100000000000000366e-02 6.321420127514900678e+00
5.200000000000000455e-02 6.407851600944500348e+00
5.299999999999999850e-02 6.494608800233812929e+00
5.399999999999999939e-02 6.581702385400267197e+00
5.500000000000000028e-02 6.669142305182424124e+00
5.600000000000000117e-02 6.756937847946024256e+00
5.700000000000000205e-02 6.845097688276258197e+00
5.800000000000000294e-02 6.933629929683919890e+00
5.900000000000000383e-02 7.022542143804614945e+00
5.999999999999999778e-02 7.111841406427623191e+00
6.099999999999999867e-02 7.201534330654105531e+00
6.199999999999999956e-02 7.291627097451798711e+00
6.300000000000000044e-02 7.382125483844831138e+00
6.400000000000000133e-02 7.473034888952267529e+00
6.500000000000000222e-02 7.564360358066834600e+00
6.600000000000000311e-02 7.656106604945791538e+00
6.700000000000000400e-02 7.748278032468589593e+00
6.800000000000000488e-02 7.840878751800617330e+00
6.900000000000000577e-02 7.933912600188855357e+00
7.000000000000000666e-02 8.027383157502868016e+00
7.100000000000000755e-02 8.121293761624093221e+00
7.200000000000000844e-02 8.215647522776478695e+00
7.299999999999999545e-02 8.310447336883061809e+00
7.399999999999999634e-02 8.405695898025227208e+00
7.499999999999999722e-02 8.501395710074586276e+00
7.599999999999999811e-02 8.597549097561103082e+00
7.699999999999999900e-02 8.694158215835447123e+00
7.799999999999999989e-02 8.791225060578820916e+00
7.900000000000000078e-02 8.888751476708256050e+00
8.000000000000000167e-02 8.986739166722358618e+00
8.100000000000000255e-02 9.085189698527415203e+00
8.200000000000000344e-02 9.184104512781825491e+00
8.300000000000000433e-02 9.283484929792447105e+00
8.400000000000000522e-02 9.383332155994713375e+00
8.500000000000000611e-02 9.483647290045260192e+00
8.600000000000000699e-02 9.584431328553678853e+00
8.700000000000000788e-02 9.685685171478057853e+00
8.799999999999999489e-02 9.787409627206743679e+00
8.899999999999999578e-02 9.889605417347453908e+00
8.999999999999999667e-02 9.992273181242836699e+00
9.099999999999999756e-02 1.009541348023056706e+01
9.199999999999999845e-02 1.019902680166422471e+01
9.299999999999999933e-02 1.030311356271060497e+01
9.400000000000000022e-02 1.040767411393733433e+01
9.500000000000000111e-02 1.051270874270426248e+01
9.600000000000000200e-02 1.061821767637053782e+01
9.700000000000000289e-02 1.072420108532916139e+01
9.800000000000000377e-02 1.083065908587906456e+01
9.900000000000000466e-02 1.093759174294504355e+01
1.000000000000000056e-01 1.104499907265439163e+01
1.010000000000000064e-01 1.115288104477881781e+01
1.020000000000000073e-01 1.126123758504979122e+01
1.030000000000000082e-01 1.137006857735437215e+01
1.040000000000000091e-01 1.147937386581897101e+01
1.049999999999999961e-01 1.158915325678690600e+01
1.059999999999999970e-01 1.169940652069636400e+01
1.069999999999999979e-01 1.181013339386407068e+01
1.079999999999999988e-01 1.192133358018011613e+01
1.089999999999999997e-01 1.203300675271890263e+01
1.100000000000000006e-01 1.214515255527069648e+01
1.110000000000000014e-01 1.225777060379841110e+01
1.120000000000000023e-01 1.237086048782353309e+01
1.130000000000000032e-01 1.248442177174496415e+01
1.140000000000000041e-01 1.259845399609461225e+01
1.150000000000000050e-01 1.271295667873285140e+01
1.160000000000000059e-01 1.282792931598730313e+01
1.170000000000000068e-01 1.294337138373758478e+01
1.180000000000000077e-01 1.305928233844922381e+01
1.190000000000000085e-01 1.317566161815906689e+01
1.199999999999999956e-01 1.329250864341487492e+01
1.209999999999999964e-01 1.340982281817139921e+01
1.219999999999999973e-01 1.352760353064504351e+01
1.229999999999999982e-01 1.364585015412930424e+01
1.239999999999999991e-01 1.376456204777320202e+01
1.250000000000000000e-01 1.388373855732384321e+01
1.260000000000000009e-01 1.400337901583575295e+01
1.270000000000000018e-01 1.412348274434798157e+01
1.280000000000000027e-01 1.424404905253087783e+01
1.290000000000000036e-01 1.436507723930390412e+01
1.300000000000000044e-01 1.448656659342584518e+01
1.310000000000000053e-01 1.460851639405885827e+01
1.320000000000000062e-01 1.473092591130757611e+01
1.330000000000000071e-01 1.485379440673434104e+01
1.340000000000000080e-01 1.497712113385183841e+01
1.350000000000000089e-01 1.510090533859411899e+01
1.360000000000000098e-01 1.522514625976705993e+01
1.370000000000000107e-01 1.534984312947920593e+01
1.380000000000000115e-01 1.547499517355378984e+01
1.390000000000000124e-01 1.560060161192305195e+01
1.400000000000000133e-01 1.572666165900533741e+01
1.410000000000000142e-01 1.585317452406614791e+01
1.420000000000000151e-01 1.598013941156342099e+01
1.430000000000000160e-01 1.610755552147817227e+01
1.440000000000000169e-01 1.623542204963079882e+01
1.449999999999999900e-01 1.636373818798406532e+01
1.459999999999999909e-01 1.649250312493298409e+01
1.469999999999999918e-01 1.662171604558227145e+01
1.479999999999999927e-01 1.675137613201230735e+01
1.489999999999999936e-01 1.688148256353335341e+01
1.499999999999999944e-01 1.701203451692940760e+01
1.509999999999999953e-01 1.714303116669131910e+01
1.519999999999999962e-01 1.727447168524028953e+01
1.529999999999999971e-01 1.740635524314181382e+01
1.539999999999999980e-01 1.753868100931043728e+01
1.549999999999999989e-01 1.767144815120619228e+01
1.559999999999999998e-01 1.780465583502217797e+01
1.570000000000000007e-01 1.793830322586473613e+01
1.580000000000000016e-01 1.807238948792566546e+01
1.590000000000000024e-01 1.820691378464724508e+01
1.600000000000000033e-01 1.834187527888022373e+01
1.610000000000000042e-01 1.847727313303514407e+01
1.620000000000000051e-01 1.861310650922727561e+01
1.630000000000000060e-01 1.874937456941528779e+01
1.640000000000000069e-01 1.888607647553401492e+01
1.650000000000000078e-01 1.902321138962171077e+01
1.660000000000000087e-01 1.916077847394168288e+01
1.670000000000000095e-01 1.929877689109888905e+01
1.680000000000000104e-01 1.943720580415128651e+01
1.690000000000000113e-01 1.957606437671675437e+01
1.700000000000000122e-01 1.971535177307497122e+01
1.710000000000000131e-01 1.985506715826528890e+01
1.720000000000000140e-01 1.999520969818009775e+01
1.730000000000000149e-01 2.013577855965416319e+01
1.740000000000000158e-01 2.027677291055020348e+01
1.750000000000000167e-01 2.041819191984045645e+01
1.759999999999999898e-01 2.056003475768498134e+01
1.769999999999999907e-01 2.070230059550608814e+01
1.779999999999999916e-01 2.084498860605986792e+01
1.789999999999999925e-01 2.098809796350412071e+01
1.799999999999999933e-01 2.113162784346363665e+01
1.809999999999999942e-01 2.127557742309210909e+01
1.819999999999999951e-01 2.141994588113154663e+01
1.829999999999999960e-01 2.156473239796881813e+01
1.839999999999999969e-01 2.170993615568946922e+01
1.849999999999999978e-01 2.185555633812932896e+01
1.859999999999999987e-01 2.200159213092344856e+01
1.869999999999999996e-01 2.214804272155275200e+01
1.880000000000000004e-01 2.229490729938846627e+01
1.890000000000000013e-01 2.244218505573459055e+01
1.900000000000000022e-01 2.258987518386798143e+01
1.910000000000000031e-01 2.273797687907663700e+01
1.920000000000000040e-01 2.288648933869610147e+01
1.930000000000000049e-01 2.303541176214394426e+01
1.940000000000000058e-01 2.318474335095252314e+01
1.950000000000000067e-01 2.333448330879994614e+01
1.960000000000000075e-01 2.348463084153965497e+01
1.970000000000000084e-01 2.363518515722812907e+01
1.980000000000000093e-01 2.378614546615129299e+01
1.990000000000000102e-01 2.393751098084937112e+01
2.000000000000000111e-01 2.408928091614037825e+01
2.010000000000000120e-01 2.424145448914220680e+01
2.020000000000000129e-01 2.439403091929362688e+01
2.030000000000000138e-01 2.454700942837373745e+01
2.040000000000000147e-01 2.470038924052041907e+01
2.050000000000000155e-01 2.485416958224756812e+01
2.060000000000000164e-01 2.500834968246139667e+01
2.070000000000000173e-01 2.516292877247522597e+01
2.080000000000000182e-01 2.531790608602379677e+01
2.089999999999999913e-01 2.547328085927626518e+01
2.099999999999999922e-01 2.562905233084823209e+01
2.109999999999999931e-01 2.578521974181312615e+01
2.119999999999999940e-01 2.594178233571240000e+01
2.129999999999999949e-01 2.609873935856503735e+01
2.139999999999999958e-01 2.625609005887628911e+01
2.149999999999999967e-01 2.641383368764553197e+01
2.159999999999999976e-01 2.657196949837345912e+01
2.169999999999999984e-01 2.673049674706836853e+01
2.179999999999999993e-01 2.688941469225206404e+01
2.190000000000000002e-01 2.704872259496481135e+01
2.200000000000000011e-01 2.720841971876981802e+01
2.210000000000000020e-01 2.736850532975694961e+01
2.220000000000000029e-01 2.752897869654597329e+01
2.230000000000000038e-01 2.768983909028933610e+01
2.240000000000000047e-01 2.785108578467398388e+01
2.250000000000000056e-01 2.801271805592313058e+01
2.260000000000000064e-01 2.817473518279727784e+01
2.270000000000000073e-01 2.833713644659468045e+01
2.280000000000000082e-01 2.849992113115161985e+01
2.290000000000000091e-01 2.866308852284183217e+01
2.300000000000000100e-01 2.882663791057600378e+01
2.310000000000000109e-01 2.899056858580030749e+01
2.320000000000000118e-01 2.915487984249499220e+01
2.330000000000000127e-01 2.931957097717233651e+01
2.340000000000000135e-01 2.948464128887429681e+01
2.350000000000000144e-01 2.965009007916981076e+01
2.360000000000000153e-01 2.981591665215191256e+01
2.370000000000000162e-01 2.998212031443413039e+01
2.380000000000000171e-01 3.014870037514700485e+01
2.390000000000000180e-01 3.031565614593402458e+01
2.399999999999999911e-01 3.048298694094751582e+01
2.409999999999999920e-01 3.065069207684394215e+01
2.419999999999999929e-01 3.081877087277926108e+01
2.429999999999999938e-01 3.098722265040378687e+01
2.439999999999999947e-01 3.115604673385699996e+01
2.449999999999999956e-01 3.132524244976198347e+01
2.459999999999999964e-01 3.149480912721973880e+01
2.469999999999999973e-01 3.166474609780321359e+01
2.479999999999999982e-01 3.183505269555124428e+01
2.489999999999999991e-01 3.200572825696199430e+01
2.500000000000000000e-01 3.217677212098684691e+01
2.510000000000000009e-01 3.234818362902326072e+01
2.520000000000000018e-01 3.251996212490826110e+01
2.530000000000000027e-01 3.269210695491123175e+01
2.540000000000000036e-01 3.286461746772686610e+01
2.550000000000000044e-01 3.303749301446770659e+01
2.560000000000000053e-01 3.321073294865689007e+01
2.570000000000000062e-01 3.338433662622035314e+01
2.580000000000000071e-01 3.355830340547930746e+01
2.590000000000000080e-01 3.373263264714228171e+01
2.600000000000000089e-01 3.390732371429725589e+01
2.610000000000000098e-01 3.408237597240356820e+01
2.620000000000000107e-01 3.425778878928382909e+01
2.630000000000000115e-01 3.443356153511557949e+01
2.640000000000000124e-01 3.460969358242315508e+01
2.650000000000000133e-01 3.478618430606891820e+01
2.660000000000000142e-01 3.496303308324512216e+01
2.670000000000000151e-01 3.514023929346514308e+01
2.680000000000000160e-01 3.531780231855481134e+01
2.690000000000000169e-01 3.549572154264382817e+01
2.700000000000000178e-01 3.567399635215690523e+01
2.710000000000000187e-01 3.585262613580484015e+01
2.720000000000000195e-01 3.603161028457579818e+01
2.730000000000000204e-01 3.621094819172628831e+01
2.740000000000000213e-01 3.639063925277215361e+01
2.750000000000000222e-01 3.657068286547946911e+01
2.760000000000000231e-01 3.675107842985569562e+01
2.770000000000000240e-01 3.693182534814031470e+01
2.780000000000000249e-01 3.711292302479582617e+01
2.790000000000000258e-01 3.729437086649846123e+01
2.800000000000000266e-01 3.747616828212908047e+01
2.810000000000000275e-01 3.765831468276392258e+01
2.820000000000000284e-01 3.784080948166528202e+01
2.830000000000000293e-01 3.802365209427234305e+01
2.840000000000000302e-01 3.820684193819162289e+01
2.850000000000000311e-01 3.839037843318806154e+01
2.860000000000000320e-01 3.857426100117543655e+01
2.870000000000000329e-01 3.875848906620699097e+01
2.880000000000000338e-01 3.894306205446626024e+01
2.889999999999999791e-01 3.912797939425770721e+01
2.899999999999999800e-01 3.931324051599709435e+01
2.909999999999999809e-01 3.949884485220260188e+01
2.919999999999999818e-01 3.968479183748509342e+01
2.929999999999999827e-01 3.987108090853880071e+01
2.939999999999999836e-01 4.005771150413217185e+01
2.949999999999999845e-01 4.024468306509837134e+01
2.959999999999999853e-01 4.043199503432596487e+01
2.969999999999999862e-01 4.061964685674955433e+01
2.979999999999999871e-01 4.080763797934051240e+01
2.989999999999999880e-01 4.099596785109768859e+01
2.999999999999999889e-01 4.118463592303807275e+01
3.009999999999999898e-01 4.137364164818740164e+01
3.019999999999999907e-01 4.156298448157102143e+01
3.029999999999999916e-01 4.175266388020479269e+01
3.039999999999999925e-01 4.194267930308527781e+01
3.049999999999999933e-01 4.213303021118115055e+01
3.059999999999999942e-01 4.232371606742373160e+01
3.069999999999999951e-01 4.251473633669763785e+01
3.079999999999999960e-01 4.270609048583199296e+01
3.089999999999999969e-01 4.289777798359104111e+01
3.099999999999999978e-01 4.308979830066487438e+01
3.109999999999999987e-01 4.328215090966070733e+01
3.119999999999999996e-01 4.347483528509370387e+01
3.130000000000000004e-01 4.366785090337769759e+01
3.140000000000000013e-01 4.386119724281640231e+01
3.150000000000000022e-01 4.405487378359444506e+01
3.160000000000000031e-01 4.424888000776823560e+01
3.170000000000000040e-01 4.444321539925722675e+01
3.180000000000000049e-01 4.463787944383474837e+01
3.190000000000000058e-01 4.483287162911939561e+01
3.200000000000000067e-01 4.502819144456605471e+01
3.210000000000000075e-01 4.522383838145713497e+01
3.220000000000000084e-01 4.541981193289374374e+01
3.230000000000000093e-01 4.561611159378696811e+01
3.240000000000000102e-01 4.581273686084908547e+01
3.250000000000000111e-01 4.600968723258502990e+01
3.260000000000000120e-01 4.620696220928361697e+01
3.270000000000000129e-01 4.640456129300886801e+01
3.280000000000000138e-01 4.660248398759163280e+01
3.290000000000000147e-01 4.680072979862088545e+01
3.300000000000000155e-01 4.699929823343510549e+01
3.310000000000000164e-01 4.719818880111419190e+01
3.320000000000000173e-01 4.739740101247041792e+01
3.330000000000000182e-01 4.759693438004062216e+01
3.340000000000000191e-01 4.779678841807758261e+01
3.350000000000000200e-01 4.799696264254141909e+01
3.360000000000000209e-01 4.819745657109166359e+01
3.370000000000000218e-01 4.839826972307898956e+01
3.380000000000000226e-01 4.859940161953662141e+01
3.390000000000000235e-01 4.880085178317258254e+01
3.400000000000000244e-01 4.900261973836121854e+01
3.410000000000000253e-01 4.920470501113517514e+01
3.420000000000000262e-01 4.940710712917748282e+01
3.430000000000000271e-01 4.960982562181320077e+01
3.440000000000000280e-01 4.981286002000162227e+01
3.450000000000000289e-01 5.001620985632839478e+01
3.460000000000000298e-01 5.021987466499730601e+01
3.470000000000000306e-01 5.042385398182253908e+01
3.480000000000000315e-01 5.062814734422083518e+01
3.490000000000000324e-01 5.083275429120377709e+01
3.500000000000000333e-01 5.103767436336975294e+01
3.510000000000000342e-01 5.124290710289650974e+01
3.519999999999999796e-01 5.144845205353313133e+01
3.529999999999999805e-01 5.165430876059263454e+01
3.539999999999999813e-01 5.186047677094430952e+01
3.549999999999999822e-01 5.206695563300593932e+01
3.559999999999999831e-01 5.227374489673650970e+01
3.569999999999999840e-01 5.248084411362857793e+01
3.579999999999999849e-01 5.268825283670062021e+01
3.589999999999999858e-01 5.289597062049008258e+01
3.599999999999999867e-01 5.310399702104550101e+01
3.609999999999999876e-01 5.331233159591926096e+01
3.619999999999999885e-01 5.352097390416044931e+01
3.629999999999999893e-01 5.372992350630747893e+01
3.639999999999999902e-01 5.393917996438072038e+01
3.649999999999999911e-01 5.414874284187558118e+01
3.659999999999999920e-01 5.435861170375502383e+01
3.669999999999999929e-01 5.456878611644252430e+01
3.679999999999999938e-01 5.477926564781532903e+01
3.689999999999999947e-01 5.499004986719671706e+01
3.699999999999999956e-01 5.520113834534966202e+01
3.709999999999999964e-01 5.541253065446941406e+01
3.719999999999999973e-01 5.562422636817679233e+01
3.729999999999999982e-01 5.583622506151110798e+01
3.739999999999999991e-01 5.604852631092356319e+01
3.750000000000000000e-01 5.626112969426988997e+01
3.760000000000000009e-01 5.647403479080436739e+01
3.770000000000000018e-01 5.668724118117234667e+01
3.780000000000000027e-01 5.690074844740374260e+01
3.790000000000000036e-01 5.711455617290656050e+01
3.800000000000000044e-01 5.732866394246001107e+01
3.810000000000000053e-01 5.754307134220800179e+01
3.820000000000000062e-01 5.775777795965256445e+01
3.830000000000000071e-01 5.797278338364733941e+01
3.840000000000000080e-01 5.818808720439086812e+01
3.850000000000000089e-01 5.840368901342056773e+01
3.860000000000000098e-01 5.861958840360580325e+01
3.870000000000000107e-01 5.883578496914179823e+01
3.880000000000000115e-01 5.905227830554328250e+01
3.890000000000000124e-01 5.926906800963793387e+01
3.900000000000000133e-01 5.948615367956043798e+01
3.910000000000000142e-01 5.970353491474590157e+01
3.920000000000000151e-01 5.992121131592377736e+01
3.930000000000000160e-01 6.013918248511177467e+01
3.940000000000000169e-01 6.035744802560960665e+01
3.950000000000000178e-01 6.057600754199295068e+01
3.960000000000000187e-01 6.079486064010709612e+01
3.970000000000000195e-01 6.101400692706135942e+01
3.980000000000000204e-01 6.123344601122267505e+01
3.990000000000000213e-01 6.145317750220988984e+01
4.000000000000000222e-01 6.167320101088765227e+01
4.010000000000000231e-01 6.189351614936047952e+01
4.020000000000000240e-01 6.211412253096720093e+01
4.030000000000000249e-01 6.233501977027455609e+01
4.040000000000000258e-01 6.255620748307200074e+01
4.050000000000000266e-01 6.277768528636542555e+01
4.060000000000000275e-01 6.299945279837174184e+01
4.070000000000000284e-01 6.322150963851299821e+01
4.080000000000000293e-01 6.344385542741071049e+01
4.090000000000000302e-01 6.366648978688043314e+01
4.100000000000000311e-01 6.388941233992573387e+01
4.110000000000000320e-01 6.411262271073309194e+01
4.120000000000000329e-01 6.433612052466594378e+01
4.130000000000000338e-01 6.455990540825929713e+01
4.140000000000000346e-01 6.478397698921443748e+01
4.150000000000000355e-01 6.500833489639313711e+01
4.160000000000000364e-01 6.523297875981253924e+01
4.169999999999999818e-01 6.545790821063955889e+01
4.179999999999999827e-01 6.568312288118548281e+01
4.189999999999999836e-01 6.590862240490089619e+01
4.199999999999999845e-01 6.613440641637025408e+01
4.209999999999999853e-01 6.636047455130645290e+01
4.219999999999999862e-01 6.658682644654570026e+01
4.229999999999999871e-01 6.681346174004241334e+01
4.239999999999999880e-01 6.704038007086388973e+01
4.249999999999999889e-01 6.726758107918519158e+01
4.259999999999999898e-01 6.749506440628414339e+01
4.269999999999999907e-01 6.772282969453588919e+01
4.279999999999999916e-01 6.795087658740845882e+01
4.289999999999999925e-01 6.817920472945698407e+01
4.299999999999999933e-01 6.840781376631915123e+01
4.309999999999999942e-01 6.863670334471017043e+01
4.319999999999999951e-01 6.886587311241781606e+01
4.329999999999999960e-01 6.909532271829741035e+01
4.339999999999999969e-01 6.932505181226687796e+01
4.349999999999999978e-01 6.955506004530225539e+01
4.359999999999999987e-01 6.978534706943229082e+01
4.369999999999999996e-01 7.001591253773413825e+01
4.380000000000000004e-01 7.024675610432827000e+01
4.390000000000000013e-01 7.047787742437381553e+01
4.400000000000000022e-01 7.070927615406399980e+01
4.410000000000000031e-01 7.094095195062094206e+01
4.420000000000000040e-01 7.117290447229164840e+01
4.430000000000000049e-01 7.140513337834285323e+01
4.440000000000000058e-01 7.163763832905657125e+01
4.450000000000000067e-01 7.187041898572566367e+01
4.460000000000000075e-01 7.210347501064887865e+01
4.470000000000000084e-01 7.233680606712681538e+01
4.480000000000000093e-01 7.257041181945683661e+01
4.490000000000000102e-01 7.280429193292911805e+01
4.500000000000000111e-01 7.303844607382181664e+01
4.510000000000000120e-01 7.327287390939686418e+01
4.520000000000000129e-01 7.350757510789523508e+01
4.530000000000000138e-01 7.374254933853299576e+01
4.540000000000000147e-01 7.397779627149650139e+01
4.550000000000000155e-01 7.421331557793854472e+01
4.560000000000000164e-01 7.444910692997341073e+01
4.570000000000000173e-01 7.468517000067315337e+01
4.580000000000000182e-01 7.492150446406307651e+01
4.590000000000000191e-01 7.515810999511749912e+01
4.600000000000000200e-01 7.539498626975554885e+01
4.610000000000000209e-01 7.563213296483695558e+01
4.620000000000000218e-01 7.586954975815797297e+01
4.630000000000000226e-01 7.610723632844714359e+01
4.640000000000000235e-01 7.634519235536119197e+01
4.650000000000000244e-01 7.658341751948080400e+01
4.660000000000000253e-01 7.682191150230691790e+01
4.670000000000000262e-01 7.706067398625617670e+01
4.680000000000000271e-01 7.729970465465729035e+01
4.690000000000000280e-01 7.753900319174680078e+01
4.700000000000000289e-01 7.777856928266515979e+01
4.710000000000000298e-01 7.801840261345296312e+01
4.720000000000000306e-01 7.825850287104654512e+01
4.730000000000000315e-01 7.849886974327461076e+01
4.740000000000000324e-01 7.873950291885380182e+01
4.750000000000000333e-01 7.898040208738528634e+01
4.760000000000000342e-01 7.922156693935066585e+01
4.770000000000000351e-01 7.946299716610805319e+01
4.780000000000000360e-01 7.970469245988851981e+01
4.790000000000000369e-01 7.994665251379223037e+01
4.799999999999999822e-01 8.018887702178435006e+01
4.809999999999999831e-01 8.043136567869193243e+01
4.819999999999999840e-01 8.067411818019958503e+01
4.829999999999999849e-01 8.091713422284600199e+01
4.839999999999999858e-01 8.116041350402041132e+01
4.849999999999999867e-01 8.140395572195876639e+01
4.859999999999999876e-01 8.164776057573989476e+01
4.869999999999999885e-01 8.189182776528245711e+01
4.879999999999999893e-01 8.213615699134081183e+01
4.889999999999999902e-01 8.238074795550149076e+01
4.899999999999999911e-01 8.262560036017987386e+01
4.909999999999999920e-01 8.287071390861657960e+01
4.919999999999999929e-01 8.311608830487375599e+01
4.929999999999999938e-01 8.336172325383181203e+01
4.939999999999999947e-01 8.360761846118570872e+01
4.949999999999999956e-01 8.385377363344176160e+01
4.959999999999999964e-01 8.410018847791387486e+01
4.969999999999999973e-01 8.434686270272040076e+01
4.979999999999999982e-01 8.459379601678051586e+01
4.989999999999999991e-01 8.484098812981108040e+01
5.000000000000000000e-01 8.508843875232277298e+01
5.010000000000000009e-01 8.533614759561756102e+01
5.020000000000000018e-01 8.558411437178453696e+01
5.030000000000000027e-01 8.583233879369701924e+01
5.040000000000000036e-01 8.608082057500918438e+01
5.050000000000000044e-01 8.632955943015285527e+01
5.060000000000000053e-01 8.657855507433394848e+01
5.070000000000000062e-01 8.682780722352985947e+01
5.080000000000000071e-01 8.707731559448538405e+01
5.090000000000000080e-01 8.732707990471013204e+01
5.100000000000000089e-01 8.757709987247534400e+01
5.110000000000000098e-01 8.782737521681026749e+01
5.120000000000000107e-01 8.807790565749927225e+01
5.130000000000000115e-01 8.832869091507890857e+01
5.140000000000000124e-01 8.857973071083436878e+01
5.150000000000000133e-01 8.883102476679670190e+01
5.160000000000000142e-01 8.908257280573951675e+01
5.170000000000000151e-01 8.933437455117616821e+01
5.180000000000000160e-01 8.958642972735634658e+01
5.190000000000000169e-01 8.983873805926342015e+01
5.200000000000000178e-01 9.009129927261106729e+01
5.210000000000000187e-01 9.034411309384059052e+01
5.220000000000000195e-01 9.059717925011761963e+01
5.230000000000000204e-01 9.085049746932929793e+01
5.240000000000000213e-01 9.110406748008146849e+01
5.250000000000000222e-01 9.135788901169546250e+01
5.260000000000000231e-01 9.161196179420511498e+01
5.270000000000000240e-01 9.186628555835442000e+01
5.280000000000000249e-01 9.212086003559400638e+01
5.290000000000000258e-01 9.237568495807838076e+01
5.300000000000000266e-01 9.263076005866329865e+01
5.310000000000000275e-01 9.288608507090309274e+01
5.320000000000000284e-01 9.314165972904694968e+01
5.330000000000000293e-01 9.339748376803719054e+01
5.340000000000000302e-01 9.365355692350568972e+01
5.350000000000000311e-01 9.390987893177138801e+01
5.360000000000000320e-01 9.416644952983779149e+01
5.370000000000000329e-01 9.442326845538946145e+01
5.380000000000000338e-01 9.468033544679005331e+01
5.390000000000000346e-01 9.493765024307911915e+01
5.400000000000000355e-01 9.519521258396946450e+01
5.410000000000000364e-01 9.545302220984471830e+01
5.420000000000000373e-01 9.571107886175637702e+01
5.430000000000000382e-01 9.596938228142099092e+01
5.440000000000000391e-01 9.622793221121803242e+01
5.450000000000000400e-01 9.648672839418675551e+01
5.460000000000000409e-01 9.674577057402382252e+01
5.470000000000000417e-01 9.700505849508053302e+01
5.480000000000000426e-01 9.726459190236035113e+01
5.490000000000000435e-01 9.752437054151624807e+01
5.500000000000000444e-01 9.778439415884815844e+01
5.510000000000000453e-01 9.804466250130045069e+01
5.520000000000000462e-01 9.830517531645918439e+01
5.530000000000000471e-01 9.856593235254999286e+01
5.540000000000000480e-01 9.882693335843508464e+01
5.550000000000000488e-01 9.908817808361091295e+01
5.560000000000000497e-01 9.934966627820587348e+01
5.570000000000000506e-01 9.961139769297760438e+01
5.580000000000000515e-01 9.987337207931057037e+01
5.590000000000000524e-01 1.001355891892136043e+02
5.600000000000000533e-01 1.003980487753173492e+02
5.610000000000000542e-01 1.006607505908722686e+02
5.620000000000000551e-01 1.009236943897456200e+02
5.630000000000000560e-01 1.011868799264195218e+02
5.640000000000000568e-01 1.014503069559880970e+02
5.650000000000000577e-01 1.017139752341557113e+02
5.660000000000000586e-01 1.019778845172342017e+02
5.670000000000000595e-01 1.022420345621402475e+02
5.680000000000000604e-01 1.025064251263938644e+02
5.690000000000000613e-01 1.027710559681151068e+02
5.700000000000000622e-01 1.030359268460224911e+02
5.710000000000000631e-01 1.033010375194304231e+02
5.720000000000000639e-01 1.035663877482467683e+02
5.730000000000000648e-01 1.038319772929705778e+02
5.740000000000000657e-01 1.040978059146901700e+02
5.750000000000000666e-01 1.043638733750805301e+02
5.760000000000000675e-01 1.046301794364010505e+02
5.769999999999999574e-01 1.048967238614934701e+02
5.779999999999999583e-01 1.051635064137796576e+02
5.789999999999999591e-01 1.054305268572589682e+02
5.799999999999999600e-01 1.056977849565070215e+02
5.809999999999999609e-01 1.059652804766720493e+02
5.819999999999999618e-01 1.062330131834742701e+02
5.829999999999999627e-01 1.065009828432024364e+02
5.839999999999999636e-01 1.067691892227126118e+02
5.849999999999999645e-01 1.070376320894252302e+02
5.859999999999999654e-01 1.073063112113236883e+02
5.869999999999999662e-01 1.075752263569517737e+02
5.879999999999999671e-01 1.078443772954115616e+02
5.889999999999999680e-01 1.081137637963615532e+02
5.899999999999999689e-01 1.083833856300143879e+02
5.909999999999999698e-01 1.086532425671345692e+02
5.919999999999999707e-01 1.089233343790370299e+02
5.929999999999999716e-01 1.091936608375843747e+02
5.939999999999999725e-01 1.094642217151852606e+02
5.949999999999999734e-01 1.097350167847919238e+02
5.959999999999999742e-01 1.100060458198988727e+02
5.969999999999999751e-01 1.102773085945400879e+02
5.979999999999999760e-01 1.105488048832872892e+02
5.989999999999999769e-01 1.108205344612483287e+02
5.999999999999999778e-01 1.110924971040645488e+02
6.009999999999999787e-01 1.113646925879091185e+02
6.019999999999999796e-01 1.116371206894853287e+02
6.029999999999999805e-01 1.119097811860240057e+02
6.039999999999999813e-01 1.121826738552818341e+02
6.049999999999999822e-01 1.124557984755400355e+02
6.059999999999999831e-01 1.127291548256012419e+02
6.069999999999999840e-01 1.130027426847884442e+02
6.079999999999999849e-01 1.132765618329429600e+02
6.089999999999999858e-01 1.135506120504223020e+02
6.099999999999999867e-01 1.138248931180981032e+02
6.109999999999999876e-01 1.140994048173550937e+02
6.119999999999999885e-01 1.143741469300882017e+02
6.129999999999999893e-01 1.146491192387008340e+02
6.139999999999999902e-01 1.149243215261042508e+02
6.149999999999999911e-01 1.151997535757139275e+02
6.159999999999999920e-01 1.154754151714486738e+02
6.169999999999999929e-01 1.157513060977290849e+02
6.179999999999999938e-01 1.160274261394748265e+02
6.189999999999999947e-01 1.163037750821035985e+02
6.199999999999999956e-01 1.165803527115288887e+02
6.209999999999999964e-01 1.168571588141584812e+02
6.219999999999999973e-01 1.171341931768921825e+02
6.229999999999999982e-01 1.174114555871207841e+02
6.239999999999999991e-01 1.176889458327236042e+02
6.250000000000000000e-01 1.179666637020669384e+02
6.260000000000000009e-01 1.182446089840026531e+02
6.270000000000000018e-01 1.185227814678659115e+02
6.280000000000000027e-01 1.188011809434736108e+02
6.290000000000000036e-01 1.190798072011230033e+02
6.300000000000000044e-01 1.193586600315892809e+02
6.310000000000000053e-01 1.196377392261247650e+02
6.320000000000000062e-01 1.199170445764562061e+02
6.330000000000000071e-01 1.201965758747839743e+02
6.340000000000000080e-01 1.204763329137798422e+02
6.350000000000000089e-01 1.207563154865851800e+02
6.360000000000000098e-01 1.210365233868101598e+02
6.370000000000000107e-01 1.213169564085308707e+02
6.380000000000000115e-01 1.215976143462885943e+02
6.390000000000000124e-01 1.218784969950878008e+02
6.400000000000000133e-01 1.221596041503944718e+02
6.410000000000000142e-01 1.224409356081346232e+02
6.420000000000000151e-01 1.227224911646925705e+02
6.430000000000000160e-01 1.230042706169093378e+02
6.440000000000000169e-01 1.232862737620809526e+02
6.450000000000000178e-01 1.235685003979572230e+02
6.460000000000000187e-01 1.238509503227395783e+02
6.470000000000000195e-01 1.241336233350797329e+02
6.480000000000000204e-01 1.244165192340784358e+02
6.490000000000000213e-01 1.246996378192834953e+02
6.500000000000000222e-01 1.249829788906880736e+02
6.510000000000000231e-01 1.252665422487298628e+02
6.520000000000000240e-01 1.255503276942886401e+02
6.530000000000000249e-01 1.258343350286852029e+02
6.540000000000000258e-01 1.261185640536799610e+02
6.550000000000000266e-01 1.264030145714711182e+02
6.560000000000000275e-01 1.266876863846930803e+02
6.570000000000000284e-01 1.269725792964154465e+02
6.580000000000000293e-01 1.272576931101409627e+02
6.590000000000000302e-01 1.275430276298042003e+02
6.600000000000000311e-01 1.278285826597701913e+02
6.610000000000000320e-01 1.281143580048328090e+02
6.620000000000000329e-01 1.284003534702133038e+02
6.630000000000000338e-01 1.286865688615589818e+02
6.640000000000000346e-01 1.289730039849413856e+02
6.650000000000000355e-01 1.292596586468552005e+02
6.660000000000000364e-01 1.295465326542166054e+02
6.670000000000000373e-01 1.298336258143620512e+02
6.680000000000000382e-01 1.301209379350464985e+02
6.690000000000000391e-01 1.304084688244420249e+02
6.700000000000000400e-01 1.306962182911368302e+02
6.710000000000000409e-01 1.309841861441333322e+02
6.720000000000000417e-01 1.312723721928468024e+02
6.730000000000000426e-01 1.315607762471045135e+02
6.740000000000000435e-01 1.318493981171433802e+02
6.750000000000000444e-01 1.321382376136095047e+02
6.760000000000000453e-01 1.324272945475561869e+02
6.770000000000000462e-01 1.327165687304427877e+02
6.780000000000000471e-01 1.330060599741334784e+02
6.790000000000000480e-01 1.332957680908953364e+02
6.800000000000000488e-01 1.335856928933978622e+02
6.810000000000000497e-01 1.338758341947105350e+02
6.820000000000000506e-01 1.341661918083026990e+02
6.830000000000000515e-01 1.344567655480410338e+02
6.840000000000000524e-01 1.347475552281889861e+02
6.850000000000000533e-01 1.350385606634052067e+02
6.860000000000000542e-01 1.353297816687421573e+02
6.870000000000000551e-01 1.356212180596448889e+02
6.880000000000000560e-01 1.359128696519499329e+02
6.890000000000000568e-01 1.362047362618833404e+02
6.900000000000000577e-01 1.364968177060599714e+02
6.910000000000000586e-01 1.367891138014822445e+02
6.920000000000000595e-01 1.370816243655385449e+02
6.930000000000000604e-01 1.373743492160016899e+02
6.940000000000000613e-01 1.376672881710285310e+02
6.950000000000000622e-01 1.379604410491578506e+02
6.960000000000000631e-01 1.382538076693093387e+02
6.970000000000000639e-01 1.385473878507825702e+02
6.980000000000000648e-01 1.388411814132553843e+02
6.990000000000000657e-01 1.391351881767831458e+02
7.000000000000000666e-01 1.394294079617967270e+02
7.010000000000000675e-01 1.397238405891020818e+02
7.020000000000000684e-01 1.400184858798783125e+02
7.030000000000000693e-01 1.403133436556772722e+02
7.039999999999999591e-01 1.406084137384213477e+02
7.049999999999999600e-01 1.409036959504029483e+02
7.059999999999999609e-01 1.411991901142831409e+02
7.069999999999999618e-01 1.414948960530903719e+02
7.079999999999999627e-01 1.417908135902193294e+02
7.089999999999999636e-01 1.420869425494294092e+02
7.099999999999999645e-01 1.423832827548443731e+02
7.109999999999999654e-01 1.426798340309501043e+02
7.119999999999999662e-01 1.429765962025942088e+02
7.129999999999999671e-01 1.432735690949845662e+02
7.139999999999999680e-01 1.435707525336881076e+02
7.149999999999999689e-01 1.438681463446297357e+02
7.159999999999999698e-01 1.441657503540909886e+02
7.169999999999999707e-01 1.444635643887094432e+02
7.179999999999999716e-01 1.447615882754768108e+02
7.189999999999999725e-01 1.450598218417382270e+02
7.199999999999999734e-01 1.453582649151911141e+02
7.209999999999999742e-01 1.456569173238837891e+02
7.219999999999999751e-01 1.459557788962148095e+02
7.229999999999999760e-01 1.462548494609313536e+02
7.239999999999999769e-01 1.465541288471283110e+02
7.249999999999999778e-01 1.468536168842472023e+02
7.259999999999999787e-01 1.471533134020749571e+02
7.269999999999999796e-01 1.474532182307430617e+02
7.279999999999999805e-01 1.477533312007260804e+02
7.289999999999999813e-01 1.480536521428408889e+02
7.299999999999999822e-01 1.483541808882453950e+02
7.309999999999999831e-01 1.486549172684375151e+02
7.319999999999999840e-01 1.489558611152540379e+02
7.329999999999999849e-01 1.492570122608697716e+02
7.339999999999999858e-01 1.495583705377961223e+02
7.349999999999999867e-01 1.498599357788805264e+02
7.359999999999999876e-01 1.501617078173045172e+02
7.369999999999999885e-01 1.504636864865837822e+02
7.379999999999999893e-01 1.507658716205660880e+02
7.389999999999999902e-01 1.510682630534311386e+02
7.399999999999999911e-01 1.513708606196885285e+02
7.409999999999999920e-01 1.516736641541780273e+02
7.419999999999999929e-01 1.519766734920669933e+02
7.429999999999999938e-01 1.522798884688505723e+02
7.439999999999999947e-01 1.525833089203501629e+02
7.449999999999999956e-01 1.528869346827123934e+02
7.459999999999999964e-01 1.531907655924081837e+02
7.469999999999999973e-01 1.534948014862318075e+02
7.479999999999999982e-01 1.537990422012995282e+02
7.489999999999999991e-01 1.541034875750490585e+02
7.500000000000000000e-01 1.544081374452384807e+02
7.510000000000000009e-01 1.547129916499449962e+02
7.520000000000000018e-01 1.550180500275639019e+02
7.530000000000000027e-01 1.553233124168079655e+02
7.540000000000000036e-01 1.556287786567062881e+02
7.550000000000000044e-01 1.559344485866029402e+02
7.560000000000000053e-01 1.562403220461567912e+02
7.570000000000000062e-01 1.565463988753397189e+02
7.580000000000000071e-01 1.568526789144362681e+02
7.590000000000000080e-01 1.571591620040419457e+02
7.600000000000000089e-01 1.574658479850634762e+02
7.610000000000000098e-01 1.577727366987162156e+02
7.620000000000000107e-01 1.580798279865248901e+02
7.630000000000000115e-01 1.583871216903212940e+02
7.640000000000000124e-01 1.586946176522440624e+02
7.650000000000000133e-01 1.590023157147376764e+02
7.660000000000000142e-01 1.593102157205514118e+02
7.670000000000000151e-01 1.596183175127379741e+02
7.680000000000000160e-01 1.599266209346536129e+02
7.690000000000000169e-01 1.602351258299562744e+02
7.700000000000000178e-01 1.605438320426050609e+02
7.710000000000000187e-01 1.608527394168590661e+02
7.720000000000000195e-01 1.611618477972770620e+02
7.730000000000000204e-01 1.614711570287157372e+02
7.740000000000000213e-01 1.617806669563294690e+02
7.750000000000000222e-01 1.620903774255692724e+02
7.760000000000000231e-01 1.624002882821814637e+02
7.770000000000000240e-01 1.627103993722073199e+02
7.780000000000000249e-01 1.630207105419821687e+02
7.790000000000000258e-01 1.633312216381341955e+02
7.800000000000000266e-01 1.636419325075830784e+02
7.810000000000000275e-01 1.639528429975409267e+02
7.820000000000000284e-01 1.642639529555091258e+02
7.830000000000000293e-01 1.645752622292789056e+02
7.840000000000000302e-01 1.648867706669303743e+02
7.850000000000000311e-01 1.651984781168308132e+02
7.860000000000000320e-01 1.655103844276348184e+02
7.870000000000000329e-01 1.658224894482828518e+02
7.880000000000000338e-01 1.661347930280004448e+02
7.890000000000000346e-01 1.664472950162975451e+02
7.900000000000000355e-01 1.667599952629676636e+02
7.910000000000000364e-01 1.670728936180865958e+02
7.920000000000000373e-01 1.673859899320122793e+02
7.930000000000000382e-01 1.676992840553833162e+02
7.940000000000000391e-01 1.680127758391186319e+02
7.950000000000000400e-01 1.683264651344161393e+02
7.960000000000000409e-01 1.686403517927525968e+02
7.970000000000000417e-01 1.689544356658820163e+02
7.980000000000000426e-01 1.692687166058352659e+02
7.990000000000000435e-01 1.695831944649193588e+02
8.000000000000000444e-01 1.698978690957164872e+02
8.010000000000000453e-01 1.702127403510828572e+02
8.020000000000000462e-01 1.705278080841487167e+02
8.030000000000000471e-01 1.708430721483167360e+02
8.040000000000000480e-01 1.711585323972616095e+02
8.050000000000000488e-01 1.714741886849291461e+02
8.060000000000000497e-01 1.717900408655355307e+02
8.070000000000000506e-01 1.721060887935664709e+02
8.080000000000000515e-01 1.724223323237764305e+02
8.090000000000000524e-01 1.727387713111880316e+02
8.100000000000000533e-01 1.730554056110909471e+02
8.110000000000000542e-01 1.733722350790412179e+02
8.120000000000000551e-01 1.736892595708606848e+02
8.130000000000000560e-01 1.740064789426359937e+02
8.140000000000000568e-01 1.743238930507177713e+02
8.150000000000000577e-01 1.746415017517201989e+02
8.160000000000000586e-01 1.749593049025198468e+02
8.170000000000000595e-01 1.752773023602552769e+02
8.180000000000000604e-01 1.755954939823258769e+02
8.190000000000000613e-01 1.759138796263914628e+02
8.200000000000000622e-01 1.762324591503713691e+02
8.210000000000000631e-01 1.765512324124439942e+02
8.220000000000000639e-01 1.768701992710452373e+02
8.230000000000000648e-01 1.771893595848686402e+02
8.240000000000000657e-01 1.775087132128645351e+02
8.250000000000000666e-01 1.778282600142385093e+02
8.260000000000000675e-01 1.781479998484516898e+02
8.270000000000000684e-01 1.784679325752194927e+02
8.280000000000000693e-01 1.787880580545108273e+02
8.290000000000000702e-01 1.791083761465476130e+02
8.300000000000000711e-01 1.794288867118039832e+02
8.310000000000000719e-01 1.797495896110054332e+02
8.320000000000000728e-01 1.800704847051283082e+02
8.329999999999999627e-01 1.803915718553989507e+02
8.339999999999999636e-01 1.807128509232930469e+02
8.349999999999999645e-01 1.810343217705347172e+02
8.359999999999999654e-01 1.813559842590963171e+02
8.369999999999999662e-01 1.816778382511970449e+02
8.379999999999999671e-01 1.819998836093028274e+02
8.389999999999999680e-01 1.823221201961254678e+02
8.399999999999999689e-01 1.826445478746217077e+02
8.409999999999999698e-01 1.829671665079925162e+02
8.419999999999999707e-01 1.832899759596832041e+02
8.429999999999999716e-01 1.836129760933813770e+02
8.439999999999999725e-01 1.839361667730173622e+02
8.449999999999999734e-01 1.842595478627634691e+02
8.459999999999999742e-01 1.845831192270322845e+02
8.469999999999999751e-01 1.849068807304772406e+02
8.479999999999999760e-01 1.852308322379912511e+02
8.489999999999999769e-01 1.855549736147061424e+02
8.499999999999999778e-01 1.858793047259920854e+02
8.509999999999999787e-01 1.862038254374569703e+02
8.519999999999999796e-01 1.865285356149452980e+02
8.529999999999999805e-01 1.868534351245384926e+02
8.539999999999999813e-01 1.871785238325528553e+02
8.549999999999999822e-01 1.875038016055403887e+02
8.559999999999999831e-01 1.878292683102870626e+02
8.569999999999999840e-01 1.881549238138123599e+02
8.579999999999999849e-01 1.884807679833692475e+02
8.589999999999999858e-01 1.888068006864428980e+02
8.599999999999999867e-01 1.891330217907498081e+02
8.609999999999999876e-01 1.894594311642382252e+02
8.619999999999999885e-01 1.897860286750864702e+02
8.629999999999999893e-01 1.901128141917026824e+02
8.639999999999999902e-01 1.904397875827243922e+02
8.649999999999999911e-01 1.907669487170175842e+02
8.659999999999999920e-01 1.910942974636759573e+02
8.669999999999999929e-01 1.914218336920209254e+02
8.679999999999999938e-01 1.917495572716001675e+02
8.689999999999999947e-01 1.920774680721875143e+02
8.699999999999999956e-01 1.924055659637825499e+02
8.709999999999999964e-01 1.927338508166091628e+02
8.719999999999999973e-01 1.930623225011156876e+02
8.729999999999999982e-01 1.933909808879742798e+02
8.739999999999999991e-01 1.937198258480795801e+02
8.750000000000000000e-01 1.940488572525487143e+02
8.760000000000000009e-01 1.943780749727208104e+02
8.770000000000000018e-01 1.947074788801560885e+02
8.780000000000000027e-01 1.950370688466350089e+02
8.790000000000000036e-01 1.953668447441582714e+02
8.800000000000000044e-01 1.956968064449457927e+02
8.810000000000000053e-01 1.960269538214362228e+02
8.820000000000000062e-01 1.963572867462864053e+02
8.830000000000000071e-01 1.966878050923709509e+02
8.840000000000000080e-01 1.970185087327809299e+02
8.850000000000000089e-01 1.973493975408244410e+02
8.860000000000000098e-01 1.976804713900248203e+02
8.870000000000000107e-01 1.980117301541209827e+02
8.880000000000000115e-01 1.983431737070663416e+02
8.890000000000000124e-01 1.986748019230285252e+02
8.900000000000000133e-01 1.990066146763884092e+02
8.910000000000000142e-01 1.993386118417399757e+02
8.920000000000000151e-01 1.996707932938892611e+02
8.930000000000000160e-01 2.000031589078545267e+02
8.940000000000000169e-01 2.003357085588647237e+02
8.950000000000000178e-01 2.006684421223600339e+02
8.960000000000000187e-01 2.010013594739900498e+02
8.970000000000000195e-01 2.013344604896142869e+02
8.980000000000000204e-01 2.016677450453013023e+02
8.990000000000000213e-01 2.020012130173277285e+02
9.000000000000000222e-01 2.023348642821780743e+02
9.010000000000000231e-01 2.026686987165444407e+02
9.020000000000000240e-01 2.030027161973254124e+02
9.030000000000000249e-01 2.033369166016256315e+02
9.040000000000000258e-01 2.036712998067556839e+02
9.050000000000000266e-01 2.040058656902310474e+02
9.060000000000000275e-01 2.043406141297718648e+02
9.070000000000000284e-01 2.046755450033022612e+02
9.080000000000000293e-01 2.050106581889495772e+02
9.090000000000000302e-01 2.053459535650444252e+02
9.100000000000000311e-01 2.056814310101196668e+02
9.110000000000000320e-01 2.060170904029101848e+02
9.120000000000000329e-01 2.063529316223516616e+02
9.130000000000000338e-01 2.066889545475812895e+02
9.140000000000000346e-01 2.070251590579358094e+02
9.150000000000000355e-01 2.073615450329524208e+02
9.160000000000000364e-01 2.076981123523670476e+02
9.170000000000000373e-01 2.080348608961145089e+02
9.180000000000000382e-01 2.083717905443275811e+02
9.190000000000000391e-01 2.087089011773369975e+02
9.200000000000000400e-01 2.090461926756705111e+02
9.210000000000000409e-01 2.093836649200523823e+02
9.220000000000000417e-01 2.097213177914030382e+02
9.230000000000000426e-01 2.100591511708385610e+02
9.240000000000000435e-01 2.103971649396700911e+02
9.250000000000000444e-01 2.107353589794033724e+02
9.260000000000000453e-01 2.110737331717382972e+02
9.270000000000000462e-01 2.114122873985682247e+02
9.280000000000000471e-01 2.117510215419794122e+02
9.290000000000000480e-01 2.120899354842509581e+02
9.300000000000000488e-01 2.124290291078538928e+02
9.310000000000000497e-01 2.127683022954509227e+02
9.320000000000000506e-01 2.131077549298956910e+02
9.330000000000000515e-01 2.134473868942326931e+02
9.340000000000000524e-01 2.137871980716960820e+02
9.350000000000000533e-01 2.141271883457098681e+02
9.360000000000000542e-01 2.144673575998873787e+02
9.370000000000000551e-01 2.148077057180299505e+02
9.380000000000000560e-01 2.151482325841279248e+02
9.390000000000000568e-01 2.154889380823584588e+02
9.400000000000000577e-01 2.158298220970865202e+02
9.410000000000000586e-01 2.161708845128632106e+02
9.420000000000000595e-01 2.165121252144263337e+02
9.430000000000000604e-01 2.168535440866992587e+02
9.440000000000000613e-01 2.171951410147905790e+02
9.450000000000000622e-01 2.175369158839936006e+02
9.460000000000000631e-01 2.178788685797861717e+02
9.470000000000000639e-01 2.182209989878299154e+02
9.480000000000000648e-01 2.185633069939694337e+02
9.490000000000000657e-01 2.189057924842332739e+02
9.500000000000000666e-01 2.192484553448310862e+02
9.510000000000000675e-01 2.195912954621556139e+02
9.520000000000000684e-01 2.199343127227806463e+02
9.530000000000000693e-01 2.202775070134609336e+02
9.540000000000000702e-01 2.206208782211320454e+02
9.550000000000000711e-01 2.209644262329098581e+02
9.560000000000000719e-01 2.213081509360894188e+02
9.570000000000000728e-01 2.216520522181454282e+02
9.580000000000000737e-01 2.219961299667314449e+02
9.590000000000000746e-01 2.223403840696789189e+02
9.599999999999999645e-01 2.226848144149977031e+02
9.609999999999999654e-01 2.230294208908748033e+02
9.619999999999999662e-01 2.233742033856739226e+02
9.629999999999999671e-01 2.237191617879363434e+02
9.639999999999999680e-01 2.240642959863781130e+02
9.649999999999999689e-01 2.244096058698920331e+02
9.659999999999999698e-01 2.247550913275454150e+02
9.669999999999999707e-01 2.251007522485808465e+02
9.679999999999999716e-01 2.254465885224147996e+02
9.689999999999999725e-01 2.257926000386381418e+02
9.699999999999999734e-01 2.261387866870148855e+02
9.709999999999999742e-01 2.264851483574822169e+02
9.719999999999999751e-01 2.268316849401499837e+02
9.729999999999999760e-01 2.271783963253000422e+02
9.739999999999999769e-01 2.275252824033859724e+02
9.749999999999999778e-01 2.278723430650331352e+02
9.759999999999999787e-01 2.282195782010374501e+02
9.769999999999999796e-01 2.285669877023651395e+02
9.779999999999999805e-01 2.289145714601527288e+02
9.789999999999999813e-01 2.292623293657065346e+02
9.799999999999999822e-01 2.296102613105019827e+02
9.809999999999999831e-01 2.299583671861829259e+02
9.819999999999999840e-01 2.303066468845619568e+02
9.829999999999999849e-01 2.306551002976196685e+02
9.839999999999999858e-01 2.310037273175039729e+02
9.849999999999999867e-01 2.313525278365304416e+02
9.859999999999999876e-01 2.317015017471807141e+02
9.869999999999999885e-01 2.320506489421028959e+02
9.879999999999999893e-01 2.323999693141115870e+02
9.889999999999999902e-01 2.327494627561860057e+02
9.899999999999999911e-01 2.330991291614711258e+02
9.909999999999999920e-01 2.334489684232763693e+02
9.919999999999999929e-01 2.337989804350756344e+02
9.929999999999999938e-01 2.341491650905062727e+02
9.939999999999999947e-01 2.344995222833696289e+02
9.949999999999999956e-01 2.348500519076297905e+02
9.959999999999999964e-01 2.352007538574137300e+02
9.969999999999999973e-01 2.355516280270106506e+02
9.979999999999999982e-01 2.359026743108718165e+02
9.989999999999999991e-01 2.362538926036094153e+02
1.000000000000000000e+00 2.366052827999977239e+02
