0.000000000000000000e+00 0.000000000000000000e+00
1.000000000000000021e-03 1.036567967186073913e+00
2.000000000000000042e-03 1.576583779638098592e+00
3.000000000000000062e-03 2.001907599255247305e+00
4.000000000000000083e-03 2.363152184557351987e+00
5.000000000000000104e-03 2.681384330429193330e+00
6.000000000000000125e-03 2.967946947484714215e+00
7.000000000000000146e-03 3.229834542737587189e+00
8.000000000000000167e-03 3.471745186885509593e+00
9.000000000000001055e-03 3.697027117416810338e+00
1.000000000000000021e-02 3.908173000166128119e+00
1.099999999999999936e-02 4.107101837298568370e+00
1.200000000000000025e-02 4.295330820613888712e+00
1.300000000000000114e-02 4.474085697170133713e+00
1.400000000000000029e-02 4.644374685325513674e+00
1.499999999999999944e-02 4.807039721038546709e+00
1.600000000000000033e-02 4.962793032925087999e+00
1.700000000000000122e-02 5.112243899022994142e+00
1.800000000000000211e-02 5.255918642104400185e+00
1.899999999999999953e-02 5.394275851888754580e+00
2.000000000000000042e-02 5.527718164066182105e+00
2.100000000000000130e-02 5.656601507640218074e+00
2.199999999999999872e-02 5.781242458968168130e+00
2.299999999999999961e-02 5.901924158269283183e+00
2.400000000000000050e-02 6.018901119655446941e+00
2.500000000000000139e-02 6.132403178916567832e+00
2.600000000000000228e-02 6.242638761796486691e+00
2.699999999999999969e-02 6.349797611248649609e+00
2.800000000000000058e-02 6.454053079866444165e+00
2.900000000000000147e-02 6.555564069801510740e+00
2.999999999999999889e-02 6.654476684608826353e+00
3.099999999999999978e-02 6.750925643929488906e+00
3.200000000000000067e-02 6.845035501577820369e+00
3.300000000000000155e-02 6.936921699613897374e+00
3.400000000000000244e-02 7.026691484762540796e+00
3.500000000000000333e-02 7.114444708655058847e+00
3.600000000000000422e-02 7.200274529503464471e+00
3.699999999999999817e-02 7.284268029734542793e+00
3.799999999999999906e-02 7.366506761636553158e+00
3.899999999999999994e-02 7.447067231072322713e+00
4.000000000000000083e-02 7.526021327687564266e+00
4.100000000000000172e-02 7.603436708714778725e+00
4.200000000000000261e-02 7.679377142381518695e+00
4.300000000000000350e-02 7.753902816029504486e+00
4.399999999999999745e-02 7.827070613302496760e+00
4.499999999999999833e-02 7.898934364136142250e+00
4.599999999999999922e-02 7.969545070759826544e+00
4.700000000000000011e-02 8.038951112480535954e+00
4.800000000000000100e-02 8.107198431646839509e+00
4.900000000000000189e-02 8.174330702876119403e+00
5.000000000000000278e-02 8.240389487359840004e+00
5.100000000000000366e-02 8.305414373832800123e+00
5.200000000000000455e-02 8.369443107595904152e+00
5.299999999999999850e-02 8.432511708813709816e+00
5.399999999999999939e-02 8.494654581162160767e+00
5.500000000000000028e-02 8.555904611776682600e+00
5.600000000000000117e-02 8.616293263341445297e+00
5.700000000000000205e-02 8.675850659066021819e+00
5.800000000000000294e-02 8.734605661212951233e+00
5.900000000000000383e-02 8.792585943767589285e+00
5.999999999999999778e-02 8.849818059778145951e+00
6.099999999999999867e-02 8.906327503838578963e+00
6.199999999999999956e-02 8.962138770137784149e+00
6.300000000000000044e-02 9.017275406455576459e+00
6.400000000000000133e-02 9.071760064447781602e+00
6.500000000000000222e-02 9.125614546528913351e+00
6.600000000000000311e-02 9.178859849631077594e+00
6.700000000000000400e-02 9.231516206090894627e+00
6.800000000000000488e-02 9.283603121892650023e+00
6.900000000000000577e-02 9.335139412474674714e+00
7.000000000000000666e-02 9.386143236286816460e+00
7.100000000000000755e-02 9.436632126270197318e+00
7.200000000000000844e-02 9.486623019414986757e+00
7.299999999999999545e-02 9.536132284538355819e+00
7.399999999999999634e-02 9.585175748412465779e+00
7.499999999999999722e-02 9.633768720361217675e+00
7.599999999999999811e-02 9.681926015434546784e+00
7.699999999999999900e-02 9.729661976259910361e+00
7.799999999999999989e-02 9.776990493662573556e+00
7.900000000000000078e-02 9.823925026138688565e+00
8.000000000000000167e-02 9.870478618258625048e+00
8.100000000000000255e-02 9.916663918071781936e+00
8.200000000000000344e-02 9.962493193578561446e+00
8.300000000000000433e-02 1.000797834833017319e+01
8.400000000000000522e-02 1.005313093621223075e+01
8.500000000000000611e-02 1.009796217546400854e+01
8.600000000000000699e-02 1.014248296198121757e+01
8.700000000000000788e-02 1.018670388194678722e+01
8.799999999999999489e-02 1.023063522383082002e+01
8.899999999999999578e-02 1.027428698979789701e+01
8.999999999999999667e-02 1.031766890655735835e+01
9.099999999999999756e-02 1.036079043568944336e+01
9.199999999999999845e-02 1.040366078347811296e+01
9.299999999999999933e-02 1.044628891027911344e+01
9.400000000000000022e-02 1.048868353944991938e+01
9.500000000000000111e-02 1.053085316586652276e+01
9.600000000000000200e-02 1.057280606405013756e+01
9.700000000000000289e-02 1.061455029592564081e+01
9.800000000000000377e-02 1.065609371823188667e+01
9.900000000000000466e-02 1.069744398960296294e+01
1.000000000000000056e-01 1.073860857733806284e+01
1.010000000000000064e-01 1.077959476387663074e+01
1.020000000000000073e-01 1.082040965299434454e+01
1.030000000000000082e-01 1.086106017573452576e+01
1.040000000000000091e-01 1.090155309608879719e+01
1.049999999999999961e-01 1.094189501643969997e+01
1.059999999999999970e-01 1.098209238277750543e+01
1.069999999999999979e-01 1.102215148970260117e+01
1.079999999999999988e-01 1.106207848522405257e+01
1.089999999999999997e-01 1.110187937536452907e+01
1.100000000000000006e-01 1.114156002858102035e+01
1.110000000000000014e-01 1.118112618001035941e+01
1.120000000000000023e-01 1.122058343554786930e+01
1.130000000000000032e-01 1.125993727576727110e+01
1.140000000000000041e-01 1.129919305968915921e+01
1.150000000000000050e-01 1.133835602840533596e+01
1.160000000000000059e-01 1.137743130856554075e+01
1.170000000000000068e-01 1.141642391573305382e+01
1.180000000000000077e-01 1.145533875761507581e+01
1.190000000000000085e-01 1.149418063717356198e+01
1.199999999999999956e-01 1.153295425562199483e+01
1.209999999999999964e-01 1.157166421531301381e+01
1.219999999999999973e-01 1.161031502252180125e+01
1.229999999999999982e-01 1.164891109012987869e+01
1.239999999999999991e-01 1.168745674021350744e+01
1.250000000000000000e-01 1.172595620654085380e+01
1.260000000000000009e-01 1.176441363698192610e+01
1.270000000000000018e-01 1.180283309583474960e+01
1.280000000000000027e-01 1.184121856607169576e+01
1.290000000000000036e-01 1.187957395150878526e+01
1.300000000000000044e-01 1.191790307890172151e+01
1.310000000000000053e-01 1.195620969997116845e+01
1.320000000000000062e-01 1.199449749336056215e+01
1.330000000000000071e-01 1.203277006652892744e+01
1.340000000000000080e-01 1.207103095758143141e+01
1.350000000000000089e-01 1.210928363704021926e+01
1.360000000000000098e-01 1.214753150955764482e+01
1.370000000000000107e-01 1.218577791557456180e+01
1.380000000000000115e-01 1.222402613292548246e+01
1.390000000000000124e-01 1.226227937839279569e+01
1.400000000000000133e-01 1.230054080921204118e+01
1.410000000000000142e-01 1.233881352453006386e+01
1.420000000000000151e-01 1.237710056681783222e+01
1.430000000000000160e-01 1.241540492323972522e+01
1.440000000000000169e-01 1.245372952698072133e+01
1.449999999999999900e-01 1.249207725853326778e+01
1.459999999999999909e-01 1.253045094694526007e+01
1.469999999999999918e-01 1.256885337103043376e+01
1.479999999999999927e-01 1.260728726054272641e+01
1.489999999999999936e-01 1.264575529731579984e+01
1.499999999999999944e-01 1.268426011636899275e+01
1.509999999999999953e-01 1.272280430698092779e+01
1.519999999999999962e-01 1.276139041373194694e+01
1.529999999999999971e-01 1.280002093751636316e+01
1.539999999999999980e-01 1.283869833652570946e+01
1.549999999999999989e-01 1.287742502720398186e+01
1.559999999999999998e-01 1.291620338517573785e+01
1.570000000000000007e-01 1.295503574614813580e+01
1.580000000000000016e-01 1.299392440678767713e+01
1.590000000000000024e-01 1.303287162557256629e+01
1.600000000000000033e-01 1.307187962362157840e+01
1.610000000000000042e-01 1.311095058550003678e+01
1.620000000000000051e-01 1.315008666000391635e+01
1.630000000000000060e-01 1.318928996092250827e+01
1.640000000000000069e-01 1.322856256778066886e+01
1.650000000000000078e-01 1.326790652656105252e+01
1.660000000000000087e-01 1.330732385040712096e+01
1.670000000000000095e-01 1.334681652030747934e+01
1.680000000000000104e-01 1.338638648576227475e+01
1.690000000000000113e-01 1.342603566543201588e+01
1.700000000000000122e-01 1.346576594776953506e+01
1.710000000000000131e-01 1.350557919163569665e+01
1.720000000000000140e-01 1.354547722689897604e+01
1.730000000000000149e-01 1.358546185501998771e+01
1.740000000000000158e-01 1.362553484962092476e+01
1.750000000000000167e-01 1.366569795704065093e+01
1.759999999999999898e-01 1.370595289687580909e+01
1.769999999999999907e-01 1.374630136250837786e+01
1.779999999999999916e-01 1.378674502162007975e+01
1.789999999999999925e-01 1.382728551669402606e+01
1.799999999999999933e-01 1.386792446550406410e+01
1.809999999999999942e-01 1.390866346159207723e+01
1.819999999999999951e-01 1.394950407473364429e+01
1.829999999999999960e-01 1.399044785139248859e+01
1.839999999999999969e-01 1.403149631516385121e+01
1.849999999999999978e-01 1.407265096720733588e+01
1.859999999999999987e-01 1.411391328666930711e+01
1.869999999999999996e-01 1.415528473109542773e+01
1.880000000000000004e-01 1.419676673683329327e+01
1.890000000000000013e-01 1.423836071942563386e+01
1.900000000000000022e-01 1.428006807399445144e+01
1.910000000000000031e-01 1.432189017561608324e+01
1.920000000000000040e-01 1.436382837968760207e+01
1.930000000000000049e-01 1.440588402228484810e+01
1.940000000000000058e-01 1.444805842051223266e+01
1.950000000000000067e-01 1.449035287284454299e+01
1.960000000000000075e-01 1.453276865946100926e+01
1.970000000000000084e-01 1.457530704257182208e+01
1.980000000000000093e-01 1.461796926673738994e+01
1.990000000000000102e-01 1.466075655918028531e+01
2.000000000000000111e-01 1.470367013009049728e+01
2.010000000000000120e-01 1.474671117292371747e+01
2.020000000000000129e-01 1.478988086469316698e+01
2.030000000000000138e-01 1.483318036625495040e+01
2.040000000000000147e-01 1.487661082258728129e+01
2.050000000000000155e-01 1.492017336306358644e+01
2.060000000000000164e-01 1.496386910171968410e+01
2.070000000000000173e-01 1.500769913751525664e+01
2.080000000000000182e-01 1.505166455458968500e+01
2.089999999999999913e-01 1.509576642251251855e+01
2.099999999999999922e-01 1.514000579652852707e+01
2.109999999999999931e-01 1.518438371779758356e+01
2.119999999999999940e-01 1.522890121362959803e+01
2.129999999999999949e-01 1.527355929771446341e+01
2.139999999999999958e-01 1.531835897034719807e+01
2.149999999999999967e-01 1.536330121864845921e+01
2.159999999999999976e-01 1.540838701678051947e+01
2.169999999999999984e-01 1.545361732615869599e+01
2.179999999999999993e-01 1.549899309565863348e+01
2.190000000000000002e-01 1.554451526181919263e+01
2.200000000000000011e-01 1.559018474904126705e+01
2.210000000000000020e-01 1.563600246978269581e+01
2.220000000000000029e-01 1.568196932474914362e+01
2.230000000000000038e-01 1.572808620308109084e+01
2.240000000000000047e-01 1.577435398253734888e+01
2.250000000000000056e-01 1.582077352967463213e+01
2.260000000000000064e-01 1.586734570002386491e+01
2.270000000000000073e-01 1.591407133826270481e+01
2.280000000000000082e-01 1.596095127838502137e+01
2.290000000000000091e-01 1.600798634386679353e+01
2.300000000000000100e-01 1.605517734782895545e+01
2.310000000000000109e-01 1.610252509319698788e+01
2.320000000000000118e-01 1.615003037285748988e+01
2.330000000000000127e-01 1.619769396981174481e+01
2.340000000000000135e-01 1.624551665732627725e+01
2.350000000000000144e-01 1.629349919908068145e+01
2.360000000000000153e-01 1.634164234931249382e+01
2.370000000000000162e-01 1.638994685295943654e+01
2.380000000000000171e-01 1.643841344579897168e+01
2.390000000000000180e-01 1.648704285458514462e+01
2.399999999999999911e-01 1.653583579718306140e+01
2.409999999999999920e-01 1.658479298270065172e+01
2.419999999999999929e-01 1.663391511161813696e+01
2.429999999999999938e-01 1.668320287591512141e+01
2.439999999999999947e-01 1.673265695919520368e+01
2.449999999999999956e-01 1.678227803680847785e+01
2.459999999999999964e-01 1.683206677597171819e+01
2.469999999999999973e-01 1.688202383588633992e+01
2.479999999999999982e-01 1.693214986785439535e+01
2.489999999999999991e-01 1.698244551539218250e+01
2.500000000000000000e-01 1.703291141434220535e+01
2.510000000000000009e-01 1.708354819298279281e+01
2.520000000000000018e-01 1.713435647213593427e+01
2.530000000000000027e-01 1.718533686527314686e+01
2.540000000000000036e-01 1.723648997861955579e+01
2.550000000000000044e-01 1.728781641125599933e+01
2.560000000000000053e-01 1.733931675521948179e+01
2.570000000000000062e-01 1.739099159560175067e+01
2.580000000000000071e-01 1.744284151064628929e+01
2.590000000000000080e-01 1.749486707184348688e+01
2.600000000000000089e-01 1.754706884402428457e+01
2.610000000000000098e-01 1.759944738545211607e+01
2.620000000000000107e-01 1.765200324791332065e+01
2.630000000000000115e-01 1.770473697680602143e+01
2.640000000000000124e-01 1.775764911122746881e+01
2.650000000000000133e-01 1.781074018405983850e+01
2.660000000000000142e-01 1.786401072205472573e+01
2.670000000000000151e-01 1.791746124591607625e+01
2.680000000000000160e-01 1.797109227038178503e+01
2.690000000000000169e-01 1.802490430430395563e+01
2.700000000000000178e-01 1.807889785072775268e+01
2.710000000000000187e-01 1.813307340696897541e+01
2.720000000000000195e-01 1.818743146469038763e+01
2.730000000000000204e-01 1.824197250997674402e+01
2.740000000000000213e-01 1.829669702340855153e+01
2.750000000000000222e-01 1.835160548013471171e+01
2.760000000000000231e-01 1.840669834994387699e+01
2.770000000000000240e-01 1.846197609733475531e+01
2.780000000000000249e-01 1.851743918158516067e+01
2.790000000000000258e-01 1.857308805682002273e+01
2.800000000000000266e-01 1.862892317207825243e+01
2.810000000000000275e-01 1.868494497137860932e+01
2.820000000000000284e-01 1.874115389378444263e+01
2.830000000000000293e-01 1.879755037346742697e+01
2.840000000000000302e-01 1.885413483977020022e+01
2.850000000000000311e-01 1.891090771726825537e+01
2.860000000000000320e-01 1.896786942583054980e+01
2.870000000000000329e-01 1.902502038067934720e+01
2.880000000000000338e-01 1.908236099244911443e+01
2.889999999999999791e-01 1.913989166724432067e+01
2.899999999999999800e-01 1.919761280669666803e+01
2.909999999999999809e-01 1.925552480802107880e+01
2.919999999999999818e-01 1.931362806407102539e+01
2.929999999999999827e-01 1.937192296339302544e+01
2.939999999999999836e-01 1.943040989028007104e+01
2.949999999999999845e-01 1.948908922482453931e+01
2.959999999999999853e-01 1.954796134297008692e+01
2.969999999999999862e-01 1.960702661656281620e+01
2.979999999999999871e-01 1.966628541340169534e+01
2.989999999999999880e-01 1.972573809728811156e+01
2.999999999999999889e-01 1.978538502807488797e+01
3.009999999999999898e-01 1.984522656171425581e+01
3.019999999999999907e-01 1.990526305030539334e+01
3.029999999999999916e-01 1.996549484214111558e+01
3.039999999999999925e-01 2.002592228175381450e+01
3.049999999999999933e-01 2.008654570996091238e+01
3.059999999999999942e-01 2.014736546390938443e+01
3.069999999999999951e-01 2.020838187711991907e+01
3.079999999999999960e-01 2.026959527953006202e+01
3.089999999999999969e-01 2.033100599753713666e+01
3.099999999999999978e-01 2.039261435404019451e+01
3.109999999999999987e-01 2.045442066848152862e+01
3.119999999999999996e-01 2.051642525688759733e+01
3.130000000000000004e-01 2.057862843190924096e+01
3.140000000000000013e-01 2.064103050286134078e+01
3.150000000000000022e-01 2.070363177576204805e+01
3.160000000000000031e-01 2.076643255337128480e+01
3.170000000000000040e-01 2.082943313522874007e+01
3.180000000000000049e-01 2.089263381769137595e+01
3.190000000000000058e-01 2.095603489397031538e+01
3.200000000000000067e-01 2.101963665416722904e+01
3.210000000000000075e-01 2.108343938531038120e+01
3.220000000000000084e-01 2.114744337138976960e+01
3.230000000000000093e-01 2.121164889339220494e+01
3.240000000000000102e-01 2.127605622933561591e+01
3.250000000000000111e-01 2.134066565430296336e+01
3.260000000000000120e-01 2.140547744047570333e+01
3.270000000000000129e-01 2.147049185716680242e+01
3.280000000000000138e-01 2.153570917085314562e+01
3.290000000000000147e-01 2.160112964520770618e+01
3.300000000000000155e-01 2.166675354113104390e+01
3.310000000000000164e-01 2.173258111678270055e+01
3.320000000000000173e-01 2.179861262761171403e+01
3.330000000000000182e-01 2.186484832638714337e+01
3.340000000000000191e-01 2.193128846322785463e+01
3.350000000000000200e-01 2.199793328563216832e+01
3.360000000000000209e-01 2.206478303850683531e+01
3.370000000000000218e-01 2.213183796419592753e+01
3.380000000000000226e-01 2.219909830250898963e+01
3.390000000000000235e-01 2.226656429074910548e+01
3.400000000000000244e-01 2.233423616374045650e+01
3.410000000000000253e-01 2.240211415385549287e+01
3.420000000000000262e-01 2.247019849104177780e+01
3.430000000000000271e-01 2.253848940284855473e+01
3.440000000000000280e-01 2.260698711445277098e+01
3.450000000000000289e-01 2.267569184868492016e+01
3.460000000000000298e-01 2.274460382605451514e+01
3.470000000000000306e-01 2.281372326477510626e+01
3.480000000000000315e-01 2.288305038078916454e+01
3.490000000000000324e-01 2.295258538779248170e+01
3.500000000000000333e-01 2.302232849725834285e+01
3.510000000000000342e-01 2.309227991846125860e+01
3.519999999999999796e-01 2.316243985850064746e+01
3.529999999999999805e-01 2.323280852232383609e+01
3.539999999999999813e-01 2.330338611274910221e+01
3.549999999999999822e-01 2.337417283048828409e+01
3.559999999999999831e-01 2.344516887416902051e+01
3.569999999999999840e-01 2.351637444035681312e+01
3.579999999999999849e-01 2.358778972357691117e+01
3.589999999999999858e-01 2.365941491633549276e+01
3.599999999999999867e-01 2.373125020914118011e+01
3.609999999999999876e-01 2.380329579052570921e+01
3.619999999999999885e-01 2.387555184706485534e+01
3.629999999999999893e-01 2.394801856339854140e+01
3.639999999999999902e-01 2.402069612225124473e+01
3.649999999999999911e-01 2.409358470445174305e+01
3.659999999999999920e-01 2.416668448895276811e+01
3.669999999999999929e-01 2.423999565285048163e+01
3.679999999999999938e-01 2.431351837140351080e+01
3.689999999999999947e-01 2.438725281805201917e+01
3.699999999999999956e-01 2.446119916443623055e+01
3.709999999999999964e-01 2.453535758041495995e+01
3.719999999999999973e-01 2.460972823408383903e+01
3.729999999999999982e-01 2.468431129179327854e+01
3.739999999999999991e-01 2.475910691816628173e+01
3.750000000000000000e-01 2.483411527611598757e+01
3.760000000000000009e-01 2.490933652686297251e+01
3.770000000000000018e-01 2.498477082995243848e+01
3.780000000000000027e-01 2.506041834327108120e+01
3.790000000000000036e-01 2.513627922306390161e+01
3.800000000000000044e-01 2.521235362395057678e+01
3.810000000000000053e-01 2.528864169894190184e+01
3.820000000000000062e-01 2.536514359945584118e+01
3.830000000000000071e-01 2.544185947533345171e+01
3.840000000000000080e-01 2.551878947485463556e+01
3.850000000000000089e-01 2.559593374475369387e+01
3.860000000000000098e-01 2.567329243023461771e+01
3.870000000000000107e-01 2.575086567498634338e+01
3.880000000000000115e-01 2.582865362119770225e+01
3.890000000000000124e-01 2.590665640957222848e+01
3.900000000000000133e-01 2.598487417934287436e+01
3.910000000000000142e-01 2.606330706828632771e+01
3.920000000000000151e-01 2.614195521273744305e+01
3.930000000000000160e-01 2.622081874760335296e+01
3.940000000000000169e-01 2.629989780637736629e+01
3.950000000000000178e-01 2.637919252115280955e+01
3.960000000000000187e-01 2.645870302263661955e+01
3.970000000000000195e-01 2.653842944016292904e+01
3.980000000000000204e-01 2.661837190170628276e+01
3.990000000000000213e-01 2.669853053389486064e+01
4.000000000000000222e-01 2.677890546202345234e+01
4.010000000000000231e-01 2.685949681006633938e+01
4.020000000000000240e-01 2.694030470069006356e+01
4.030000000000000249e-01 2.702132925526590412e+01
4.040000000000000258e-01 2.710257059388234779e+01
4.050000000000000266e-01 2.718402883535740955e+01
4.060000000000000275e-01 2.726570409725072608e+01
4.070000000000000284e-01 2.734759649587554264e+01
4.080000000000000293e-01 2.742970614631069282e+01
4.090000000000000302e-01 2.751203316241220165e+01
4.100000000000000311e-01 2.759457765682493857e+01
4.110000000000000320e-01 2.767733974099409977e+01
4.120000000000000329e-01 2.776031952517654133e+01
4.130000000000000338e-01 2.784351711845202004e+01
4.140000000000000346e-01 2.792693262873416415e+01
4.150000000000000355e-01 2.801056616278165734e+01
4.160000000000000364e-01 2.809441782620883288e+01
4.169999999999999818e-01 2.817848772349654496e+01
4.179999999999999827e-01 2.826277595800274156e+01
4.189999999999999836e-01 2.834728263197295917e+01
4.199999999999999845e-01 2.843200784655059010e+01
4.209999999999999853e-01 2.851695170178729910e+01
4.219999999999999862e-01 2.860211429665306326e+01
4.229999999999999871e-01 2.868749572904615519e+01
4.239999999999999880e-01 2.877309609580318295e+01
4.249999999999999889e-01 2.885891549270878187e+01
4.259999999999999898e-01 2.894495401450544136e+01
4.269999999999999907e-01 2.903121175490295514e+01
4.279999999999999916e-01 2.911768880658803482e+01
4.289999999999999925e-01 2.920438526123359679e+01
4.299999999999999933e-01 2.929130120950818394e+01
4.309999999999999942e-01 2.937843674108494696e+01
4.319999999999999951e-01 2.946579194465098794e+01
4.329999999999999960e-01 2.955336690791610721e+01
4.339999999999999969e-01 2.964116171762185559e+01
4.349999999999999978e-01 2.972917645955024568e+01
4.359999999999999987e-01 2.981741121853249155e+01
4.369999999999999996e-01 2.990586607845763467e+01
4.380000000000000004e-01 2.999454112228102076e+01
4.390000000000000013e-01 3.008343643203269124e+01
4.400000000000000022e-01 3.017255208882581741e+01
4.410000000000000031e-01 3.026188817286493560e+01
4.420000000000000040e-01 3.035144476345400477e+01
4.430000000000000049e-01 3.044122193900459195e+01
4.440000000000000058e-01 3.053121977704383028e+01
4.450000000000000067e-01 3.062143835422222082e+01
4.460000000000000075e-01 3.071187774632166878e+01
4.470000000000000084e-01 3.080253802826310050e+01
4.480000000000000093e-01 3.089341927411400235e+01
4.490000000000000102e-01 3.098452155709623668e+01
4.500000000000000111e-01 3.107584494959342436e+01
4.510000000000000120e-01 3.116738952315830602e+01
4.520000000000000129e-01 3.125915534852027378e+01
4.530000000000000138e-01 3.135114249559234878e+01
4.540000000000000147e-01 3.144335103347873428e+01
4.550000000000000155e-01 3.153578103048162973e+01
4.560000000000000164e-01 3.162843255410842858e+01
4.570000000000000173e-01 3.172130567107869581e+01
4.580000000000000182e-01 3.181440044733100336e+01
4.590000000000000191e-01 3.190771694802977265e+01
4.600000000000000200e-01 3.200125523757215973e+01
4.610000000000000209e-01 3.209501537959453543e+01
4.620000000000000218e-01 3.218899743697929949e+01
4.630000000000000226e-01 3.228320147186133937e+01
4.640000000000000235e-01 3.237762754563454592e+01
4.650000000000000244e-01 3.247227571895823672e+01
4.660000000000000253e-01 3.256714605176357935e+01
4.670000000000000262e-01 3.266223860325969497e+01
4.680000000000000271e-01 3.275755343194013847e+01
4.690000000000000280e-01 3.285309059558894518e+01
4.700000000000000289e-01 3.294885015128669181e+01
4.710000000000000298e-01 3.304483215541667818e+01
4.720000000000000306e-01 3.314103666367076784e+01
4.730000000000000315e-01 3.323746373105549168e+01
4.740000000000000324e-01 3.333411341189763277e+01
4.750000000000000333e-01 3.343098575985037968e+01
4.760000000000000342e-01 3.352808082789881183e+01
4.770000000000000351e-01 3.362539866836583258e+01
4.780000000000000360e-01 3.372293933291745560e+01
4.790000000000000369e-01 3.382070287256883034e+01
4.799999999999999822e-01 3.391868933768935790e+01
4.809999999999999831e-01 3.401689877800853878e+01
4.819999999999999840e-01 3.411533124262103911e+01
4.829999999999999849e-01 3.421398677999231808e+01
4.839999999999999858e-01 3.431286543796380073e+01
4.849999999999999867e-01 3.441196726375825676e+01
4.859999999999999876e-01 3.451129230398491643e+01
4.869999999999999885e-01 3.461084060464460777e+01
4.879999999999999893e-01 3.471061221113502882e+01
4.889999999999999902e-01 3.481060716825562906e+01
4.899999999999999911e-01 3.491082552021266849e+01
4.909999999999999920e-01 3.501126731062431929e+01
4.919999999999999929e-01 3.511193258252537674e+01
4.929999999999999938e-01 3.521282137837221882e+01
4.939999999999999947e-01 3.531393374004773733e+01
4.949999999999999956e-01 3.541526970886587122e+01
4.959999999999999964e-01 3.551682932557655192e+01
4.969999999999999973e-01 3.561861263037034320e+01
4.979999999999999982e-01 3.572061966288292467e+01
4.989999999999999991e-01 3.582285046219996616e+01
5.000000000000000000e-01 3.592530506686141223e+01
5.010000000000000009e-01 3.602798351486615758e+01
5.020000000000000018e-01 3.613088584367644529e+01
5.030000000000000027e-01 3.623401209022232905e+01
5.040000000000000036e-01 3.633736229090604297e+01
5.050000000000000044e-01 3.644093648160618670e+01
5.060000000000000053e-01 3.654473469768245764e+01
5.070000000000000062e-01 3.664875697397933862e+01
5.080000000000000071e-01 3.675300334483078757e+01
5.090000000000000080e-01 3.685747384406413119e+01
5.100000000000000089e-01 3.696216850500442064e+01
5.110000000000000098e-01 3.706708736047829689e+01
5.120000000000000107e-01 3.717223044281827526e+01
5.130000000000000115e-01 3.727759778386662504e+01
5.140000000000000124e-01 3.738318941497946213e+01
5.150000000000000133e-01 3.748900536703060027e+01
5.160000000000000142e-01 3.759504567041557976e+01
5.170000000000000151e-01 3.770131035505542627e+01
5.180000000000000160e-01 3.780779945040058720e+01
5.190000000000000169e-01 3.791451298543469051e+01
5.200000000000000178e-01 3.802145098867833184e+01
5.210000000000000187e-01 3.812861348819285467e+01
5.220000000000000195e-01 3.823600051158397406e+01
5.230000000000000204e-01 3.834361208600551407e+01
5.240000000000000213e-01 3.845144823816297475e+01
5.250000000000000222e-01 3.855950899431721268e+01
5.260000000000000231e-01 3.866779438028803639e+01
5.270000000000000240e-01 3.877630442145757428e+01
5.280000000000000249e-01 3.888503914277399787e+01
5.290000000000000258e-01 3.899399856875481163e+01
5.300000000000000266e-01 3.910318272349047675e+01
5.310000000000000275e-01 3.921259163064760855e+01
5.320000000000000284e-01 3.932222531347257188e+01
5.330000000000000293e-01 3.943208379479462877e+01
5.340000000000000302e-01 3.954216709702950538e+01
5.350000000000000311e-01 3.965247524218243313e+01
5.360000000000000320e-01 3.976300825185155219e+01
5.370000000000000329e-01 3.987376614723113732e+01
5.380000000000000338e-01 3.998474894911468169e+01
5.390000000000000346e-01 4.009595667789829321e+01
5.400000000000000355e-01 4.020738935358365040e+01
5.410000000000000364e-01 4.031904699578113593e+01
5.420000000000000373e-01 4.043092962371302690e+01
5.430000000000000382e-01 4.054303725621652177e+01
5.440000000000000391e-01 4.065536991174671755e+01
5.450000000000000400e-01 4.076792760837972196e+01
5.460000000000000409e-01 4.088071036381550272e+01
5.470000000000000417e-01 4.099371819538093575e+01
5.480000000000000426e-01 4.110695112003273977e+01
5.490000000000000435e-01 4.122040915436038233e+01
5.500000000000000444e-01 4.133409231458887945e+01
5.510000000000000453e-01 4.144800061658168033e+01
5.520000000000000462e-01 4.156213407584366593e+01
5.530000000000000471e-01 4.167649270752364288e+01
5.540000000000000480e-01 4.179107652641742732e+01
5.550000000000000488e-01 4.190588554697033885e+01
5.560000000000000497e-01 4.202091978328012090e+01
5.570000000000000506e-01 4.213617924909960522e+01
5.580000000000000515e-01 4.225166395783937645e+01
5.590000000000000524e-01 4.236737392257033719e+01
5.600000000000000533e-01 4.248330915602655722e+01
5.610000000000000542e-01 4.259946967060769651e+01
5.620000000000000551e-01 4.271585547838175501e+01
5.630000000000000560e-01 4.283246659108746002e+01
5.640000000000000568e-01 4.294930302013700185e+01
5.650000000000000577e-01 4.306636477661846385e+01
5.660000000000000586e-01 4.318365187129830218e+01
5.670000000000000595e-01 4.330116431462388960e+01
5.680000000000000604e-01 4.341890211672600230e+01
5.690000000000000613e-01 4.353686528742112927e+01
5.700000000000000622e-01 4.365505383621400171e+01
5.710000000000000631e-01 4.377346777230004449e+01
5.720000000000000639e-01 4.389210710456760722e+01
5.730000000000000648e-01 4.401097184160042275e+01
5.740000000000000657e-01 4.413006199167991639e+01
5.750000000000000666e-01 4.424937756278754364e+01
5.760000000000000675e-01 4.436891856260705680e+01
5.769999999999999574e-01 4.448868499852680003e+01
5.779999999999999583e-01 4.460867687764202572e+01
5.789999999999999591e-01 4.472889420675706162e+01
5.799999999999999600e-01 4.484933699238749938e+01
5.809999999999999609e-01 4.497000524076258898e+01
5.819999999999999618e-01 4.509089895782715729e+01
5.829999999999999627e-01 4.521201814924408779e+01
5.839999999999999636e-01 4.533336282039611831e+01
5.849999999999999645e-01 4.545493297638829944e+01
5.859999999999999654e-01 4.557672862204979936e+01
5.869999999999999662e-01 4.569874976193636940e+01
5.879999999999999671e-01 4.582099640033207066e+01
5.889999999999999680e-01 4.594346854125149093e+01
5.899999999999999689e-01 4.606616618844190469e+01
5.909999999999999698e-01 4.618908934538504951e+01
5.919999999999999707e-01 4.631223801529930739e+01
5.929999999999999716e-01 4.643561220114168009e+01
5.939999999999999725e-01 4.655921190560971468e+01
5.949999999999999734e-01 4.668303713114354281e+01
5.959999999999999742e-01 4.680708787992774944e+01
5.969999999999999751e-01 4.693136415389332683e+01
5.979999999999999760e-01 4.705586595471963562e+01
5.989999999999999769e-01 4.718059328383620254e+01
5.999999999999999778e-01 4.730554614242471700e+01
6.009999999999999787e-01 4.743072453142080747e+01
6.019999999999999796e-01 4.755612845151605939e+01
6.029999999999999805e-01 4.768175790315949314e+01
6.039999999999999813e-01 4.780761288655980934e+01
6.049999999999999822e-01 4.793369340168692361e+01
6.059999999999999831e-01 4.805999944827389925e+01
6.069999999999999840e-01 4.818653102581862413e+01
6.079999999999999849e-01 4.831328813358561547e+01
6.089999999999999858e-01 4.844027077060779618e+01
6.099999999999999867e-01 4.856747893568815755e+01
6.109999999999999876e-01 4.869491262740162085e+01
6.119999999999999885e-01 4.882257184409654371e+01
6.129999999999999893e-01 4.895045658389663856e+01
6.139999999999999902e-01 4.907856684470243636e+01
6.149999999999999911e-01 4.920690262419311978e+01
6.159999999999999920e-01 4.933546391982811485e+01
6.169999999999999929e-01 4.946425072884868257e+01
6.179999999999999938e-01 4.959326304827963838e+01
6.189999999999999947e-01 4.972250087493090120e+01
6.199999999999999956e-01 4.985196420539907081e+01
6.209999999999999964e-01 4.998165303606916154e+01
6.219999999999999973e-01 5.011156736311602344e+01
6.229999999999999982e-01 5.024170718250590539e+01
6.239999999999999991e-01 5.037207248999816045e+01
6.250000000000000000e-01 5.050266328114661007e+01
6.260000000000000009e-01 5.063347955130119260e+01
6.270000000000000018e-01 5.076452129560937010e+01
6.280000000000000027e-01 5.089578850901779106e+01
6.290000000000000036e-01 5.102728118627358356e+01
6.300000000000000044e-01 5.115899932192589006e+01
6.310000000000000053e-01 5.129094291032757269e+01
6.320000000000000062e-01 5.142311194563632171e+01
6.330000000000000071e-01 5.155550642181623289e+01
6.340000000000000080e-01 5.168812633263941336e+01
6.350000000000000089e-01 5.182097167168706164e+01
6.360000000000000098e-01 5.195404243235118713e+01
6.370000000000000107e-01 5.208733860783581804e+01
6.380000000000000115e-01 5.222086019115855038e+01
6.390000000000000124e-01 5.235460717515178430e+01
6.400000000000000133e-01 5.248857955246408835e+01
6.410000000000000142e-01 5.262277731556170579e+01
6.420000000000000151e-01 5.275720045672981939e+01
6.430000000000000160e-01 5.289184896807373093e+01
6.440000000000000169e-01 5.302672284152056648e+01
6.450000000000000178e-01 5.316182206882007222e+01
6.460000000000000187e-01 5.329714664154647608e+01
6.470000000000000195e-01 5.343269655109926930e+01
6.480000000000000204e-01 5.356847178870492598e+01
6.490000000000000213e-01 5.370447234541788362e+01
6.500000000000000222e-01 5.384069821212192153e+01
6.510000000000000231e-01 5.397714937953146830e+01
6.520000000000000240e-01 5.411382583819268177e+01
6.530000000000000249e-01 5.425072757848488436e+01
6.540000000000000258e-01 5.438785459062164307e+01
6.550000000000000266e-01 5.452520686465203426e+01
6.560000000000000275e-01 5.466278439046185156e+01
6.570000000000000284e-01 5.480058715777485645e+01
6.580000000000000293e-01 5.493861515615390090e+01
6.590000000000000302e-01 5.507686837500210686e+01
6.600000000000000311e-01 5.521534680356404579e+01
6.610000000000000320e-01 5.535405043092700339e+01
6.620000000000000329e-01 5.549297924602193177e+01
6.630000000000000338e-01 5.563213323762479945e+01
6.640000000000000346e-01 5.577151239435761454e+01
6.650000000000000355e-01 5.591111670468951900e+01
6.660000000000000364e-01 5.605094615693811022e+01
6.670000000000000373e-01 5.619100073927022265e+01
6.680000000000000382e-01 5.633128043970339149e+01
6.690000000000000391e-01 5.647178524610660588e+01
6.700000000000000400e-01 5.661251514620170155e+01
6.710000000000000409e-01 5.675347012756432719e+01
6.720000000000000417e-01 5.689465017762474019e+01
6.730000000000000426e-01 5.703605528366945521e+01
6.740000000000000435e-01 5.717768543284168459e+01
6.750000000000000444e-01 5.731954061214285900e+01
6.760000000000000453e-01 5.746162080843326692e+01
6.770000000000000462e-01 5.760392600843348987e+01
6.780000000000000471e-01 5.774645619872509883e+01
6.790000000000000480e-01 5.788921136575184789e+01
6.800000000000000488e-01 5.803219149582055536e+01
6.810000000000000497e-01 5.817539657510224060e+01
6.820000000000000506e-01 5.831882658963309041e+01
6.830000000000000515e-01 5.846248152531525477e+01
6.840000000000000524e-01 5.860636136791812589e+01
6.850000000000000533e-01 5.875046610307914818e+01
6.860000000000000542e-01 5.889479571630469934e+01
6.870000000000000551e-01 5.903935019297126985e+01
6.880000000000000560e-01 5.918412951832611668e+01
6.890000000000000568e-01 5.932913367748861333e+01
6.900000000000000577e-01 5.947436265545067613e+01
6.910000000000000586e-01 5.961981643707821377e+01
6.920000000000000595e-01 5.976549500711163887e+01
6.930000000000000604e-01 5.991139835016704751e+01
6.940000000000000613e-01 6.005752645073692975e+01
6.950000000000000622e-01 6.020387929319120701e+01
6.960000000000000631e-01 6.035045686177822688e+01
6.970000000000000639e-01 6.049725914062524623e+01
6.980000000000000648e-01 6.064428611373976707e+01
6.990000000000000657e-01 6.079153776501023287e+01
7.000000000000000666e-01 6.093901407820682437e+01
7.010000000000000675e-01 6.108671503698244010e+01
7.020000000000000684e-01 6.123464062487344961e+01
7.030000000000000693e-01 6.138279082530064557e+01
7.039999999999999591e-01 6.153116562157005376e+01
7.049999999999999600e-01 6.167976499687371472e+01
7.059999999999999609e-01 6.182858893429062164e+01
7.069999999999999618e-01 6.197763741678741667e+01
7.079999999999999627e-01 6.212691042721942836e+01
7.089999999999999636e-01 6.227640794833112636e+01
7.099999999999999645e-01 6.242612996275731518e+01
7.109999999999999654e-01 6.257607645302371679e+01
7.119999999999999662e-01 6.272624740154776646e+01
7.129999999999999671e-01 6.287664279063960748e+01
7.139999999999999680e-01 6.302726260250246071e+01
7.149999999999999689e-01 6.317810681923401717e+01
7.159999999999999698e-01 6.332917542282656598e+01
7.169999999999999707e-01 6.348046839516821649e+01
7.179999999999999716e-01 6.363198571804343828e+01
7.189999999999999725e-01 6.378372737313399909e+01
7.199999999999999734e-01 6.393569334201943377e+01
7.209999999999999742e-01 6.408788360617816693e+01
7.219999999999999751e-01 6.424029814698789664e+01
7.229999999999999760e-01 6.439293694572656079e+01
7.239999999999999769e-01 6.454579998357294812e+01
7.249999999999999778e-01 6.469888724160757931e+01
7.259999999999999787e-01 6.485219870081314752e+01
7.269999999999999796e-01 6.500573434207561263e+01
7.279999999999999805e-01 6.515949414618455648e+01
7.289999999999999813e-01 6.531347809383407821e+01
7.299999999999999822e-01 6.546768616562350473e+01
7.309999999999999831e-01 6.562211834205798766e+01
7.319999999999999840e-01 6.577677460354924222e+01
7.329999999999999849e-01 6.593165493041635727e+01
7.339999999999999858e-01 6.608675930288609379e+01
7.349999999999999867e-01 6.624208770109412114e+01
7.359999999999999876e-01 6.639764010508518766e+01
7.369999999999999885e-01 6.655341649481412958e+01
7.379999999999999893e-01 6.670941685014632583e+01
7.389999999999999902e-01 6.686564115085846538e+01
7.399999999999999911e-01 6.702208937663903043e+01
7.409999999999999920e-01 6.717876150708924854e+01
7.419999999999999929e-01 6.733565752172347629e+01
7.429999999999999938e-01 6.749277739996998093e+01
7.439999999999999947e-01 6.765012112117142351e+01
7.449999999999999956e-01 6.780768866458575417e+01
7.459999999999999964e-01 6.796548000938646794e+01
7.469999999999999973e-01 6.812349513466358530e+01
7.479999999999999982e-01 6.828173401942406429e+01
7.489999999999999991e-01 6.844019664259249680e+01
7.500000000000000000e-01 6.859888298301153498e+01
7.510000000000000009e-01 6.875779301944291433e+01
7.520000000000000018e-01 6.891692673056753904e+01
7.530000000000000027e-01 6.907628409498647670e+01
7.540000000000000036e-01 6.923586509122138466e+01
7.550000000000000044e-01 6.939566969771495053e+01
7.560000000000000053e-01 6.955569789283191540e+01
7.570000000000000062e-01 6.971594965485915907e+01
7.580000000000000071e-01 6.987642496200655273e+01
7.590000000000000080e-01 7.003712379240759844e+01
7.600000000000000089e-01 7.019804612411962808e+01
7.610000000000000098e-01 7.035919193512486913e+01
7.620000000000000107e-01 7.052056120333062950e+01
7.630000000000000115e-01 7.068215390656989427e+01
7.640000000000000124e-01 7.084397002260210741e+01
7.650000000000000133e-01 7.100600952911345587e+01
7.660000000000000142e-01 7.116827240371765129e+01
7.670000000000000151e-01 7.133075862395624256e+01
7.680000000000000160e-01 7.149346816729932641e+01
7.690000000000000169e-01 7.165640101114594529e+01
7.700000000000000178e-01 7.181955713282476950e+01
7.710000000000000187e-01 7.198293650959450929e+01
7.720000000000000195e-01 7.214653911864449753e+01
7.730000000000000204e-01 7.231036493709505919e+01
7.740000000000000213e-01 7.247441394199837816e+01
7.750000000000000222e-01 7.263868611033859679e+01
7.760000000000000231e-01 7.280318141903264006e+01
7.770000000000000240e-01 7.296789984493045722e+01
7.780000000000000249e-01 7.313284136481581754e+01
7.790000000000000258e-01 7.329800595540660879e+01
7.800000000000000266e-01 7.346339359335522090e+01
7.810000000000000275e-01 7.362900425524942705e+01
7.820000000000000284e-01 7.379483791761249734e+01
7.830000000000000293e-01 7.396089455690385250e+01
7.840000000000000302e-01 7.412717414951954709e+01
7.850000000000000311e-01 7.429367667179272416e+01
7.860000000000000320e-01 7.446040209999407011e+01
7.870000000000000329e-01 7.462735041033236882e+01
7.880000000000000338e-01 7.479452157895472908e+01
7.890000000000000346e-01 7.496191558194745141e+01
7.900000000000000355e-01 7.512953239533609917e+01
7.910000000000000364e-01 7.529737199508635115e+01
7.920000000000000373e-01 7.546543435710394476e+01
7.930000000000000382e-01 7.563371945723562817e+01
7.940000000000000391e-01 7.580222727126935922e+01
7.950000000000000400e-01 7.597095777493477442e+01
7.960000000000000409e-01 7.613991094390368630e+01
7.970000000000000417e-01 7.630908675379050976e+01
7.980000000000000426e-01 7.647848518015260311e+01
7.990000000000000435e-01 7.664810619849092177e+01
8.000000000000000444e-01 7.681794978425021725e+01
8.010000000000000453e-01 7.698801591281961976e+01
8.020000000000000462e-01 7.715830455953300770e+01
8.030000000000000471e-01 7.732881569966941981e+01
8.040000000000000480e-01 7.749954930845350987e+01
8.050000000000000488e-01 7.767050536105598724e+01
8.060000000000000497e-01 7.784168383259398638e+01
8.070000000000000506e-01 7.801308469813143631e+01
8.080000000000000515e-01 7.818470793267952956e+01
8.090000000000000524e-01 7.835655351119721956e+01
8.100000000000000533e-01 7.852862140859153328e+01
8.110000000000000542e-01 7.870091159971784123e+01
8.120000000000000551e-01 7.887342405938044010e+01
8.130000000000000560e-01 7.904615876233303595e+01
8.140000000000000568e-01 7.921911568327890052e+01
8.150000000000000577e-01 7.939229479687126911e+01
8.160000000000000586e-01 7.956569607771399433e+01
8.170000000000000595e-01 7.973931950036170235e+01
8.180000000000000604e-01 7.991316503932021931e+01
8.190000000000000613e-01 8.008723266904699756e+01
8.200000000000000622e-01 8.026152236395145678e+01
8.210000000000000631e-01 8.043603409839538187e+01
8.220000000000000639e-01 8.061076784669332085e+01
8.230000000000000648e-01 8.078572358311285484e+01
8.240000000000000657e-01 8.096090128187516655e+01
8.250000000000000666e-01 8.113630091715515391e+01
8.260000000000000675e-01 8.131192246308192750e+01
8.270000000000000684e-01 8.148776589373926527e+01
8.280000000000000693e-01 8.166383118316575462e+01
8.290000000000000702e-01 8.184011830535538934e+01
8.300000000000000711e-01 8.201662723425775425e+01
8.310000000000000719e-01 8.219335794377838056e+01
8.320000000000000728e-01 8.237031040777915791e+01
8.329999999999999627e-01 8.254748460007870392e+01
8.339999999999999636e-01 8.272488049445269098e+01
8.349999999999999645e-01 8.290249806463413051e+01
8.359999999999999654e-01 8.308033728431375664e+01
8.369999999999999662e-01 8.325839812714039567e+01
8.379999999999999671e-01 8.343668056672127875e+01
8.389999999999999680e-01 8.361518457662232606e+01
8.399999999999999689e-01 8.379391013036857316e+01
8.409999999999999698e-01 8.397285720144436993e+01
8.419999999999999707e-01 8.415202576329394901e+01
8.429999999999999716e-01 8.433141578932141158e+01
8.439999999999999725e-01 8.451102725289142370e+01
8.449999999999999734e-01 8.469086012732917368e+01
8.459999999999999742e-01 8.487091438592101156e+01
8.469999999999999751e-01 8.505119000191447753e+01
8.479999999999999760e-01 8.523168694851892724e+01
8.489999999999999769e-01 8.541240519890557437e+01
8.499999999999999778e-01 8.559334472620795964e+01
8.509999999999999787e-01 8.577450550352210712e+01
8.519999999999999796e-01 8.595588750390713528e+01
8.529999999999999805e-01 8.613749070038521438e+01
8.539999999999999813e-01 8.631931506594206382e+01
8.549999999999999822e-01 8.650136057352715113e+01
8.559999999999999831e-01 8.668362719605420352e+01
8.569999999999999840e-01 8.686611490640113686e+01
8.579999999999999849e-01 8.704882367741080884e+01
8.589999999999999858e-01 8.723175348189087686e+01
8.599999999999999867e-01 8.741490429261433803e+01
8.609999999999999876e-01 8.759827608231982765e+01
8.619999999999999885e-01 8.778186882371183231e+01
8.629999999999999893e-01 8.796568248946100255e+01
8.639999999999999902e-01 8.814971705220429499e+01
8.649999999999999911e-01 8.833397248454556916e+01
8.659999999999999920e-01 8.851844875905561594e+01
8.669999999999999929e-01 8.870314584827248439e+01
8.679999999999999938e-01 8.888806372470179440e+01
8.689999999999999947e-01 8.907320236081703513e+01
8.699999999999999956e-01 8.925856172905973551e+01
8.709999999999999964e-01 8.944414180183990482e+01
8.719999999999999973e-01 8.962994255153611789e+01
8.729999999999999982e-01 8.981596395049601256e+01
8.739999999999999991e-01 9.000220597103617592e+01
8.750000000000000000e-01 9.018866858544291176e+01
8.760000000000000009e-01 9.037535176597208419e+01
8.770000000000000018e-01 9.056225548484954402e+01
8.780000000000000027e-01 9.074937971427142713e+01
8.790000000000000036e-01 9.093672442640448139e+01
8.800000000000000044e-01 9.112428959338592449e+01
8.810000000000000053e-01 9.131207518732426820e+01
8.820000000000000062e-01 9.150008118029913362e+01
8.830000000000000071e-01 9.168830754436173436e+01
8.840000000000000080e-01 9.187675425153507547e+01
8.850000000000000089e-01 9.206542127381402452e+01
8.860000000000000098e-01 9.225430858316597948e+01
8.870000000000000107e-01 9.244341615153068403e+01
8.880000000000000115e-01 9.263274395082058277e+01
8.890000000000000124e-01 9.282229195292129020e+01
8.900000000000000133e-01 9.301206012969149128e+01
8.910000000000000142e-01 9.320204845296356666e+01
8.920000000000000151e-01 9.339225689454342216e+01
8.930000000000000160e-01 9.358268542621098618e+01
8.940000000000000169e-01 9.377333401972045124e+01
8.950000000000000178e-01 9.396420264680031664e+01
8.960000000000000187e-01 9.415529127915384322e+01
8.970000000000000195e-01 9.434659988845913858e+01
8.980000000000000204e-01 9.453812844636939872e+01
8.990000000000000213e-01 9.472987692451329167e+01
9.000000000000000222e-01 9.492184529449494335e+01
9.010000000000000231e-01 9.511403352789429277e+01
9.020000000000000240e-01 9.530644159626737633e+01
9.030000000000000249e-01 9.549906947114639877e+01
9.040000000000000258e-01 9.569191712404004591e+01
9.050000000000000266e-01 9.588498452643381142e+01
9.060000000000000275e-01 9.607827164978986900e+01
9.070000000000000284e-01 9.627177846554775442e+01
9.080000000000000293e-01 9.646550494512413820e+01
9.090000000000000302e-01 9.665945105991342245e+01
9.100000000000000311e-01 9.685361678128765561e+01
9.110000000000000320e-01 9.704800208059694455e+01
9.120000000000000329e-01 9.724260692916946880e+01
9.130000000000000338e-01 9.743743129831192107e+01
9.140000000000000346e-01 9.763247515930959253e+01
9.150000000000000355e-01 9.782773848342647227e+01
9.160000000000000364e-01 9.802322124190567365e+01
9.170000000000000373e-01 9.821892340596957638e+01
9.180000000000000382e-01 9.841484494681981232e+01
9.190000000000000391e-01 9.861098583563776288e+01
9.200000000000000400e-01 9.880734604358463002e+01
9.210000000000000409e-01 9.900392554180156424e+01
9.220000000000000417e-01 9.920072430141004816e+01
9.230000000000000426e-01 9.939774229351186818e+01
9.240000000000000435e-01 9.959497948918948396e+01
9.250000000000000444e-01 9.979243585950615625e+01
9.260000000000000453e-01 9.999011137550616013e+01
9.270000000000000462e-01 1.001880060082149129e+02
9.280000000000000471e-01 1.003861197286391729e+02
9.290000000000000480e-01 1.005844525077674518e+02
9.300000000000000488e-01 1.007830043165698157e+02
9.310000000000000497e-01 1.009817751259984107e+02
9.320000000000000506e-01 1.011807649069873918e+02
9.330000000000000515e-01 1.013799736304533354e+02
9.340000000000000524e-01 1.015794012672953244e+02
9.350000000000000533e-01 1.017790477883949904e+02
9.360000000000000542e-01 1.019789131646169409e+02
9.370000000000000551e-01 1.021789973668087583e+02
9.380000000000000560e-01 1.023793003658012992e+02
9.390000000000000568e-01 1.025798221324087933e+02
9.400000000000000577e-01 1.027805626374290853e+02
9.410000000000000586e-01 1.029815218516436772e+02
9.420000000000000595e-01 1.031826997458180415e+02
9.430000000000000604e-01 1.033840962907017769e+02
9.440000000000000613e-01 1.035857114570287223e+02
9.450000000000000622e-01 1.037875452155171700e+02
9.460000000000000631e-01 1.039895975368699794e+02
9.470000000000000639e-01 1.041918683917749036e+02
9.480000000000000648e-01 1.043943577509044331e+02
9.490000000000000657e-01 1.045970655849164359e+02
9.500000000000000666e-01 1.047999918644538582e+02
9.510000000000000675e-01 1.050031365601452364e+02
9.520000000000000684e-01 1.052064996426045980e+02
9.530000000000000693e-01 1.054100810824317591e+02
9.540000000000000702e-01 1.056138808502125244e+02
9.550000000000000711e-01 1.058178989165188568e+02
9.560000000000000719e-01 1.060221352519087645e+02
9.570000000000000728e-01 1.062265898269268973e+02
9.580000000000000737e-01 1.064312626121043763e+02
9.590000000000000746e-01 1.066361535779589929e+02
9.599999999999999645e-01 1.068412626949955495e+02
9.609999999999999654e-01 1.070465899337058033e+02
9.619999999999999662e-01 1.072521352645687784e+02
9.629999999999999671e-01 1.074578986580507944e+02
9.639999999999999680e-01 1.076638800846056085e+02
9.649999999999999689e-01 1.078700795146748135e+02
9.659999999999999698e-01 1.080764969186876101e+02
9.669999999999999707e-01 1.082831322670612622e+02
9.679999999999999716e-01 1.084899855302011815e+02
9.689999999999999725e-01 1.086970566785008998e+02
9.699999999999999734e-01 1.089043456823424378e+02
9.709999999999999742e-01 1.091118525120963056e+02
9.719999999999999751e-01 1.093195771381217583e+02
9.729999999999999760e-01 1.095275195307668810e+02
9.739999999999999769e-01 1.097356796603684757e+02
9.749999999999999778e-01 1.099440574972529987e+02
9.759999999999999787e-01 1.101526530117357083e+02
9.769999999999999796e-01 1.103614661741212899e+02
9.779999999999999805e-01 1.105704969547043106e+02
9.789999999999999813e-01 1.107797453237686227e+02
9.799999999999999822e-01 1.109892112515881877e+02
9.809999999999999831e-01 1.111988947084266499e+02
9.819999999999999840e-01 1.114087956645380757e+02
9.829999999999999849e-01 1.116189140901663563e+02
9.839999999999999858e-01 1.118292499555461461e+02
9.849999999999999867e-01 1.120398032309023222e+02
9.859999999999999876e-01 1.122505738864503826e+02
9.869999999999999885e-01 1.124615618923968157e+02
9.879999999999999893e-01 1.126727672189388727e+02
9.889999999999999902e-01 1.128841898362647100e+02
9.899999999999999911e-01 1.130958297145537301e+02
9.909999999999999920e-01 1.133076868239767236e+02
9.919999999999999929e-01 1.135197611346958126e+02
9.929999999999999938e-01 1.137320526168644790e+02
9.939999999999999947e-01 1.139445612406281612e+02
9.949999999999999956e-01 1.141572869761238280e+02
9.959999999999999964e-01 1.143702297934806893e+02
9.969999999999999973e-01 1.145833896628195703e+02
9.979999999999999982e-01 1.147967665542538214e+02
9.989999999999999991e-01 1.150103604378889486e+02
1.000000000000000000e+00 1.152241712838227556e+02
