0.000000000000000000e+00 0.000000000000000000e+00
1.000000000000000021e-03 8.414568735454333037e-01
2.000000000000000042e-03 1.237132372790880730e+00
3.000000000000000062e-03 1.540965595926605314e+00
4.000000000000000083e-03 1.796401604772712046e+00
5.000000000000000104e-03 2.020884465750945491e+00
6.000000000000000125e-03 2.223532567832787521e+00
7.000000000000000146e-03 2.409823547918983788e+00
8.000000000000000167e-03 2.583349840342820780e+00
9.000000000000001055e-03 2.746615476975823977e+00
1.000000000000000021e-02 2.901446023984627587e+00
1.099999999999999936e-02 3.049219208960962213e+00
1.200000000000000025e-02 3.191003712453344132e+00
1.300000000000000114e-02 3.327647218162072651e+00
1.400000000000000029e-02 3.459834699269414227e+00
1.499999999999999944e-02 3.588128378453467437e+00
1.600000000000000033e-02 3.712995941508165920e+00
1.700000000000000122e-02 3.834830962789454567e+00
1.800000000000000211e-02 3.953968015265657332e+00
1.899999999999999953e-02 4.070694060845163165e+00
2.000000000000000042e-02 4.185257180031583424e+00
2.100000000000000130e-02 4.297873361340215581e+00
2.199999999999999872e-02 4.408731851357785558e+00
2.299999999999999961e-02 4.517999420508052921e+00
2.400000000000000050e-02 4.625823800636095662e+00
2.500000000000000139e-02 4.732336482071330508e+00
2.600000000000000228e-02 4.837655009642254811e+00
2.699999999999999969e-02 4.941884882654027145e+00
2.800000000000000058e-02 5.045121138835728658e+00
2.900000000000000147e-02 5.147449683880751081e+00
2.999999999999999889e-02 5.248948414522843109e+00
3.099999999999999978e-02 5.349688172794155427e+00
3.200000000000000067e-02 5.449733561282054772e+00
3.300000000000000155e-02 5.549143643189998976e+00
3.400000000000000244e-02 5.647972546350318979e+00
3.500000000000000333e-02 5.746269986698577803e+00
3.600000000000000422e-02 5.844081723854309018e+00
3.699999999999999817e-02 5.941449959180799212e+00
3.799999999999999906e-02 6.038413684881756005e+00
3.899999999999999994e-02 6.135008991234080611e+00
4.000000000000000083e-02 6.231269337876046421e+00
4.100000000000000172e-02 6.327225794110360013e+00
4.200000000000000261e-02 6.422907252396758970e+00
4.300000000000000350e-02 6.518340618563091660e+00
4.399999999999999745e-02 6.613550981730773159e+00
4.499999999999999833e-02 6.708561766507706636e+00
4.599999999999999922e-02 6.803394869632663600e+00
4.700000000000000011e-02 6.898070782946082780e+00
4.800000000000000100e-02 6.992608704302391232e+00
4.900000000000000189e-02 7.087026637819636932e+00
5.000000000000000278e-02 7.181341484676438292e+00
5.100000000000000366e-02 7.275569125508467572e+00
5.200000000000000455e-02 7.369724495321730018e+00
5.299999999999999850e-02 7.463821651724989792e+00
5.399999999999999939e-02 7.557873837184460264e+00
5.500000000000000028e-02 7.651893535918831368e+00
5.600000000000000117e-02 7.745892525979168219e+00
5.700000000000000205e-02 7.839881926994574535e+00
5.800000000000000294e-02 7.933872244009060104e+00
5.900000000000000383e-02 8.027873407787321725e+00
5.999999999999999778e-02 8.121894811924608604e+00
6.099999999999999867e-02 8.215945347059891546e+00
6.199999999999999956e-02 8.310033432458617142e+00
6.300000000000000044e-02 8.404167045203593034e+00
6.400000000000000133e-02 8.498353747207634257e+00
6.500000000000000222e-02 8.592600710239194584e+00
6.600000000000000311e-02 8.686914739133600349e+00
6.700000000000000400e-02 8.781302293344415588e+00
6.800000000000000488e-02 8.875769506975055734e+00
6.900000000000000577e-02 8.970322207416632665e+00
7.000000000000000666e-02 9.064965932706300578e+00
7.100000000000000755e-02 9.159705947709289475e+00
7.200000000000000844e-02 9.254547259218659505e+00
7.299999999999999545e-02 9.349494630057648692e+00
7.399999999999999634e-02 9.444552592262262181e+00
7.499999999999999722e-02 9.539725459414478692e+00
7.599999999999999811e-02 9.635017338190534630e+00
7.699999999999999900e-02 9.730432139182733309e+00
7.799999999999999989e-02 9.825973587048803637e+00
7.900000000000000078e-02 9.921645230037348995e+00
8.000000000000000167e-02 1.001745044893499248e+01
8.100000000000000255e-02 1.011339246547585091e+01
8.200000000000000344e-02 1.020947435025163941e+01
8.300000000000000433e-02 1.030569903015693001e+01
8.400000000000000522e-02 1.040206929540164715e+01
8.500000000000000611e-02 1.049858780612030706e+01
8.600000000000000699e-02 1.059525709860511533e+01
8.700000000000000788e-02 1.069207959118787521e+01
8.799999999999999489e-02 1.078905758979413321e+01
8.899999999999999578e-02 1.088619329319058870e+01
8.999999999999999667e-02 1.098348879794584221e+01
9.099999999999999756e-02 1.108094610312257444e+01
9.199999999999999845e-02 1.117856711471832476e+01
9.299999999999999933e-02 1.127635364987042621e+01
9.400000000000000022e-02 1.137430744083986767e+01
9.500000000000000111e-02 1.147243013878747320e+01
9.600000000000000200e-02 1.157072331735519555e+01
9.700000000000000289e-02 1.166918847606415177e+01
9.800000000000000377e-02 1.176782704354025277e+01
9.900000000000000466e-02 1.186664038057779180e+01
1.000000000000000056e-01 1.196562978305033731e+01
1.010000000000000064e-01 1.206479648467775334e+01
1.020000000000000073e-01 1.216414165965779581e+01
1.030000000000000082e-01 1.226366642516967254e+01
1.040000000000000091e-01 1.236337184375722664e+01
1.049999999999999961e-01 1.246325892559796422e+01
1.059999999999999970e-01 1.256332863066477223e+01
1.069999999999999979e-01 1.266358187078579256e+01
1.079999999999999988e-01 1.276401951160829107e+01
1.089999999999999997e-01 1.286464237447155767e+01
1.100000000000000006e-01 1.296545123819370815e+01
1.110000000000000014e-01 1.306644684077715901e+01
1.120000000000000023e-01 1.316762988103677046e+01
1.130000000000000032e-01 1.326900102015490468e+01
1.140000000000000041e-01 1.337056088316712987e+01
1.150000000000000050e-01 1.347231006038220613e+01
1.160000000000000059e-01 1.357424910873951163e+01
1.170000000000000068e-01 1.367637855310733208e+01
1.180000000000000077e-01 1.377869888752480421e+01
1.190000000000000085e-01 1.388121057639039435e+01
1.199999999999999956e-01 1.398391405559966749e+01
1.209999999999999964e-01 1.408680973363453326e+01
1.219999999999999973e-01 1.418989799260664597e+01
1.229999999999999982e-01 1.429317918925710273e+01
1.239999999999999991e-01 1.439665365591444690e+01
1.250000000000000000e-01 1.450032170141292198e+01
1.260000000000000009e-01 1.460418361197328885e+01
1.270000000000000018e-01 1.470823965204718142e+01
1.280000000000000027e-01 1.481249006512766186e+01
1.290000000000000036e-01 1.491693507452652412e+01
1.300000000000000044e-01 1.502157488412097486e+01
1.310000000000000053e-01 1.512640967907005241e+01
1.320000000000000062e-01 1.523143962650289218e+01
1.330000000000000071e-01 1.533666487617975349e+01
1.340000000000000080e-01 1.544208556112715591e+01
1.350000000000000089e-01 1.554770179824833676e+01
1.360000000000000098e-01 1.565351368890987160e+01
1.370000000000000107e-01 1.575952131950575996e+01
1.380000000000000115e-01 1.586572476200005433e+01
1.390000000000000124e-01 1.597212407444838433e+01
1.400000000000000133e-01 1.607871930150021456e+01
1.410000000000000142e-01 1.618551047488159966e+01
1.420000000000000151e-01 1.629249761386033057e+01
1.430000000000000160e-01 1.639968072569332236e+01
1.440000000000000169e-01 1.650705980605760814e+01
1.449999999999999900e-01 1.661463483946516106e+01
1.459999999999999909e-01 1.672240579966275220e+01
1.469999999999999918e-01 1.683037265001692617e+01
1.479999999999999927e-01 1.693853534388501814e+01
1.489999999999999936e-01 1.704689382497270600e+01
1.499999999999999944e-01 1.715544802767871246e+01
1.509999999999999953e-01 1.726419787742697665e+01
1.519999999999999962e-01 1.737314329098717280e+01
1.529999999999999971e-01 1.748228417678343760e+01
1.539999999999999980e-01 1.759162043519259555e+01
1.549999999999999989e-01 1.770115195883153092e+01
1.559999999999999998e-01 1.781087863283451611e+01
1.570000000000000007e-01 1.792080033512092285e+01
1.580000000000000016e-01 1.803091693665357198e+01
1.590000000000000024e-01 1.814122830168799894e+01
1.600000000000000033e-01 1.825173428801324604e+01
1.610000000000000042e-01 1.836243474718420643e+01
1.620000000000000051e-01 1.847332952474619816e+01
1.630000000000000060e-01 1.858441846045163004e+01
1.640000000000000069e-01 1.869570138846950869e+01
1.650000000000000078e-01 1.880717813758754531e+01
1.660000000000000087e-01 1.891884853140784273e+01
1.670000000000000095e-01 1.903071238853554803e+01
1.680000000000000104e-01 1.914276952276155441e+01
1.690000000000000113e-01 1.925501974323877974e+01
1.700000000000000122e-01 1.936746285465270745e+01
1.710000000000000131e-01 1.948009865738648472e+01
1.720000000000000140e-01 1.959292694767994902e+01
1.730000000000000149e-01 1.970594751778414633e+01
1.740000000000000158e-01 1.981916015611015780e+01
1.750000000000000167e-01 1.993256464737341460e+01
1.759999999999999898e-01 2.004616077273309926e+01
1.769999999999999907e-01 2.015994830992709552e+01
1.779999999999999916e-01 2.027392703340252922e+01
1.789999999999999925e-01 2.038809671444205662e+01
1.799999999999999933e-01 2.050245712128609554e+01
1.809999999999999942e-01 2.061700801925105253e+01
1.819999999999999951e-01 2.073174917084390501e+01
1.829999999999999960e-01 2.084668033587291092e+01
1.839999999999999969e-01 2.096180127155490069e+01
1.849999999999999978e-01 2.107711173261909465e+01
1.859999999999999987e-01 2.119261147140767676e+01
1.869999999999999996e-01 2.130830023797307504e+01
1.880000000000000004e-01 2.142417778017232166e+01
1.890000000000000013e-01 2.154024384375813739e+01
1.900000000000000022e-01 2.165649817246752917e+01
1.910000000000000031e-01 2.177294050810728621e+01
1.920000000000000040e-01 2.188957059063694999e+01
1.930000000000000049e-01 2.200638815824909855e+01
1.940000000000000058e-01 2.212339294744716511e+01
1.950000000000000067e-01 2.224058469312084441e+01
1.960000000000000075e-01 2.235796312861915780e+01
1.970000000000000084e-01 2.247552798582102795e+01
1.980000000000000093e-01 2.259327899520407001e+01
1.990000000000000102e-01 2.271121588591083906e+01
2.000000000000000111e-01 2.282933838581335451e+01
2.010000000000000120e-01 2.294764622157527967e+01
2.020000000000000129e-01 2.306613911871263056e+01
2.030000000000000138e-01 2.318481680165210435e+01
2.040000000000000147e-01 2.330367899378803287e+01
2.050000000000000155e-01 2.342272541753735027e+01
2.060000000000000164e-01 2.354195579439292629e+01
2.070000000000000173e-01 2.366136984497531870e+01
2.080000000000000182e-01 2.378096728908282032e+01
2.089999999999999913e-01 2.390074784574004951e+01
2.099999999999999922e-01 2.402071123324516577e+01
2.109999999999999931e-01 2.414085716921522717e+01
2.119999999999999940e-01 2.426118537063084091e+01
2.129999999999999949e-01 2.438169555387863596e+01
2.139999999999999958e-01 2.450238743479322068e+01
2.149999999999999967e-01 2.462326072869718629e+01
2.159999999999999976e-01 2.474431515044041774e+01
2.169999999999999984e-01 2.486555041443785186e+01
2.179999999999999993e-01 2.498696623470632261e+01
2.190000000000000002e-01 2.510856232489995676e+01
2.200000000000000011e-01 2.523033839834497982e+01
2.210000000000000020e-01 2.535229416807291969e+01
2.220000000000000029e-01 2.547442934685323479e+01
2.230000000000000038e-01 2.559674364722464546e+01
2.240000000000000047e-01 2.571923678152568726e+01
2.250000000000000056e-01 2.584190846192426960e+01
2.260000000000000064e-01 2.596475840044633188e+01
2.270000000000000073e-01 2.608778630900340545e+01
2.280000000000000082e-01 2.621099189942000152e+01
2.290000000000000091e-01 2.633437488345912669e+01
2.300000000000000100e-01 2.645793497284812545e+01
2.310000000000000109e-01 2.658167187930276398e+01
2.320000000000000118e-01 2.670558531455118256e+01
2.330000000000000127e-01 2.682967499035697756e+01
2.340000000000000135e-01 2.695394061854133483e+01
2.350000000000000144e-01 2.707838191100481851e+01
2.360000000000000153e-01 2.720299857974821123e+01
2.370000000000000162e-01 2.732779033689286763e+01
2.380000000000000171e-01 2.745275689470042479e+01
2.390000000000000180e-01 2.757789796559172046e+01
2.399999999999999911e-01 2.770321326216538793e+01
2.409999999999999920e-01 2.782870249721569067e+01
2.419999999999999929e-01 2.795436538374987023e+01
2.429999999999999938e-01 2.808020163500477651e+01
2.439999999999999947e-01 2.820621096446337717e+01
2.449999999999999956e-01 2.833239308587026883e+01
2.459999999999999964e-01 2.845874771324687202e+01
2.469999999999999973e-01 2.858527456090647334e+01
2.479999999999999982e-01 2.871197334346818408e+01
2.489999999999999991e-01 2.883884377587080650e+01
2.500000000000000000e-01 2.896588557338635894e+01
2.510000000000000009e-01 2.909309845163297581e+01
2.520000000000000018e-01 2.922048212658719635e+01
2.530000000000000027e-01 2.934803631459635298e+01
2.540000000000000036e-01 2.947576073239016381e+01
2.550000000000000044e-01 2.960365509709202314e+01
2.560000000000000053e-01 2.973171912622998292e+01
2.570000000000000062e-01 2.985995253774731140e+01
2.580000000000000071e-01 2.998835505001292390e+01
2.590000000000000080e-01 3.011692638183088988e+01
2.600000000000000089e-01 3.024566625245022777e+01
2.610000000000000098e-01 3.037457438157423439e+01
2.620000000000000107e-01 3.050365048936910028e+01
2.630000000000000115e-01 3.063289429647280215e+01
2.640000000000000124e-01 3.076230552400314977e+01
2.650000000000000133e-01 3.089188389356600695e+01
2.660000000000000142e-01 3.102162912726296540e+01
2.670000000000000151e-01 3.115154094769869886e+01
2.680000000000000160e-01 3.128161907798822483e+01
2.690000000000000169e-01 3.141186324176402778e+01
2.700000000000000178e-01 3.154227316318230478e+01
2.710000000000000187e-01 3.167284856692980810e+01
2.720000000000000195e-01 3.180358917822985632e+01
2.730000000000000204e-01 3.193449472284826030e+01
2.740000000000000213e-01 3.206556492709925266e+01
2.750000000000000222e-01 3.219679951785075644e+01
2.760000000000000231e-01 3.232819822252982078e+01
2.770000000000000240e-01 3.245976076912781139e+01
2.780000000000000249e-01 3.259148688620506107e+01
2.790000000000000258e-01 3.272337630289591459e+01
2.800000000000000266e-01 3.285542874891280718e+01
2.810000000000000275e-01 3.298764395455093279e+01
2.820000000000000284e-01 3.312002165069233683e+01
2.830000000000000293e-01 3.325256156880973890e+01
2.840000000000000302e-01 3.338526344097039811e+01
2.850000000000000311e-01 3.351812699983980082e+01
2.860000000000000320e-01 3.365115197868514230e+01
2.870000000000000329e-01 3.378433811137846732e+01
2.880000000000000338e-01 3.391768513240008787e+01
2.889999999999999791e-01 3.405119277684132584e+01
2.899999999999999800e-01 3.418486078040768206e+01
2.909999999999999809e-01 3.431868887942122370e+01
2.919999999999999818e-01 3.445267681082347622e+01
2.929999999999999827e-01 3.458682431217776809e+01
2.939999999999999836e-01 3.472113112167145488e+01
2.949999999999999845e-01 3.485559697811829238e+01
2.959999999999999853e-01 3.499022162096044752e+01
2.969999999999999862e-01 3.512500479027042388e+01
2.979999999999999871e-01 3.525994622675298018e+01
2.989999999999999880e-01 3.539504567174688532e+01
2.999999999999999889e-01 3.553030286722638209e+01
3.009999999999999898e-01 3.566571755580287828e+01
3.019999999999999907e-01 3.580128948072632511e+01
3.029999999999999916e-01 3.593701838588658859e+01
3.039999999999999925e-01 3.607290401581441586e+01
3.049999999999999933e-01 3.620894611568282073e+01
3.059999999999999942e-01 3.634514443130815664e+01
3.069999999999999951e-01 3.648149870915086268e+01
3.079999999999999960e-01 3.661800869631625233e+01
3.089999999999999969e-01 3.675467414055569293e+01
3.099999999999999978e-01 3.689149479026685441e+01
3.109999999999999987e-01 3.702847039449461874e+01
3.119999999999999996e-01 3.716560070293130025e+01
3.130000000000000004e-01 3.730288546591749821e+01
3.140000000000000013e-01 3.744032443444221769e+01
3.150000000000000022e-01 3.757791736014308270e+01
3.160000000000000031e-01 3.771566399530700409e+01
3.170000000000000040e-01 3.785356409286986690e+01
3.180000000000000049e-01 3.799161740641691409e+01
3.190000000000000058e-01 3.812982369018272522e+01
3.200000000000000067e-01 3.826818269905120928e+01
3.210000000000000075e-01 3.840669418855548400e+01
3.220000000000000084e-01 3.854535791487787577e+01
3.230000000000000093e-01 3.868417363484952887e+01
3.240000000000000102e-01 3.882314110595027756e+01
3.250000000000000111e-01 3.896226008630839033e+01
3.260000000000000120e-01 3.910153033469998718e+01
3.270000000000000129e-01 3.924095161054903258e+01
3.280000000000000138e-01 3.938052367392655384e+01
3.290000000000000147e-01 3.952024628555011532e+01
3.300000000000000155e-01 3.966011920678356972e+01
3.310000000000000164e-01 3.980014219963621258e+01
3.320000000000000173e-01 3.994031502676229906e+01
3.330000000000000182e-01 4.008063745146019130e+01
3.340000000000000191e-01 4.022110923767183266e+01
3.350000000000000200e-01 4.036173014998196606e+01
3.360000000000000209e-01 4.050249995361706823e+01
3.370000000000000218e-01 4.064341841444500147e+01
3.380000000000000226e-01 4.078448529897365660e+01
3.390000000000000235e-01 4.092570037435040575e+01
3.400000000000000244e-01 4.106706340836095137e+01
3.410000000000000253e-01 4.120857416942853035e+01
3.420000000000000262e-01 4.135023242661261378e+01
3.430000000000000271e-01 4.149203794960835978e+01
3.440000000000000280e-01 4.163399050874500062e+01
3.450000000000000289e-01 4.177608987498518900e+01
3.460000000000000298e-01 4.191833581992358404e+01
3.470000000000000306e-01 4.206072811578591342e+01
3.480000000000000315e-01 4.220326653542768724e+01
3.490000000000000324e-01 4.234595085233295464e+01
3.500000000000000333e-01 4.248878084061323790e+01
3.510000000000000342e-01 4.263175627500616827e+01
3.519999999999999796e-01 4.277487693087418563e+01
3.529999999999999805e-01 4.291814258420335193e+01
3.539999999999999813e-01 4.306155301160201532e+01
3.549999999999999822e-01 4.320510799029939619e+01
3.559999999999999831e-01 4.334880729814417322e+01
3.569999999999999840e-01 4.349265071360350987e+01
3.579999999999999849e-01 4.363663801576107204e+01
3.589999999999999858e-01 4.378076898431610431e+01
3.599999999999999867e-01 4.392504339958168202e+01
3.609999999999999876e-01 4.406946104248337548e+01
3.619999999999999885e-01 4.421402169455802778e+01
3.629999999999999893e-01 4.435872513795179373e+01
3.639999999999999902e-01 4.450357115541902431e+01
3.649999999999999911e-01 4.464855953032066793e+01
3.659999999999999920e-01 4.479369004662271436e+01
3.669999999999999929e-01 4.493896248889453204e+01
3.679999999999999938e-01 4.508437664230773834e+01
3.689999999999999947e-01 4.522993229263409631e+01
3.699999999999999956e-01 4.537562922624437078e+01
3.709999999999999964e-01 4.552146723010652352e+01
3.719999999999999973e-01 4.566744609178419267e+01
3.729999999999999982e-01 4.581356559943514384e+01
3.739999999999999991e-01 4.595982554180944391e+01
3.750000000000000000e-01 4.610622570824813948e+01
3.760000000000000009e-01 4.625276588868145922e+01
3.770000000000000018e-01 4.639944587362701611e+01
3.780000000000000027e-01 4.654626545418858541e+01
3.790000000000000036e-01 4.669322442205396584e+01
3.800000000000000044e-01 4.684032256949370776e+01
3.810000000000000053e-01 4.698755968935912364e+01
3.820000000000000062e-01 4.713493557508092380e+01
3.830000000000000071e-01 4.728245002066729796e+01
3.840000000000000080e-01 4.743010282070219574e+01
3.850000000000000089e-01 4.757789377034386291e+01
3.860000000000000098e-01 4.772582266532302953e+01
3.870000000000000107e-01 4.787388930194104830e+01
3.880000000000000115e-01 4.802209347706834563e+01
3.890000000000000124e-01 4.817043498814285130e+01
3.900000000000000133e-01 4.831891363316781707e+01
3.910000000000000142e-01 4.846752921071063014e+01
3.920000000000000151e-01 4.861628151990074542e+01
3.930000000000000160e-01 4.876517036042790210e+01
3.940000000000000169e-01 4.891419553254075225e+01
3.950000000000000178e-01 4.906335683704477191e+01
3.960000000000000187e-01 4.921265407530069069e+01
3.970000000000000195e-01 4.936208704922276524e+01
3.980000000000000204e-01 4.951165556127677547e+01
3.990000000000000213e-01 4.966135941447873847e+01
4.000000000000000222e-01 4.981119841239273427e+01
4.010000000000000231e-01 4.996117235912942789e+01
4.020000000000000240e-01 5.011128105934412247e+01
4.030000000000000249e-01 5.026152431823526001e+01
4.040000000000000258e-01 5.041190194154234661e+01
4.050000000000000266e-01 5.056241373554438212e+01
4.060000000000000275e-01 5.071305950705826859e+01
4.070000000000000284e-01 5.086383906343674255e+01
4.080000000000000293e-01 5.101475221256671944e+01
4.090000000000000302e-01 5.116579876286778017e+01
4.100000000000000311e-01 5.131697852329003950e+01
4.110000000000000320e-01 5.146829130331251889e+01
4.120000000000000329e-01 5.161973691294177513e+01
4.130000000000000338e-01 5.177131516270949163e+01
4.140000000000000346e-01 5.192302586367122075e+01
4.150000000000000355e-01 5.207486882740445111e+01
4.160000000000000364e-01 5.222684386600698048e+01
4.169999999999999818e-01 5.237895079209489779e+01
4.179999999999999827e-01 5.253118941880114789e+01
4.189999999999999836e-01 5.268355955977369831e+01
4.199999999999999845e-01 5.283606102917363501e+01
4.209999999999999853e-01 5.298869364167359208e+01
4.219999999999999862e-01 5.314145721245607490e+01
4.229999999999999871e-01 5.329435155721154160e+01
4.239999999999999880e-01 5.344737649213671205e+01
4.249999999999999889e-01 5.360053183393291931e+01
4.259999999999999898e-01 5.375381739980434759e+01
4.269999999999999907e-01 5.390723300745644764e+01
4.279999999999999916e-01 5.406077847509379097e+01
4.289999999999999925e-01 5.421445362141876956e+01
4.299999999999999933e-01 5.436825826562981234e+01
4.309999999999999942e-01 5.452219222741944549e+01
4.319999999999999951e-01 5.467625532697288548e+01
4.329999999999999960e-01 5.483044738496609227e+01
4.339999999999999969e-01 5.498476822256420604e+01
4.349999999999999978e-01 5.513921766141975667e+01
4.359999999999999987e-01 5.529379552367097972e+01
4.369999999999999996e-01 5.544850163194018933e+01
4.380000000000000004e-01 5.560333580933215814e+01
4.390000000000000013e-01 5.575829787943210647e+01
4.400000000000000022e-01 5.591338766630440205e+01
4.410000000000000031e-01 5.606860499449062729e+01
4.420000000000000040e-01 5.622394968900803747e+01
4.430000000000000049e-01 5.637942157534784116e+01
4.440000000000000058e-01 5.653502047947358022e+01
4.450000000000000067e-01 5.669074622781928241e+01
4.460000000000000075e-01 5.684659864728803313e+01
4.470000000000000084e-01 5.700257756525029151e+01
4.480000000000000093e-01 5.715868280954209979e+01
4.490000000000000102e-01 5.731491420846352725e+01
4.500000000000000111e-01 5.747127159077699332e+01
4.510000000000000120e-01 5.762775478570581100e+01
4.520000000000000129e-01 5.778436362293214046e+01
4.530000000000000138e-01 5.794109793259574559e+01
4.540000000000000147e-01 5.809795754529241663e+01
4.550000000000000155e-01 5.825494229207193086e+01
4.560000000000000164e-01 5.841205200443668843e+01
4.570000000000000173e-01 5.856928651434026278e+01
4.580000000000000182e-01 5.872664565418543248e+01
4.590000000000000191e-01 5.888412925682302301e+01
4.600000000000000200e-01 5.904173715554986046e+01
4.610000000000000209e-01 5.919946918410742853e+01
4.620000000000000218e-01 5.935732517668029118e+01
4.630000000000000226e-01 5.951530496789435887e+01
4.640000000000000235e-01 5.967340839281547460e+01
4.650000000000000244e-01 5.983163528694785072e+01
4.660000000000000253e-01 5.998998548623228544e+01
4.670000000000000262e-01 6.014845882704479152e+01
4.680000000000000271e-01 6.030705514619496910e+01
4.690000000000000280e-01 6.046577428092454909e+01
4.700000000000000289e-01 6.062461606890569499e+01
4.710000000000000298e-01 6.078358034823961731e+01
4.720000000000000306e-01 6.094266695745483986e+01
4.730000000000000315e-01 6.110187573550576445e+01
4.740000000000000324e-01 6.126120652177132087e+01
4.750000000000000333e-01 6.142065915605318338e+01
4.760000000000000342e-01 6.158023347857432839e+01
4.770000000000000351e-01 6.173992932997755645e+01
4.780000000000000360e-01 6.189974655132401438e+01
4.790000000000000369e-01 6.205968498409160361e+01
4.799999999999999822e-01 6.221974447017362309e+01
4.809999999999999831e-01 6.237992485187712077e+01
4.819999999999999840e-01 6.254022597192140154e+01
4.829999999999999849e-01 6.270064767343680501e+01
4.839999999999999858e-01 6.286118979996287948e+01
4.849999999999999867e-01 6.302185219544705319e+01
4.859999999999999876e-01 6.318263470424339090e+01
4.869999999999999885e-01 6.334353717111071802e+01
4.879999999999999893e-01 6.350455944121156193e+01
4.889999999999999902e-01 6.366570136011031877e+01
4.899999999999999911e-01 6.382696277377220895e+01
4.909999999999999920e-01 6.398834352856148655e+01
4.919999999999999929e-01 6.414984347124020303e+01
4.929999999999999938e-01 6.431146244896675057e+01
4.939999999999999947e-01 6.447320030929446943e+01
4.949999999999999956e-01 6.463505690017007055e+01
4.959999999999999964e-01 6.479703206993238496e+01
4.969999999999999973e-01 6.495912566731085747e+01
4.979999999999999982e-01 6.512133754142411135e+01
4.989999999999999991e-01 6.528366754177892517e+01
5.000000000000000000e-01 6.544611551826820062e+01
5.010000000000000009e-01 6.560868132117025198e+01
5.020000000000000018e-01 6.577136480114660344e+01
5.030000000000000027e-01 6.593416580924147752e+01
5.040000000000000036e-01 6.609708419688004710e+01
5.050000000000000044e-01 6.626011981586688648e+01
5.060000000000000053e-01 6.642327251838477764e+01
5.070000000000000062e-01 6.658654215699353074e+01
5.080000000000000071e-01 6.674992858462822198e+01
5.090000000000000080e-01 6.691343165459846887e+01
5.100000000000000089e-01 6.707705122058625591e+01
5.110000000000000098e-01 6.724078713664530937e+01
5.120000000000000107e-01 6.740463925719949145e+01
5.130000000000000115e-01 6.756860743704137917e+01
5.140000000000000124e-01 6.773269153133125542e+01
5.150000000000000133e-01 6.789689139559554576e+01
5.160000000000000142e-01 6.806120688572528366e+01
5.170000000000000151e-01 6.822563785797547098e+01
5.180000000000000160e-01 6.839018416896315955e+01
5.190000000000000169e-01 6.855484567566634269e+01
5.200000000000000178e-01 6.871962223542287518e+01
5.210000000000000187e-01 6.888451370592906642e+01
5.220000000000000195e-01 6.904951994523808878e+01
5.230000000000000204e-01 6.921464081175923866e+01
5.240000000000000213e-01 6.937987616425614590e+01
5.250000000000000222e-01 6.954522586184603483e+01
5.260000000000000231e-01 6.971068976399799055e+01
5.270000000000000240e-01 6.987626773053189311e+01
5.280000000000000249e-01 7.004195962161749378e+01
5.290000000000000258e-01 7.020776529777249664e+01
5.300000000000000266e-01 7.037368461986187640e+01
5.310000000000000275e-01 7.053971744909628683e+01
5.320000000000000284e-01 7.070586364703126492e+01
5.330000000000000293e-01 7.087212307556553981e+01
5.340000000000000302e-01 7.103849559693996696e+01
5.350000000000000311e-01 7.120498107373649077e+01
5.360000000000000320e-01 7.137157936887690823e+01
5.370000000000000329e-01 7.153829034562123468e+01
5.380000000000000338e-01 7.170511386756706429e+01
5.390000000000000346e-01 7.187204979864807797e+01
5.400000000000000355e-01 7.203909800313282119e+01
5.410000000000000364e-01 7.220625834562390821e+01
5.420000000000000373e-01 7.237353069105617465e+01
5.430000000000000382e-01 7.254091490469615167e+01
5.440000000000000391e-01 7.270841085214046018e+01
5.450000000000000400e-01 7.287601839931481607e+01
5.460000000000000409e-01 7.304373741247302121e+01
5.470000000000000417e-01 7.321156775819538609e+01
5.480000000000000426e-01 7.337950930338789135e+01
5.490000000000000435e-01 7.354756191528124987e+01
5.500000000000000444e-01 7.371572546142920146e+01
5.510000000000000453e-01 7.388399980970766023e+01
5.520000000000000462e-01 7.405238482831390456e+01
5.530000000000000471e-01 7.422088038576475810e+01
5.540000000000000480e-01 7.438948635089607819e+01
5.550000000000000488e-01 7.455820259286119267e+01
5.560000000000000497e-01 7.472702898113034564e+01
5.570000000000000506e-01 7.489596538548897797e+01
5.580000000000000515e-01 7.506501167603693148e+01
5.590000000000000524e-01 7.523416772318725521e+01
5.600000000000000533e-01 7.540343339766531017e+01
5.610000000000000542e-01 7.557280857050723455e+01
5.620000000000000551e-01 7.574229311305947476e+01
5.630000000000000560e-01 7.591188689697719383e+01
5.640000000000000568e-01 7.608158979422344714e+01
5.650000000000000577e-01 7.625140167706778982e+01
5.660000000000000586e-01 7.642132241808579352e+01
5.670000000000000595e-01 7.659135189015754008e+01
5.680000000000000604e-01 7.676148996646655576e+01
5.690000000000000613e-01 7.693173652049873112e+01
5.700000000000000622e-01 7.710209142604188060e+01
5.710000000000000631e-01 7.727255455718373867e+01
5.720000000000000639e-01 7.744312578831157623e+01
5.730000000000000648e-01 7.761380499411104950e+01
5.740000000000000657e-01 7.778459204956489259e+01
5.750000000000000666e-01 7.795548682995223544e+01
5.760000000000000675e-01 7.812648921084762321e+01
5.769999999999999574e-01 7.829759906811923997e+01
5.779999999999999583e-01 7.846881627792906500e+01
5.789999999999999591e-01 7.864014071673086903e+01
5.799999999999999600e-01 7.881157226126970272e+01
5.809999999999999609e-01 7.898311078858084500e+01
5.819999999999999618e-01 7.915475617598868041e+01
5.829999999999999627e-01 7.932650830110570439e+01
5.839999999999999636e-01 7.949836704183169900e+01
5.849999999999999645e-01 7.967033227635262449e+01
5.859999999999999654e-01 7.984240388313943981e+01
5.869999999999999662e-01 8.001458174094749154e+01
5.879999999999999671e-01 8.018686572881540542e+01
5.889999999999999680e-01 8.035925572606396372e+01
5.899999999999999689e-01 8.053175161229557943e+01
5.909999999999999698e-01 8.070435326739259096e+01
5.919999999999999707e-01 8.087706057151685002e+01
5.929999999999999716e-01 8.104987340510871263e+01
5.939999999999999725e-01 8.122279164888611547e+01
5.949999999999999734e-01 8.139581518384333947e+01
5.959999999999999742e-01 8.156894389125028511e+01
5.969999999999999751e-01 8.174217765265169078e+01
5.979999999999999760e-01 8.191551634986568331e+01
5.989999999999999769e-01 8.208895986498350794e+01
5.999999999999999778e-01 8.226250808036807882e+01
6.009999999999999787e-01 8.243616087865328268e+01
6.019999999999999796e-01 8.260991814274298406e+01
6.029999999999999805e-01 8.278377975581035741e+01
6.039999999999999813e-01 8.295774560129640918e+01
6.049999999999999822e-01 8.313181556290977881e+01
6.059999999999999831e-01 8.330598952462528928e+01
6.069999999999999840e-01 8.348026737068323655e+01
6.079999999999999849e-01 8.365464898558853690e+01
6.089999999999999858e-01 8.382913425410973218e+01
6.099999999999999867e-01 8.400372306127829347e+01
6.109999999999999876e-01 8.417841529238756948e+01
6.119999999999999885e-01 8.435321083299182021e+01
6.129999999999999893e-01 8.452810956890552063e+01
6.139999999999999902e-01 8.470311138620249380e+01
6.149999999999999911e-01 8.487821617121475981e+01
6.159999999999999920e-01 8.505342381053208101e+01
6.169999999999999929e-01 8.522873419100089620e+01
6.179999999999999938e-01 8.540414719972338276e+01
6.189999999999999947e-01 8.557966272405663233e+01
6.199999999999999956e-01 8.575528065161185509e+01
6.209999999999999964e-01 8.593100087025368339e+01
6.219999999999999973e-01 8.610682326809893539e+01
6.229999999999999982e-01 8.628274773351610349e+01
6.239999999999999991e-01 8.645877415512443065e+01
6.250000000000000000e-01 8.663490242179291556e+01
6.260000000000000009e-01 8.681113242263985796e+01
6.270000000000000018e-01 8.698746404703173596e+01
6.280000000000000027e-01 8.716389718458201230e+01
6.290000000000000036e-01 8.734043172515140441e+01
6.300000000000000044e-01 8.751706755884578115e+01
6.310000000000000053e-01 8.769380457601647549e+01
6.320000000000000062e-01 8.787064266725870709e+01
6.330000000000000071e-01 8.804758172341104228e+01
6.340000000000000080e-01 8.822462163555468351e+01
6.350000000000000089e-01 8.840176229501226146e+01
6.360000000000000098e-01 8.857900359334772133e+01
6.370000000000000107e-01 8.875634542236497282e+01
6.380000000000000115e-01 8.893378767410726482e+01
6.390000000000000124e-01 8.911133024085654597e+01
6.400000000000000133e-01 8.928897301513215723e+01
6.410000000000000142e-01 8.946671588969086031e+01
6.420000000000000151e-01 8.964455875752543079e+01
6.430000000000000160e-01 8.982250151186401865e+01
6.440000000000000169e-01 9.000054404616973613e+01
6.450000000000000178e-01 9.017868625413920824e+01
6.460000000000000187e-01 9.035692802970251591e+01
6.470000000000000195e-01 9.053526926702178912e+01
6.480000000000000204e-01 9.071370986049116425e+01
6.490000000000000213e-01 9.089224970473522092e+01
6.500000000000000222e-01 9.107088869460905300e+01
6.510000000000000231e-01 9.124962672519664864e+01
6.520000000000000240e-01 9.142846369181110333e+01
6.530000000000000249e-01 9.160739948999301419e+01
6.540000000000000258e-01 9.178643401551022407e+01
6.550000000000000266e-01 9.196556716435691214e+01
6.560000000000000275e-01 9.214479883275306804e+01
6.570000000000000284e-01 9.232412891714342607e+01
6.580000000000000293e-01 9.250355731419683991e+01
6.590000000000000302e-01 9.268308392080597002e+01
6.600000000000000311e-01 9.286270863408584830e+01
6.610000000000000320e-01 9.304243135137389231e+01
6.620000000000000329e-01 9.322225197022844156e+01
6.630000000000000338e-01 9.340217038842870068e+01
6.640000000000000346e-01 9.358218650397364513e+01
6.650000000000000355e-01 9.376230021508158075e+01
6.660000000000000364e-01 9.394251142018910627e+01
6.670000000000000373e-01 9.412282001795055919e+01
6.680000000000000382e-01 9.430322590723763199e+01
6.690000000000000391e-01 9.448372898713799373e+01
6.700000000000000400e-01 9.466432915695541794e+01
6.710000000000000409e-01 9.484502631620834734e+01
6.720000000000000417e-01 9.502582036462965220e+01
6.730000000000000426e-01 9.520671120216593408e+01
6.740000000000000435e-01 9.538769872897647417e+01
6.750000000000000444e-01 9.556878284543293489e+01
6.760000000000000453e-01 9.574996345211874882e+01
6.770000000000000462e-01 9.593124044982796761e+01
6.780000000000000471e-01 9.611261373956502041e+01
6.790000000000000480e-01 9.629408322254386121e+01
6.800000000000000488e-01 9.647564880018749989e+01
6.810000000000000497e-01 9.665731037412707849e+01
6.820000000000000506e-01 9.683906784620108965e+01
6.830000000000000515e-01 9.702092111845544764e+01
6.840000000000000524e-01 9.720287009314175464e+01
6.850000000000000533e-01 9.738491467271782653e+01
6.860000000000000542e-01 9.756705475984598763e+01
6.870000000000000551e-01 9.774929025739326960e+01
6.880000000000000560e-01 9.793162106842993353e+01
6.890000000000000568e-01 9.811404709622955522e+01
6.900000000000000577e-01 9.829656824426818673e+01
6.910000000000000586e-01 9.847918441622348951e+01
6.920000000000000595e-01 9.866189551597416596e+01
6.930000000000000604e-01 9.884470144759970367e+01
6.940000000000000613e-01 9.902760211537913904e+01
6.950000000000000622e-01 9.921059742379100044e+01
6.960000000000000631e-01 9.939368727751232768e+01
6.970000000000000639e-01 9.957687158141814621e+01
6.980000000000000648e-01 9.976015024058092706e+01
6.990000000000000657e-01 9.994352316026980532e+01
7.000000000000000666e-01 1.001269902459499974e+02
7.010000000000000675e-01 1.003105514032826875e+02
7.020000000000000684e-01 1.004942065381234073e+02
7.030000000000000693e-01 1.006779555565224200e+02
7.039999999999999591e-01 1.008617983647235263e+02
7.049999999999999600e-01 1.010457348691636952e+02
7.059999999999999609e-01 1.012297649764723815e+02
7.069999999999999618e-01 1.014138885934711141e+02
7.079999999999999627e-01 1.015981056271725578e+02
7.089999999999999636e-01 1.017824159847801582e+02
7.099999999999999645e-01 1.019668195736875447e+02
7.109999999999999654e-01 1.021513163014779764e+02
7.119999999999999662e-01 1.023359060759234467e+02
7.129999999999999671e-01 1.025205888049847118e+02
7.139999999999999680e-01 1.027053643968100971e+02
7.149999999999999689e-01 1.028902327597350563e+02
7.159999999999999698e-01 1.030751938022819445e+02
7.169999999999999707e-01 1.032602474331591367e+02
7.179999999999999716e-01 1.034453935612605591e+02
7.189999999999999725e-01 1.036306320956648790e+02
7.199999999999999734e-01 1.038159629456353343e+02
7.209999999999999742e-01 1.040013860206190230e+02
7.219999999999999751e-01 1.041869012302460789e+02
7.229999999999999760e-01 1.043725084843296855e+02
7.239999999999999769e-01 1.045582076928646984e+02
7.249999999999999778e-01 1.047439987660279286e+02
7.259999999999999787e-01 1.049298816141770345e+02
7.269999999999999796e-01 1.051158561478502378e+02
7.279999999999999805e-01 1.053019222777658399e+02
7.289999999999999813e-01 1.054880799148211850e+02
7.299999999999999822e-01 1.056743289700925885e+02
7.309999999999999831e-01 1.058606693548347124e+02
7.319999999999999840e-01 1.060471009804800246e+02
7.329999999999999849e-01 1.062336237586381458e+02
7.339999999999999858e-01 1.064202376010954367e+02
7.349999999999999867e-01 1.066069424198143594e+02
7.359999999999999876e-01 1.067937381269328796e+02
7.369999999999999885e-01 1.069806246347643253e+02
7.379999999999999893e-01 1.071676018557962635e+02
7.389999999999999902e-01 1.073546697026907140e+02
7.399999999999999911e-01 1.075418280882826849e+02
7.409999999999999920e-01 1.077290769255807135e+02
7.419999999999999929e-01 1.079164161277654159e+02
7.429999999999999938e-01 1.081038456081894026e+02
7.439999999999999947e-01 1.082913652803771214e+02
7.449999999999999956e-01 1.084789750580233516e+02
7.459999999999999964e-01 1.086666748549938291e+02
7.469999999999999973e-01 1.088544645853238251e+02
7.479999999999999982e-01 1.090423441632180470e+02
7.489999999999999991e-01 1.092303135030505388e+02
7.500000000000000000e-01 1.094183725193630465e+02
7.510000000000000009e-01 1.096065211268658004e+02
7.520000000000000018e-01 1.097947592404361501e+02
7.530000000000000027e-01 1.099830867751180392e+02
7.540000000000000036e-01 1.101715036461225310e+02
7.550000000000000044e-01 1.103600097688261883e+02
7.560000000000000053e-01 1.105486050587707609e+02
7.570000000000000062e-01 1.107372894316633420e+02
7.580000000000000071e-01 1.109260628033752596e+02
7.590000000000000080e-01 1.111149250899417638e+02
7.600000000000000089e-01 1.113038762075617285e+02
7.610000000000000098e-01 1.114929160725967421e+02
7.620000000000000107e-01 1.116820446015712491e+02
7.630000000000000115e-01 1.118712617111714138e+02
7.640000000000000124e-01 1.120605673182450630e+02
7.650000000000000133e-01 1.122499613398013025e+02
7.660000000000000142e-01 1.124394436930093946e+02
7.670000000000000151e-01 1.126290142951990561e+02
7.680000000000000160e-01 1.128186730638597197e+02
7.690000000000000169e-01 1.130084199166396530e+02
7.700000000000000178e-01 1.131982547713462850e+02
7.710000000000000187e-01 1.133881775459450836e+02
7.720000000000000195e-01 1.135781881585592998e+02
7.730000000000000204e-01 1.137682865274694848e+02
7.740000000000000213e-01 1.139584725711132052e+02
7.750000000000000222e-01 1.141487462080844466e+02
7.760000000000000231e-01 1.143391073571330452e+02
7.770000000000000240e-01 1.145295559371646021e+02
7.780000000000000249e-01 1.147200918672395034e+02
7.790000000000000258e-01 1.149107150665728199e+02
7.800000000000000266e-01 1.151014254545337110e+02
7.810000000000000275e-01 1.152922229506455665e+02
7.820000000000000284e-01 1.154831074745843011e+02
7.830000000000000293e-01 1.156740789461791223e+02
7.840000000000000302e-01 1.158651372854116062e+02
7.850000000000000311e-01 1.160562824124151007e+02
7.860000000000000320e-01 1.162475142474747258e+02
7.870000000000000329e-01 1.164388327110264214e+02
7.880000000000000338e-01 1.166302377236568617e+02
7.890000000000000346e-01 1.168217292061029156e+02
7.900000000000000355e-01 1.170133070792513905e+02
7.910000000000000364e-01 1.172049712641382371e+02
7.920000000000000373e-01 1.173967216819483639e+02
7.930000000000000382e-01 1.175885582540152257e+02
7.940000000000000391e-01 1.177804809018203969e+02
7.950000000000000400e-01 1.179724895469929322e+02
7.960000000000000409e-01 1.181645841113091677e+02
7.970000000000000417e-01 1.183567645166924081e+02
7.980000000000000426e-01 1.185490306852121876e+02
7.990000000000000435e-01 1.187413825390840003e+02
8.000000000000000444e-01 1.189338200006688453e+02
8.010000000000000453e-01 1.191263429924730417e+02
8.020000000000000462e-01 1.193189514371474331e+02
8.030000000000000471e-01 1.195116452574873733e+02
8.040000000000000480e-01 1.197044243764320157e+02
8.050000000000000488e-01 1.198972887170638870e+02
8.060000000000000497e-01 1.200902382026088588e+02
8.070000000000000506e-01 1.202832727564353803e+02
8.080000000000000515e-01 1.204763923020540233e+02
8.090000000000000524e-01 1.206695967631173687e+02
8.100000000000000533e-01 1.208628860634197224e+02
8.110000000000000542e-01 1.210562601268959497e+02
8.120000000000000551e-01 1.212497188776220867e+02
8.130000000000000560e-01 1.214432622398142456e+02
8.140000000000000568e-01 1.216368901378283311e+02
8.150000000000000577e-01 1.218306024961599121e+02
8.160000000000000586e-01 1.220243992394436532e+02
8.170000000000000595e-01 1.222182802924528033e+02
8.180000000000000604e-01 1.224122455800991389e+02
8.190000000000000613e-01 1.226062950274323242e+02
8.200000000000000622e-01 1.228004285596393714e+02
8.210000000000000631e-01 1.229946461020448396e+02
8.220000000000000639e-01 1.231889475801097120e+02
8.230000000000000648e-01 1.233833329194315382e+02
8.240000000000000657e-01 1.235778020457440078e+02
8.250000000000000666e-01 1.237723548849162398e+02
8.260000000000000675e-01 1.239669913629528537e+02
8.270000000000000684e-01 1.241617114059931879e+02
8.280000000000000693e-01 1.243565149403111860e+02
8.290000000000000702e-01 1.245514018923149280e+02
8.300000000000000711e-01 1.247463721885462320e+02
8.310000000000000719e-01 1.249414257556804273e+02
8.320000000000000728e-01 1.251365625205258141e+02
8.329999999999999627e-01 1.253317824100233082e+02
8.339999999999999636e-01 1.255270853512460860e+02
8.349999999999999645e-01 1.257224712713995274e+02
8.359999999999999654e-01 1.259179400978204058e+02
8.369999999999999662e-01 1.261134917579766750e+02
8.379999999999999671e-01 1.263091261794672704e+02
8.389999999999999680e-01 1.265048432900215118e+02
8.399999999999999689e-01 1.267006430174988907e+02
8.409999999999999698e-01 1.268965252898884302e+02
8.419999999999999707e-01 1.270924900353091260e+02
8.429999999999999716e-01 1.272885371820086959e+02
8.439999999999999725e-01 1.274846666583634374e+02
8.449999999999999734e-01 1.276808783928783981e+02
8.459999999999999742e-01 1.278771723141861401e+02
8.469999999999999751e-01 1.280735483510473500e+02
8.479999999999999760e-01 1.282700064323498736e+02
8.489999999999999769e-01 1.284665464871083032e+02
8.499999999999999778e-01 1.286631684444641905e+02
8.509999999999999787e-01 1.288598722336851381e+02
8.519999999999999796e-01 1.290566577841647131e+02
8.529999999999999805e-01 1.292535250254223911e+02
8.539999999999999813e-01 1.294504738871022766e+02
8.549999999999999822e-01 1.296475042989740416e+02
8.559999999999999831e-01 1.298446161909312480e+02
8.569999999999999840e-01 1.300418094929922006e+02
8.579999999999999849e-01 1.302390841352991515e+02
8.589999999999999858e-01 1.304364400481175892e+02
8.599999999999999867e-01 1.306338771618364945e+02
8.609999999999999876e-01 1.308313954069674026e+02
8.619999999999999885e-01 1.310289947141448295e+02
8.629999999999999893e-01 1.312266750141254477e+02
8.639999999999999902e-01 1.314244362377874609e+02
8.649999999999999911e-01 1.316222783161311725e+02
8.659999999999999920e-01 1.318202011802777065e+02
8.669999999999999929e-01 1.320182047614695762e+02
8.679999999999999938e-01 1.322162889910693480e+02
8.689999999999999947e-01 1.324144538005603522e+02
8.699999999999999956e-01 1.326126991215456883e+02
8.709999999999999964e-01 1.328110248857479405e+02
8.719999999999999973e-01 1.330094310250094907e+02
8.729999999999999982e-01 1.332079174712911822e+02
8.739999999999999991e-01 1.334064841566727466e+02
8.750000000000000000e-01 1.336051310133524908e+02
8.760000000000000009e-01 1.338038579736463589e+02
8.770000000000000018e-01 1.340026649699886150e+02
8.780000000000000027e-01 1.342015519349302508e+02
8.790000000000000036e-01 1.344005188011399810e+02
8.800000000000000044e-01 1.345995655014031911e+02
8.810000000000000053e-01 1.347986919686212559e+02
8.820000000000000062e-01 1.349978981358125054e+02
8.830000000000000071e-01 1.351971839361106618e+02
8.840000000000000080e-01 1.353965493027650666e+02
8.850000000000000089e-01 1.355959941691406243e+02
8.860000000000000098e-01 1.357955184687168071e+02
8.870000000000000107e-01 1.359951221350879962e+02
8.880000000000000115e-01 1.361948051019629986e+02
8.890000000000000124e-01 1.363945673031643651e+02
8.900000000000000133e-01 1.365944086726287026e+02
8.910000000000000142e-01 1.367943291444059639e+02
8.920000000000000151e-01 1.369943286526594193e+02
8.930000000000000160e-01 1.371944071316647467e+02
8.940000000000000169e-01 1.373945645158108562e+02
8.950000000000000178e-01 1.375948007395984405e+02
8.960000000000000187e-01 1.377951157376403160e+02
8.970000000000000195e-01 1.379955094446611668e+02
8.980000000000000204e-01 1.381959817954966070e+02
8.990000000000000213e-01 1.383965327250938344e+02
9.000000000000000222e-01 1.385971621685109199e+02
9.010000000000000231e-01 1.387978700609159546e+02
9.020000000000000240e-01 1.389986563375877893e+02
9.030000000000000249e-01 1.391995209339145845e+02
9.040000000000000258e-01 1.394004637853951465e+02
9.050000000000000266e-01 1.396014848276367388e+02
9.060000000000000275e-01 1.398025839963562760e+02
9.070000000000000284e-01 1.400037612273793002e+02
9.080000000000000293e-01 1.402050164566397257e+02
9.090000000000000302e-01 1.404063496201803503e+02
9.100000000000000311e-01 1.406077606541510079e+02
9.110000000000000320e-01 1.408092494948099045e+02
9.120000000000000329e-01 1.410108160785226801e+02
9.130000000000000338e-01 1.412124603417617834e+02
9.140000000000000346e-01 1.414141822211068416e+02
9.150000000000000355e-01 1.416159816532436082e+02
9.160000000000000364e-01 1.418178585749646459e+02
9.170000000000000373e-01 1.420198129231686721e+02
9.180000000000000382e-01 1.422218446348593659e+02
9.190000000000000391e-01 1.424239536471467602e+02
9.200000000000000400e-01 1.426261398972457641e+02
9.210000000000000409e-01 1.428284033224762766e+02
9.220000000000000417e-01 1.430307438602629304e+02
9.230000000000000426e-01 1.432331614481345525e+02
9.240000000000000435e-01 1.434356560237247606e+02
9.250000000000000444e-01 1.436382275247701727e+02
9.260000000000000453e-01 1.438408758891117714e+02
9.270000000000000462e-01 1.440436010546937098e+02
9.280000000000000471e-01 1.442464029595629711e+02
9.290000000000000480e-01 1.444492815418698513e+02
9.300000000000000488e-01 1.446522367398665097e+02
9.310000000000000497e-01 1.448552684919084186e+02
9.320000000000000506e-01 1.450583767364522316e+02
9.330000000000000515e-01 1.452615614120568353e+02
9.340000000000000524e-01 1.454648224573828088e+02
9.350000000000000533e-01 1.456681598111912024e+02
9.360000000000000542e-01 1.458715734123451853e+02
9.370000000000000551e-01 1.460750631998082838e+02
9.380000000000000560e-01 1.462786291126439551e+02
9.390000000000000568e-01 1.464822710900169511e+02
9.400000000000000577e-01 1.466859890711909600e+02
9.410000000000000586e-01 1.468897829955304246e+02
9.420000000000000595e-01 1.470936528024988945e+02
9.430000000000000604e-01 1.472975984316589120e+02
9.440000000000000613e-01 1.475016198226724100e+02
9.450000000000000622e-01 1.477057169152999165e+02
9.460000000000000631e-01 1.479098896494005260e+02
9.470000000000000639e-01 1.481141379649316718e+02
9.480000000000000648e-01 1.483184618019485583e+02
9.490000000000000657e-01 1.485228611006048141e+02
9.500000000000000666e-01 1.487273358011503888e+02
9.510000000000000675e-01 1.489318858439341398e+02
9.520000000000000684e-01 1.491365111694004213e+02
9.530000000000000693e-01 1.493412117180914152e+02
9.540000000000000702e-01 1.495459874306455390e+02
9.550000000000000711e-01 1.497508382477974465e+02
9.560000000000000719e-01 1.499557641103783112e+02
9.570000000000000728e-01 1.501607649593141502e+02
9.580000000000000737e-01 1.503658407356278985e+02
9.590000000000000746e-01 1.505709913804372206e+02
9.599999999999999645e-01 1.507762168349545391e+02
9.609999999999999654e-01 1.509815170404878586e+02
9.619999999999999662e-01 1.511868919384395156e+02
9.629999999999999671e-01 1.513923414703062633e+02
9.639999999999999680e-01 1.515978655776792436e+02
9.649999999999999689e-01 1.518034642022434753e+02
9.659999999999999698e-01 1.520091372857777117e+02
9.669999999999999707e-01 1.522148847701541285e+02
9.679999999999999716e-01 1.524207065973382100e+02
9.689999999999999725e-01 1.526266027093884361e+02
9.699999999999999734e-01 1.528325730484565099e+02
9.709999999999999742e-01 1.530386175567861073e+02
9.719999999999999751e-01 1.532447361767138716e+02
9.729999999999999760e-01 1.534509288506679070e+02
9.739999999999999769e-01 1.536571955211690295e+02
9.749999999999999778e-01 1.538635361308291749e+02
9.759999999999999787e-01 1.540699506223516835e+02
9.769999999999999796e-01 1.542764389385316122e+02
9.779999999999999805e-01 1.544830010222545411e+02
9.789999999999999813e-01 1.546896368164972557e+02
9.799999999999999822e-01 1.548963462643268940e+02
9.809999999999999831e-01 1.551031293089008614e+02
9.819999999999999840e-01 1.553099858934670863e+02
9.829999999999999849e-01 1.555169159613628267e+02
9.839999999999999858e-01 1.557239194560155795e+02
9.849999999999999867e-01 1.559309963209418868e+02
9.859999999999999876e-01 1.561381464997479327e+02
9.869999999999999885e-01 1.563453699361289182e+02
9.879999999999999893e-01 1.565526665738684926e+02
9.889999999999999902e-01 1.567600363568392936e+02
9.899999999999999911e-01 1.569674792290020662e+02
9.909999999999999920e-01 1.571749951344059753e+02
9.919999999999999929e-01 1.573825840171883499e+02
9.929999999999999938e-01 1.575902458215735749e+02
9.939999999999999947e-01 1.577979804918744833e+02
9.949999999999999956e-01 1.580057879724903955e+02
9.959999999999999964e-01 1.582136682079084267e+02
9.969999999999999973e-01 1.584216211427024916e+02
9.979999999999999982e-01 1.586296467215325947e+02
9.989999999999999991e-01 1.588377448891461086e+02
1.000000000000000000e+00 1.590459155903763531e+02
