0.000000000000000000e+00 0.000000000000000000e+00
1.000000000000000021e-03 9.014850299612260365e-01
2.000000000000000042e-03 1.331835369242435174e+00
3.000000000000000062e-03 1.660449294396135533e+00
4.000000000000000083e-03 1.934318785344092406e+00
5.000000000000000104e-03 2.172593931480314655e+00
6.000000000000000125e-03 2.385402587577362343e+00
7.000000000000000146e-03 2.578890086275676730e+00
8.000000000000000167e-03 2.757122951485218465e+00
9.000000000000001055e-03 2.922958902047935403e+00
1.000000000000000021e-02 3.078497198434114956e+00
1.099999999999999936e-02 3.225333422641931236e+00
1.200000000000000025e-02 3.364713599688136547e+00
1.300000000000000114e-02 3.497632447677546441e+00
1.400000000000000029e-02 3.624898713989311183e+00
1.499999999999999944e-02 3.747180163428210697e+00
1.600000000000000033e-02 3.865035473914510078e+00
1.700000000000000122e-02 3.978937419602957881e+00
1.800000000000000211e-02 4.089290086746980357e+00
1.899999999999999953e-02 4.196441899504573136e+00
2.000000000000000042e-02 4.300695638835884793e+00
2.100000000000000130e-02 4.402316261732131863e+00
2.199999999999999872e-02 4.501537083618528889e+00
2.299999999999999961e-02 4.598564724025093753e+00
2.400000000000000050e-02 4.693583104899255787e+00
2.500000000000000139e-02 4.786756714148733494e+00
2.600000000000000228e-02 4.878233292819631473e+00
2.699999999999999969e-02 4.968146065473209028e+00
2.800000000000000058e-02 5.056615605078020437e+00
2.900000000000000147e-02 5.143751402920244686e+00
2.999999999999999889e-02 5.229653198511145185e+00
3.099999999999999978e-02 5.314412112762583185e+00
3.200000000000000067e-02 5.398111618779317666e+00
3.300000000000000155e-02 5.480828377752255953e+00
3.400000000000000244e-02 5.562632962107942447e+00
3.500000000000000333e-02 5.643590483898196730e+00
3.600000000000000422e-02 5.723761143122868766e+00
3.699999999999999817e-02 5.803200708063572577e+00
3.799999999999999906e-02 5.881960937613492035e+00
3.899999999999999994e-02 5.960089953903042748e+00
4.000000000000000083e-02 6.037632572155669841e+00
4.100000000000000172e-02 6.114630593594985619e+00
4.200000000000000261e-02 6.191123066312774093e+00
4.300000000000000350e-02 6.267146518255995780e+00
4.399999999999999745e-02 6.342735165869537894e+00
4.499999999999999833e-02 6.417921101414341578e+00
4.599999999999999922e-02 6.492734461548767655e+00
4.700000000000000011e-02 6.567203579399079061e+00
4.800000000000000100e-02 6.641355122039667158e+00
4.900000000000000189e-02 6.715214215046152901e+00
5.000000000000000278e-02 6.788804555565434384e+00
5.100000000000000366e-02 6.862148515160770401e+00
5.200000000000000455e-02 6.935267233530586495e+00
5.299999999999999850e-02 7.008180704063656563e+00
5.399999999999999939e-02 7.080907852075629449e+00
5.500000000000000028e-02 7.153466606471225120e+00
5.600000000000000117e-02 7.225873965488647244e+00
5.700000000000000205e-02 7.298146057107095075e+00
5.800000000000000294e-02 7.370298194632385780e+00
5.900000000000000383e-02 7.442344927918202124e+00
5.999999999999999778e-02 7.514300090630169571e+00
6.099999999999999867e-02 7.586176843916299539e+00
6.199999999999999956e-02 7.657987716808464462e+00
6.300000000000000044e-02 7.729744643645696023e+00
6.400000000000000133e-02 7.801458998780342213e+00
6.500000000000000222e-02 7.873141628801350933e+00
6.600000000000000311e-02 7.944802882485947571e+00
6.700000000000000400e-02 8.016452638669749220e+00
6.800000000000000488e-02 8.088100332207364573e+00
6.900000000000000577e-02 8.159754978178870743e+00
7.000000000000000666e-02 8.231425194482829610e+00
7.100000000000000755e-02 8.303119222943720956e+00
7.200000000000000844e-02 8.374844949049697007e+00
7.299999999999999545e-02 8.446609920426270790e+00
7.399999999999999634e-02 8.518421364141936181e+00
7.499999999999999722e-02 8.590286202933500093e+00
7.599999999999999811e-02 8.662211070431117932e+00
7.699999999999999900e-02 8.734202325456198679e+00
7.799999999999999989e-02 8.806266065459190884e+00
7.900000000000000078e-02 8.878408139158606716e+00
8.000000000000000167e-02 8.950634158437644317e+00
8.100000000000000255e-02 9.022949509550045377e+00
8.200000000000000344e-02 9.095359363682835152e+00
8.300000000000000433e-02 9.167868686919600663e+00
8.400000000000000522e-02 9.240482249644697887e+00
8.500000000000000611e-02 9.313204635425558209e+00
8.600000000000000699e-02 9.386040249407340497e+00
8.700000000000000788e-02 9.458993326251725620e+00
8.799999999999999489e-02 9.532067937649115308e+00
8.899999999999999578e-02 9.605267999431401194e+00
8.999999999999999667e-02 9.678597278310377305e+00
9.099999999999999756e-02 9.752059398265235046e+00
9.199999999999999845e-02 9.825657846600643452e+00
9.299999999999999933e-02 9.899395979695571057e+00
9.400000000000000022e-02 9.973277028461469129e+00
9.500000000000000111e-02 1.004730410352728853e+01
9.600000000000000200e-02 1.012148020016733518e+01
9.700000000000000289e-02 1.019580820298720703e+01
9.800000000000000377e-02 1.027029089038166632e+01
9.900000000000000466e-02 1.034493093877768999e+01
1.000000000000000056e-01 1.041973092667487677e+01
1.010000000000000064e-01 1.049469333849462060e+01
1.020000000000000073e-01 1.056982056824874050e+01
1.030000000000000082e-01 1.064511492303751794e+01
1.040000000000000091e-01 1.072057862638665426e+01
1.049999999999999961e-01 1.079621382143160524e+01
1.059999999999999970e-01 1.087202257395781224e+01
1.069999999999999979e-01 1.094800687530435113e+01
1.079999999999999988e-01 1.102416864513827832e+01
1.089999999999999997e-01 1.110050973410639763e+01
1.100000000000000006e-01 1.117703192637092435e+01
1.110000000000000014e-01 1.125373694203492292e+01
1.120000000000000023e-01 1.133062643946321479e+01
1.130000000000000032e-01 1.140770201750409463e+01
1.140000000000000041e-01 1.148496521761666145e+01
1.150000000000000050e-01 1.156241752590876182e+01
1.160000000000000059e-01 1.164006037508964297e+01
1.170000000000000068e-01 1.171789514634177820e+01
1.180000000000000077e-01 1.179592317111561961e+01
1.190000000000000085e-01 1.187414573285102470e+01
1.199999999999999956e-01 1.195256406862901954e+01
1.209999999999999964e-01 1.203117937075697697e+01
1.219999999999999973e-01 1.210999278829049430e+01
1.229999999999999982e-01 1.218900542849499580e+01
1.239999999999999991e-01 1.226821835824962115e+01
1.250000000000000000e-01 1.234763260539635077e+01
1.260000000000000009e-01 1.242724916003663971e+01
1.270000000000000018e-01 1.250706897577808441e+01
1.280000000000000027e-01 1.258709297093339430e+01
1.290000000000000036e-01 1.266732202967355292e+01
1.300000000000000044e-01 1.274775700313767501e+01
1.310000000000000053e-01 1.282839871050093095e+01
1.320000000000000062e-01 1.290924794000279974e+01
1.330000000000000071e-01 1.299030544993715885e+01
1.340000000000000080e-01 1.307157196960591428e+01
1.350000000000000089e-01 1.315304820023782817e+01
1.360000000000000098e-01 1.323473481587376099e+01
1.370000000000000107e-01 1.331663246422013458e+01
1.380000000000000115e-01 1.339874176747162693e+01
1.390000000000000124e-01 1.348106332310454825e+01
1.400000000000000133e-01 1.356359770464204040e+01
1.410000000000000142e-01 1.364634546239237167e+01
1.420000000000000151e-01 1.372930712416128607e+01
1.430000000000000160e-01 1.381248319593959017e+01
1.440000000000000169e-01 1.389587416256689067e+01
1.449999999999999900e-01 1.397948048837242041e+01
1.459999999999999909e-01 1.406330261779408630e+01
1.469999999999999918e-01 1.414734097597626139e+01
1.479999999999999927e-01 1.423159596934744364e+01
1.489999999999999936e-01 1.431606798617844589e+01
1.499999999999999944e-01 1.440075739712189318e+01
1.509999999999999953e-01 1.448566455573375222e+01
1.519999999999999962e-01 1.457078979897760007e+01
1.529999999999999971e-01 1.465613344771230686e+01
1.539999999999999980e-01 1.474169580716363726e+01
1.549999999999999989e-01 1.482747716738063559e+01
1.559999999999999998e-01 1.491347780367709319e+01
1.570000000000000007e-01 1.499969797705884034e+01
1.580000000000000016e-01 1.508613793463732478e+01
1.590000000000000024e-01 1.517279791002989242e+01
1.600000000000000033e-01 1.525967812374758559e+01
1.610000000000000042e-01 1.534677878357030245e+01
1.620000000000000051e-01 1.543410008491063046e+01
1.630000000000000060e-01 1.552164221116587584e+01
1.640000000000000069e-01 1.560940533405936215e+01
1.650000000000000078e-01 1.569738961397109556e+01
1.660000000000000087e-01 1.578559520025820540e+01
1.670000000000000095e-01 1.587402223156558989e+01
1.680000000000000104e-01 1.596267083612702820e+01
1.690000000000000113e-01 1.605154113205712818e+01
1.700000000000000122e-01 1.614063322763446351e+01
1.710000000000000131e-01 1.622994722157624281e+01
1.720000000000000140e-01 1.631948320330452162e+01
1.730000000000000149e-01 1.640924125320472626e+01
1.740000000000000158e-01 1.649922144287633330e+01
1.750000000000000167e-01 1.658942383537608123e+01
1.759999999999999898e-01 1.667984848545421883e+01
1.769999999999999907e-01 1.677049543978358770e+01
1.779999999999999916e-01 1.686136473718215001e+01
1.789999999999999925e-01 1.695245640882898641e+01
1.799999999999999933e-01 1.704377047847404469e+01
1.809999999999999942e-01 1.713530696264184883e+01
1.819999999999999951e-01 1.722706587082929985e+01
1.829999999999999960e-01 1.731904720569789902e+01
1.839999999999999969e-01 1.741125096326037180e+01
1.849999999999999978e-01 1.750367713306213702e+01
1.859999999999999987e-01 1.759632569835748583e+01
1.869999999999999996e-01 1.768919663628091854e+01
1.880000000000000004e-01 1.778228991801360337e+01
1.890000000000000013e-01 1.787560550894519551e+01
1.900000000000000022e-01 1.796914336883116903e+01
1.910000000000000031e-01 1.806290345194577185e+01
1.920000000000000040e-01 1.815688570723067841e+01
1.930000000000000049e-01 1.825109007843969522e+01
1.940000000000000058e-01 1.834551650427935954e+01
1.950000000000000067e-01 1.844016491854573303e+01
1.960000000000000075e-01 1.853503525025753618e+01
1.970000000000000084e-01 1.863012742378546704e+01
1.980000000000000093e-01 1.872544135897835815e+01
1.990000000000000102e-01 1.882097697128550351e+01
2.000000000000000111e-01 1.891673417187615058e+01
2.010000000000000120e-01 1.901271286775531877e+01
2.020000000000000129e-01 1.910891296187701727e+01
2.030000000000000138e-01 1.920533435325395644e+01
2.040000000000000147e-01 1.930197693706478645e+01
2.050000000000000155e-01 1.939884060475817051e+01
2.060000000000000164e-01 1.949592524415438533e+01
2.070000000000000173e-01 1.959323073954395511e+01
2.080000000000000182e-01 1.969075697178395501e+01
2.089999999999999913e-01 1.978850381839172456e+01
2.099999999999999922e-01 1.988647115363604811e+01
2.109999999999999931e-01 1.998465884862611119e+01
2.119999999999999940e-01 2.008306677139806595e+01
2.129999999999999949e-01 2.018169478699931574e+01
2.139999999999999958e-01 2.028054275757084213e+01
2.149999999999999967e-01 2.037961054242708769e+01
2.159999999999999976e-01 2.047889799813421874e+01
2.169999999999999984e-01 2.057840497858584783e+01
2.179999999999999993e-01 2.067813133507750223e+01
2.190000000000000002e-01 2.077807691637851306e+01
2.200000000000000011e-01 2.087824156880256865e+01
2.210000000000000020e-01 2.097862513627631031e+01
2.220000000000000029e-01 2.107922746040625483e+01
2.230000000000000038e-01 2.118004838054391215e+01
2.240000000000000047e-01 2.128108773384936825e+01
2.250000000000000056e-01 2.138234535535339020e+01
2.260000000000000064e-01 2.148382107801778673e+01
2.270000000000000073e-01 2.158551473279425892e+01
2.280000000000000082e-01 2.168742614868209628e+01
2.290000000000000091e-01 2.178955515278396504e+01
2.300000000000000100e-01 2.189190157036086148e+01
2.310000000000000109e-01 2.199446522488516464e+01
2.320000000000000118e-01 2.209724593809289672e+01
2.330000000000000127e-01 2.220024353003428175e+01
2.340000000000000135e-01 2.230345781912333081e+01
2.350000000000000144e-01 2.240688862218610922e+01
2.360000000000000153e-01 2.251053575450787747e+01
2.370000000000000162e-01 2.261439902987901718e+01
2.380000000000000171e-01 2.271847826063993736e+01
2.390000000000000180e-01 2.282277325772474796e+01
2.399999999999999911e-01 2.292728383070416953e+01
2.409999999999999920e-01 2.303200978782691166e+01
2.419999999999999929e-01 2.313695093606067132e+01
2.429999999999999938e-01 2.324210708113156443e+01
2.439999999999999947e-01 2.334747802756307777e+01
2.449999999999999956e-01 2.345306357871378822e+01
2.459999999999999964e-01 2.355886353681425049e+01
2.469999999999999973e-01 2.366487770300313542e+01
2.479999999999999982e-01 2.377110587736232716e+01
2.489999999999999991e-01 2.387754785895128151e+01
2.500000000000000000e-01 2.398420344584058839e+01
2.510000000000000009e-01 2.409107243514464969e+01
2.520000000000000018e-01 2.419815462305372478e+01
2.530000000000000027e-01 2.430544980486497408e+01
2.540000000000000036e-01 2.441295777501314745e+01
2.550000000000000044e-01 2.452067832710007167e+01
2.560000000000000053e-01 2.462861125392399586e+01
2.570000000000000062e-01 2.473675634750765440e+01
2.580000000000000071e-01 2.484511339912620898e+01
2.590000000000000080e-01 2.495368219933415332e+01
2.600000000000000089e-01 2.506246253799179868e+01
2.610000000000000098e-01 2.517145420429106650e+01
2.620000000000000107e-01 2.528065698678067719e+01
2.630000000000000115e-01 2.539007067339073842e+01
2.640000000000000124e-01 2.549969505145680770e+01
2.650000000000000133e-01 2.560952990774334026e+01
2.660000000000000142e-01 2.571957502846673904e+01
2.670000000000000151e-01 2.582983019931754853e+01
2.680000000000000160e-01 2.594029520548247092e+01
2.690000000000000169e-01 2.605096983166569657e+01
2.700000000000000178e-01 2.616185386210987218e+01
2.710000000000000187e-01 2.627294708061624462e+01
2.720000000000000195e-01 2.638424927056491143e+01
2.730000000000000204e-01 2.649576021493399836e+01
2.740000000000000213e-01 2.660747969631881915e+01
2.750000000000000222e-01 2.671940749695040296e+01
2.760000000000000231e-01 2.683154339871365224e+01
2.770000000000000240e-01 2.694388718316502107e+01
2.780000000000000249e-01 2.705643863154989148e+01
2.790000000000000258e-01 2.716919752481942396e+01
2.800000000000000266e-01 2.728216364364713442e+01
2.810000000000000275e-01 2.739533676844497023e+01
2.820000000000000284e-01 2.750871667937922993e+01
2.830000000000000293e-01 2.762230315638575817e+01
2.840000000000000302e-01 2.773609597918514069e+01
2.850000000000000311e-01 2.785009492729737701e+01
2.860000000000000320e-01 2.796429978005631156e+01
2.870000000000000329e-01 2.807871031662349992e+01
2.880000000000000338e-01 2.819332631600212835e+01
2.889999999999999791e-01 2.830814755705025831e+01
2.899999999999999800e-01 2.842317381849396796e+01
2.909999999999999809e-01 2.853840487894021294e+01
2.919999999999999818e-01 2.865384051688911171e+01
2.929999999999999827e-01 2.876948051074645463e+01
2.939999999999999836e-01 2.888532463883536039e+01
2.949999999999999845e-01 2.900137267940804264e+01
2.959999999999999853e-01 2.911762441065713602e+01
2.969999999999999862e-01 2.923407961072693340e+01
2.979999999999999871e-01 2.935073805772411504e+01
2.989999999999999880e-01 2.946759952972836416e+01
2.999999999999999889e-01 2.958466380480285451e+01
3.009999999999999898e-01 2.970193066100418733e+01
3.019999999999999907e-01 2.981939987639243128e+01
3.029999999999999916e-01 2.993707122904074680e+01
3.039999999999999925e-01 3.005494449704475102e+01
3.049999999999999933e-01 3.017301945853188982e+01
3.059999999999999942e-01 3.029129589167011005e+01
3.069999999999999951e-01 3.040977357467713915e+01
3.079999999999999960e-01 3.052845228582865644e+01
3.089999999999999969e-01 3.064733180346682673e+01
3.099999999999999978e-01 3.076641190600852838e+01
3.109999999999999987e-01 3.088569237195327943e+01
3.119999999999999996e-01 3.100517297989112819e+01
3.130000000000000004e-01 3.112485350851015653e+01
3.140000000000000013e-01 3.124473373660406494e+01
3.150000000000000022e-01 3.136481344307934194e+01
3.160000000000000031e-01 3.148509240696239786e+01
3.170000000000000040e-01 3.160557040740650336e+01
3.180000000000000049e-01 3.172624722369858219e+01
3.190000000000000058e-01 3.184712263526569487e+01
3.200000000000000067e-01 3.196819642168164677e+01
3.210000000000000075e-01 3.208946836267318048e+01
3.220000000000000084e-01 3.221093823812617529e+01
3.230000000000000093e-01 3.233260582809157313e+01
3.240000000000000102e-01 3.245447091279135066e+01
3.250000000000000111e-01 3.257653327262407572e+01
3.260000000000000120e-01 3.269879268817057039e+01
3.270000000000000129e-01 3.282124894019933947e+01
3.280000000000000138e-01 3.294390180967194226e+01
3.290000000000000147e-01 3.306675107774800892e+01
3.300000000000000155e-01 3.318979652579038486e+01
3.310000000000000164e-01 3.331303793537009739e+01
3.320000000000000173e-01 3.343647508827112347e+01
3.330000000000000182e-01 3.356010776649502247e+01
3.340000000000000191e-01 3.368393575226555470e+01
3.350000000000000200e-01 3.380795882803310803e+01
3.360000000000000209e-01 3.393217677647911046e+01
3.370000000000000218e-01 3.405658938052020801e+01
3.380000000000000226e-01 3.418119642331242147e+01
3.390000000000000235e-01 3.430599768825506146e+01
3.400000000000000244e-01 3.443099295899486378e+01
3.410000000000000253e-01 3.455618201942956347e+01
3.420000000000000262e-01 3.468156465371191643e+01
3.430000000000000271e-01 3.480714064625294668e+01
3.440000000000000280e-01 3.493290978172583294e+01
3.450000000000000289e-01 3.505887184506916299e+01
3.460000000000000298e-01 3.518502662149034421e+01
3.470000000000000306e-01 3.531137389646883662e+01
3.480000000000000315e-01 3.543791345575932894e+01
3.490000000000000324e-01 3.556464508539483660e+01
3.500000000000000333e-01 3.569156857168982810e+01
3.510000000000000342e-01 3.581868370124294643e+01
3.519999999999999796e-01 3.594599026094000749e+01
3.529999999999999805e-01 3.607348803795670733e+01
3.539999999999999813e-01 3.620117681976135060e+01
3.549999999999999822e-01 3.632905639411750798e+01
3.559999999999999831e-01 3.645712654908642492e+01
3.569999999999999840e-01 3.658538707302972171e+01
3.579999999999999849e-01 3.671383775461158194e+01
3.589999999999999858e-01 3.684247838280120391e+01
3.599999999999999867e-01 3.697130874687508140e+01
3.609999999999999876e-01 3.710032863641919931e+01
3.619999999999999885e-01 3.722953784133112265e+01
3.629999999999999893e-01 3.735893615182210681e+01
3.639999999999999902e-01 3.748852335841917949e+01
3.649999999999999911e-01 3.761829925196705204e+01
3.659999999999999920e-01 3.774826362362995980e+01
3.669999999999999929e-01 3.787841626489361602e+01
3.679999999999999938e-01 3.800875696756681066e+01
3.689999999999999947e-01 3.813928552378349934e+01
3.699999999999999956e-01 3.827000172600402550e+01
3.709999999999999964e-01 3.840090536701708146e+01
3.719999999999999973e-01 3.853199623994106560e+01
3.729999999999999982e-01 3.866327413822576631e+01
3.739999999999999991e-01 3.879473885565376889e+01
3.750000000000000000e-01 3.892639018634182690e+01
3.760000000000000009e-01 3.905822792474226901e+01
3.770000000000000018e-01 3.919025186564434904e+01
3.780000000000000027e-01 3.932246180417544679e+01
3.790000000000000036e-01 3.945485753580240385e+01
3.800000000000000044e-01 3.958743885633267467e+01
3.810000000000000053e-01 3.972020556191540663e+01
3.820000000000000062e-01 3.985315744904262658e+01
3.830000000000000071e-01 3.998629431455032091e+01
3.840000000000000080e-01 4.011961595561931659e+01
3.850000000000000089e-01 4.025312216977647495e+01
3.860000000000000098e-01 4.038681275489540923e+01
3.870000000000000107e-01 4.052068750919752205e+01
3.880000000000000115e-01 4.065474623125290776e+01
3.890000000000000124e-01 4.078898871998107722e+01
3.900000000000000133e-01 4.092341477465188149e+01
3.910000000000000142e-01 4.105802419488603050e+01
3.920000000000000151e-01 4.119281678065609498e+01
3.930000000000000160e-01 4.132779233228709614e+01
3.940000000000000169e-01 4.146295065045713102e+01
3.950000000000000178e-01 4.159829153619797637e+01
3.960000000000000187e-01 4.173381479089575663e+01
3.970000000000000195e-01 4.186952021629152654e+01
3.980000000000000204e-01 4.200540761448171168e+01
3.990000000000000213e-01 4.214147678791867691e+01
4.000000000000000222e-01 4.227772753941119532e+01
4.010000000000000231e-01 4.241415967212487459e+01
4.020000000000000240e-01 4.255077298958251930e+01
4.030000000000000249e-01 4.268756729566480601e+01
4.040000000000000258e-01 4.282454239461021217e+01
4.050000000000000266e-01 4.296169809101562009e+01
4.060000000000000275e-01 4.309903418983668644e+01
4.070000000000000284e-01 4.323655049638802694e+01
4.080000000000000293e-01 4.337424681634336565e+01
4.090000000000000302e-01 4.351212295573593991e+01
4.100000000000000311e-01 4.365017872095879170e+01
4.110000000000000320e-01 4.378841391876475342e+01
4.120000000000000329e-01 4.392682835626664684e+01
4.130000000000000338e-01 4.406542184093761705e+01
4.140000000000000346e-01 4.420419418061104011e+01
4.150000000000000355e-01 4.434314518348084277e+01
4.160000000000000364e-01 4.448227465810130354e+01
4.169999999999999818e-01 4.462158241338741504e+01
4.179999999999999827e-01 4.476106825861482719e+01
4.189999999999999836e-01 4.490073200341972637e+01
4.199999999999999845e-01 4.504057345779905575e+01
4.209999999999999853e-01 4.518059243211037312e+01
4.219999999999999862e-01 4.532078873707187228e+01
4.229999999999999871e-01 4.546116218376234031e+01
4.239999999999999880e-01 4.560171258362107949e+01
4.249999999999999889e-01 4.574243974844773675e+01
4.259999999999999898e-01 4.588334349040242444e+01
4.269999999999999907e-01 4.602442362200542902e+01
4.279999999999999916e-01 4.616567995613705477e+01
4.289999999999999925e-01 4.630711230603758821e+01
4.299999999999999933e-01 4.644872048530713471e+01
4.309999999999999942e-01 4.659050430790540531e+01
4.319999999999999951e-01 4.673246358815148938e+01
4.329999999999999960e-01 4.687459814072369113e+01
4.339999999999999969e-01 4.701690778065923126e+01
4.349999999999999978e-01 4.715939232335423270e+01
4.359999999999999987e-01 4.730205158456325876e+01
4.369999999999999996e-01 4.744488538039908576e+01
4.380000000000000004e-01 4.758789352733252542e+01
4.390000000000000013e-01 4.773107584219202693e+01
4.400000000000000022e-01 4.787443214216354193e+01
4.410000000000000031e-01 4.801796224478997033e+01
4.420000000000000040e-01 4.816166596797109634e+01
4.430000000000000049e-01 4.830554312996303423e+01
4.440000000000000058e-01 4.844959354937816443e+01
4.450000000000000067e-01 4.859381704518442291e+01
4.460000000000000075e-01 4.873821343670519468e+01
4.470000000000000084e-01 4.888278254361886610e+01
4.480000000000000093e-01 4.902752418595849093e+01
4.490000000000000102e-01 4.917243818411122191e+01
4.500000000000000111e-01 4.931752435881816155e+01
4.510000000000000120e-01 4.946278253117380075e+01
4.520000000000000129e-01 4.960821252262552150e+01
4.530000000000000138e-01 4.975381415497324156e+01
4.540000000000000147e-01 4.989958725036915865e+01
4.550000000000000155e-01 5.004553163131694760e+01
4.560000000000000164e-01 5.019164712067159684e+01
4.570000000000000173e-01 5.033793354163871925e+01
4.580000000000000182e-01 5.048439071777426079e+01
4.590000000000000191e-01 5.063101847298405289e+01
4.600000000000000200e-01 5.077781663152298819e+01
4.610000000000000209e-01 5.092478501799484292e+01
4.620000000000000218e-01 5.107192345735174399e+01
4.630000000000000226e-01 5.121923177489352952e+01
4.640000000000000235e-01 5.136670979626730826e+01
4.650000000000000244e-01 5.151435734746694095e+01
4.660000000000000253e-01 5.166217425483245052e+01
4.670000000000000262e-01 5.181016034504959578e+01
4.680000000000000271e-01 5.195831544514907563e+01
4.690000000000000280e-01 5.210663938250637273e+01
4.700000000000000289e-01 5.225513198484085109e+01
4.710000000000000298e-01 5.240379308021546478e+01
4.720000000000000306e-01 5.255262249703574184e+01
4.730000000000000315e-01 5.270162006404993349e+01
4.740000000000000324e-01 5.285078561034769251e+01
4.750000000000000333e-01 5.300011896535998801e+01
4.760000000000000342e-01 5.314961995885822432e+01
4.770000000000000351e-01 5.329928842095395680e+01
4.780000000000000360e-01 5.344912418209796101e+01
4.790000000000000369e-01 5.359912707307978508e+01
4.799999999999999822e-01 5.374929692502721679e+01
4.809999999999999831e-01 5.389963356940545935e+01
4.819999999999999840e-01 5.405013683801681168e+01
4.829999999999999849e-01 5.420080656299975885e+01
4.839999999999999858e-01 5.435164257682855293e+01
4.849999999999999867e-01 5.450264471231233188e+01
4.859999999999999876e-01 5.465381280259493479e+01
4.869999999999999885e-01 5.480514668115377930e+01
4.879999999999999893e-01 5.495664618179955596e+01
4.889999999999999902e-01 5.510831113867536857e+01
4.899999999999999911e-01 5.526014138625620120e+01
4.909999999999999920e-01 5.541213675934833560e+01
4.919999999999999929e-01 5.556429709308861220e+01
4.929999999999999938e-01 5.571662222294359168e+01
4.939999999999999947e-01 5.586911198470936313e+01
4.949999999999999956e-01 5.602176621451039296e+01
4.959999999999999964e-01 5.617458474879920516e+01
4.969999999999999973e-01 5.632756742435541497e+01
4.979999999999999982e-01 5.648071407828552282e+01
4.989999999999999991e-01 5.663402454802163533e+01
5.000000000000000000e-01 5.678749867132123796e+01
5.010000000000000009e-01 5.694113628626647028e+01
5.020000000000000018e-01 5.709493723126321640e+01
5.030000000000000027e-01 5.724890134504070005e+01
5.040000000000000036e-01 5.740302846665056080e+01
5.050000000000000044e-01 5.755731843546632831e+01
5.060000000000000053e-01 5.771177109118278992e+01
5.070000000000000062e-01 5.786638627381506694e+01
5.080000000000000071e-01 5.802116382369808889e+01
5.090000000000000080e-01 5.817610358148587579e+01
5.100000000000000089e-01 5.833120538815096268e+01
5.110000000000000098e-01 5.848646908498341901e+01
5.120000000000000107e-01 5.864189451359048633e+01
5.130000000000000115e-01 5.879748151589551952e+01
5.140000000000000124e-01 5.895322993413768131e+01
5.150000000000000133e-01 5.910913961087094037e+01
5.160000000000000142e-01 5.926521038896352422e+01
5.170000000000000151e-01 5.942144211159710210e+01
5.180000000000000160e-01 5.957783462226615967e+01
5.190000000000000169e-01 5.973438776477738088e+01
5.200000000000000178e-01 5.989110138324883081e+01
5.210000000000000187e-01 6.004797532210906752e+01
5.220000000000000195e-01 6.020500942609693595e+01
5.230000000000000204e-01 6.036220354026032453e+01
5.240000000000000213e-01 6.051955750995573169e+01
5.250000000000000222e-01 6.067707118084767615e+01
5.260000000000000231e-01 6.083474439890758845e+01
5.270000000000000240e-01 6.099257701041349122e+01
5.280000000000000249e-01 6.115056886194909680e+01
5.290000000000000258e-01 6.130871980040319613e+01
5.300000000000000266e-01 6.146702967296874220e+01
5.310000000000000275e-01 6.162549832714243792e+01
5.320000000000000284e-01 6.178412561072376263e+01
5.330000000000000293e-01 6.194291137181436113e+01
5.340000000000000302e-01 6.210185545881743963e+01
5.350000000000000311e-01 6.226095772043689891e+01
5.360000000000000320e-01 6.242021800567663092e+01
5.370000000000000329e-01 6.257963616383985794e+01
5.380000000000000338e-01 6.273921204452841494e+01
5.390000000000000346e-01 6.289894549764214560e+01
5.400000000000000355e-01 6.305883637337782943e+01
5.410000000000000364e-01 6.321888452222891885e+01
5.420000000000000373e-01 6.337908979498450179e+01
5.430000000000000382e-01 6.353945204272886826e+01
5.440000000000000391e-01 6.369997111684034508e+01
5.450000000000000400e-01 6.386064686899124609e+01
5.460000000000000409e-01 6.402147915114643695e+01
5.470000000000000417e-01 6.418246781556325686e+01
5.480000000000000426e-01 6.434361271479031075e+01
5.490000000000000435e-01 6.450491370166709260e+01
5.500000000000000444e-01 6.466637062932316837e+01
5.510000000000000453e-01 6.482798335117735178e+01
5.520000000000000462e-01 6.498975172093715003e+01
5.530000000000000471e-01 6.515167559259802488e+01
5.540000000000000480e-01 6.531375482044266789e+01
5.550000000000000488e-01 6.547598925904021883e+01
5.560000000000000497e-01 6.563837876324556930e+01
5.570000000000000506e-01 6.580092318819892228e+01
5.580000000000000515e-01 6.596362238932464095e+01
5.590000000000000524e-01 6.612647622233092193e+01
5.600000000000000533e-01 6.628948454320887151e+01
5.610000000000000542e-01 6.645264720823180937e+01
5.620000000000000551e-01 6.661596407395478536e+01
5.630000000000000560e-01 6.677943499721358478e+01
5.640000000000000568e-01 6.694305983512427360e+01
5.650000000000000577e-01 6.710683844508213269e+01
5.660000000000000586e-01 6.727077068476151567e+01
5.670000000000000595e-01 6.743485641211466941e+01
5.680000000000000604e-01 6.759909548537120827e+01
5.690000000000000613e-01 6.776348776303746035e+01
5.700000000000000622e-01 6.792803310389565752e+01
5.710000000000000631e-01 6.809273136700335272e+01
5.720000000000000639e-01 6.825758241169265261e+01
5.730000000000000648e-01 6.842258609756959231e+01
5.740000000000000657e-01 6.858774228451324007e+01
5.750000000000000666e-01 6.875305083267542727e+01
5.760000000000000675e-01 6.891851160247944108e+01
5.769999999999999574e-01 6.908412445461998175e+01
5.779999999999999583e-01 6.924988925006208262e+01
5.789999999999999591e-01 6.941580585004041382e+01
5.799999999999999600e-01 6.958187411605877060e+01
5.809999999999999609e-01 6.974809390988930602e+01
5.819999999999999618e-01 6.991446509357187722e+01
5.829999999999999627e-01 7.008098752941323539e+01
5.839999999999999636e-01 7.024766107998655684e+01
5.849999999999999645e-01 7.041448560813056190e+01
5.859999999999999654e-01 7.058146097694897492e+01
5.869999999999999662e-01 7.074858704980972846e+01
5.879999999999999671e-01 7.091586369034430959e+01
5.889999999999999680e-01 7.108329076244726252e+01
5.899999999999999689e-01 7.125086813027530752e+01
5.909999999999999698e-01 7.141859565824654510e+01
5.919999999999999707e-01 7.158647321104031391e+01
5.929999999999999716e-01 7.175450065359585494e+01
5.939999999999999725e-01 7.192267785111212675e+01
5.949999999999999734e-01 7.209100466904689597e+01
5.959999999999999742e-01 7.225948097311615470e+01
5.969999999999999751e-01 7.242810662929343835e+01
5.979999999999999760e-01 7.259688150380907246e+01
5.989999999999999769e-01 7.276580546314977482e+01
5.999999999999999778e-01 7.293487837405768914e+01
6.009999999999999787e-01 7.310410010352984500e+01
6.019999999999999796e-01 7.327347051881756101e+01
6.029999999999999805e-01 7.344298948742563482e+01
6.039999999999999813e-01 7.361265687711190253e+01
6.049999999999999822e-01 7.378247255588632925e+01
6.059999999999999831e-01 7.395243639201049746e+01
6.069999999999999840e-01 7.412254825399698177e+01
6.079999999999999849e-01 7.429280801060866679e+01
6.089999999999999858e-01 7.446321553085807921e+01
6.099999999999999867e-01 7.463377068400669145e+01
6.109999999999999876e-01 7.480447333956428224e+01
6.119999999999999885e-01 7.497532336728852442e+01
6.129999999999999893e-01 7.514632063718386235e+01
6.139999999999999902e-01 7.531746501950151185e+01
6.149999999999999911e-01 7.548875638473815286e+01
6.159999999999999920e-01 7.566019460363564519e+01
6.169999999999999929e-01 7.583177954718054536e+01
6.179999999999999938e-01 7.600351108660301236e+01
6.189999999999999947e-01 7.617538909337652342e+01
6.199999999999999956e-01 7.634741343921723455e+01
6.209999999999999964e-01 7.651958399608315631e+01
6.219999999999999973e-01 7.669190063617374165e+01
6.229999999999999982e-01 7.686436323192880593e+01
6.239999999999999991e-01 7.703697165602862640e+01
6.250000000000000000e-01 7.720972578139263476e+01
6.260000000000000009e-01 7.738262548117926087e+01
6.270000000000000018e-01 7.755567062878506590e+01
6.280000000000000027e-01 7.772886109784400333e+01
6.290000000000000036e-01 7.790219676222727685e+01
6.300000000000000044e-01 7.807567749604216090e+01
6.310000000000000053e-01 7.824930317363175902e+01
6.320000000000000062e-01 7.842307366957415127e+01
6.330000000000000071e-01 7.859698885868212415e+01
6.340000000000000080e-01 7.877104861600201957e+01
6.350000000000000089e-01 7.894525281681373485e+01
6.360000000000000098e-01 7.911960133662948635e+01
6.370000000000000107e-01 7.929409405119382370e+01
6.380000000000000115e-01 7.946873083648253555e+01
6.390000000000000124e-01 7.964351156870222326e+01
6.400000000000000133e-01 7.981843612428990298e+01
6.410000000000000142e-01 7.999350437991185458e+01
6.420000000000000151e-01 8.016871621246374957e+01
6.430000000000000160e-01 8.034407149906940049e+01
6.440000000000000169e-01 8.051957011708057621e+01
6.450000000000000178e-01 8.069521194407614928e+01
6.460000000000000187e-01 8.087099685786165537e+01
6.470000000000000195e-01 8.104692473646875328e+01
6.480000000000000204e-01 8.122299545815448596e+01
6.490000000000000213e-01 8.139920890140064103e+01
6.500000000000000222e-01 8.157556494491336707e+01
6.510000000000000231e-01 8.175206346762256260e+01
6.520000000000000240e-01 8.192870434868090967e+01
6.530000000000000249e-01 8.210548746746408710e+01
6.540000000000000258e-01 8.228241270356909354e+01
6.550000000000000266e-01 8.245947993681483013e+01
6.560000000000000275e-01 8.263668904724062259e+01
6.570000000000000284e-01 8.281403991510603646e+01
6.580000000000000293e-01 8.299153242089035132e+01
6.590000000000000302e-01 8.316916644529179337e+01
6.600000000000000311e-01 8.334694186922700965e+01
6.610000000000000320e-01 8.352485857383067014e+01
6.620000000000000329e-01 8.370291644045457247e+01
6.630000000000000338e-01 8.388111535066749980e+01
6.640000000000000346e-01 8.405945518625419766e+01
6.650000000000000355e-01 8.423793582921531709e+01
6.660000000000000364e-01 8.441655716176622093e+01
6.670000000000000373e-01 8.459531906633695542e+01
6.680000000000000382e-01 8.477422142557155382e+01
6.690000000000000391e-01 8.495326412232722646e+01
6.700000000000000400e-01 8.513244703967427540e+01
6.710000000000000409e-01 8.531177006089504289e+01
6.720000000000000417e-01 8.549123306948358447e+01
6.730000000000000426e-01 8.567083594914532796e+01
6.740000000000000435e-01 8.585057858379602180e+01
6.750000000000000444e-01 8.603046085756183459e+01
6.760000000000000453e-01 8.621048265477796235e+01
6.770000000000000462e-01 8.639064385998882756e+01
6.780000000000000471e-01 8.657094435794749643e+01
6.790000000000000480e-01 8.675138403361452788e+01
6.800000000000000488e-01 8.693196277215797352e+01
6.810000000000000497e-01 8.711268045895268131e+01
6.820000000000000506e-01 8.729353697957972713e+01
6.830000000000000515e-01 8.747453221982594584e+01
6.840000000000000524e-01 8.765566606568339125e+01
6.850000000000000533e-01 8.783693840334845504e+01
6.860000000000000542e-01 8.801834911922210836e+01
6.870000000000000551e-01 8.819989809990866547e+01
6.880000000000000560e-01 8.838158523221548535e+01
6.890000000000000568e-01 8.856341040315248847e+01
6.900000000000000577e-01 8.874537349993148894e+01
6.910000000000000586e-01 8.892747440996606656e+01
6.920000000000000595e-01 8.910971302087047263e+01
6.930000000000000604e-01 8.929208922045953045e+01
6.940000000000000613e-01 8.947460289674783951e+01
6.950000000000000622e-01 8.965725393794957654e+01
6.960000000000000631e-01 8.984004223247768550e+01
6.970000000000000639e-01 9.002296766894346547e+01
6.980000000000000648e-01 9.020603013615605903e+01
6.990000000000000657e-01 9.038922952312199754e+01
7.000000000000000666e-01 9.057256571904461850e+01
7.010000000000000675e-01 9.075603861332345446e+01
7.020000000000000684e-01 9.093964809555401985e+01
7.030000000000000693e-01 9.112339405552714311e+01
7.039999999999999591e-01 9.130727638322814244e+01
7.049999999999999600e-01 9.149129496883692525e+01
7.059999999999999609e-01 9.167544970272712135e+01
7.069999999999999618e-01 9.185974047546558552e+01
7.079999999999999627e-01 9.204416717781190016e+01
7.089999999999999636e-01 9.222872970071824739e+01
7.099999999999999645e-01 9.241342793532808741e+01
7.109999999999999654e-01 9.259826177297671279e+01
7.119999999999999662e-01 9.278323110518984151e+01
7.129999999999999671e-01 9.296833582368370230e+01
7.139999999999999680e-01 9.315357582036425299e+01
7.149999999999999689e-01 9.333895098732674001e+01
7.159999999999999698e-01 9.352446121685545677e+01
7.169999999999999707e-01 9.371010640142286263e+01
7.179999999999999716e-01 9.389588643368941234e+01
7.189999999999999725e-01 9.408180120650274603e+01
7.199999999999999734e-01 9.426785061289763235e+01
7.209999999999999742e-01 9.445403454609535743e+01
7.219999999999999751e-01 9.464035289950280116e+01
7.229999999999999760e-01 9.482680556671255090e+01
7.239999999999999769e-01 9.501339244150229035e+01
7.249999999999999778e-01 9.520011341783387593e+01
7.259999999999999787e-01 9.538696838985364934e+01
7.269999999999999796e-01 9.557395725189117286e+01
7.279999999999999805e-01 9.576107989845931456e+01
7.289999999999999813e-01 9.594833622425350939e+01
7.299999999999999822e-01 9.613572612415137542e+01
7.309999999999999831e-01 9.632324949321218810e+01
7.319999999999999840e-01 9.651090622667669550e+01
7.329999999999999849e-01 9.669869621996606668e+01
7.339999999999999858e-01 9.688661936868204805e+01
7.349999999999999867e-01 9.707467556860612490e+01
7.359999999999999876e-01 9.726286471569919456e+01
7.369999999999999885e-01 9.745118670610122535e+01
7.379999999999999893e-01 9.763964143613043234e+01
7.389999999999999902e-01 9.782822880228322049e+01
7.399999999999999911e-01 9.801694870123361625e+01
7.409999999999999920e-01 9.820580102983254278e+01
7.419999999999999929e-01 9.839478568510786261e+01
7.429999999999999938e-01 9.858390256426332598e+01
7.439999999999999947e-01 9.877315156467896884e+01
7.449999999999999956e-01 9.896253258390970586e+01
7.459999999999999964e-01 9.915204551968543001e+01
7.469999999999999973e-01 9.934169026991062879e+01
7.479999999999999982e-01 9.953146673266365951e+01
7.489999999999999991e-01 9.972137480619637984e+01
7.500000000000000000e-01 9.991141438893390614e+01
7.510000000000000009e-01 1.001015853794739314e+02
7.520000000000000018e-01 1.002918876765865122e+02
7.530000000000000027e-01 1.004823211792133577e+02
7.540000000000000036e-01 1.006728857864676030e+02
7.550000000000000044e-01 1.008635813976333537e+02
7.560000000000000053e-01 1.010544079121650896e+02
7.570000000000000062e-01 1.012453652296876356e+02
7.580000000000000071e-01 1.014364532499951395e+02
7.590000000000000080e-01 1.016276718730512130e+02
7.600000000000000089e-01 1.018190209989881367e+02
7.610000000000000098e-01 1.020105005281065758e+02
7.620000000000000107e-01 1.022021103608750678e+02
7.630000000000000115e-01 1.023938503979298673e+02
7.640000000000000124e-01 1.025857205400740924e+02
7.650000000000000133e-01 1.027777206882777392e+02
7.660000000000000142e-01 1.029698507436767727e+02
7.670000000000000151e-01 1.031621106075733962e+02
7.680000000000000160e-01 1.033545001814349575e+02
7.690000000000000169e-01 1.035470193668938919e+02
7.700000000000000178e-01 1.037396680657472103e+02
7.710000000000000187e-01 1.039324461799560595e+02
7.720000000000000195e-01 1.041253536116455365e+02
7.730000000000000204e-01 1.043183902631037654e+02
7.740000000000000213e-01 1.045115560367822667e+02
7.750000000000000222e-01 1.047048508352946925e+02
7.760000000000000231e-01 1.048982745614171677e+02
7.770000000000000240e-01 1.050918271180872665e+02
7.780000000000000249e-01 1.052855084084039845e+02
7.790000000000000258e-01 1.054793183356274824e+02
7.800000000000000266e-01 1.056732568031780914e+02
7.810000000000000275e-01 1.058673237146364841e+02
7.820000000000000284e-01 1.060615189737428494e+02
7.830000000000000293e-01 1.062558424843969931e+02
7.840000000000000302e-01 1.064502941506575269e+02
7.850000000000000311e-01 1.066448738767414710e+02
7.860000000000000320e-01 1.068395815670241547e+02
7.870000000000000329e-01 1.070344171260387611e+02
7.880000000000000338e-01 1.072293804584754611e+02
7.890000000000000346e-01 1.074244714691816398e+02
7.900000000000000355e-01 1.076196900631613005e+02
7.910000000000000364e-01 1.078150361455746804e+02
7.920000000000000373e-01 1.080105096217375262e+02
7.930000000000000382e-01 1.082061103971212219e+02
7.940000000000000391e-01 1.084018383773521919e+02
7.950000000000000400e-01 1.085976934682116735e+02
7.960000000000000409e-01 1.087936755756346088e+02
7.970000000000000417e-01 1.089897846057105113e+02
7.980000000000000426e-01 1.091860204646819312e+02
7.990000000000000435e-01 1.093823830589446970e+02
8.000000000000000444e-01 1.095788722950476313e+02
8.010000000000000453e-01 1.097754880796914563e+02
8.020000000000000462e-01 1.099722303197291637e+02
8.030000000000000471e-01 1.101690989221655741e+02
8.040000000000000480e-01 1.103660937941563276e+02
8.050000000000000488e-01 1.105632148430083674e+02
8.060000000000000497e-01 1.107604619761787603e+02
8.070000000000000506e-01 1.109578351012750943e+02
8.080000000000000515e-01 1.111553341260543704e+02
8.090000000000000524e-01 1.113529589584233292e+02
8.100000000000000533e-01 1.115507095064375562e+02
8.110000000000000542e-01 1.117485856783014100e+02
8.120000000000000551e-01 1.119465873823673547e+02
8.130000000000000560e-01 1.121447145271361734e+02
8.140000000000000568e-01 1.123429670212559728e+02
8.150000000000000577e-01 1.125413447735220558e+02
8.160000000000000586e-01 1.127398476928769213e+02
8.170000000000000595e-01 1.129384756884091416e+02
8.180000000000000604e-01 1.131372286693537035e+02
8.190000000000000613e-01 1.133361065450914111e+02
8.200000000000000622e-01 1.135351092251484886e+02
8.210000000000000631e-01 1.137342366191961105e+02
8.220000000000000639e-01 1.139334886370503455e+02
8.230000000000000648e-01 1.141328651886715591e+02
8.240000000000000657e-01 1.143323661841642576e+02
8.250000000000000666e-01 1.145319915337765195e+02
8.260000000000000675e-01 1.147317411478999247e+02
8.270000000000000684e-01 1.149316149370688152e+02
8.280000000000000693e-01 1.151316128119602524e+02
8.290000000000000702e-01 1.153317346833937620e+02
8.300000000000000711e-01 1.155319804623307505e+02
8.310000000000000719e-01 1.157323500598739514e+02
8.320000000000000728e-01 1.159328433872677806e+02
8.329999999999999627e-01 1.161334603558973981e+02
8.339999999999999636e-01 1.163342008772885521e+02
8.349999999999999645e-01 1.165350648631073227e+02
8.359999999999999654e-01 1.167360522251593835e+02
8.369999999999999662e-01 1.169371628753905838e+02
8.379999999999999671e-01 1.171383967258853573e+02
8.389999999999999680e-01 1.173397536888675319e+02
8.399999999999999689e-01 1.175412336766993491e+02
8.409999999999999698e-01 1.177428366018810380e+02
8.419999999999999707e-01 1.179445623770511418e+02
8.429999999999999716e-01 1.181464109149855517e+02
8.439999999999999725e-01 1.183483821285974926e+02
8.449999999999999734e-01 1.185504759309370826e+02
8.459999999999999742e-01 1.187526922351908212e+02
8.469999999999999751e-01 1.189550309546818454e+02
8.479999999999999760e-01 1.191574920028689917e+02
8.489999999999999769e-01 1.193600752933467106e+02
8.499999999999999778e-01 1.195627807398449249e+02
8.509999999999999787e-01 1.197656082562282052e+02
8.519999999999999796e-01 1.199685577564960397e+02
8.529999999999999805e-01 1.201716291547822379e+02
8.539999999999999813e-01 1.203748223653543477e+02
8.549999999999999822e-01 1.205781373026138397e+02
8.559999999999999831e-01 1.207815738810956248e+02
8.569999999999999840e-01 1.209851320154672152e+02
8.579999999999999849e-01 1.211888116205295205e+02
8.589999999999999858e-01 1.213926126112152701e+02
8.599999999999999867e-01 1.215965349025896387e+02
8.609999999999999876e-01 1.218005784098495354e+02
8.619999999999999885e-01 1.220047430483232205e+02
8.629999999999999893e-01 1.222090287334702055e+02
8.639999999999999902e-01 1.224134353808809976e+02
8.649999999999999911e-01 1.226179629062763183e+02
8.659999999999999920e-01 1.228226112255075151e+02
8.669999999999999929e-01 1.230273802545555810e+02
8.679999999999999938e-01 1.232322699095311549e+02
8.689999999999999947e-01 1.234372801066744785e+02
8.699999999999999956e-01 1.236424107623544302e+02
8.709999999999999964e-01 1.238476617930688377e+02
8.719999999999999973e-01 1.240530331154438670e+02
8.729999999999999982e-01 1.242585246462338091e+02
8.739999999999999991e-01 1.244641363023207958e+02
8.750000000000000000e-01 1.246698680007143594e+02
8.760000000000000009e-01 1.248757196585512048e+02
8.770000000000000018e-01 1.250816911930952244e+02
8.780000000000000027e-01 1.252877825217365597e+02
8.790000000000000036e-01 1.254939935619919993e+02
8.800000000000000044e-01 1.257003242315040836e+02
8.810000000000000053e-01 1.259067744480412046e+02
8.820000000000000062e-01 1.261133441294971078e+02
8.830000000000000071e-01 1.263200331938908931e+02
8.840000000000000080e-01 1.265268415593662183e+02
8.850000000000000089e-01 1.267337691441913279e+02
8.860000000000000098e-01 1.269408158667590101e+02
8.870000000000000107e-01 1.271479816455857303e+02
8.880000000000000115e-01 1.273552663993117307e+02
8.890000000000000124e-01 1.275626700467007737e+02
8.900000000000000133e-01 1.277701925066394466e+02
8.910000000000000142e-01 1.279778336981375588e+02
8.920000000000000151e-01 1.281855935403270337e+02
8.930000000000000160e-01 1.283934719524623063e+02
8.940000000000000169e-01 1.286014688539197834e+02
8.950000000000000178e-01 1.288095841641974175e+02
8.960000000000000187e-01 1.290178178029148910e+02
8.970000000000000195e-01 1.292261696898124512e+02
8.980000000000000204e-01 1.294346397447517347e+02
8.990000000000000213e-01 1.296432278877146587e+02
9.000000000000000222e-01 1.298519340388034777e+02
9.010000000000000231e-01 1.300607581182406136e+02
9.020000000000000240e-01 1.302697000463678592e+02
9.030000000000000249e-01 1.304787597436469468e+02
9.040000000000000258e-01 1.306879371306583550e+02
9.050000000000000266e-01 1.308972321281016207e+02
9.060000000000000275e-01 1.311066446567951971e+02
9.070000000000000284e-01 1.313161746376755161e+02
9.080000000000000293e-01 1.315258219917971019e+02
9.090000000000000302e-01 1.317355866403326559e+02
9.100000000000000311e-01 1.319454685045720908e+02
9.110000000000000320e-01 1.321554675059227861e+02
9.120000000000000329e-01 1.323655835659089917e+02
9.130000000000000338e-01 1.325758166061718271e+02
9.140000000000000346e-01 1.327861665484688558e+02
9.150000000000000355e-01 1.329966333146738293e+02
9.160000000000000364e-01 1.332072168267762322e+02
9.170000000000000373e-01 1.334179170068818507e+02
9.180000000000000382e-01 1.336287337772112664e+02
9.190000000000000391e-01 1.338396670601003393e+02
9.200000000000000400e-01 1.340507167780001510e+02
9.210000000000000409e-01 1.342618828534758393e+02
9.220000000000000417e-01 1.344731652092076786e+02
9.230000000000000426e-01 1.346845637679892604e+02
9.240000000000000435e-01 1.348960784527285455e+02
9.250000000000000444e-01 1.351077091864469537e+02
9.260000000000000453e-01 1.353194558922791657e+02
9.270000000000000462e-01 1.355313184934730089e+02
9.280000000000000471e-01 1.357432969133891163e+02
9.290000000000000480e-01 1.359553910755006711e+02
9.300000000000000488e-01 1.361676009033932360e+02
9.310000000000000497e-01 1.363799263207642412e+02
9.320000000000000506e-01 1.365923672514231271e+02
9.330000000000000515e-01 1.368049236192907756e+02
9.340000000000000524e-01 1.370175953483996238e+02
9.350000000000000533e-01 1.372303823628926125e+02
9.360000000000000542e-01 1.374432845870240669e+02
9.370000000000000551e-01 1.376563019451583898e+02
9.380000000000000560e-01 1.378694343617707148e+02
9.390000000000000568e-01 1.380826817614458832e+02
9.400000000000000577e-01 1.382960440688787287e+02
9.410000000000000586e-01 1.385095212088734797e+02
9.420000000000000595e-01 1.387231131063439307e+02
9.430000000000000604e-01 1.389368196863127309e+02
9.440000000000000613e-01 1.391506408739113567e+02
9.450000000000000622e-01 1.393645765943800541e+02
9.460000000000000631e-01 1.395786267730671284e+02
9.470000000000000639e-01 1.397927913354293707e+02
9.480000000000000648e-01 1.400070702070309494e+02
9.490000000000000657e-01 1.402214633135440636e+02
9.500000000000000666e-01 1.404359705807479486e+02
9.510000000000000675e-01 1.406505919345292455e+02
9.520000000000000684e-01 1.408653273008814040e+02
9.530000000000000693e-01 1.410801766059042279e+02
9.540000000000000702e-01 1.412951397758045289e+02
9.550000000000000711e-01 1.415102167368950177e+02
9.560000000000000719e-01 1.417254074155939350e+02
9.570000000000000728e-01 1.419407117384260744e+02
9.580000000000000737e-01 1.421561296320209067e+02
9.590000000000000746e-01 1.423716610231137736e+02
9.599999999999999645e-01 1.425873058385444949e+02
9.609999999999999654e-01 1.428030640052579372e+02
9.619999999999999662e-01 1.430189354503036725e+02
9.629999999999999671e-01 1.432349201008352679e+02
9.639999999999999680e-01 1.434510178841105699e+02
9.649999999999999689e-01 1.436672287274912492e+02
9.659999999999999698e-01 1.438835525584424317e+02
9.669999999999999707e-01 1.440999893045329827e+02
9.679999999999999716e-01 1.443165388934346254e+02
9.689999999999999725e-01 1.445332012529219696e+02
9.699999999999999734e-01 1.447499763108728530e+02
9.709999999999999742e-01 1.449668639952669480e+02
9.719999999999999751e-01 1.451838642341867285e+02
9.729999999999999760e-01 1.454009769558163043e+02
9.739999999999999769e-01 1.456182020884417909e+02
9.749999999999999778e-01 1.458355395604510250e+02
9.759999999999999787e-01 1.460529893003329107e+02
9.769999999999999796e-01 1.462705512366776475e+02
9.779999999999999805e-01 1.464882252981765305e+02
9.789999999999999813e-01 1.467060114136211837e+02
9.799999999999999822e-01 1.469239095119040712e+02
9.809999999999999831e-01 1.471419195220177869e+02
9.819999999999999840e-01 1.473600413730549121e+02
9.829999999999999849e-01 1.475782749942079306e+02
9.839999999999999858e-01 1.477966203147688304e+02
9.849999999999999867e-01 1.480150772641291894e+02
9.859999999999999876e-01 1.482336457717796634e+02
9.869999999999999885e-01 1.484523257673097021e+02
9.879999999999999893e-01 1.486711171804078617e+02
9.889999999999999902e-01 1.488900199408609524e+02
9.899999999999999911e-01 1.491090339785541232e+02
9.909999999999999920e-01 1.493281592234707773e+02
9.919999999999999929e-01 1.495473956056920883e+02
9.929999999999999938e-01 1.497667430553969155e+02
9.939999999999999947e-01 1.499862015028617179e+02
9.949999999999999956e-01 1.502057708784600436e+02
9.959999999999999964e-01 1.504254511126624436e+02
9.969999999999999973e-01 1.506452421360365577e+02
9.979999999999999982e-01 1.508651438792464887e+02
9.989999999999999991e-01 1.510851562730528030e+02
1.000000000000000000e+00 1.513052792483123028e+02
