0.000000000000000000e+00 0.000000000000000000e+00
1.000000000000000021e-03 8.148237766759320877e-01
2.000000000000000042e-03 1.423592048368602203e+00
3.000000000000000062e-03 1.973934186664360046e+00
4.000000000000000083e-03 2.487912660504948192e+00
5.000000000000000104e-03 2.975275482474264432e+00
6.000000000000000125e-03 3.441533398841268632e+00
7.000000000000000146e-03 3.890231928197884770e+00
8.000000000000000167e-03 4.323844995910526734e+00
9.000000000000001055e-03 4.744198167861897630e+00
1.000000000000000021e-02 5.152694975690836010e+00
1.099999999999999936e-02 5.550448880476241520e+00
1.200000000000000025e-02 5.938365392179540514e+00
1.300000000000000114e-02 6.317195840028782428e+00
1.400000000000000029e-02 6.687574052455261153e+00
1.499999999999999944e-02 7.050042236361505843e+00
1.600000000000000033e-02 7.405069759029405674e+00
1.700000000000000122e-02 7.753067110405238438e+00
1.800000000000000211e-02 8.094396499365494435e+00
1.899999999999999953e-02 8.429380041441572047e+00
2.000000000000000042e-02 8.758306186230713664e+00
2.100000000000000130e-02 9.081434834026785197e+00
2.199999999999999872e-02 9.399001460102740069e+00
2.299999999999999961e-02 9.711220476511213562e+00
2.400000000000000050e-02 1.001828800016981624e+01
2.500000000000000139e-02 1.032038415304291945e+01
2.600000000000000228e-02 1.061767498951506639e+01
2.699999999999999969e-02 1.091031412374358744e+01
2.800000000000000058e-02 1.119844411334784873e+01
2.900000000000000147e-02 1.148219764353395611e+01
2.999999999999999889e-02 1.176169854649846869e+01
3.099999999999999978e-02 1.203706268389062828e+01
3.200000000000000067e-02 1.230839871466517899e+01
3.300000000000000155e-02 1.257580876641876699e+01
3.400000000000000244e-02 1.283938902497401102e+01
3.500000000000000333e-02 1.309923025434060051e+01
3.600000000000000422e-02 1.335541825708116903e+01
3.699999999999999817e-02 1.360803428342146404e+01
3.799999999999999906e-02 1.385715539607889291e+01
3.899999999999999994e-02 1.410285479667232522e+01
4.000000000000000083e-02 1.434520211866642114e+01
4.100000000000000172e-02 1.458426369105462328e+01
4.200000000000000261e-02 1.482010277636509876e+01
4.300000000000000350e-02 1.505277978605817246e+01
4.399999999999999745e-02 1.528235247595288016e+01
4.499999999999999833e-02 1.550887612395819026e+01
4.599999999999999922e-02 1.573240369207945832e+01
4.700000000000000011e-02 1.595298597441216870e+01
4.800000000000000100e-02 1.617067173261541058e+01
4.900000000000000189e-02 1.638550782017016516e+01
5.000000000000000278e-02 1.659753929656696414e+01
5.100000000000000366e-02 1.680680953242976727e+01
5.200000000000000455e-02 1.701336030646383790e+01
5.299999999999999850e-02 1.721723189501285844e+01
5.399999999999999939e-02 1.741846315492139396e+01
5.500000000000000028e-02 1.761709160032109978e+01
5.600000000000000117e-02 1.781315347389176296e+01
5.700000000000000205e-02 1.800668381308897281e+01
5.800000000000000294e-02 1.819771651177838834e+01
5.900000000000000383e-02 1.838628437767109602e+01
5.999999999999999778e-02 1.857241918591438790e+01
6.099999999999999867e-02 1.875615172915682294e+01
6.199999999999999956e-02 1.893751186437511436e+01
6.300000000000000044e-02 1.911652855672259221e+01
6.400000000000000133e-02 1.929322992063418951e+01
6.500000000000000222e-02 1.946764325840108256e+01
6.600000000000000311e-02 1.963979509640816445e+01
6.700000000000000400e-02 1.980971121921036016e+01
6.800000000000000488e-02 1.997741670160779037e+01
6.900000000000000577e-02 2.014293593886586464e+01
7.000000000000000666e-02 2.030629267521361569e+01
7.100000000000000755e-02 2.046751003074223263e+01
7.200000000000000844e-02 2.062661052681555773e+01
7.299999999999999545e-02 2.078361611009484733e+01
7.399999999999999634e-02 2.093854817527191514e+01
7.499999999999999722e-02 2.109142758659704953e+01
7.599999999999999811e-02 2.124227469828127468e+01
7.699999999999999900e-02 2.139110937384624478e+01
7.799999999999999989e-02 2.153795100448936495e+01
7.900000000000000078e-02 2.168281852652665975e+01
8.000000000000000167e-02 2.182573043797101064e+01
8.100000000000000255e-02 2.196670481429921651e+01
8.200000000000000344e-02 2.210575932345746608e+01
8.300000000000000433e-02 2.224291124015089949e+01
8.400000000000000522e-02 2.237817745946009040e+01
8.500000000000000611e-02 2.251157450982374186e+01
8.600000000000000699e-02 2.264311856542472157e+01
8.700000000000000788e-02 2.277282545801337932e+01
8.799999999999999489e-02 2.290071068820024180e+01
8.899999999999999578e-02 2.302678943624769659e+01
8.999999999999999667e-02 2.315107657238854699e+01
9.099999999999999756e-02 2.327358666669723419e+01
9.199999999999999845e-02 2.339433399853805184e+01
9.299999999999999933e-02 2.351333256561292018e+01
9.400000000000000022e-02 2.363059609262996119e+01
9.500000000000000111e-02 2.374613803961279501e+01
9.600000000000000200e-02 2.385997160986910259e+01
9.700000000000000289e-02 2.397210975763587726e+01
9.800000000000000377e-02 2.408256519541798824e+01
9.900000000000000466e-02 2.419135040103515522e+01
1.000000000000000056e-01 2.429847762439205638e+01
1.010000000000000064e-01 2.440395889398504892e+01
1.020000000000000073e-01 2.450780602315841250e+01
1.030000000000000082e-01 2.461003061612208143e+01
1.040000000000000091e-01 2.471064407374236183e+01
1.049999999999999961e-01 2.480965759911628155e+01
1.059999999999999970e-01 2.490708220293970498e+01
1.069999999999999979e-01 2.500292870867879813e+01
1.079999999999999988e-01 2.509720775755378597e+01
1.089999999999999997e-01 2.518992981334370640e+01
1.100000000000000006e-01 2.528110516702001220e+01
1.110000000000000014e-01 2.537074394121675880e+01
1.120000000000000023e-01 2.545885609454462539e+01
1.130000000000000032e-01 2.554545142575559069e+01
1.140000000000000041e-01 2.563053957776469716e+01
1.150000000000000050e-01 2.571413004153501447e+01
1.160000000000000059e-01 2.579623215983189510e+01
1.170000000000000068e-01 2.587685513085162015e+01
1.180000000000000077e-01 2.595600801173006289e+01
1.190000000000000085e-01 2.603369972193624804e+01
1.199999999999999956e-01 2.610993904655530073e+01
1.209999999999999964e-01 2.618473463946582669e+01
1.219999999999999973e-01 2.625809502641537563e+01
1.229999999999999982e-01 2.633002860799850353e+01
1.239999999999999991e-01 2.640054366254132745e+01
1.250000000000000000e-01 2.646964834889578455e+01
1.260000000000000009e-01 2.653735070914781957e+01
1.270000000000000018e-01 2.660365867124225048e+01
1.280000000000000027e-01 2.666858005152787925e+01
1.290000000000000036e-01 2.673212255722570063e+01
1.300000000000000044e-01 2.679429378882329615e+01
1.310000000000000053e-01 2.685510124239788965e+01
1.320000000000000062e-01 2.691455231187125463e+01
1.330000000000000071e-01 2.697265429119832802e+01
1.340000000000000080e-01 2.702941437649253231e+01
1.350000000000000089e-01 2.708483966808979915e+01
1.360000000000000098e-01 2.713893717255357885e+01
1.370000000000000107e-01 2.719171380462309173e+01
1.380000000000000115e-01 2.724317638910656569e+01
1.390000000000000124e-01 2.729333166272171241e+01
1.400000000000000133e-01 2.734218627588503736e+01
1.410000000000000142e-01 2.738974679445205851e+01
1.420000000000000151e-01 2.743601970140965918e+01
1.430000000000000160e-01 2.748101139852289165e+01
1.440000000000000169e-01 2.752472820793705921e+01
1.449999999999999900e-01 2.756717637373717622e+01
1.459999999999999909e-01 2.760836206346597876e+01
1.469999999999999918e-01 2.764829136960169365e+01
1.479999999999999927e-01 2.768697031099744521e+01
1.489999999999999936e-01 2.772440483428293945e+01
1.499999999999999944e-01 2.776060081523002054e+01
1.509999999999999953e-01 2.779556406008333624e+01
1.519999999999999962e-01 2.782930030685684031e+01
1.529999999999999971e-01 2.786181522659777343e+01
1.539999999999999980e-01 2.789311442461857382e+01
1.549999999999999989e-01 2.792320344169828772e+01
1.559999999999999998e-01 2.795208775525404121e+01
1.570000000000000007e-01 2.797977278048363559e+01
1.580000000000000016e-01 2.800626387148027518e+01
1.590000000000000024e-01 2.803156632231999978e+01
1.600000000000000033e-01 2.805568536812308267e+01
1.610000000000000042e-01 2.807862618608972483e+01
1.620000000000000051e-01 2.810039389651115371e+01
1.630000000000000060e-01 2.812099356375669501e+01
1.640000000000000069e-01 2.814043019723768069e+01
1.650000000000000078e-01 2.815870875234868009e+01
1.660000000000000087e-01 2.817583413138691029e+01
1.670000000000000095e-01 2.819181118445035850e+01
1.680000000000000104e-01 2.820664471031521003e+01
1.690000000000000113e-01 2.822033945729340232e+01
1.700000000000000122e-01 2.823290012407051108e+01
1.710000000000000131e-01 2.824433136052486759e+01
1.720000000000000140e-01 2.825463776852824083e+01
1.730000000000000149e-01 2.826382390272868861e+01
1.740000000000000158e-01 2.827189427131602528e+01
1.750000000000000167e-01 2.827885333677053481e+01
1.759999999999999898e-01 2.828470551659511045e+01
1.769999999999999907e-01 2.828945518403157067e+01
1.779999999999999916e-01 2.829310666876142122e+01
1.789999999999999925e-01 2.829566425759164261e+01
1.799999999999999933e-01 2.829713219512555256e+01
1.809999999999999942e-01 2.829751468441969919e+01
1.819999999999999951e-01 2.829681588762652922e+01
1.829999999999999960e-01 2.829503992662386835e+01
1.839999999999999969e-01 2.829219088363093704e+01
1.849999999999999978e-01 2.828827280181177528e+01
1.859999999999999987e-01 2.828328968586600212e+01
1.869999999999999996e-01 2.827724550260753134e+01
1.880000000000000004e-01 2.827014418153143893e+01
1.890000000000000013e-01 2.826198961536917054e+01
1.900000000000000022e-01 2.825278566063271768e+01
1.910000000000000031e-01 2.824253613814764918e+01
1.920000000000000040e-01 2.823124483357554126e+01
1.930000000000000049e-01 2.821891549792600173e+01
1.940000000000000058e-01 2.820555184805859739e+01
1.950000000000000067e-01 2.819115756717475918e+01
1.960000000000000075e-01 2.817573630530013418e+01
1.970000000000000084e-01 2.815929167975759739e+01
1.980000000000000093e-01 2.814182727563084185e+01
1.990000000000000102e-01 2.812334664621938529e+01
2.000000000000000111e-01 2.810385331348443927e+01
2.010000000000000120e-01 2.808335076848659284e+01
2.020000000000000129e-01 2.806184247181496616e+01
2.030000000000000138e-01 2.803933185400838823e+01
2.040000000000000147e-01 2.801582231596847095e+01
2.050000000000000155e-01 2.799131722936519395e+01
2.060000000000000164e-01 2.796581993703471269e+01
2.070000000000000173e-01 2.793933375336991176e+01
2.080000000000000182e-01 2.791186196470373204e+01
2.089999999999999913e-01 2.788340782968541376e+01
2.099999999999999922e-01 2.785397457964996804e+01
2.109999999999999931e-01 2.782356541898086633e+01
2.119999999999999940e-01 2.779218352546610760e+01
2.129999999999999949e-01 2.775983205064804338e+01
2.139999999999999958e-01 2.772651412016677952e+01
2.149999999999999967e-01 2.769223283409750991e+01
2.159999999999999976e-01 2.765699126728193491e+01
2.169999999999999984e-01 2.762079246965370061e+01
2.179999999999999993e-01 2.758363946655824961e+01
2.190000000000000002e-01 2.754553525906688094e+01
2.200000000000000011e-01 2.750648282428567626e+01
2.210000000000000020e-01 2.746648511565861739e+01
2.220000000000000029e-01 2.742554506326594321e+01
2.230000000000000038e-01 2.738366557411702118e+01
2.240000000000000047e-01 2.734084953243846883e+01
2.250000000000000056e-01 2.729709979995717717e+01
2.260000000000000064e-01 2.725241921617863738e+01
2.270000000000000073e-01 2.720681059866059215e+01
2.280000000000000082e-01 2.716027674328199026e+01
2.290000000000000091e-01 2.711282042450767449e+01
2.300000000000000100e-01 2.706444439564835491e+01
2.310000000000000109e-01 2.701515138911652869e+01
2.320000000000000118e-01 2.696494411667800861e+01
2.330000000000000127e-01 2.691382526969950817e+01
2.340000000000000135e-01 2.686179751939196336e+01
2.350000000000000144e-01 2.680886351705014192e+01
2.360000000000000153e-01 2.675502589428803191e+01
2.370000000000000162e-01 2.670028726327086588e+01
2.380000000000000171e-01 2.664465021694304170e+01
2.390000000000000180e-01 2.658811732925257942e+01
2.399999999999999911e-01 2.653069115537199352e+01
2.409999999999999920e-01 2.647237423191561945e+01
2.419999999999999929e-01 2.641316907715358653e+01
2.429999999999999938e-01 2.635307819122221673e+01
2.439999999999999947e-01 2.629210405633148540e+01
2.449999999999999956e-01 2.623024913696900029e+01
2.459999999999999964e-01 2.616751588010065888e+01
2.469999999999999973e-01 2.610390671536865881e+01
2.479999999999999982e-01 2.603942405528615112e+01
2.489999999999999991e-01 2.597407029542885937e+01
2.500000000000000000e-01 2.590784781462391351e+01
2.510000000000000009e-01 2.584075897513587705e+01
2.520000000000000018e-01 2.577280612284973671e+01
2.530000000000000027e-01 2.570399158745131274e+01
2.540000000000000036e-01 2.563431768260485555e+01
2.550000000000000044e-01 2.556378670612815540e+01
2.560000000000000053e-01 2.549240094016465363e+01
2.570000000000000062e-01 2.542016265135349684e+01
2.580000000000000071e-01 2.534707409099683773e+01
2.590000000000000080e-01 2.527313749522448205e+01
2.600000000000000089e-01 2.519835508515644662e+01
2.610000000000000098e-01 2.512272906706308007e+01
2.620000000000000107e-01 2.504626163252259374e+01
2.630000000000000115e-01 2.496895495857663860e+01
2.640000000000000124e-01 2.489081120788349111e+01
2.650000000000000133e-01 2.481183252886895474e+01
2.660000000000000142e-01 2.473202105587521160e+01
2.670000000000000151e-01 2.465137890930762410e+01
2.680000000000000160e-01 2.456990819577918828e+01
2.690000000000000169e-01 2.448761100825324633e+01
2.700000000000000178e-01 2.440448942618389339e+01
2.710000000000000187e-01 2.432054551565467904e+01
2.720000000000000195e-01 2.423578132951521980e+01
2.730000000000000204e-01 2.415019890751590026e+01
2.740000000000000213e-01 2.406380027644065933e+01
2.750000000000000222e-01 2.397658745023812088e+01
2.760000000000000231e-01 2.388856243015089831e+01
2.770000000000000240e-01 2.379972720484271065e+01
2.780000000000000249e-01 2.371008375052440798e+01
2.790000000000000258e-01 2.361963403107769821e+01
2.800000000000000266e-01 2.352837999817760206e+01
2.810000000000000275e-01 2.343632359141301080e+01
2.820000000000000284e-01 2.334346673840570574e+01
2.830000000000000293e-01 2.324981135492769369e+01
2.840000000000000302e-01 2.315535934501727056e+01
2.850000000000000311e-01 2.306011260109288941e+01
2.860000000000000320e-01 2.296407300406643515e+01
2.870000000000000329e-01 2.286724242345403724e+01
2.880000000000000338e-01 2.276962271748625355e+01
2.889999999999999791e-01 2.267121573321601602e+01
2.899999999999999800e-01 2.257202330662600787e+01
2.909999999999999809e-01 2.247204726273380260e+01
2.919999999999999818e-01 2.237128941569640972e+01
2.929999999999999827e-01 2.226975156891264618e+01
2.939999999999999836e-01 2.216743551512510635e+01
2.949999999999999845e-01 2.206434303651986184e+01
2.959999999999999853e-01 2.196047590482569234e+01
2.969999999999999862e-01 2.185583588141158984e+01
2.979999999999999871e-01 2.175042471738312955e+01
2.989999999999999880e-01 2.164424415367755117e+01
2.999999999999999889e-01 2.153729592115784541e+01
3.009999999999999898e-01 2.142958174070546562e+01
3.019999999999999907e-01 2.132110332331188474e+01
3.029999999999999916e-01 2.121186237016908649e+01
3.039999999999999925e-01 2.110186057275874916e+01
3.049999999999999933e-01 2.099109961294069393e+01
3.059999999999999942e-01 2.087958116303980205e+01
3.069999999999999951e-01 2.076730688593209706e+01
3.079999999999999960e-01 2.065427843512962625e+01
3.089999999999999969e-01 2.054049745486467771e+01
3.099999999999999978e-01 2.042596558017221753e+01
3.109999999999999987e-01 2.031068443697231629e+01
3.119999999999999996e-01 2.019465564215045816e+01
3.130000000000000004e-01 2.007788080363804539e+01
3.140000000000000013e-01 1.996036152049074630e+01
3.150000000000000022e-01 1.984209938296704934e+01
3.160000000000000031e-01 1.972309597260478498e+01
3.170000000000000040e-01 1.960335286229774354e+01
3.180000000000000049e-01 1.948287161637058063e+01
3.190000000000000058e-01 1.936165379065319314e+01
3.200000000000000067e-01 1.923970093255424985e+01
3.210000000000000075e-01 1.911701458113386209e+01
3.220000000000000084e-01 1.899359626717489036e+01
3.230000000000000093e-01 1.886944751325444258e+01
3.240000000000000102e-01 1.874456983381333686e+01
3.250000000000000111e-01 1.861896473522571682e+01
3.260000000000000120e-01 1.849263371586733840e+01
3.270000000000000129e-01 1.836557826618323830e+01
3.280000000000000138e-01 1.823779986875456416e+01
3.290000000000000147e-01 1.810929999836466209e+01
3.300000000000000155e-01 1.798008012206440043e+01
3.310000000000000164e-01 1.785014169923680072e+01
3.320000000000000173e-01 1.771948618166066325e+01
3.330000000000000182e-01 1.758811501357414997e+01
3.340000000000000191e-01 1.745602963173652356e+01
3.350000000000000200e-01 1.732323146549044779e+01
3.360000000000000209e-01 1.718972193682249383e+01
3.370000000000000218e-01 1.705550246042393780e+01
3.380000000000000226e-01 1.692057444374979625e+01
3.390000000000000235e-01 1.678493928707841931e+01
3.400000000000000244e-01 1.664859838356928989e+01
3.410000000000000253e-01 1.651155311932106429e+01
3.420000000000000262e-01 1.637380487342823798e+01
3.430000000000000271e-01 1.623535501803785053e+01
3.440000000000000280e-01 1.609620491840505707e+01
3.450000000000000289e-01 1.595635593294834997e+01
3.460000000000000298e-01 1.581580941330419954e+01
3.470000000000000306e-01 1.567456670438085276e+01
3.480000000000000315e-01 1.553262914441177678e+01
3.490000000000000324e-01 1.538999806500852330e+01
3.500000000000000333e-01 1.524667479121273850e+01
3.510000000000000342e-01 1.510266064154819610e+01
3.519999999999999796e-01 1.495795692807150701e+01
3.529999999999999805e-01 1.481256495642274018e+01
3.539999999999999813e-01 1.466648602587585870e+01
3.549999999999999822e-01 1.451972142938750032e+01
3.559999999999999831e-01 1.437227245364665684e+01
3.569999999999999840e-01 1.422414037912242790e+01
3.579999999999999849e-01 1.407532648011253329e+01
3.589999999999999858e-01 1.392583202479029936e+01
3.599999999999999867e-01 1.377565827525194031e+01
3.609999999999999876e-01 1.362480648756254276e+01
3.619999999999999885e-01 1.347327791180250145e+01
3.629999999999999893e-01 1.332107379211261389e+01
3.639999999999999902e-01 1.316819536673931346e+01
3.649999999999999911e-01 1.301464386807889007e+01
3.659999999999999920e-01 1.286042052272199321e+01
3.669999999999999929e-01 1.270552655149677612e+01
3.679999999999999938e-01 1.254996316951252489e+01
3.689999999999999947e-01 1.239373158620184334e+01
3.699999999999999956e-01 1.223683300536351659e+01
3.709999999999999964e-01 1.207926862520386102e+01
3.719999999999999973e-01 1.192103963837856107e+01
3.729999999999999982e-01 1.176214723203327317e+01
3.739999999999999991e-01 1.160259258784456549e+01
3.750000000000000000e-01 1.144237688205990189e+01
3.760000000000000009e-01 1.128150128553753895e+01
3.770000000000000018e-01 1.111996696378584382e+01
3.780000000000000027e-01 1.095777507700221243e+01
3.790000000000000036e-01 1.079492678011179052e+01
3.800000000000000044e-01 1.063142322280573460e+01
3.810000000000000053e-01 1.046726554957871791e+01
3.820000000000000062e-01 1.030245489976691431e+01
3.830000000000000071e-01 1.013699240758453790e+01
3.840000000000000080e-01 9.970879202161036403e+00
3.850000000000000089e-01 9.804116407577089021e+00
3.860000000000000098e-01 9.636705142900906296e+00
3.870000000000000107e-01 9.468646522223655992e+00
3.880000000000000115e-01 9.299941654695007998e+00
3.890000000000000124e-01 9.130591644557759068e+00
3.900000000000000133e-01 8.960597591182935417e+00
3.910000000000000142e-01 8.789960589103635868e+00
3.920000000000000151e-01 8.618681728049295998e+00
3.930000000000000160e-01 8.446762092979101411e+00
3.940000000000000169e-01 8.274202764115564435e+00
3.950000000000000178e-01 8.101004816977244616e+00
3.960000000000000187e-01 7.927169322411703689e+00
3.970000000000000195e-01 7.752697346627542174e+00
3.980000000000000204e-01 7.577589951226858744e+00
3.990000000000000213e-01 7.401848193236672202e+00
4.000000000000000222e-01 7.225473125140558395e+00
4.010000000000000231e-01 7.048465794909770210e+00
4.020000000000000240e-01 6.870827246034231450e+00
4.030000000000000249e-01 6.692558517552779307e+00
4.040000000000000258e-01 6.513660644083858031e+00
4.050000000000000266e-01 6.334134655855315543e+00
4.060000000000000275e-01 6.153981578734114777e+00
4.070000000000000284e-01 5.973202434256046800e+00
4.080000000000000293e-01 5.791798239654577074e+00
4.090000000000000302e-01 5.609770007889945731e+00
4.100000000000000311e-01 5.427118747677811328e+00
4.110000000000000320e-01 5.243845463517667227e+00
4.120000000000000329e-01 5.059951155720865401e+00
4.130000000000000338e-01 4.875436820438642016e+00
4.140000000000000346e-01 4.690303449689524840e+00
4.150000000000000355e-01 4.504552031386952038e+00
4.160000000000000364e-01 4.318183549366120033e+00
4.169999999999999818e-01 4.131198983411184855e+00
4.179999999999999827e-01 3.943599309281433207e+00
4.189999999999999836e-01 3.755385498738251115e+00
4.199999999999999845e-01 3.566558519570714125e+00
4.209999999999999853e-01 3.377119335622008833e+00
4.219999999999999862e-01 3.187068906814678471e+00
4.229999999999999871e-01 2.996408189176406722e+00
4.239999999999999880e-01 2.805138134865012844e+00
4.249999999999999889e-01 2.613259692193738104e+00
4.259999999999999898e-01 2.420773805655654698e+00
4.269999999999999907e-01 2.227681415948692845e+00
4.279999999999999916e-01 2.033983459999568311e+00
4.289999999999999925e-01 1.839680870988246397e+00
4.299999999999999933e-01 1.644774578371539064e+00
4.309999999999999942e-01 1.449265507907197659e+00
4.319999999999999951e-01 1.253154581677119239e+00
4.329999999999999960e-01 1.056442718110808698e+00
4.339999999999999969e-01 8.591308320084927175e-01
4.349999999999999978e-01 6.612198345638979902e-01
4.359999999999999987e-01 4.627106333869619448e-01
4.369999999999999996e-01 2.636041325266837987e-01
4.380000000000000004e-01 6.390123249282630979e-02
4.390000000000000013e-01 -1.363971697213344214e-01
4.400000000000000022e-01 -3.372901806175576667e-01
4.410000000000000031e-01 -5.387769101705845998e-01
4.420000000000000040e-01 -7.408564718066674715e-01
4.430000000000000049e-01 -9.435279823822391165e-01
4.440000000000000058e-01 -1.146790562162752991e+00
4.450000000000000067e-01 -1.350643334801516104e+00
4.460000000000000075e-01 -1.555085427318857683e+00
4.470000000000000084e-01 -1.760115970081624681e+00
4.480000000000000093e-01 -1.965734096782670193e+00
4.490000000000000102e-01 -2.171938944420286788e+00
4.500000000000000111e-01 -2.378729653278380596e+00
4.510000000000000120e-01 -2.586105366906197744e+00
4.520000000000000129e-01 -2.794065232098905227e+00
4.530000000000000138e-01 -3.002608398877375961e+00
4.540000000000000147e-01 -3.211734020469283024e+00
4.550000000000000155e-01 -3.421441253289343010e+00
4.560000000000000164e-01 -3.631729256920385396e+00
4.570000000000000173e-01 -3.842597194094308222e+00
4.580000000000000182e-01 -4.054044230673069293e+00
4.590000000000000191e-01 -4.266069535630315102e+00
4.600000000000000200e-01 -4.478672281032407554e+00
4.610000000000000209e-01 -4.691851642020422375e+00
4.620000000000000218e-01 -4.905606796791710522e+00
4.630000000000000226e-01 -5.119936926581784675e+00
4.640000000000000235e-01 -5.334841215646472179e+00
4.650000000000000244e-01 -5.550318851244091078e+00
4.660000000000000253e-01 -5.766369023617714973e+00
4.670000000000000262e-01 -5.982990925977714980e+00
4.680000000000000271e-01 -6.200183754484319465e+00
4.690000000000000280e-01 -6.417946708230610753e+00
4.700000000000000289e-01 -6.636278989225040448e+00
4.710000000000000298e-01 -6.855179802374872011e+00
4.720000000000000306e-01 -7.074648355468987404e+00
4.730000000000000315e-01 -7.294683859161580131e+00
4.740000000000000324e-01 -7.515285526955123530e+00
4.750000000000000333e-01 -7.736452575184403102e+00
4.760000000000000342e-01 -7.958184222999921786e+00
4.770000000000000351e-01 -8.180479692351923404e+00
4.780000000000000360e-01 -8.403338207974128338e+00
4.790000000000000369e-01 -8.626758997368067838e+00
4.799999999999999822e-01 -8.850741290787055959e+00
4.809999999999999831e-01 -9.075284321220667749e+00
4.819999999999999840e-01 -9.300387324379197906e+00
4.829999999999999849e-01 -9.526049538678167394e+00
4.839999999999999858e-01 -9.752270205223023680e+00
4.849999999999999867e-01 -9.979048567793897817e+00
4.859999999999999876e-01 -1.020638387283083759e+01
4.869999999999999885e-01 -1.043427536941841005e+01
4.879999999999999893e-01 -1.066272230927112119e+01
4.889999999999999902e-01 -1.089172394671881960e+01
4.899999999999999911e-01 -1.112127953869170049e+01
4.909999999999999920e-01 -1.135138834470613745e+01
4.919999999999999929e-01 -1.158204962685018913e+01
4.929999999999999938e-01 -1.181326264976921259e+01
4.939999999999999947e-01 -1.204502668065191706e+01
4.949999999999999956e-01 -1.227734098921613537e+01
4.959999999999999964e-01 -1.251020484769494523e+01
4.969999999999999973e-01 -1.274361753082271953e+01
4.979999999999999982e-01 -1.297757831582147858e+01
4.989999999999999991e-01 -1.321208648238722816e+01
5.000000000000000000e-01 -1.344714131267647694e+01
5.010000000000000009e-01 -1.368274209129248931e+01
5.020000000000000018e-01 -1.391888810527261455e+01
5.030000000000000027e-01 -1.415557864407417732e+01
5.040000000000000036e-01 -1.439281299956212656e+01
5.050000000000000044e-01 -1.463059046599546953e+01
5.060000000000000053e-01 -1.486891034001462053e+01
5.070000000000000062e-01 -1.510777192062823637e+01
5.080000000000000071e-01 -1.534717450920102699e+01
5.090000000000000080e-01 -1.558711740944049318e+01
5.100000000000000089e-01 -1.582759992738467325e+01
5.110000000000000098e-01 -1.606862137138957536e+01
5.120000000000000107e-01 -1.631018105211693836e+01
5.130000000000000115e-01 -1.655227828252160549e+01
5.140000000000000124e-01 -1.679491237783980395e+01
5.150000000000000133e-01 -1.703808265557670154e+01
5.160000000000000142e-01 -1.728178843549434163e+01
5.170000000000000151e-01 -1.752602903959996183e+01
5.180000000000000160e-01 -1.777080379213392902e+01
5.190000000000000169e-01 -1.801611201955804376e+01
5.200000000000000178e-01 -1.826195305054401885e+01
5.210000000000000187e-01 -1.850832621596151384e+01
5.220000000000000195e-01 -1.875523084886687286e+01
5.230000000000000204e-01 -1.900266628449185546e+01
5.240000000000000213e-01 -1.925063186023200856e+01
5.250000000000000222e-01 -1.949912691563532618e+01
5.260000000000000231e-01 -1.974815079239153093e+01
5.270000000000000240e-01 -1.999770283432029316e+01
5.280000000000000249e-01 -2.024778238736092462e+01
5.290000000000000258e-01 -2.049838879956093152e+01
5.300000000000000266e-01 -2.074952142106532449e+01
5.310000000000000275e-01 -2.100117960410569395e+01
5.320000000000000284e-01 -2.125336270298972963e+01
5.330000000000000293e-01 -2.150607007409032079e+01
5.340000000000000302e-01 -2.175930107583514683e+01
5.350000000000000311e-01 -2.201305506869627493e+01
5.360000000000000320e-01 -2.226733141517942727e+01
5.370000000000000329e-01 -2.252212947981391977e+01
5.380000000000000338e-01 -2.277744862914222068e+01
5.390000000000000346e-01 -2.303328823170983952e+01
5.400000000000000355e-01 -2.328964765805522674e+01
5.410000000000000364e-01 -2.354652628069950637e+01
5.420000000000000373e-01 -2.380392347413672027e+01
5.430000000000000382e-01 -2.406183861482384856e+01
5.440000000000000391e-01 -2.432027108117081582e+01
5.450000000000000400e-01 -2.457922025353078155e+01
5.460000000000000409e-01 -2.483868551419063309e+01
5.470000000000000417e-01 -2.509866624736103802e+01
5.480000000000000426e-01 -2.535916183916678079e+01
5.490000000000000435e-01 -2.562017167763772107e+01
5.500000000000000444e-01 -2.588169515269886745e+01
5.510000000000000453e-01 -2.614373165616119010e+01
5.520000000000000462e-01 -2.640628058171213866e+01
5.530000000000000471e-01 -2.666934132490681009e+01
5.540000000000000480e-01 -2.693291328315805444e+01
5.550000000000000488e-01 -2.719699585572795186e+01
5.560000000000000497e-01 -2.746158844371847607e+01
5.570000000000000506e-01 -2.772669045006237454e+01
5.580000000000000515e-01 -2.799230127951433289e+01
5.590000000000000524e-01 -2.825842033864234892e+01
5.600000000000000533e-01 -2.852504703581814738e+01
5.610000000000000542e-01 -2.879218078120932844e+01
5.620000000000000551e-01 -2.905982098677002767e+01
5.630000000000000560e-01 -2.932796706623221183e+01
5.640000000000000568e-01 -2.959661843509774926e+01
5.650000000000000577e-01 -2.986577451062888144e+01
5.660000000000000586e-01 -3.013543471184074107e+01
5.670000000000000595e-01 -3.040559845949194084e+01
5.680000000000000604e-01 -3.067626517607710923e+01
5.690000000000000613e-01 -3.094743428581790567e+01
5.700000000000000622e-01 -3.121910521465513355e+01
5.710000000000000631e-01 -3.149127739024012129e+01
5.720000000000000639e-01 -3.176395024192706629e+01
5.730000000000000648e-01 -3.203712320076468245e+01
5.740000000000000657e-01 -3.231079569948804675e+01
5.750000000000000666e-01 -3.258496717251063046e+01
5.760000000000000675e-01 -3.285963705591659334e+01
5.769999999999999574e-01 -3.313480478745267988e+01
5.779999999999999583e-01 -3.341046980652028253e+01
5.789999999999999591e-01 -3.368663155416777499e+01
5.799999999999999600e-01 -3.396328947308298751e+01
5.809999999999999609e-01 -3.424044300758498593e+01
5.819999999999999618e-01 -3.451809160361693785e+01
5.829999999999999627e-01 -3.479623470873818292e+01
5.839999999999999636e-01 -3.507487177211673668e+01
5.849999999999999645e-01 -3.535400224452203588e+01
5.859999999999999654e-01 -3.563362557831730726e+01
5.869999999999999662e-01 -3.591374122745202158e+01
5.879999999999999671e-01 -3.619434864745464608e+01
5.889999999999999680e-01 -3.647544729542559594e+01
5.899999999999999689e-01 -3.675703663002967403e+01
5.909999999999999698e-01 -3.703911611148873817e+01
5.919999999999999707e-01 -3.732168520157480884e+01
5.929999999999999716e-01 -3.760474336360308456e+01
5.939999999999999725e-01 -3.788829006242417563e+01
5.949999999999999734e-01 -3.817232476441793665e+01
5.959999999999999742e-01 -3.845684693748582106e+01
5.969999999999999751e-01 -3.874185605104425179e+01
5.979999999999999760e-01 -3.902735157601755134e+01
5.989999999999999769e-01 -3.931333298483120586e+01
5.999999999999999778e-01 -3.959979975140494446e+01
6.009999999999999787e-01 -3.988675135114621639e+01
6.019999999999999796e-01 -4.017418726094288672e+01
6.029999999999999805e-01 -4.046210695915753774e+01
6.039999999999999813e-01 -4.075050992561928354e+01
6.049999999999999822e-01 -4.103939564161881748e+01
6.059999999999999831e-01 -4.132876358990080945e+01
6.069999999999999840e-01 -4.161861325465778805e+01
6.079999999999999849e-01 -4.190894412152324833e+01
6.089999999999999858e-01 -4.219975567756577561e+01
6.099999999999999867e-01 -4.249104741128233087e+01
6.109999999999999876e-01 -4.278281881259168529e+01
6.119999999999999885e-01 -4.307506937282842330e+01
6.129999999999999893e-01 -4.336779858473639138e+01
6.139999999999999902e-01 -4.366100594246283606e+01
6.149999999999999911e-01 -4.395469094155180301e+01
6.159999999999999920e-01 -4.424885307893803343e+01
6.169999999999999929e-01 -4.454349185294083213e+01
6.179999999999999938e-01 -4.483860676325812022e+01
6.189999999999999947e-01 -4.513419731096033161e+01
6.199999999999999956e-01 -4.543026299848405358e+01
6.209999999999999964e-01 -4.572680332962652017e+01
6.219999999999999973e-01 -4.602381780953933799e+01
6.229999999999999982e-01 -4.632130594472262430e+01
6.239999999999999991e-01 -4.661926724301914504e+01
6.250000000000000000e-01 -4.691770121360852386e+01
6.260000000000000009e-01 -4.721660736700132333e+01
6.270000000000000018e-01 -4.751598521503350270e+01
6.280000000000000027e-01 -4.781583427086006566e+01
6.290000000000000036e-01 -4.811615404895002257e+01
6.300000000000000044e-01 -4.841694406508051429e+01
6.310000000000000053e-01 -4.871820383633112783e+01
6.320000000000000062e-01 -4.901993288107785673e+01
6.330000000000000071e-01 -4.932213071898846124e+01
6.340000000000000080e-01 -4.962479687101613024e+01
6.350000000000000089e-01 -4.992793085939428011e+01
6.360000000000000098e-01 -5.023153220763083482e+01
6.370000000000000107e-01 -5.053560044050317401e+01
6.380000000000000115e-01 -5.084013508405260495e+01
6.390000000000000124e-01 -5.114513566557869240e+01
6.400000000000000133e-01 -5.145060171363405743e+01
6.410000000000000142e-01 -5.175653275801923314e+01
6.420000000000000151e-01 -5.206292832977729290e+01
6.430000000000000160e-01 -5.236978796118841473e+01
6.440000000000000169e-01 -5.267711118576464457e+01
6.450000000000000178e-01 -5.298489753824515702e+01
6.460000000000000187e-01 -5.329314655459050698e+01
6.470000000000000195e-01 -5.360185777197776247e+01
6.480000000000000204e-01 -5.391103072879548108e+01
6.490000000000000213e-01 -5.422066496463851593e+01
6.500000000000000222e-01 -5.453076002030277181e+01
6.510000000000000231e-01 -5.484131543778078566e+01
6.520000000000000240e-01 -5.515233076025573666e+01
6.530000000000000249e-01 -5.546380553209778697e+01
6.540000000000000258e-01 -5.577573929885775073e+01
6.550000000000000266e-01 -5.608813160726337799e+01
6.560000000000000275e-01 -5.640098200521387639e+01
6.570000000000000284e-01 -5.671429004177483080e+01
6.580000000000000293e-01 -5.702805526717408213e+01
6.590000000000000302e-01 -5.734227723279644806e+01
6.600000000000000311e-01 -5.765695549117893393e+01
6.610000000000000320e-01 -5.797208959600631317e+01
6.620000000000000329e-01 -5.828767910210592618e+01
6.630000000000000338e-01 -5.860372356544354489e+01
6.640000000000000346e-01 -5.892022254311844875e+01
6.650000000000000355e-01 -5.923717559335860017e+01
6.660000000000000364e-01 -5.955458227551629591e+01
6.670000000000000373e-01 -5.987244215006350601e+01
6.680000000000000382e-01 -6.019075477858739021e+01
6.690000000000000391e-01 -6.050951972378551602e+01
6.700000000000000400e-01 -6.082873654946168784e+01
6.710000000000000409e-01 -6.114840482052116499e+01
6.720000000000000417e-01 -6.146852410296648372e+01
6.730000000000000426e-01 -6.178909396389276765e+01
6.740000000000000435e-01 -6.211011397148345736e+01
6.750000000000000444e-01 -6.243158369500582694e+01
6.760000000000000453e-01 -6.275350270480688408e+01
6.770000000000000462e-01 -6.307587057230860950e+01
6.780000000000000471e-01 -6.339868687000403469e+01
6.790000000000000480e-01 -6.372195117145274423e+01
6.800000000000000488e-01 -6.404566305127679016e+01
6.810000000000000497e-01 -6.436982208515601656e+01
6.820000000000000506e-01 -6.469442784982447847e+01
6.830000000000000515e-01 -6.501947992306578783e+01
6.840000000000000524e-01 -6.534497788370912019e+01
6.850000000000000533e-01 -6.567092131162476676e+01
6.860000000000000542e-01 -6.599730978772073797e+01
6.870000000000000551e-01 -6.632414289393773288e+01
6.880000000000000560e-01 -6.665142021324581378e+01
6.890000000000000568e-01 -6.697914132963978773e+01
6.900000000000000577e-01 -6.730730582813558271e+01
6.910000000000000586e-01 -6.763591329476605551e+01
6.920000000000000595e-01 -6.796496331657702683e+01
6.930000000000000604e-01 -6.829445548162308910e+01
6.940000000000000613e-01 -6.862438937896415325e+01
6.950000000000000622e-01 -6.895476459866107177e+01
6.960000000000000631e-01 -6.928558073177183019e+01
6.970000000000000639e-01 -6.961683737034790909e+01
6.980000000000000648e-01 -6.994853410742986455e+01
6.990000000000000657e-01 -7.028067053704430123e+01
7.000000000000000666e-01 -7.061324625419922540e+01
7.010000000000000675e-01 -7.094626085488062017e+01
7.020000000000000684e-01 -7.127971393604886430e+01
7.030000000000000693e-01 -7.161360509563454002e+01
7.039999999999999591e-01 -7.194793393253497982e+01
7.049999999999999600e-01 -7.228270004661035841e+01
7.059999999999999609e-01 -7.261790303868016849e+01
7.069999999999999618e-01 -7.295354251051935535e+01
7.079999999999999627e-01 -7.328961806485473574e+01
7.089999999999999636e-01 -7.362612930536157307e+01
7.099999999999999645e-01 -7.396307583665929997e+01
7.109999999999999654e-01 -7.430045726430871866e+01
7.119999999999999662e-01 -7.463827319480795097e+01
7.129999999999999671e-01 -7.497652323558881449e+01
7.139999999999999680e-01 -7.531520699501348304e+01
7.149999999999999689e-01 -7.565432408237080608e+01
7.159999999999999698e-01 -7.599387410787309705e+01
7.169999999999999707e-01 -7.633385668265199797e+01
7.179999999999999716e-01 -7.667427141875567997e+01
7.189999999999999725e-01 -7.701511792914504895e+01
7.199999999999999734e-01 -7.735639582769030653e+01
7.209999999999999742e-01 -7.769810472916779531e+01
7.219999999999999751e-01 -7.804024424925579240e+01
7.229999999999999760e-01 -7.838281400453243464e+01
7.239999999999999769e-01 -7.872581361247108589e+01
7.249999999999999778e-01 -7.906924269143773643e+01
7.259999999999999787e-01 -7.941310086068730811e+01
7.269999999999999796e-01 -7.975738774036048540e+01
7.279999999999999805e-01 -8.010210295148043258e+01
7.289999999999999813e-01 -8.044724611594958219e+01
7.299999999999999822e-01 -8.079281685654584066e+01
7.309999999999999831e-01 -8.113881479692020093e+01
7.319999999999999840e-01 -8.148523956159273496e+01
7.329999999999999849e-01 -8.183209077594977998e+01
7.339999999999999858e-01 -8.217936806624067003e+01
7.349999999999999867e-01 -8.252707105957436795e+01
7.359999999999999876e-01 -8.287519938391659480e+01
7.369999999999999885e-01 -8.322375266808650451e+01
7.379999999999999893e-01 -8.357273054175351490e+01
7.389999999999999902e-01 -8.392213263543412438e+01
7.399999999999999911e-01 -8.427195858048906985e+01
7.409999999999999920e-01 -8.462220800912005814e+01
7.419999999999999929e-01 -8.497288055436663967e+01
7.429999999999999938e-01 -8.532397585010309626e+01
7.439999999999999947e-01 -8.567549353103579790e+01
7.449999999999999956e-01 -8.602743323269984899e+01
7.459999999999999964e-01 -8.637979459145566352e+01
7.469999999999999973e-01 -8.673257724448690453e+01
7.479999999999999982e-01 -8.708578082979695978e+01
7.489999999999999991e-01 -8.743940498620574431e+01
7.500000000000000000e-01 -8.779344935334717093e+01
7.510000000000000009e-01 -8.814791357166602381e+01
7.520000000000000018e-01 -8.850279728241524424e+01
7.530000000000000027e-01 -8.885810012765254839e+01
7.540000000000000036e-01 -8.921382175023803995e+01
7.550000000000000044e-01 -8.956996179383094159e+01
7.560000000000000053e-01 -8.992651990288700858e+01
7.570000000000000062e-01 -9.028349572265565826e+01
7.580000000000000071e-01 -9.064088889917672986e+01
7.590000000000000080e-01 -9.099869907927815404e+01
7.600000000000000089e-01 -9.135692591057289746e+01
7.610000000000000098e-01 -9.171556904145636224e+01
7.620000000000000107e-01 -9.207462812110320272e+01
7.630000000000000115e-01 -9.243410279946482433e+01
7.640000000000000124e-01 -9.279399272726682568e+01
7.650000000000000133e-01 -9.315429755600571582e+01
7.660000000000000142e-01 -9.351501693794691050e+01
7.670000000000000151e-01 -9.387615052612119371e+01
7.680000000000000160e-01 -9.423769797432262862e+01
7.690000000000000169e-01 -9.459965893710553075e+01
7.700000000000000178e-01 -9.496203306978209469e+01
7.710000000000000187e-01 -9.532482002841929614e+01
7.720000000000000195e-01 -9.568801946983678874e+01
7.730000000000000204e-01 -9.605163105160372083e+01
7.740000000000000213e-01 -9.641565443203647590e+01
7.750000000000000222e-01 -9.678008927019585883e+01
7.760000000000000231e-01 -9.714493522588466590e+01
7.770000000000000240e-01 -9.751019195964492781e+01
7.780000000000000249e-01 -9.787585913275560756e+01
7.790000000000000258e-01 -9.824193640722937459e+01
7.800000000000000266e-01 -9.860842344581084262e+01
7.810000000000000275e-01 -9.897531991197384116e+01
7.820000000000000284e-01 -9.934262546991841702e+01
7.830000000000000293e-01 -9.971033978456878799e+01
7.840000000000000302e-01 -1.000784625215706569e+02
7.850000000000000311e-01 -1.004469933472887391e+02
7.860000000000000320e-01 -1.008159319288045594e+02
7.870000000000000329e-01 -1.011852779339133548e+02
7.880000000000000338e-01 -1.015550310311220983e+02
7.890000000000000346e-01 -1.019251908896470695e+02
7.900000000000000355e-01 -1.022957571794112539e+02
7.910000000000000364e-01 -1.026667295710418273e+02
7.920000000000000373e-01 -1.030381077358680386e+02
7.930000000000000382e-01 -1.034098913459184814e+02
7.940000000000000391e-01 -1.037820800739190616e+02
7.950000000000000400e-01 -1.041546735932903687e+02
7.960000000000000409e-01 -1.045276715781452310e+02
7.970000000000000417e-01 -1.049010737032867979e+02
7.980000000000000426e-01 -1.052748796442055550e+02
7.990000000000000435e-01 -1.056490890770776190e+02
8.000000000000000444e-01 -1.060237016787619666e+02
8.010000000000000453e-01 -1.063987171267983740e+02
8.020000000000000462e-01 -1.067741350994049299e+02
8.030000000000000471e-01 -1.071499552754760316e+02
8.040000000000000480e-01 -1.075261773345797280e+02
8.050000000000000488e-01 -1.079028009569557298e+02
8.060000000000000497e-01 -1.082798258235132778e+02
8.070000000000000506e-01 -1.086572516158280735e+02
8.080000000000000515e-01 -1.090350780161412985e+02
8.090000000000000524e-01 -1.094133047073564740e+02
8.100000000000000533e-01 -1.097919313730374711e+02
8.110000000000000542e-01 -1.101709576974065783e+02
8.120000000000000551e-01 -1.105503833653417018e+02
8.130000000000000560e-01 -1.109302080623747031e+02
8.140000000000000568e-01 -1.113104314746893237e+02
8.150000000000000577e-01 -1.116910532891183720e+02
8.160000000000000586e-01 -1.120720731931421739e+02
8.170000000000000595e-01 -1.124534908748861568e+02
8.180000000000000604e-01 -1.128353060231187612e+02
8.190000000000000613e-01 -1.132175183272493371e+02
8.200000000000000622e-01 -1.136001274773260405e+02
8.210000000000000631e-01 -1.139831331640335179e+02
8.220000000000000639e-01 -1.143665350786911716e+02
8.230000000000000648e-01 -1.147503329132508725e+02
8.240000000000000657e-01 -1.151345263602947568e+02
8.250000000000000666e-01 -1.155191151130334219e+02
8.260000000000000675e-01 -1.159040988653035527e+02
8.270000000000000684e-01 -1.162894773115664009e+02
8.280000000000000693e-01 -1.166752501469048298e+02
8.290000000000000702e-01 -1.170614170670224325e+02
8.300000000000000711e-01 -1.174479777682405057e+02
8.310000000000000719e-01 -1.178349319474966990e+02
8.320000000000000728e-01 -1.182222793023425709e+02
8.329999999999999627e-01 -1.186100195309418694e+02
8.339999999999999636e-01 -1.189981523320684147e+02
8.349999999999999645e-01 -1.193866774051043080e+02
8.359999999999999654e-01 -1.197755944500374170e+02
8.369999999999999662e-01 -1.201649031674603805e+02
8.379999999999999671e-01 -1.205546032585676812e+02
8.389999999999999680e-01 -1.209446944251540685e+02
8.399999999999999689e-01 -1.213351763696128813e+02
8.409999999999999698e-01 -1.217260487949337744e+02
8.419999999999999707e-01 -1.221173114047010557e+02
8.429999999999999716e-01 -1.225089639030914412e+02
8.439999999999999725e-01 -1.229010059948724916e+02
8.449999999999999734e-01 -1.232934373854006367e+02
8.459999999999999742e-01 -1.236862577806189449e+02
8.469999999999999751e-01 -1.240794668870559008e+02
8.479999999999999760e-01 -1.244730644118231453e+02
8.489999999999999769e-01 -1.248670500626132593e+02
8.499999999999999778e-01 -1.252614235476987403e+02
8.509999999999999787e-01 -1.256561845759293590e+02
8.519999999999999796e-01 -1.260513328567313067e+02
8.529999999999999805e-01 -1.264468681001037567e+02
8.539999999999999813e-01 -1.268427900166189204e+02
8.549999999999999822e-01 -1.272390983174188932e+02
8.559999999999999831e-01 -1.276357927142144746e+02
8.569999999999999840e-01 -1.280328729192829940e+02
8.579999999999999849e-01 -1.284303386454670317e+02
8.589999999999999858e-01 -1.288281896061721454e+02
8.599999999999999867e-01 -1.292264255153654062e+02
8.609999999999999876e-01 -1.296250460875732529e+02
8.619999999999999885e-01 -1.300240510378802128e+02
8.629999999999999893e-01 -1.304234400819270547e+02
8.639999999999999902e-01 -1.308232129359086855e+02
8.649999999999999911e-01 -1.312233693165727004e+02
8.659999999999999920e-01 -1.316239089412177918e+02
8.669999999999999929e-01 -1.320248315276915605e+02
8.679999999999999938e-01 -1.324261367943894356e+02
8.689999999999999947e-01 -1.328278244602521738e+02
8.699999999999999956e-01 -1.332298942447652053e+02
8.709999999999999964e-01 -1.336323458679557632e+02
8.719999999999999973e-01 -1.340351790503922302e+02
8.729999999999999982e-01 -1.344383935131818362e+02
8.739999999999999991e-01 -1.348419889779690379e+02
8.750000000000000000e-01 -1.352459651669343543e+02
8.760000000000000009e-01 -1.356503218027920639e+02
8.770000000000000018e-01 -1.360550586087888121e+02
8.780000000000000027e-01 -1.364601753087022757e+02
8.790000000000000036e-01 -1.368656716268389744e+02
8.800000000000000044e-01 -1.372715472880330765e+02
8.810000000000000053e-01 -1.376778020176446091e+02
8.820000000000000062e-01 -1.380844355415577240e+02
8.830000000000000071e-01 -1.384914475861794472e+02
8.840000000000000080e-01 -1.388988378784377460e+02
8.850000000000000089e-01 -1.393066061457800799e+02
8.860000000000000098e-01 -1.397147521161717520e+02
8.870000000000000107e-01 -1.401232755180944309e+02
8.880000000000000115e-01 -1.405321760805443319e+02
8.890000000000000124e-01 -1.409414535330310514e+02
8.900000000000000133e-01 -1.413511076055755780e+02
8.910000000000000142e-01 -1.417611380287091833e+02
8.920000000000000151e-01 -1.421715445334715184e+02
8.930000000000000160e-01 -1.425823268514090785e+02
8.940000000000000169e-01 -1.429934847145736967e+02
8.950000000000000178e-01 -1.434050178555216064e+02
8.960000000000000187e-01 -1.438169260073111673e+02
8.970000000000000195e-01 -1.442292089035010747e+02
8.980000000000000204e-01 -1.446418662781500188e+02
8.990000000000000213e-01 -1.450548978658144677e+02
9.000000000000000222e-01 -1.454683034015470753e+02
9.010000000000000231e-01 -1.458820826208951758e+02
9.020000000000000240e-01 -1.462962352599000155e+02
9.030000000000000249e-01 -1.467107610550941672e+02
9.040000000000000258e-01 -1.471256597435009041e+02
9.050000000000000266e-01 -1.475409310626324100e+02
9.060000000000000275e-01 -1.479565747504886417e+02
9.070000000000000284e-01 -1.483725905455551128e+02
9.080000000000000293e-01 -1.487889781868020691e+02
9.090000000000000302e-01 -1.492057374136834937e+02
9.100000000000000311e-01 -1.496228679661340948e+02
9.110000000000000320e-01 -1.500403695845697030e+02
9.120000000000000329e-01 -1.504582420098845716e+02
9.130000000000000338e-01 -1.508764849834507231e+02
9.140000000000000346e-01 -1.512950982471157602e+02
9.150000000000000355e-01 -1.517140815432024397e+02
9.160000000000000364e-01 -1.521334346145063421e+02
9.170000000000000373e-01 -1.525531572042953030e+02
9.180000000000000382e-01 -1.529732490563069689e+02
9.190000000000000391e-01 -1.533937099147485128e+02
9.200000000000000400e-01 -1.538145395242948155e+02
9.210000000000000409e-01 -1.542357376300868168e+02
9.220000000000000417e-01 -1.546573039777307486e+02
9.230000000000000426e-01 -1.550792383132957184e+02
9.240000000000000435e-01 -1.555015403833140226e+02
9.250000000000000444e-01 -1.559242099347779344e+02
9.260000000000000453e-01 -1.563472467151399883e+02
9.270000000000000462e-01 -1.567706504723102512e+02
9.280000000000000471e-01 -1.571944209546559819e+02
9.290000000000000480e-01 -1.576185579110001527e+02
9.300000000000000488e-01 -1.580430610906194886e+02
9.310000000000000497e-01 -1.584679302432437566e+02
9.320000000000000506e-01 -1.588931651190546006e+02
9.330000000000000515e-01 -1.593187654686834094e+02
9.340000000000000524e-01 -1.597447310432109191e+02
9.350000000000000533e-01 -1.601710615941650531e+02
9.360000000000000542e-01 -1.605977568735208365e+02
9.370000000000000551e-01 -1.610248166336975544e+02
9.380000000000000560e-01 -1.614522406275590356e+02
9.390000000000000568e-01 -1.618800286084108677e+02
9.400000000000000577e-01 -1.623081803300005106e+02
9.410000000000000586e-01 -1.627366955465150227e+02
9.420000000000000595e-01 -1.631655740125803788e+02
9.430000000000000604e-01 -1.635948154832597368e+02
9.440000000000000613e-01 -1.640244197140528684e+02
9.450000000000000622e-01 -1.644543864608942272e+02
9.460000000000000631e-01 -1.648847154801517547e+02
9.470000000000000639e-01 -1.653154065286263403e+02
9.480000000000000648e-01 -1.657464593635499455e+02
9.490000000000000657e-01 -1.661778737425845236e+02
9.500000000000000666e-01 -1.666096494238204855e+02
9.510000000000000675e-01 -1.670417861657764718e+02
9.520000000000000684e-01 -1.674742837273968803e+02
9.530000000000000693e-01 -1.679071418680515535e+02
9.540000000000000702e-01 -1.683403603475341868e+02
9.550000000000000711e-01 -1.687739389260613052e+02
9.560000000000000719e-01 -1.692078773642708711e+02
9.570000000000000728e-01 -1.696421754232214028e+02
9.580000000000000737e-01 -1.700768328643900986e+02
9.590000000000000746e-01 -1.705118494496728090e+02
9.599999999999999645e-01 -1.709472249413816485e+02
9.609999999999999654e-01 -1.713829591022449108e+02
9.619999999999999662e-01 -1.718190516954047666e+02
9.629999999999999671e-01 -1.722555024844170362e+02
9.639999999999999680e-01 -1.726923112332498249e+02
9.649999999999999689e-01 -1.731294777062818184e+02
9.659999999999999698e-01 -1.735670016683018559e+02
9.669999999999999707e-01 -1.740048828845074524e+02
9.679999999999999716e-01 -1.744431211205036618e+02
9.689999999999999725e-01 -1.748817161423018263e+02
9.699999999999999734e-01 -1.753206677163188658e+02
9.709999999999999742e-01 -1.757599756093756014e+02
9.719999999999999751e-01 -1.761996395886961295e+02
9.729999999999999760e-01 -1.766396594219062308e+02
9.739999999999999769e-01 -1.770800348770327162e+02
9.749999999999999778e-01 -1.775207657225018352e+02
9.759999999999999787e-01 -1.779618517271386793e+02
9.769999999999999796e-01 -1.784032926601656754e+02
9.779999999999999805e-01 -1.788450882912019608e+02
9.789999999999999813e-01 -1.792872383902613365e+02
9.799999999999999822e-01 -1.797297427277525799e+02
9.809999999999999831e-01 -1.801726010744767734e+02
9.819999999999999840e-01 -1.806158132016279581e+02
9.829999999999999849e-01 -1.810593788807904048e+02
9.839999999999999858e-01 -1.815032978839384725e+02
9.849999999999999867e-01 -1.819475699834355851e+02
9.859999999999999876e-01 -1.823921949520326393e+02
9.869999999999999885e-01 -1.828371725628674369e+02
9.879999999999999893e-01 -1.832825025894632347e+02
9.889999999999999902e-01 -1.837281848057279490e+02
9.899999999999999911e-01 -1.841742189859532175e+02
9.909999999999999920e-01 -1.846206049048128079e+02
9.919999999999999929e-01 -1.850673423373622200e+02
9.929999999999999938e-01 -1.855144310590372356e+02
9.939999999999999947e-01 -1.859618708456531522e+02
9.949999999999999956e-01 -1.864096614734035597e+02
9.959999999999999964e-01 -1.868578027188590909e+02
9.969999999999999973e-01 -1.873062943589672500e+02
9.979999999999999982e-01 -1.877551361710503102e+02
9.989999999999999991e-01 -1.882043279328051995e+02
1.000000000000000000e+00 -1.886538694223017387e+02
