0.000000000000000000e+00 0.000000000000000000e+00
1.000000000000000021e-03 9.128630159887473061e-01
2.000000000000000042e-03 1.574448568210201849e+00
3.000000000000000062e-03 2.160890322637769589e+00
4.000000000000000083e-03 2.700731596753891850e+00
5.000000000000000104e-03 3.206812161451096266e+00
6.000000000000000125e-03 3.686457636775075208e+00
7.000000000000000146e-03 4.144404543398718666e+00
8.000000000000000167e-03 4.583965875031029924e+00
9.000000000000001055e-03 5.007588310514019980e+00
1.000000000000000021e-02 5.417152289962556821e+00
1.099999999999999936e-02 5.814147935085016705e+00
1.200000000000000025e-02 6.199784990000388518e+00
1.300000000000000114e-02 6.575065050871224948e+00
1.400000000000000029e-02 6.940830968630824493e+00
1.499999999999999944e-02 7.297801777098778864e+00
1.600000000000000033e-02 7.646598082781763672e+00
1.700000000000000122e-02 7.987760962293855016e+00
1.800000000000000211e-02 8.321766316667188690e+00
1.899999999999999953e-02 8.649035969608938501e+00
2.000000000000000042e-02 8.969946382868373647e+00
2.100000000000000130e-02 9.284835595320284796e+00
2.199999999999999872e-02 9.594008816122293837e+00
2.299999999999999961e-02 9.897742983019369944e+00
2.400000000000000050e-02 1.019629051444133516e+01
2.500000000000000139e-02 1.048988242600723098e+01
2.600000000000000228e-02 1.077873094049902924e+01
2.699999999999999969e-02 1.106303169015749788e+01
2.800000000000000058e-02 1.134296558788088483e+01
2.900000000000000147e-02 1.161870042727521302e+01
2.999999999999999889e-02 1.189039225893939999e+01
3.099999999999999978e-02 1.215818658077033554e+01
3.200000000000000067e-02 1.242221937266909570e+01
3.300000000000000155e-02 1.268261800026372654e+01
3.400000000000000244e-02 1.293950200773564951e+01
3.500000000000000333e-02 1.319298381625099736e+01
3.600000000000000422e-02 1.344316934163750688e+01
3.699999999999999817e-02 1.369015854264908150e+01
3.799999999999999906e-02 1.393404590930127895e+01
3.899999999999999994e-02 1.417492089924745891e+01
4.000000000000000083e-02 1.441286832892706826e+01
4.100000000000000172e-02 1.464796872519728410e+01
4.200000000000000261e-02 1.488029864231532429e+01
4.300000000000000350e-02 1.510993094843688311e+01
4.399999999999999745e-02 1.533693508520887683e+01
4.499999999999999833e-02 1.556137730354309312e+01
4.599999999999999922e-02 1.578332087824101926e+01
4.700000000000000011e-02 1.600282630378971760e+01
4.800000000000000100e-02 1.621995147334911636e+01
4.900000000000000189e-02 1.643475184269676248e+01
5.000000000000000278e-02 1.664728058067803218e+01
5.100000000000000366e-02 1.685758870752221839e+01
5.200000000000000455e-02 1.706572522222387533e+01
5.299999999999999850e-02 1.727173722004912548e+01
5.399999999999999939e-02 1.747567000110586122e+01
5.500000000000000028e-02 1.767756717081142170e+01
5.600000000000000117e-02 1.787747073300003109e+01
5.700000000000000205e-02 1.807542117633188283e+01
5.800000000000000294e-02 1.827145755459577003e+01
5.900000000000000383e-02 1.846561756143521293e+01
5.999999999999999778e-02 1.865793759997429646e+01
6.099999999999999867e-02 1.884845284777074426e+01
6.199999999999999956e-02 1.903719731748212496e+01
6.300000000000000044e-02 1.922420391359309377e+01
6.400000000000000133e-02 1.940950448551810581e+01
6.500000000000000222e-02 1.959312987736496225e+01
6.600000000000000311e-02 1.977510997461725495e+01
6.700000000000000400e-02 1.995547374797089546e+01
6.800000000000000488e-02 2.013424929453808687e+01
6.900000000000000577e-02 2.031146387661367925e+01
7.000000000000000666e-02 2.048714395818156575e+01
7.100000000000000755e-02 2.066131523932325464e+01
7.200000000000000844e-02 2.083400268867758598e+01
7.299999999999999545e-02 2.100523057408712191e+01
7.399999999999999634e-02 2.117502249155678129e+01
7.499999999999999722e-02 2.134340139263865410e+01
7.599999999999999811e-02 2.151038961034909036e+01
7.699999999999999900e-02 2.167600888371462986e+01
7.799999999999999989e-02 2.184028038103673452e+01
7.900000000000000078e-02 2.200322472195739820e+01
8.000000000000000167e-02 2.216486199840223037e+01
8.100000000000000255e-02 2.232521179447150317e+01
8.200000000000000344e-02 2.248429320534421194e+01
8.300000000000000433e-02 2.264212485525566265e+01
8.400000000000000522e-02 2.279872491460506723e+01
8.500000000000000611e-02 2.295411111624439471e+01
8.600000000000000699e-02 2.310830077099765845e+01
8.700000000000000788e-02 2.326131078245504824e+01
8.799999999999999489e-02 2.341315766108402840e+01
8.899999999999999578e-02 2.356385753769621516e+01
8.999999999999999667e-02 2.371342617630655170e+01
9.099999999999999756e-02 2.386187898641844995e+01
9.199999999999999845e-02 2.400923103476705833e+01
9.299999999999999933e-02 2.415549705654942869e+01
9.400000000000000022e-02 2.430069146616996534e+01
9.500000000000000111e-02 2.444482836752708721e+01
9.600000000000000200e-02 2.458792156386449079e+01
9.700000000000000289e-02 2.472998456721082050e+01
9.800000000000000377e-02 2.487103060742848726e+01
9.900000000000000466e-02 2.501107264089166193e+01
1.000000000000000056e-01 2.515012335881237249e+01
1.010000000000000064e-01 2.528819519523240089e+01
1.020000000000000073e-01 2.542530033469740047e+01
1.030000000000000082e-01 2.556145071962911786e+01
1.040000000000000091e-01 2.569665805741010089e+01
1.049999999999999961e-01 2.583093382719511766e+01
1.059999999999999970e-01 2.596428928646211531e+01
1.069999999999999979e-01 2.609673547731514631e+01
1.079999999999999988e-01 2.622828323255075134e+01
1.089999999999999997e-01 2.635894318149899362e+01
1.100000000000000006e-01 2.648872575564949727e+01
1.110000000000000014e-01 2.661764119407192197e+01
1.120000000000000023e-01 2.674569954864077914e+01
1.130000000000000032e-01 2.687291068907286018e+01
1.140000000000000041e-01 2.699928430778578559e+01
1.150000000000000050e-01 2.712482992458547315e+01
1.160000000000000059e-01 2.724955689119018842e+01
1.170000000000000068e-01 2.737347439559795248e+01
1.180000000000000077e-01 2.749659146630417084e+01
1.190000000000000085e-01 2.761891697637593523e+01
1.199999999999999956e-01 2.774045964738875725e+01
1.209999999999999964e-01 2.786122805323198648e+01
1.219999999999999973e-01 2.798123062378762427e+01
1.229999999999999982e-01 2.810047564848851209e+01
1.239999999999999991e-01 2.821897127976016861e+01
1.250000000000000000e-01 2.833672553635155111e+01
1.260000000000000009e-01 2.845374630655857828e+01
1.270000000000000018e-01 2.857004135134524603e+01
1.280000000000000027e-01 2.868561830736613416e+01
1.290000000000000036e-01 2.880048468989399169e+01
1.300000000000000044e-01 2.891464789565648630e+01
1.310000000000000053e-01 2.902811520558531555e+01
1.320000000000000062e-01 2.914089378748103698e+01
1.330000000000000071e-01 2.925299069859708823e+01
1.340000000000000080e-01 2.936441288814580020e+01
1.350000000000000089e-01 2.947516719972925614e+01
1.360000000000000098e-01 2.958526037369804840e+01
1.370000000000000107e-01 2.969469904944050143e+01
1.380000000000000115e-01 2.980348976760464907e+01
1.390000000000000124e-01 2.991163897225591484e+01
1.400000000000000133e-01 3.001915301297218264e+01
1.410000000000000142e-01 3.012603814687918558e+01
1.420000000000000151e-01 3.023230054062769057e+01
1.430000000000000160e-01 3.033794627231503327e+01
1.440000000000000169e-01 3.044298133335260204e+01
1.449999999999999900e-01 3.054741163028135986e+01
1.459999999999999909e-01 3.065124298653726242e+01
1.469999999999999918e-01 3.075448114416787604e+01
1.479999999999999927e-01 3.085713176550245151e+01
1.489999999999999936e-01 3.095920043477654815e+01
1.499999999999999944e-01 3.106069265971302684e+01
1.509999999999999953e-01 3.116161387306064867e+01
1.519999999999999962e-01 3.126196943409191675e+01
1.529999999999999971e-01 3.136176463006125914e+01
1.539999999999999980e-01 3.146100467762519415e+01
1.549999999999999989e-01 3.155969472422524902e+01
1.559999999999999998e-01 3.165783984943520935e+01
1.570000000000000007e-01 3.175544506627375085e+01
1.580000000000000016e-01 3.185251532248360107e+01
1.590000000000000024e-01 3.194905550177784193e+01
1.600000000000000033e-01 3.204507042505546366e+01
1.610000000000000042e-01 3.214056485158563703e+01
1.620000000000000051e-01 3.223554348016311621e+01
1.630000000000000060e-01 3.233001095023469418e+01
1.640000000000000069e-01 3.242397184299803570e+01
1.650000000000000078e-01 3.251743068247375135e+01
1.660000000000000087e-01 3.261039193655094692e+01
1.670000000000000095e-01 3.270286001800837994e+01
1.680000000000000104e-01 3.279483928550996552e+01
1.690000000000000113e-01 3.288633404457753073e+01
1.700000000000000122e-01 3.297734854853977282e+01
1.710000000000000131e-01 3.306788699945924037e+01
1.720000000000000140e-01 3.315795354903745107e+01
1.730000000000000149e-01 3.324755229949856528e+01
1.740000000000000158e-01 3.333668730445340600e+01
1.750000000000000167e-01 3.342536256974238995e+01
1.759999999999999898e-01 3.351358205426035397e+01
1.769999999999999907e-01 3.360134967076158574e+01
1.779999999999999916e-01 3.368866928664709093e+01
1.789999999999999925e-01 3.377554472473427438e+01
1.799999999999999933e-01 3.386197976400885779e+01
1.809999999999999942e-01 3.394797814036040506e+01
1.819999999999999951e-01 3.403354354730146270e+01
1.829999999999999960e-01 3.411867963667098991e+01
1.839999999999999969e-01 3.420339001932190115e+01
1.849999999999999978e-01 3.428767826579419165e+01
1.859999999999999987e-01 3.437154790697303497e+01
1.869999999999999996e-01 3.445500243473306057e+01
1.880000000000000004e-01 3.453804530256836358e+01
1.890000000000000013e-01 3.462067992620951173e+01
1.900000000000000022e-01 3.470290968422712297e+01
1.910000000000000031e-01 3.478473791862285935e+01
1.920000000000000040e-01 3.486616793540791548e+01
1.930000000000000049e-01 3.494720300516970468e+01
1.940000000000000058e-01 3.502784636362608239e+01
1.950000000000000067e-01 3.510810121216901791e+01
1.960000000000000075e-01 3.518797071839642854e+01
1.970000000000000084e-01 3.526745801663309976e+01
1.980000000000000093e-01 3.534656620844167918e+01
1.990000000000000102e-01 3.542529836312240832e+01
2.000000000000000111e-01 3.550365751820332605e+01
2.010000000000000120e-01 3.558164667992072339e+01
2.020000000000000129e-01 3.565926882368949435e+01
2.030000000000000138e-01 3.573652689456469034e+01
2.040000000000000147e-01 3.581342380769363842e+01
2.050000000000000155e-01 3.588996244875919217e+01
2.060000000000000164e-01 3.596614567441434218e+01
2.070000000000000173e-01 3.604197631270842805e+01
2.080000000000000182e-01 3.611745716350502278e+01
2.089999999999999913e-01 3.619259099889173115e+01
2.099999999999999922e-01 3.626738056358222195e+01
2.109999999999999931e-01 3.634182857531032340e+01
2.119999999999999940e-01 3.641593772521696337e+01
2.129999999999999949e-01 3.648971067822954240e+01
2.139999999999999958e-01 3.656315007343437173e+01
2.149999999999999967e-01 3.663625852444167208e+01
2.159999999999999976e-01 3.670903861974436211e+01
2.169999999999999984e-01 3.678149292306989793e+01
2.179999999999999993e-01 3.685362397372544763e+01
2.190000000000000002e-01 3.692543428693684149e+01
2.200000000000000011e-01 3.699692635418152520e+01
2.210000000000000020e-01 3.706810264351507556e+01
2.220000000000000029e-01 3.713896559989196078e+01
2.230000000000000038e-01 3.720951764548063778e+01
2.240000000000000047e-01 3.727976117997262406e+01
2.250000000000000056e-01 3.734969858088633998e+01
2.260000000000000064e-01 3.741933220386549408e+01
2.270000000000000073e-01 3.748866438297196169e+01
2.280000000000000082e-01 3.755769743097369684e+01
2.290000000000000091e-01 3.762643363962759935e+01
2.300000000000000100e-01 3.769487527995695331e+01
2.310000000000000109e-01 3.776302460252493631e+01
2.320000000000000118e-01 3.783088383770237328e+01
2.330000000000000127e-01 3.789845519593156808e+01
2.340000000000000135e-01 3.796574086798519687e+01
2.350000000000000144e-01 3.803274302522098793e+01
2.360000000000000153e-01 3.809946381983192509e+01
2.370000000000000162e-01 3.816590538509211683e+01
2.380000000000000171e-01 3.823206983559887817e+01
2.390000000000000180e-01 3.829795926751013013e+01
2.399999999999999911e-01 3.836357575877848092e+01
2.409999999999999920e-01 3.842892136938071701e+01
2.419999999999999929e-01 3.849399814154403288e+01
2.429999999999999938e-01 3.855880809996817504e+01
2.439999999999999947e-01 3.862335325204400505e+01
2.449999999999999956e-01 3.868763558806855229e+01
2.459999999999999964e-01 3.875165708145648580e+01
2.469999999999999973e-01 3.881541968894779870e+01
2.479999999999999982e-01 3.887892535081302725e+01
2.489999999999999991e-01 3.894217599105392225e+01
2.500000000000000000e-01 3.900517351760187523e+01
2.510000000000000009e-01 3.906791982251266404e+01
2.520000000000000018e-01 3.913041678215830643e+01
2.530000000000000027e-01 3.919266625741565235e+01
2.540000000000000036e-01 3.925467009385205586e+01
2.550000000000000044e-01 3.931643012190833986e+01
2.560000000000000053e-01 3.937794815707849239e+01
2.570000000000000062e-01 3.943922600008664858e+01
2.580000000000000071e-01 3.950026543706179183e+01
2.590000000000000080e-01 3.956106823970887376e+01
2.600000000000000089e-01 3.962163616547796607e+01
2.610000000000000098e-01 3.968197095773052752e+01
2.620000000000000107e-01 3.974207434590324794e+01
2.630000000000000115e-01 3.980194804566902178e+01
2.640000000000000124e-01 3.986159375909611668e+01
2.650000000000000133e-01 3.992101317480403821e+01
2.660000000000000142e-01 3.998020796811796629e+01
2.670000000000000151e-01 4.003917980122024289e+01
2.680000000000000160e-01 4.009793032329970686e+01
2.690000000000000169e-01 4.015646117069888987e+01
2.700000000000000178e-01 4.021477396705885354e+01
2.710000000000000187e-01 4.027287032346224294e+01
2.720000000000000195e-01 4.033075183857360457e+01
2.730000000000000204e-01 4.038842009877819095e+01
2.740000000000000213e-01 4.044587667831847000e+01
2.750000000000000222e-01 4.050312313942857401e+01
2.760000000000000231e-01 4.056016103246712134e+01
2.770000000000000240e-01 4.061699189604762239e+01
2.780000000000000249e-01 4.067361725716730803e+01
2.790000000000000258e-01 4.073003863133397573e+01
2.800000000000000266e-01 4.078625752269115878e+01
2.810000000000000275e-01 4.084227542414132017e+01
2.820000000000000284e-01 4.089809381746738381e+01
2.830000000000000293e-01 4.095371417345251075e+01
2.840000000000000302e-01 4.100913795199816292e+01
2.850000000000000311e-01 4.106436660224036928e+01
2.860000000000000320e-01 4.111940156266478397e+01
2.870000000000000329e-01 4.117424426121951342e+01
2.880000000000000338e-01 4.122889611542690602e+01
2.889999999999999791e-01 4.128335853249336651e+01
2.899999999999999800e-01 4.133763290941806190e+01
2.909999999999999809e-01 4.139172063309966632e+01
2.919999999999999818e-01 4.144562308044190502e+01
2.929999999999999827e-01 4.149934161845766312e+01
2.939999999999999836e-01 4.155287760437153111e+01
2.949999999999999845e-01 4.160623238572106430e+01
2.959999999999999853e-01 4.165940730045664964e+01
2.969999999999999862e-01 4.171240367703973817e+01
2.979999999999999871e-01 4.176522283454013973e+01
2.989999999999999880e-01 4.181786608273213091e+01
2.999999999999999889e-01 4.187033472218841013e+01
3.009999999999999898e-01 4.192263004437386087e+01
3.019999999999999907e-01 4.197475333173728984e+01
3.029999999999999916e-01 4.202670585780234092e+01
3.039999999999999925e-01 4.207848888725719405e+01
3.049999999999999933e-01 4.213010367604265838e+01
3.059999999999999942e-01 4.218155147143966843e+01
3.069999999999999951e-01 4.223283351215535220e+01
3.079999999999999960e-01 4.228395102840804043e+01
3.089999999999999969e-01 4.233490524201096861e+01
3.099999999999999978e-01 4.238569736645497699e+01
3.109999999999999987e-01 4.243632860699050724e+01
3.119999999999999996e-01 4.248680016070802878e+01
3.130000000000000004e-01 4.253711321661779010e+01
3.140000000000000013e-01 4.258726895572799975e+01
3.150000000000000022e-01 4.263726855112301450e+01
3.160000000000000031e-01 4.268711316803918265e+01
3.170000000000000040e-01 4.273680396394112080e+01
3.180000000000000049e-01 4.278634208859599397e+01
3.190000000000000058e-01 4.283572868414729129e+01
3.200000000000000067e-01 4.288496488518749317e+01
3.210000000000000075e-01 4.293405181883000665e+01
3.220000000000000084e-01 4.298299060478019129e+01
3.230000000000000093e-01 4.303178235540531205e+01
3.240000000000000102e-01 4.308042817580380301e+01
3.250000000000000111e-01 4.312892916387344400e+01
3.260000000000000120e-01 4.317728641037903969e+01
3.270000000000000129e-01 4.322550099901908993e+01
3.280000000000000138e-01 4.327357400649118091e+01
3.290000000000000147e-01 4.332150650255776014e+01
3.300000000000000155e-01 4.336929955010970161e+01
3.310000000000000164e-01 4.341695420523002724e+01
3.320000000000000173e-01 4.346447151725671887e+01
3.330000000000000182e-01 4.351185252884425125e+01
3.340000000000000191e-01 4.355909827602508955e+01
3.350000000000000200e-01 4.360620978826993621e+01
3.360000000000000209e-01 4.365318808854745924e+01
3.370000000000000218e-01 4.370003419338341644e+01
3.380000000000000226e-01 4.374674911291891277e+01
3.390000000000000235e-01 4.379333385096759912e+01
3.400000000000000244e-01 4.383978940507319777e+01
3.410000000000000253e-01 4.388611676656516636e+01
3.420000000000000262e-01 4.393231692061475968e+01
3.430000000000000271e-01 4.397839084628940043e+01
3.440000000000000280e-01 4.402433951660763256e+01
3.450000000000000289e-01 4.407016389859185779e+01
3.460000000000000298e-01 4.411586495332223734e+01
3.470000000000000306e-01 4.416144363598868949e+01
3.480000000000000315e-01 4.420690089594238259e+01
3.490000000000000324e-01 4.425223767674731334e+01
3.500000000000000333e-01 4.429745491623092590e+01
3.510000000000000342e-01 4.434255354653380010e+01
3.519999999999999796e-01 4.438753449415943209e+01
3.529999999999999805e-01 4.443239868002263648e+01
3.539999999999999813e-01 4.447714701949848859e+01
3.549999999999999822e-01 4.452178042246960388e+01
3.559999999999999831e-01 4.456629979337346015e+01
3.569999999999999840e-01 4.461070603124921519e+01
3.579999999999999849e-01 4.465500002978367178e+01
3.589999999999999858e-01 4.469918267735712192e+01
3.599999999999999867e-01 4.474325485708832417e+01
3.609999999999999876e-01 4.478721744687918260e+01
3.619999999999999885e-01 4.483107131945889989e+01
3.629999999999999893e-01 4.487481734242751941e+01
3.639999999999999902e-01 4.491845637829907645e+01
3.649999999999999911e-01 4.496198928454455768e+01
3.659999999999999920e-01 4.500541691363341101e+01
3.669999999999999929e-01 4.504874011307636295e+01
3.679999999999999938e-01 4.509195972546530129e+01
3.689999999999999947e-01 4.513507658851570170e+01
3.699999999999999956e-01 4.517809153510533804e+01
3.709999999999999964e-01 4.522100539331571412e+01
3.719999999999999973e-01 4.526381898647057511e+01
3.729999999999999982e-01 4.530653313317524322e+01
3.739999999999999991e-01 4.534914864735567619e+01
3.750000000000000000e-01 4.539166633829603370e+01
3.760000000000000009e-01 4.543408701067708932e+01
3.770000000000000018e-01 4.547641146461335637e+01
3.780000000000000027e-01 4.551864049569005033e+01
3.790000000000000036e-01 4.556077489499991628e+01
3.800000000000000044e-01 4.560281544917918950e+01
3.810000000000000053e-01 4.564476294044415283e+01
3.820000000000000062e-01 4.568661814662542753e+01
3.830000000000000071e-01 4.572838184120421090e+01
3.840000000000000080e-01 4.577005479334637528e+01
3.850000000000000089e-01 4.581163776793699327e+01
3.860000000000000098e-01 4.585313152561426620e+01
3.870000000000000107e-01 4.589453682280348090e+01
3.880000000000000115e-01 4.593585441174992923e+01
3.890000000000000124e-01 4.597708504055184875e+01
3.900000000000000133e-01 4.601822945319349856e+01
3.910000000000000142e-01 4.605928838957701288e+01
3.920000000000000151e-01 4.610026258555429024e+01
3.930000000000000160e-01 4.614115277295919526e+01
3.940000000000000169e-01 4.618195967963801252e+01
3.950000000000000178e-01 4.622268402948101595e+01
3.960000000000000187e-01 4.626332654245294407e+01
3.970000000000000195e-01 4.630388793462324770e+01
3.980000000000000204e-01 4.634436891819625259e+01
3.990000000000000213e-01 4.638477020154094532e+01
4.000000000000000222e-01 4.642509248922022635e+01
4.010000000000000231e-01 4.646533648202004230e+01
4.020000000000000240e-01 4.650550287697839025e+01
4.030000000000000249e-01 4.654559236741364714e+01
4.040000000000000258e-01 4.658560564295305539e+01
4.050000000000000266e-01 4.662554338956061173e+01
4.060000000000000275e-01 4.666540628956477121e+01
4.070000000000000284e-01 4.670519502168579606e+01
4.080000000000000293e-01 4.674491026106284863e+01
4.090000000000000302e-01 4.678455267928130468e+01
4.100000000000000311e-01 4.682412294439875211e+01
4.110000000000000320e-01 4.686362172097202006e+01
4.120000000000000329e-01 4.690304967008250259e+01
4.130000000000000338e-01 4.694240744936271881e+01
4.140000000000000346e-01 4.698169571302159397e+01
4.150000000000000355e-01 4.702091511186971218e+01
4.160000000000000364e-01 4.706006629334441982e+01
4.169999999999999818e-01 4.709914990153509962e+01
4.179999999999999827e-01 4.713816657720720116e+01
4.189999999999999836e-01 4.717711695782690384e+01
4.199999999999999845e-01 4.721600167758520428e+01
4.209999999999999853e-01 4.725482136742209605e+01
4.219999999999999862e-01 4.729357665504948471e+01
4.229999999999999871e-01 4.733226816497562339e+01
4.239999999999999880e-01 4.737089651852771510e+01
4.249999999999999889e-01 4.740946233387487752e+01
4.259999999999999898e-01 4.744796622605144165e+01
4.269999999999999907e-01 4.748640880697880817e+01
4.279999999999999916e-01 4.752479068548862529e+01
4.289999999999999925e-01 4.756311246734419740e+01
4.299999999999999933e-01 4.760137475526289563e+01
4.309999999999999942e-01 4.763957814893755938e+01
4.319999999999999951e-01 4.767772324505847337e+01
4.329999999999999960e-01 4.771581063733415817e+01
4.339999999999999969e-01 4.775384091651288543e+01
4.349999999999999978e-01 4.779181467040343989e+01
4.359999999999999987e-01 4.782973248389602361e+01
4.369999999999999996e-01 4.786759493898247797e+01
4.380000000000000004e-01 4.790540261477701733e+01
4.390000000000000013e-01 4.794315608753605318e+01
4.400000000000000022e-01 4.798085593067855825e+01
4.410000000000000031e-01 4.801850271480553545e+01
4.420000000000000040e-01 4.805609700771965720e+01
4.430000000000000049e-01 4.809363937444503279e+01
4.440000000000000058e-01 4.813113037724609455e+01
4.450000000000000067e-01 4.816857057564685363e+01
4.460000000000000075e-01 4.820596052644972929e+01
4.470000000000000084e-01 4.824330078375446362e+01
4.480000000000000093e-01 4.828059189897662407e+01
4.490000000000000102e-01 4.831783442086567959e+01
4.500000000000000111e-01 4.835502889552390116e+01
4.510000000000000120e-01 4.839217586642379842e+01
4.520000000000000129e-01 4.842927587442646598e+01
4.530000000000000138e-01 4.846632945779893475e+01
4.540000000000000147e-01 4.850333715223220565e+01
4.550000000000000155e-01 4.854029949085851570e+01
4.560000000000000164e-01 4.857721700426833422e+01
4.570000000000000173e-01 4.861409022052812645e+01
4.580000000000000182e-01 4.865091966519655386e+01
4.590000000000000191e-01 4.868770586134186829e+01
4.600000000000000200e-01 4.872444932955863806e+01
4.610000000000000209e-01 4.876115058798373525e+01
4.620000000000000218e-01 4.879781015231327501e+01
4.630000000000000226e-01 4.883442853581844645e+01
4.640000000000000235e-01 4.887100624936216775e+01
4.650000000000000244e-01 4.890754380141437707e+01
4.660000000000000253e-01 4.894404169806828975e+01
4.670000000000000262e-01 4.898050044305594497e+01
4.680000000000000271e-01 4.901692053776392299e+01
4.690000000000000280e-01 4.905330248124847969e+01
4.700000000000000289e-01 4.908964677025102219e+01
4.710000000000000298e-01 4.912595389921320077e+01
4.720000000000000306e-01 4.916222436029205767e+01
4.730000000000000315e-01 4.919845864337473529e+01
4.740000000000000324e-01 4.923465723609325551e+01
4.750000000000000333e-01 4.927082062383932737e+01
4.760000000000000342e-01 4.930694928977892744e+01
4.770000000000000351e-01 4.934304371486612695e+01
4.780000000000000360e-01 4.937910437785824058e+01
4.790000000000000369e-01 4.941513175532895730e+01
4.799999999999999822e-01 4.945112632168350331e+01
4.809999999999999831e-01 4.948708854917151712e+01
4.819999999999999840e-01 4.952301890790153038e+01
4.829999999999999849e-01 4.955891786585429770e+01
4.839999999999999858e-01 4.959478588889666639e+01
4.849999999999999867e-01 4.963062344079459365e+01
4.859999999999999876e-01 4.966643098322686001e+01
4.869999999999999885e-01 4.970220897579814334e+01
4.879999999999999893e-01 4.973795787605234864e+01
4.889999999999999902e-01 4.977367813948517039e+01
4.899999999999999911e-01 4.980937021955735133e+01
4.909999999999999920e-01 4.984503456770737273e+01
4.919999999999999929e-01 4.988067163336428678e+01
4.929999999999999938e-01 4.991628186395989530e+01
4.939999999999999947e-01 4.995186570494193745e+01
4.949999999999999956e-01 4.998742359978567151e+01
4.959999999999999964e-01 5.002295599000674997e+01
4.969999999999999973e-01 5.005846331517302872e+01
4.979999999999999982e-01 5.009394601291694471e+01
4.989999999999999991e-01 5.012940451894715466e+01
5.000000000000000000e-01 5.016483926706077057e+01
5.010000000000000009e-01 5.020025068915495581e+01
5.020000000000000018e-01 5.023563921523857800e+01
5.030000000000000027e-01 5.027100527344411773e+01
5.040000000000000036e-01 5.030634929003859668e+01
5.050000000000000044e-01 5.034167168943550053e+01
5.060000000000000053e-01 5.037697289420619029e+01
5.070000000000000062e-01 5.041225332509046098e+01
5.080000000000000071e-01 5.044751340100818027e+01
5.090000000000000080e-01 5.048275353907057195e+01
5.100000000000000089e-01 5.051797415459049034e+01
5.110000000000000098e-01 5.055317566109393113e+01
5.120000000000000107e-01 5.058835847033043365e+01
5.130000000000000115e-01 5.062352299228395225e+01
5.140000000000000124e-01 5.065866963518352861e+01
5.150000000000000133e-01 5.069379880551356621e+01
5.160000000000000142e-01 5.072891090802482950e+01
5.170000000000000151e-01 5.076400634574385151e+01
5.180000000000000160e-01 5.079908551998454413e+01
5.190000000000000169e-01 5.083414883035705145e+01
5.200000000000000178e-01 5.086919667477899054e+01
5.210000000000000187e-01 5.090422944948483064e+01
5.220000000000000195e-01 5.093924754903608232e+01
5.230000000000000204e-01 5.097425136633125931e+01
5.240000000000000213e-01 5.100924129261555606e+01
5.250000000000000222e-01 5.104421771749066750e+01
5.260000000000000231e-01 5.107918102892453760e+01
5.270000000000000240e-01 5.111413161326082388e+01
5.280000000000000249e-01 5.114906985522843286e+01
5.290000000000000258e-01 5.118399613795099867e+01
5.300000000000000266e-01 5.121891084295631913e+01
5.310000000000000275e-01 5.125381435018563536e+01
5.320000000000000284e-01 5.128870703800268416e+01
5.330000000000000293e-01 5.132358928320310554e+01
5.340000000000000302e-01 5.135846146102352350e+01
5.350000000000000311e-01 5.139332394515037095e+01
5.360000000000000320e-01 5.142817710772884254e+01
5.370000000000000329e-01 5.146302131937217439e+01
5.380000000000000338e-01 5.149785694917018475e+01
5.390000000000000346e-01 5.153268436469771530e+01
5.400000000000000355e-01 5.156750393202395344e+01
5.410000000000000364e-01 5.160231601572060356e+01
5.420000000000000373e-01 5.163712097887066932e+01
5.430000000000000382e-01 5.167191918307653964e+01
5.440000000000000391e-01 5.170671098846939628e+01
5.450000000000000400e-01 5.174149675371637613e+01
5.460000000000000409e-01 5.177627683602946718e+01
5.470000000000000417e-01 5.181105159117409187e+01
5.480000000000000426e-01 5.184582137347661046e+01
5.490000000000000435e-01 5.188058653583271962e+01
5.500000000000000444e-01 5.191534742971572314e+01
5.510000000000000453e-01 5.195010440518422001e+01
5.520000000000000462e-01 5.198485781089047464e+01
5.530000000000000471e-01 5.201960799408765013e+01
5.540000000000000480e-01 5.205435530063802219e+01
5.550000000000000488e-01 5.208910007502130668e+01
5.560000000000000497e-01 5.212384266034067082e+01
5.570000000000000506e-01 5.215858339833287971e+01
5.580000000000000515e-01 5.219332262937352596e+01
5.590000000000000524e-01 5.222806069248599670e+01
5.600000000000000533e-01 5.226279792534847957e+01
5.610000000000000542e-01 5.229753466430152287e+01
5.620000000000000551e-01 5.233227124435529731e+01
5.630000000000000560e-01 5.236700799919714200e+01
5.640000000000000568e-01 5.240174526119848508e+01
5.650000000000000577e-01 5.243648336142285871e+01
5.660000000000000586e-01 5.247122262963152650e+01
5.670000000000000595e-01 5.250596339429260695e+01
5.680000000000000604e-01 5.254070598258634561e+01
5.690000000000000613e-01 5.257545072041358480e+01
5.700000000000000622e-01 5.261019793240140530e+01
5.710000000000000631e-01 5.264494794191121230e+01
5.720000000000000639e-01 5.267970107104483191e+01
5.730000000000000648e-01 5.271445764065168760e+01
5.740000000000000657e-01 5.274921797033567827e+01
5.750000000000000666e-01 5.278398237846148788e+01
5.760000000000000675e-01 5.281875118216133558e+01
5.769999999999999574e-01 5.285352469734229430e+01
5.779999999999999583e-01 5.288830323869190408e+01
5.789999999999999591e-01 5.292308711968533430e+01
5.799999999999999600e-01 5.295787665259182120e+01
5.809999999999999609e-01 5.299267214848082119e+01
5.819999999999999618e-01 5.302747391722854786e+01
5.829999999999999627e-01 5.306228226752445210e+01
5.839999999999999636e-01 5.309709750687781593e+01
5.849999999999999645e-01 5.313191994162298215e+01
5.859999999999999654e-01 5.316674987692671550e+01
5.869999999999999662e-01 5.320158761679431336e+01
5.879999999999999671e-01 5.323643346407421006e+01
5.889999999999999680e-01 5.327128772046650340e+01
5.899999999999999689e-01 5.330615068652689104e+01
5.909999999999999698e-01 5.334102266167397488e+01
5.919999999999999707e-01 5.337590394419473228e+01
5.929999999999999716e-01 5.341079483125041349e+01
5.939999999999999725e-01 5.344569561888268083e+01
5.949999999999999734e-01 5.348060660201910821e+01
5.959999999999999742e-01 5.351552807447940552e+01
5.969999999999999751e-01 5.355046032898086139e+01
5.979999999999999760e-01 5.358540365714456755e+01
5.989999999999999769e-01 5.362035834950016522e+01
5.999999999999999778e-01 5.365532469549233952e+01
6.009999999999999787e-01 5.369030298348647534e+01
6.019999999999999796e-01 5.372529350077340382e+01
6.029999999999999805e-01 5.376029653357606719e+01
6.039999999999999813e-01 5.379531236705392416e+01
6.049999999999999822e-01 5.383034128530950113e+01
6.059999999999999831e-01 5.386538357139244226e+01
6.069999999999999840e-01 5.390043950730641598e+01
6.079999999999999849e-01 5.393550937401370504e+01
6.089999999999999858e-01 5.397059345144037934e+01
6.099999999999999867e-01 5.400569201848168177e+01
6.109999999999999876e-01 5.404080535300791155e+01
6.119999999999999885e-01 5.407593373186848851e+01
6.129999999999999893e-01 5.411107743089833377e+01
6.139999999999999902e-01 5.414623672492204776e+01
6.149999999999999911e-01 5.418141188775985029e+01
6.159999999999999920e-01 5.421660319223209967e+01
6.169999999999999929e-01 5.425181091016419543e+01
6.179999999999999938e-01 5.428703531239199265e+01
6.189999999999999947e-01 5.432227666876687522e+01
6.199999999999999956e-01 5.435753524816063020e+01
6.209999999999999964e-01 5.439281131846968265e+01
6.219999999999999973e-01 5.442810514662116361e+01
6.229999999999999982e-01 5.446341699857646290e+01
6.239999999999999991e-01 5.449874713933738235e+01
6.250000000000000000e-01 5.453409583294981644e+01
6.260000000000000009e-01 5.456946334250898190e+01
6.270000000000000018e-01 5.460484993016412147e+01
6.280000000000000027e-01 5.464025585712353461e+01
6.290000000000000036e-01 5.467568138365837171e+01
6.300000000000000044e-01 5.471112676910834693e+01
6.310000000000000053e-01 5.474659227188497823e+01
6.320000000000000062e-01 5.478207814947792542e+01
6.330000000000000071e-01 5.481758465845776129e+01
6.340000000000000080e-01 5.485311205448191174e+01
6.350000000000000089e-01 5.488866059229823691e+01
6.360000000000000098e-01 5.492423052574984865e+01
6.370000000000000107e-01 5.495982210777921750e+01
6.380000000000000115e-01 5.499543559043360119e+01
6.390000000000000124e-01 5.503107122486777314e+01
6.400000000000000133e-01 5.506672926134972101e+01
6.410000000000000142e-01 5.510240994926446945e+01
6.420000000000000151e-01 5.513811353711838592e+01
6.430000000000000160e-01 5.517384027254358614e+01
6.440000000000000169e-01 5.520959040230137305e+01
6.450000000000000178e-01 5.524536417228799223e+01
6.460000000000000187e-01 5.528116182753736041e+01
6.470000000000000195e-01 5.531698361222630922e+01
6.480000000000000204e-01 5.535282976967768320e+01
6.490000000000000213e-01 5.538870054236528517e+01
6.500000000000000222e-01 5.542459617191747157e+01
6.510000000000000231e-01 5.546051689912155780e+01
6.520000000000000240e-01 5.549646296392745626e+01
6.530000000000000249e-01 5.553243460545215271e+01
6.540000000000000258e-01 5.556843206198325902e+01
6.550000000000000266e-01 5.560445557098287850e+01
6.560000000000000275e-01 5.564050536909235234e+01
6.570000000000000284e-01 5.567658169213478914e+01
6.580000000000000293e-01 5.571268477512089135e+01
6.590000000000000302e-01 5.574881485225080269e+01
6.600000000000000311e-01 5.578497215691891142e+01
6.610000000000000320e-01 5.582115692171763044e+01
6.620000000000000329e-01 5.585736937844120575e+01
6.630000000000000338e-01 5.589360975808963872e+01
6.640000000000000346e-01 5.592987829087169871e+01
6.650000000000000355e-01 5.596617520620910113e+01
6.660000000000000364e-01 5.600250073274060014e+01
6.670000000000000373e-01 5.603885509832514344e+01
6.680000000000000382e-01 5.607523853004539660e+01
6.690000000000000391e-01 5.611165125421183575e+01
6.700000000000000400e-01 5.614809349636624347e+01
6.710000000000000409e-01 5.618456548128486361e+01
6.720000000000000417e-01 5.622106743298252240e+01
6.730000000000000426e-01 5.625759957471592543e+01
6.740000000000000435e-01 5.629416212898709659e+01
6.750000000000000444e-01 5.633075531754687404e+01
6.760000000000000453e-01 5.636737936139886074e+01
6.770000000000000462e-01 5.640403448080195403e+01
6.780000000000000471e-01 5.644072089527449521e+01
6.790000000000000480e-01 5.647743882359804957e+01
6.800000000000000488e-01 5.651418848381902649e+01
6.810000000000000497e-01 5.655097009325444901e+01
6.820000000000000506e-01 5.658778386849368758e+01
6.830000000000000515e-01 5.662463002540215484e+01
6.840000000000000524e-01 5.666150877912482997e+01
6.850000000000000533e-01 5.669842034408910081e+01
6.860000000000000542e-01 5.673536493400897029e+01
6.870000000000000551e-01 5.677234276188698914e+01
6.880000000000000560e-01 5.680935404001891698e+01
6.890000000000000568e-01 5.684639897999542768e+01
6.900000000000000577e-01 5.688347779270682736e+01
6.910000000000000586e-01 5.692059068834484492e+01
6.920000000000000595e-01 5.695773787640703745e+01
6.930000000000000604e-01 5.699491956569895024e+01
6.940000000000000613e-01 5.703213596433778321e+01
6.950000000000000622e-01 5.706938727975503411e+01
6.960000000000000631e-01 5.710667371870033548e+01
6.970000000000000639e-01 5.714399548724381361e+01
6.980000000000000648e-01 5.718135279077938549e+01
6.990000000000000657e-01 5.721874583402771464e+01
7.000000000000000666e-01 5.725617482103956490e+01
7.010000000000000675e-01 5.729363995519841524e+01
7.020000000000000684e-01 5.733114143922333028e+01
7.030000000000000693e-01 5.736867947517248467e+01
7.039999999999999591e-01 5.740625426444566415e+01
7.049999999999999600e-01 5.744386600778707930e+01
7.059999999999999609e-01 5.748151490528874774e+01
7.069999999999999618e-01 5.751920115639316577e+01
7.079999999999999627e-01 5.755692495989589474e+01
7.089999999999999636e-01 5.759468651394894323e+01
7.099999999999999645e-01 5.763248601606321131e+01
7.109999999999999654e-01 5.767032366311136116e+01
7.119999999999999662e-01 5.770819965133091500e+01
7.129999999999999671e-01 5.774611417632675625e+01
7.139999999999999680e-01 5.778406743307391480e+01
7.149999999999999689e-01 5.782205961592069343e+01
7.159999999999999698e-01 5.786009091859074260e+01
7.169999999999999707e-01 5.789816153418664157e+01
7.179999999999999716e-01 5.793627165519174582e+01
7.189999999999999725e-01 5.797442147347342711e+01
7.199999999999999734e-01 5.801261118028594410e+01
7.209999999999999742e-01 5.805084096627243184e+01
7.219999999999999751e-01 5.808911102146774397e+01
7.229999999999999760e-01 5.812742153530203382e+01
7.239999999999999769e-01 5.816577269660211869e+01
7.249999999999999778e-01 5.820416469359443568e+01
7.259999999999999787e-01 5.824259771390811125e+01
7.269999999999999796e-01 5.828107194457712126e+01
7.279999999999999805e-01 5.831958757204270682e+01
7.289999999999999813e-01 5.835814478215675649e+01
7.299999999999999822e-01 5.839674376018334101e+01
7.309999999999999831e-01 5.843538469080201025e+01
7.319999999999999840e-01 5.847406775810907220e+01
7.329999999999999849e-01 5.851279314562219724e+01
7.339999999999999858e-01 5.855156103628073083e+01
7.349999999999999867e-01 5.859037161244958725e+01
7.359999999999999876e-01 5.862922505592123912e+01
7.369999999999999885e-01 5.866812154791765010e+01
7.379999999999999893e-01 5.870706126909391287e+01
7.389999999999999902e-01 5.874604439953918700e+01
7.399999999999999911e-01 5.878507111878053593e+01
7.409999999999999920e-01 5.882414160578414908e+01
7.419999999999999929e-01 5.886325603895832614e+01
7.429999999999999938e-01 5.890241459615592134e+01
7.439999999999999947e-01 5.894161745467633295e+01
7.449999999999999956e-01 5.898086479126766335e+01
7.459999999999999964e-01 5.902015678212995908e+01
7.469999999999999973e-01 5.905949360291640460e+01
7.479999999999999982e-01 5.909887542873667599e+01
7.489999999999999991e-01 5.913830243415790733e+01
7.500000000000000000e-01 5.917777479320832867e+01
7.510000000000000009e-01 5.921729267937897134e+01
7.520000000000000018e-01 5.925685626562560060e+01
7.530000000000000027e-01 5.929646572437152940e+01
7.540000000000000036e-01 5.933612122750898266e+01
7.550000000000000044e-01 5.937582294640242253e+01
7.560000000000000053e-01 5.941557105189019694e+01
7.570000000000000062e-01 5.945536571428621642e+01
7.580000000000000071e-01 5.949520710338308049e+01
7.590000000000000080e-01 5.953509538845355564e+01
7.600000000000000089e-01 5.957503073825330375e+01
7.610000000000000098e-01 5.961501332102216111e+01
7.620000000000000107e-01 5.965504330448737846e+01
7.630000000000000115e-01 5.969512085586478634e+01
7.640000000000000124e-01 5.973524614186115400e+01
7.650000000000000133e-01 5.977541932867643482e+01
7.660000000000000142e-01 5.981564058200638101e+01
7.670000000000000151e-01 5.985591006704333950e+01
7.680000000000000160e-01 5.989622794847926457e+01
7.690000000000000169e-01 5.993659439050767901e+01
7.700000000000000178e-01 5.997700955682520885e+01
7.710000000000000187e-01 6.001747361063425501e+01
7.720000000000000195e-01 6.005798671464458494e+01
7.730000000000000204e-01 6.009854903107563473e+01
7.740000000000000213e-01 6.013916072165810078e+01
7.750000000000000222e-01 6.017982194763632720e+01
7.760000000000000231e-01 6.022053286977003950e+01
7.770000000000000240e-01 6.026129364833636259e+01
7.780000000000000249e-01 6.030210444313181029e+01
7.790000000000000258e-01 6.034296541347436005e+01
7.800000000000000266e-01 6.038387671820512992e+01
7.810000000000000275e-01 6.042483851569042486e+01
7.820000000000000284e-01 6.046585096382366942e+01
7.830000000000000293e-01 6.050691422002739728e+01
7.840000000000000302e-01 6.054802844125481442e+01
7.850000000000000311e-01 6.058919378399178868e+01
7.860000000000000320e-01 6.063041040425937922e+01
7.870000000000000329e-01 6.067167845761485978e+01
7.880000000000000338e-01 6.071299809915353762e+01
7.890000000000000346e-01 6.075436948351156730e+01
7.900000000000000355e-01 6.079579276486674644e+01
7.910000000000000364e-01 6.083726809694098847e+01
7.920000000000000373e-01 6.087879563300157315e+01
7.930000000000000382e-01 6.092037552586359084e+01
7.940000000000000391e-01 6.096200792789136358e+01
7.950000000000000400e-01 6.100369299100017884e+01
7.960000000000000409e-01 6.104543086665842111e+01
7.970000000000000417e-01 6.108722170588873723e+01
7.980000000000000426e-01 6.112906565927073643e+01
7.990000000000000435e-01 6.117096287694150192e+01
8.000000000000000444e-01 6.121291350859888780e+01
8.010000000000000453e-01 6.125491770350143383e+01
8.020000000000000462e-01 6.129697561047154863e+01
8.030000000000000471e-01 6.133908737789681709e+01
8.040000000000000480e-01 6.138125315373130775e+01
8.050000000000000488e-01 6.142347308549773288e+01
8.060000000000000497e-01 6.146574732028886956e+01
8.070000000000000506e-01 6.150807600476943549e+01
8.080000000000000515e-01 6.155045928517790799e+01
8.090000000000000524e-01 6.159289730732734824e+01
8.100000000000000533e-01 6.163539021660830031e+01
8.110000000000000542e-01 6.167793815798950163e+01
8.120000000000000551e-01 6.172054127601973050e+01
8.130000000000000560e-01 6.176319971482985238e+01
8.140000000000000568e-01 6.180591361813370099e+01
8.150000000000000577e-01 6.184868312923069311e+01
8.160000000000000586e-01 6.189150839100608437e+01
8.170000000000000595e-01 6.193438954593432300e+01
8.180000000000000604e-01 6.197732673607870879e+01
8.190000000000000613e-01 6.202032010309457633e+01
8.200000000000000622e-01 6.206336978823014761e+01
8.210000000000000631e-01 6.210647593232758368e+01
8.220000000000000639e-01 6.214963867582585522e+01
8.230000000000000648e-01 6.219285815876131096e+01
8.240000000000000657e-01 6.223613452076952512e+01
8.250000000000000666e-01 6.227946790108671848e+01
8.260000000000000675e-01 6.232285843855163421e+01
8.270000000000000684e-01 6.236630627160604945e+01
8.280000000000000693e-01 6.240981153829784489e+01
8.290000000000000702e-01 6.245337437628145949e+01
8.300000000000000711e-01 6.249699492281939683e+01
8.310000000000000719e-01 6.254067331478429992e+01
8.320000000000000728e-01 6.258440968865966170e+01
8.329999999999999627e-01 6.262820418054195670e+01
8.339999999999999636e-01 6.267205692614209056e+01
8.349999999999999645e-01 6.271596806078639474e+01
8.359999999999999654e-01 6.275993771941790556e+01
8.369999999999999662e-01 6.280396603659940524e+01
8.379999999999999671e-01 6.284805314651231356e+01
8.389999999999999680e-01 6.289219918296060996e+01
8.399999999999999689e-01 6.293640427937029358e+01
8.409999999999999698e-01 6.298066856879259490e+01
8.419999999999999707e-01 6.302499218390369151e+01
8.429999999999999716e-01 6.306937525700689662e+01
8.439999999999999725e-01 6.311381792003484748e+01
8.449999999999999734e-01 6.315832030454893697e+01
8.459999999999999742e-01 6.320288254174292319e+01
8.469999999999999751e-01 6.324750476244244624e+01
8.479999999999999760e-01 6.329218709710761459e+01
8.489999999999999769e-01 6.333692967583388622e+01
8.499999999999999778e-01 6.338173262835340438e+01
8.509999999999999787e-01 6.342659608403650395e+01
8.519999999999999796e-01 6.347152017189290518e+01
8.529999999999999805e-01 6.351650502057324843e+01
8.539999999999999813e-01 6.356155075837040158e+01
8.549999999999999822e-01 6.360665751322031269e+01
8.559999999999999831e-01 6.365182541270411321e+01
8.569999999999999840e-01 6.369705458404894216e+01
8.579999999999999849e-01 6.374234515412939572e+01
8.589999999999999858e-01 6.378769724946849351e+01
8.599999999999999867e-01 6.383311099623949758e+01
8.609999999999999876e-01 6.387858652026707773e+01
8.619999999999999885e-01 6.392412394702830625e+01
8.629999999999999893e-01 6.396972340165396531e+01
8.639999999999999902e-01 6.401538500893047967e+01
8.649999999999999911e-01 6.406110889330005875e+01
8.659999999999999920e-01 6.410689517886319777e+01
8.669999999999999929e-01 6.415274398937850719e+01
8.679999999999999938e-01 6.419865544826535597e+01
8.689999999999999947e-01 6.424462967860438312e+01
8.699999999999999956e-01 6.429066680313889037e+01
8.709999999999999964e-01 6.433676694427592224e+01
8.719999999999999973e-01 6.438293022408734601e+01
8.729999999999999982e-01 6.442915676431195493e+01
8.739999999999999991e-01 6.447544668635558196e+01
8.750000000000000000e-01 6.452180011129286186e+01
8.760000000000000009e-01 6.456821715986842491e+01
8.770000000000000018e-01 6.461469795249789172e+01
8.780000000000000027e-01 6.466124260926940792e+01
8.790000000000000036e-01 6.470785124994426951e+01
8.800000000000000044e-01 6.475452399395868497e+01
8.810000000000000053e-01 6.480126096042471318e+01
8.820000000000000062e-01 6.484806226813128660e+01
8.830000000000000071e-01 6.489492803554566080e+01
8.840000000000000080e-01 6.494185838081412498e+01
8.850000000000000089e-01 6.498885342176359359e+01
8.860000000000000098e-01 6.503591327590277160e+01
8.870000000000000107e-01 6.508303806042300721e+01
8.880000000000000115e-01 6.513022789219937181e+01
8.890000000000000124e-01 6.517748288779202426e+01
8.900000000000000133e-01 6.522480316344760354e+01
8.910000000000000142e-01 6.527218883509959824e+01
8.920000000000000151e-01 6.531964001836996658e+01
8.930000000000000160e-01 6.536715682857021648e+01
8.940000000000000169e-01 6.541473938070274130e+01
8.950000000000000178e-01 6.546238778946104730e+01
8.960000000000000187e-01 6.551010216923191365e+01
8.970000000000000195e-01 6.555788263409567662e+01
8.980000000000000204e-01 6.560572929782779283e+01
8.990000000000000213e-01 6.565364227389997609e+01
9.000000000000000222e-01 6.570162167548068055e+01
9.010000000000000231e-01 6.574966761543643656e+01
9.020000000000000240e-01 6.579778020633355595e+01
9.030000000000000249e-01 6.584595956043830256e+01
9.040000000000000258e-01 6.589420578971845543e+01
9.050000000000000266e-01 6.594251900584384884e+01
9.060000000000000275e-01 6.599089932018833338e+01
9.070000000000000284e-01 6.603934684382977593e+01
9.080000000000000293e-01 6.608786168755196400e+01
9.090000000000000302e-01 6.613644396184486141e+01
9.100000000000000311e-01 6.618509377690642737e+01
9.110000000000000320e-01 6.623381124264278697e+01
9.120000000000000329e-01 6.628259646867022070e+01
9.130000000000000338e-01 6.633144956431530659e+01
9.140000000000000346e-01 6.638037063861602860e+01
9.150000000000000355e-01 6.642935980032356724e+01
9.160000000000000364e-01 6.647841715790286798e+01
9.170000000000000373e-01 6.652754281953241389e+01
9.180000000000000382e-01 6.657673689310766463e+01
9.190000000000000391e-01 6.662599948623991963e+01
9.200000000000000400e-01 6.667533070625844971e+01
9.210000000000000409e-01 6.672473066021066757e+01
9.220000000000000417e-01 6.677419945486417419e+01
9.230000000000000426e-01 6.682373719670641776e+01
9.240000000000000435e-01 6.687334399194674006e+01
9.250000000000000444e-01 6.692301994651694486e+01
9.260000000000000453e-01 6.697276516607200847e+01
9.270000000000000462e-01 6.702257975599141560e+01
9.280000000000000471e-01 6.707246382138006879e+01
9.290000000000000480e-01 6.712241746706877166e+01
9.300000000000000488e-01 6.717244079761573516e+01
9.310000000000000497e-01 6.722253391730714611e+01
9.320000000000000506e-01 6.727269693015844609e+01
9.330000000000000515e-01 6.732292993991509888e+01
9.340000000000000524e-01 6.737323305005276097e+01
9.350000000000000533e-01 6.742360636378006689e+01
9.360000000000000542e-01 6.747404998403732179e+01
9.370000000000000551e-01 6.752456401349877524e+01
9.380000000000000560e-01 6.757514855457381486e+01
9.390000000000000568e-01 6.762580370940619900e+01
9.400000000000000577e-01 6.767652957987715467e+01
9.410000000000000586e-01 6.772732626760392804e+01
9.420000000000000595e-01 6.777819387394296768e+01
9.430000000000000604e-01 6.782913249998921401e+01
9.440000000000000613e-01 6.788014224657769091e+01
9.450000000000000622e-01 6.793122321428390364e+01
9.460000000000000631e-01 6.798237550342531677e+01
9.470000000000000639e-01 6.803359921406158151e+01
9.480000000000000648e-01 6.808489444599601370e+01
9.490000000000000657e-01 6.813626129877633275e+01
9.500000000000000666e-01 6.818769987169477531e+01
9.510000000000000675e-01 6.823921026378999954e+01
9.520000000000000684e-01 6.829079257384731250e+01
9.530000000000000693e-01 6.834244690039980696e+01
9.540000000000000702e-01 6.839417334172904361e+01
9.550000000000000711e-01 6.844597199586576153e+01
9.560000000000000719e-01 6.849784296059107191e+01
9.570000000000000728e-01 6.854978633343699812e+01
9.580000000000000737e-01 6.860180221168747039e+01
9.590000000000000746e-01 6.865389069237900799e+01
9.599999999999999645e-01 6.870605187230191291e+01
9.609999999999999654e-01 6.875828584800032672e+01
9.619999999999999662e-01 6.881059271577402114e+01
9.629999999999999671e-01 6.886297257167819907e+01
9.639999999999999680e-01 6.891542551152542728e+01
9.649999999999999689e-01 6.896795163088526692e+01
9.659999999999999698e-01 6.902055102508609252e+01
9.669999999999999707e-01 6.907322378921497830e+01
9.679999999999999716e-01 6.912597001811948871e+01
9.689999999999999725e-01 6.917878980640745112e+01
9.699999999999999734e-01 6.923168324844849053e+01
9.709999999999999742e-01 6.928465043837459802e+01
9.719999999999999751e-01 6.933769147008101186e+01
9.729999999999999760e-01 6.939080643722607533e+01
9.739999999999999769e-01 6.944399543323348212e+01
9.749999999999999778e-01 6.949725855129270258e+01
9.759999999999999787e-01 6.955059588435852902e+01
9.769999999999999796e-01 6.960400752515300837e+01
9.779999999999999805e-01 6.965749356616620958e+01
9.789999999999999813e-01 6.971105409965664990e+01
9.799999999999999822e-01 6.976468921765177811e+01
9.809999999999999831e-01 6.981839901194939557e+01
9.819999999999999840e-01 6.987218357411759939e+01
9.829999999999999849e-01 6.992604299549634561e+01
9.839999999999999858e-01 6.997997736719770501e+01
9.849999999999999867e-01 7.003398678010728418e+01
9.859999999999999876e-01 7.008807132488288971e+01
9.869999999999999885e-01 7.014223109195859251e+01
9.879999999999999893e-01 7.019646617154245405e+01
9.889999999999999902e-01 7.025077665361914114e+01
9.899999999999999911e-01 7.030516262794924387e+01
9.909999999999999920e-01 7.035962418407115138e+01
9.919999999999999929e-01 7.041416141130156348e+01
9.929999999999999938e-01 7.046877439873514959e+01
9.939999999999999947e-01 7.052346323524710670e+01
9.949999999999999956e-01 7.057822800949179509e+01
9.959999999999999964e-01 7.063306880990575110e+01
9.969999999999999973e-01 7.068798572470575436e+01
9.979999999999999982e-01 7.074297884189201113e+01
9.989999999999999991e-01 7.079804824924724471e+01
1.000000000000000000e+00 7.085319403433766183e+01
