0.000000000000000000e+00 0.000000000000000000e+00
1.000000000000000021e-03 8.885571194014771912e-01
2.000000000000000042e-03 1.545886555733020806e+00
3.000000000000000062e-03 2.134155483275818277e+00
4.000000000000000083e-03 2.679078395904771703e+00
5.000000000000000104e-03 3.192219121209143307e+00
6.000000000000000125e-03 3.680187749547273679e+00
7.000000000000000146e-03 4.147269944420894028e+00
8.000000000000000167e-03 4.596472827471973943e+00
9.000000000000001055e-03 5.030024646076513228e+00
1.000000000000000021e-02 5.449643857133169789e+00
1.099999999999999936e-02 5.856696941786847077e+00
1.200000000000000025e-02 6.252297098982368517e+00
1.300000000000000114e-02 6.637369143351275369e+00
1.400000000000000029e-02 7.012693939120162590e+00
1.499999999999999944e-02 7.378939851056638410e+00
1.600000000000000033e-02 7.736685634555611202e+00
1.700000000000000122e-02 8.086437494345322108e+00
1.800000000000000211e-02 8.428642059284980448e+00
1.899999999999999953e-02 8.763696427642756248e+00
2.000000000000000042e-02 9.091956066460360475e+00
2.100000000000000130e-02 9.413741109734720780e+00
2.199999999999999872e-02 9.729341442138208507e+00
2.299999999999999961e-02 1.003902084800954420e+01
2.400000000000000050e-02 1.034302043137887850e+01
2.500000000000000139e-02 1.064156146068566500e+01
2.600000000000000228e-02 1.093484775451896596e+01
2.699999999999999969e-02 1.122306769755345357e+01
2.800000000000000058e-02 1.150639595582074293e+01
2.900000000000000147e-02 1.178499494548607807e+01
2.999999999999999889e-02 1.205901609798242191e+01
3.099999999999999978e-02 1.232860095570394243e+01
3.200000000000000067e-02 1.259388212578266142e+01
3.300000000000000155e-02 1.285498411426851817e+01
3.400000000000000244e-02 1.311202405894290379e+01
3.500000000000000333e-02 1.336511237575484579e+01
3.600000000000000422e-02 1.361435333128147285e+01
3.699999999999999817e-02 1.385984555153400244e+01
3.799999999999999906e-02 1.410168247574621958e+01
3.899999999999999994e-02 1.433995276241117445e+01
4.000000000000000083e-02 1.457474065370753280e+01
4.100000000000000172e-02 1.480612630353165216e+01
4.200000000000000261e-02 1.503418607358410597e+01
4.300000000000000350e-02 1.525899280132135338e+01
4.399999999999999745e-02 1.548061604304939820e+01
4.499999999999999833e-02 1.569912229498761214e+01
4.599999999999999922e-02 1.591457519475263815e+01
4.700000000000000011e-02 1.612703570539188647e+01
4.800000000000000100e-02 1.633656228382323050e+01
4.900000000000000189e-02 1.654321103530521953e+01
5.000000000000000278e-02 1.674703585536235906e+01
5.100000000000000366e-02 1.694808856041920819e+01
5.200000000000000455e-02 1.714641900824891962e+01
5.299999999999999850e-02 1.734207520921434309e+01
5.399999999999999939e-02 1.753510342916872489e+01
5.500000000000000028e-02 1.772554828478690325e+01
5.600000000000000117e-02 1.791345283201345495e+01
5.700000000000000205e-02 1.809885864824092039e+01
5.800000000000000294e-02 1.828180590876641887e+01
5.900000000000000383e-02 1.846233345801860182e+01
5.999999999999999778e-02 1.864047887599641129e+01
6.099999999999999867e-02 1.881627854031754055e+01
6.199999999999999956e-02 1.898976768423477779e+01
6.300000000000000044e-02 1.916098045094439684e+01
6.400000000000000133e-02 1.932994994447932058e+01
6.500000000000000222e-02 1.949670827745296364e+01
6.600000000000000311e-02 1.966128661589461757e+01
6.700000000000000400e-02 1.982371522139581899e+01
6.800000000000000488e-02 1.998402349076714302e+01
6.900000000000000577e-02 2.014223999338770099e+01
7.000000000000000666e-02 2.029839250641349224e+01
7.100000000000000755e-02 2.045250804799658084e+01
7.200000000000000844e-02 2.060461290865459105e+01
7.299999999999999545e-02 2.075473268091789336e+01
7.399999999999999634e-02 2.090289228737188054e+01
7.499999999999999722e-02 2.104911600720202713e+01
7.599999999999999811e-02 2.119342750134078557e+01
7.699999999999999900e-02 2.133584983630783682e+01
7.799999999999999989e-02 2.147640550682767113e+01
7.900000000000000078e-02 2.161511645730263709e+01
8.000000000000000167e-02 2.175200410221309610e+01
8.100000000000000255e-02 2.188708934551127783e+01
8.200000000000000344e-02 2.202039259907063951e+01
8.300000000000000433e-02 2.215193380024755143e+01
8.400000000000000522e-02 2.228173242860865955e+01
8.500000000000000611e-02 2.240980752187299885e+01
8.600000000000000699e-02 2.253617769111466274e+01
8.700000000000000788e-02 2.266086113526872126e+01
8.799999999999999489e-02 2.278387565498002942e+01
8.899999999999999578e-02 2.290523866583197332e+01
8.999999999999999667e-02 2.302496721098956911e+01
9.099999999999999756e-02 2.314307797328929084e+01
9.199999999999999845e-02 2.325958728680565457e+01
9.299999999999999933e-02 2.337451114792277806e+01
9.400000000000000022e-02 2.348786522593712078e+01
9.500000000000000111e-02 2.359966487321639050e+01
9.600000000000000200e-02 2.370992513493750309e+01
9.700000000000000289e-02 2.381866075842527053e+01
9.800000000000000377e-02 2.392588620211246919e+01
9.900000000000000466e-02 2.403161564414005724e+01
1.000000000000000056e-01 2.413586299061586615e+01
1.010000000000000064e-01 2.423864188354827220e+01
1.020000000000000073e-01 2.433996570847123664e+01
1.030000000000000082e-01 2.443984760177519533e+01
1.040000000000000091e-01 2.453830045775831437e+01
1.049999999999999961e-01 2.463533693541118197e+01
1.059999999999999970e-01 2.473096946494754533e+01
1.069999999999999979e-01 2.482521025409294069e+01
1.079999999999999988e-01 2.491807129414251776e+01
1.089999999999999997e-01 2.500956436579821940e+01
1.100000000000000006e-01 2.509970104479604203e+01
1.110000000000000014e-01 2.518849270733194601e+01
1.120000000000000023e-01 2.527595053529602254e+01
1.130000000000000032e-01 2.536208552132321259e+01
1.140000000000000041e-01 2.544690847366832287e+01
1.150000000000000050e-01 2.553043002091345315e+01
1.160000000000000059e-01 2.561266061651441106e+01
1.170000000000000068e-01 2.569361054319365678e+01
1.180000000000000077e-01 2.577328991718562889e+01
1.190000000000000085e-01 2.585170869234108437e+01
1.199999999999999956e-01 2.592887666409599490e+01
1.209999999999999964e-01 2.600480347331079400e+01
1.219999999999999973e-01 2.607949860998504477e+01
1.229999999999999982e-01 2.615297141685292814e+01
1.239999999999999991e-01 2.622523109286370513e+01
1.250000000000000000e-01 2.629628669655253503e+01
1.260000000000000009e-01 2.636614714930527725e+01
1.270000000000000018e-01 2.643482123852179910e+01
1.280000000000000027e-01 2.650231762068170838e+01
1.290000000000000036e-01 2.656864482431609531e+01
1.300000000000000044e-01 2.663381125288908891e+01
1.310000000000000053e-01 2.669782518759241441e+01
1.320000000000000062e-01 2.676069479005656149e+01
1.330000000000000071e-01 2.682242810498123475e+01
1.340000000000000080e-01 2.688303306268855408e+01
1.350000000000000089e-01 2.694251748160149162e+01
1.360000000000000098e-01 2.700088907065030952e+01
1.370000000000000107e-01 2.705815543161000392e+01
1.380000000000000115e-01 2.711432406137046058e+01
1.390000000000000124e-01 2.716940235414275406e+01
1.400000000000000133e-01 2.722339760360272720e+01
1.410000000000000142e-01 2.727631700497509470e+01
1.420000000000000151e-01 2.732816765705938167e+01
1.430000000000000160e-01 2.737895656420015911e+01
1.440000000000000169e-01 2.742869063820329600e+01
1.449999999999999900e-01 2.747737670020011080e+01
1.459999999999999909e-01 2.752502148246133729e+01
1.469999999999999918e-01 2.757163163016214114e+01
1.479999999999999927e-01 2.761721370310069901e+01
1.489999999999999936e-01 2.766177417737079836e+01
1.499999999999999944e-01 2.770531944699076021e+01
1.509999999999999953e-01 2.774785582549002783e+01
1.519999999999999962e-01 2.778938954745433776e+01
1.529999999999999971e-01 2.782992677003138837e+01
1.539999999999999980e-01 2.786947357439782635e+01
1.549999999999999989e-01 2.790803596718915003e+01
1.559999999999999998e-01 2.794561988189347090e+01
1.570000000000000007e-01 2.798223118021022415e+01
1.580000000000000016e-01 2.801787565337528463e+01
1.590000000000000024e-01 2.805255902345303909e+01
1.600000000000000033e-01 2.808628694459691388e+01
1.610000000000000042e-01 2.811906500427891231e+01
1.620000000000000051e-01 2.815089872448942643e+01
1.630000000000000060e-01 2.818179356290804449e+01
1.640000000000000069e-01 2.821175491404631686e+01
1.650000000000000078e-01 2.824078811036335779e+01
1.660000000000000087e-01 2.826889842335474157e+01
1.670000000000000095e-01 2.829609106461624890e+01
1.680000000000000104e-01 2.832237118688219013e+01
1.690000000000000113e-01 2.834774388504000697e+01
1.700000000000000122e-01 2.837221419712118831e+01
1.710000000000000131e-01 2.839578710526951966e+01
1.720000000000000140e-01 2.841846753668715664e+01
1.730000000000000149e-01 2.844026036455920092e+01
1.740000000000000158e-01 2.846117040895749994e+01
1.750000000000000167e-01 2.848120243772406113e+01
1.759999999999999898e-01 2.850036116733479119e+01
1.769999999999999907e-01 2.851865126374408277e+01
1.779999999999999916e-01 2.853607734321075640e+01
1.789999999999999925e-01 2.855264397310589430e+01
1.799999999999999933e-01 2.856835567270292131e+01
1.809999999999999942e-01 2.858321691395095598e+01
1.819999999999999951e-01 2.859723212223083522e+01
1.829999999999999960e-01 2.861040567709562055e+01
1.839999999999999969e-01 2.862274191299468029e+01
1.849999999999999978e-01 2.863424511998307054e+01
1.859999999999999987e-01 2.864491954441515276e+01
1.869999999999999996e-01 2.865476938962441622e+01
1.880000000000000004e-01 2.866379881658868101e+01
1.890000000000000013e-01 2.867201194458164082e+01
1.900000000000000022e-01 2.867941285181080247e+01
1.910000000000000031e-01 2.868600557604258938e+01
1.920000000000000040e-01 2.869179411521439249e+01
1.930000000000000049e-01 2.869678242803446011e+01
1.940000000000000058e-01 2.870097443456934627e+01
1.950000000000000067e-01 2.870437401681993350e+01
1.960000000000000075e-01 2.870698501928543322e+01
1.970000000000000084e-01 2.870881124951675289e+01
1.980000000000000093e-01 2.870985647865839496e+01
1.990000000000000102e-01 2.871012444197986468e+01
2.000000000000000111e-01 2.870961883939692427e+01
2.010000000000000120e-01 2.870834333598215693e+01
2.020000000000000129e-01 2.870630156246618014e+01
2.030000000000000138e-01 2.870349711572858808e+01
2.040000000000000147e-01 2.869993355928019696e+01
2.050000000000000155e-01 2.869561442373531790e+01
2.060000000000000164e-01 2.869054320727552465e+01
2.070000000000000173e-01 2.868472337610461409e+01
2.080000000000000182e-01 2.867815836489473114e+01
2.089999999999999913e-01 2.867085157722444677e+01
2.099999999999999922e-01 2.866280638600850494e+01
2.109999999999999931e-01 2.865402613391935915e+01
2.119999999999999940e-01 2.864451413380166400e+01
2.129999999999999949e-01 2.863427366907809812e+01
2.139999999999999958e-01 2.862330799414881710e+01
2.149999999999999967e-01 2.861162033478267830e+01
2.159999999999999976e-01 2.859921388850227686e+01
2.169999999999999984e-01 2.858609182496117995e+01
2.179999999999999993e-01 2.857225728631499351e+01
2.190000000000000002e-01 2.855771338758568589e+01
2.200000000000000011e-01 2.854246321701912592e+01
2.210000000000000020e-01 2.852650983643659544e+01
2.220000000000000029e-01 2.850985628158009888e+01
2.230000000000000038e-01 2.849250556245137034e+01
2.240000000000000047e-01 2.847446066364523531e+01
2.250000000000000056e-01 2.845572454467693291e+01
2.260000000000000064e-01 2.843630014030408404e+01
2.270000000000000073e-01 2.841619036084266625e+01
2.280000000000000082e-01 2.839539809247796498e+01
2.290000000000000091e-01 2.837392619757019929e+01
2.300000000000000100e-01 2.835177751495442777e+01
2.310000000000000109e-01 2.832895486023613429e+01
2.320000000000000118e-01 2.830546102608127512e+01
2.330000000000000127e-01 2.828129878250172169e+01
2.340000000000000135e-01 2.825647087713582550e+01
2.350000000000000144e-01 2.823098003552427215e+01
2.360000000000000153e-01 2.820482896138151574e+01
2.370000000000000162e-01 2.817802033686260899e+01
2.380000000000000171e-01 2.815055682282578431e+01
2.390000000000000180e-01 2.812244105909049452e+01
2.399999999999999911e-01 2.809367566469153132e+01
2.409999999999999920e-01 2.806426323812879176e+01
2.419999999999999929e-01 2.803420635761318991e+01
2.429999999999999938e-01 2.800350758130846884e+01
2.439999999999999947e-01 2.797216944756934964e+01
2.449999999999999956e-01 2.794019447517551669e+01
2.459999999999999964e-01 2.790758516356218522e+01
2.469999999999999973e-01 2.787434399304707000e+01
2.479999999999999982e-01 2.784047342505344602e+01
2.489999999999999991e-01 2.780597590233005079e+01
2.500000000000000000e-01 2.777085384916735578e+01
2.510000000000000009e-01 2.773510967161053387e+01
2.520000000000000018e-01 2.769874575766899483e+01
2.530000000000000027e-01 2.766176447752307865e+01
2.540000000000000036e-01 2.762416818372696525e+01
2.550000000000000044e-01 2.758595921140912921e+01
2.560000000000000053e-01 2.754713987846905354e+01
2.570000000000000062e-01 2.750771248577165906e+01
2.580000000000000071e-01 2.746767931733819523e+01
2.590000000000000080e-01 2.742704264053462992e+01
2.600000000000000089e-01 2.738580470625704066e+01
2.610000000000000098e-01 2.734396774911417793e+01
2.620000000000000107e-01 2.730153398760752026e+01
2.630000000000000115e-01 2.725850562430859014e+01
2.640000000000000124e-01 2.721488484603337454e+01
2.650000000000000133e-01 2.717067382401451425e+01
2.660000000000000142e-01 2.712587471407084649e+01
2.670000000000000151e-01 2.708048965677447839e+01
2.680000000000000160e-01 2.703452077761538774e+01
2.690000000000000169e-01 2.698797018716352980e+01
2.700000000000000178e-01 2.694083998122906110e+01
2.710000000000000187e-01 2.689313224101952571e+01
2.720000000000000195e-01 2.684484903329541083e+01
2.730000000000000204e-01 2.679599241052329361e+01
2.740000000000000213e-01 2.674656441102658988e+01
2.750000000000000222e-01 2.669656705913447325e+01
2.760000000000000231e-01 2.664600236532836419e+01
2.770000000000000240e-01 2.659487232638684517e+01
2.780000000000000249e-01 2.654317892552796820e+01
2.790000000000000258e-01 2.649092413254997069e+01
2.800000000000000266e-01 2.643810990396985616e+01
2.810000000000000275e-01 2.638473818315998898e+01
2.820000000000000284e-01 2.633081090048328576e+01
2.830000000000000293e-01 2.627632997342559307e+01
2.840000000000000302e-01 2.622129730672735093e+01
2.850000000000000311e-01 2.616571479251248178e+01
2.860000000000000320e-01 2.610958431041633787e+01
2.870000000000000329e-01 2.605290772771119379e+01
2.880000000000000338e-01 2.599568689943071575e+01
2.889999999999999791e-01 2.593792366849193343e+01
2.899999999999999800e-01 2.587961986581659701e+01
2.909999999999999809e-01 2.582077731044993030e+01
2.919999999999999818e-01 2.576139780967843862e+01
2.929999999999999827e-01 2.570148315914587656e+01
2.939999999999999836e-01 2.564103514296771991e+01
2.949999999999999845e-01 2.558005553384416331e+01
2.959999999999999853e-01 2.551854609317153688e+01
2.969999999999999862e-01 2.545650857115248300e+01
2.979999999999999871e-01 2.539394470690430694e+01
2.989999999999999880e-01 2.533085622856633279e+01
2.999999999999999889e-01 2.526724485340563575e+01
3.009999999999999898e-01 2.520311228792139246e+01
3.019999999999999907e-01 2.513846022794788837e+01
3.029999999999999916e-01 2.507329035875638468e+01
3.039999999999999925e-01 2.500760435515539726e+01
3.049999999999999933e-01 2.494140388158997368e+01
3.059999999999999942e-01 2.487469059223951007e+01
3.069999999999999951e-01 2.480746613111429610e+01
3.079999999999999960e-01 2.473973213215091604e+01
3.089999999999999969e-01 2.467149021930672603e+01
3.099999999999999978e-01 2.460274200665256217e+01
3.109999999999999987e-01 2.453348909846473447e+01
3.119999999999999996e-01 2.446373308931567792e+01
3.130000000000000004e-01 2.439347556416360163e+01
3.140000000000000013e-01 2.432271809844090171e+01
3.150000000000000022e-01 2.425146225814157219e+01
3.160000000000000031e-01 2.417970959990734414e+01
3.170000000000000040e-01 2.410746167111319238e+01
3.180000000000000049e-01 2.403472000995132518e+01
3.190000000000000058e-01 2.396148614551432487e+01
3.200000000000000067e-01 2.388776159787734699e+01
3.210000000000000075e-01 2.381354787817945962e+01
3.220000000000000084e-01 2.373884648870334857e+01
3.230000000000000093e-01 2.366365892295503670e+01
3.240000000000000102e-01 2.358798666574178782e+01
3.250000000000000111e-01 2.351183119324948123e+01
3.260000000000000120e-01 2.343519397311910879e+01
3.270000000000000129e-01 2.335807646452200714e+01
3.280000000000000138e-01 2.328048011823490171e+01
3.290000000000000147e-01 2.320240637671298956e+01
3.300000000000000155e-01 2.312385667416331714e+01
3.310000000000000164e-01 2.304483243661620406e+01
3.320000000000000173e-01 2.296533508199701856e+01
3.330000000000000182e-01 2.288536602019587818e+01
3.340000000000000191e-01 2.280492665313741085e+01
3.350000000000000200e-01 2.272401837484938625e+01
3.360000000000000209e-01 2.264264257153054771e+01
3.370000000000000218e-01 2.256080062161768041e+01
3.380000000000000226e-01 2.247849389585203639e+01
3.390000000000000235e-01 2.239572375734469034e+01
3.400000000000000244e-01 2.231249156164147252e+01
3.410000000000000253e-01 2.222879865678700995e+01
3.420000000000000262e-01 2.214464638338809266e+01
3.430000000000000271e-01 2.206003607467603800e+01
3.440000000000000280e-01 2.197496905656906563e+01
3.450000000000000289e-01 2.188944664773285353e+01
3.460000000000000298e-01 2.180347015964170154e+01
3.470000000000000306e-01 2.171704089663793269e+01
3.480000000000000315e-01 2.163016015599131237e+01
3.490000000000000324e-01 2.154282922795721689e+01
3.500000000000000333e-01 2.145504939583489090e+01
3.510000000000000342e-01 2.136682193602434765e+01
3.519999999999999796e-01 2.127814811808322659e+01
3.529999999999999805e-01 2.118902920478231522e+01
3.539999999999999813e-01 2.109946645216139416e+01
3.549999999999999822e-01 2.100946110958371804e+01
3.559999999999999831e-01 2.091901441979003806e+01
3.569999999999999840e-01 2.082812761895225151e+01
3.579999999999999849e-01 2.073680193672660010e+01
3.589999999999999858e-01 2.064503859630555738e+01
3.599999999999999867e-01 2.055283881447008909e+01
3.609999999999999876e-01 2.046020380164069863e+01
3.619999999999999885e-01 2.036713476192824857e+01
3.629999999999999893e-01 2.027363289318395090e+01
3.639999999999999902e-01 2.017969938704915833e+01
3.649999999999999911e-01 2.008533542900443791e+01
3.659999999999999920e-01 1.999054219841811531e+01
3.669999999999999929e-01 1.989532086859427906e+01
3.679999999999999938e-01 1.979967260682046160e+01
3.689999999999999947e-01 1.970359857441471618e+01
3.699999999999999956e-01 1.960709992677184488e+01
3.709999999999999964e-01 1.951017781340996748e+01
3.719999999999999973e-01 1.941283337801575115e+01
3.729999999999999982e-01 1.931506775848946234e+01
3.739999999999999991e-01 1.921688208699008271e+01
3.750000000000000000e-01 1.911827748997894361e+01
3.760000000000000009e-01 1.901925508826364819e+01
3.770000000000000018e-01 1.891981599704157802e+01
3.780000000000000027e-01 1.881996132594229820e+01
3.790000000000000036e-01 1.871969217907038541e+01
3.800000000000000044e-01 1.861900965504683825e+01
3.810000000000000053e-01 1.851791484705111657e+01
3.820000000000000062e-01 1.841640884286210067e+01
3.830000000000000071e-01 1.831449272489840396e+01
3.840000000000000080e-01 1.821216757025931443e+01
3.850000000000000089e-01 1.810943445076400238e+01
3.860000000000000098e-01 1.800629443299132859e+01
3.870000000000000107e-01 1.790274857831893485e+01
3.880000000000000115e-01 1.779879794296175888e+01
3.890000000000000124e-01 1.769444357801035039e+01
3.900000000000000133e-01 1.758968652946893130e+01
3.910000000000000142e-01 1.748452783829267076e+01
3.920000000000000151e-01 1.737896854042504202e+01
3.930000000000000160e-01 1.727300966683441175e+01
3.940000000000000169e-01 1.716665224355093855e+01
3.950000000000000178e-01 1.705989729170179459e+01
3.960000000000000187e-01 1.695274582754768389e+01
3.970000000000000195e-01 1.684519886251795739e+01
3.980000000000000204e-01 1.673725740324523414e+01
3.990000000000000213e-01 1.662892245160070104e+01
4.000000000000000222e-01 1.652019500472793823e+01
4.010000000000000231e-01 1.641107605507718503e+01
4.020000000000000240e-01 1.630156659043918310e+01
4.030000000000000249e-01 1.619166759397799282e+01
4.040000000000000258e-01 1.608138004426434264e+01
4.050000000000000266e-01 1.597070491530850589e+01
4.060000000000000275e-01 1.585964317659247413e+01
4.070000000000000284e-01 1.574819579310200979e+01
4.080000000000000293e-01 1.563636372535852104e+01
4.090000000000000302e-01 1.552414792945053890e+01
4.100000000000000311e-01 1.541154935706503437e+01
4.110000000000000320e-01 1.529856895551792562e+01
4.120000000000000329e-01 1.518520766778499365e+01
4.130000000000000338e-01 1.507146643253214435e+01
4.140000000000000346e-01 1.495734618414525841e+01
4.150000000000000355e-01 1.484284785276024721e+01
4.160000000000000364e-01 1.472797236429226686e+01
4.169999999999999818e-01 1.461272064046483266e+01
4.179999999999999827e-01 1.449709359883900106e+01
4.189999999999999836e-01 1.438109215284188735e+01
4.199999999999999845e-01 1.426471721179488839e+01
4.209999999999999853e-01 1.414796968094221441e+01
4.219999999999999862e-01 1.403085046147818815e+01
4.229999999999999871e-01 1.391336045057547466e+01
4.239999999999999880e-01 1.379550054141195403e+01
4.249999999999999889e-01 1.367727162319794587e+01
4.259999999999999898e-01 1.355867458120322766e+01
4.269999999999999907e-01 1.343971029678343143e+01
4.279999999999999916e-01 1.332037964740653990e+01
4.289999999999999925e-01 1.320068350667890655e+01
4.299999999999999933e-01 1.308062274437130412e+01
4.309999999999999942e-01 1.296019822644445441e+01
4.319999999999999951e-01 1.283941081507460780e+01
4.329999999999999960e-01 1.271826136867843360e+01
4.339999999999999969e-01 1.259675074193850719e+01
4.349999999999999978e-01 1.247487978582730506e+01
4.359999999999999987e-01 1.235264934763254274e+01
4.369999999999999996e-01 1.223006027098128357e+01
4.380000000000000004e-01 1.210711339586319468e+01
4.390000000000000013e-01 1.198380955865589215e+01
4.400000000000000022e-01 1.186014959214726616e+01
4.410000000000000031e-01 1.173613432555990244e+01
4.420000000000000040e-01 1.161176458457365612e+01
4.430000000000000049e-01 1.148704119134921342e+01
4.440000000000000058e-01 1.136196496455078631e+01
4.450000000000000067e-01 1.123653671936828857e+01
4.460000000000000075e-01 1.111075726754069137e+01
4.470000000000000084e-01 1.098462741737770187e+01
4.480000000000000093e-01 1.085814797378161956e+01
4.490000000000000102e-01 1.073131973826993146e+01
4.500000000000000111e-01 1.060414350899625902e+01
4.510000000000000120e-01 1.047662008077235640e+01
4.520000000000000129e-01 1.034875024508933450e+01
4.530000000000000138e-01 1.022053479013847266e+01
4.540000000000000147e-01 1.009197450083267000e+01
4.550000000000000155e-01 9.963070158826695888e+00
4.560000000000000164e-01 9.833822542538285916e+00
4.570000000000000173e-01 9.704232427168129504e+00
4.580000000000000182e-01 9.574300584720475626e+00
4.590000000000000191e-01 9.444027784022829053e+00
4.600000000000000200e-01 9.313414790746378458e+00
4.610000000000000209e-01 9.182462367425110017e+00
4.620000000000000218e-01 9.051171273475894452e+00
4.630000000000000226e-01 8.919542265217472732e+00
4.640000000000000235e-01 8.787576095890102579e+00
4.650000000000000244e-01 8.655273515674679174e+00
4.660000000000000253e-01 8.522635271710768734e+00
4.670000000000000262e-01 8.389662108116738182e+00
4.680000000000000271e-01 8.256354766007227397e+00
4.690000000000000280e-01 8.122713983512255709e+00
4.700000000000000289e-01 7.988740495795305208e+00
4.710000000000000298e-01 7.854435035071389848e+00
4.720000000000000306e-01 7.719798330625401661e+00
4.730000000000000315e-01 7.584831108829433788e+00
4.740000000000000324e-01 7.449534093160856685e+00
4.750000000000000333e-01 7.313908004220031955e+00
4.760000000000000342e-01 7.177953559747258794e+00
4.770000000000000351e-01 7.041671474640416761e+00
4.780000000000000360e-01 6.905062460971961968e+00
4.790000000000000369e-01 6.768127228006008522e+00
4.799999999999999822e-01 6.630866482215068913e+00
4.809999999999999831e-01 6.493280927297064409e+00
4.819999999999999840e-01 6.355371264191248315e+00
4.829999999999999849e-01 6.217138191095628486e+00
4.839999999999999858e-01 6.078582403482620578e+00
4.849999999999999867e-01 5.939704594115163161e+00
4.859999999999999876e-01 5.800505453063401262e+00
4.869999999999999885e-01 5.660985667720154879e+00
4.879999999999999893e-01 5.521145922816494078e+00
4.889999999999999902e-01 5.380986900438358589e+00
4.899999999999999911e-01 5.240509280041031559e+00
4.909999999999999920e-01 5.099713738465155188e+00
4.919999999999999929e-01 4.958600949952277404e+00
4.929999999999999938e-01 4.817171586159183505e+00
4.939999999999999947e-01 4.675426316174153385e+00
4.949999999999999956e-01 4.533365806530539999e+00
4.959999999999999964e-01 4.390990721223005266e+00
4.969999999999999973e-01 4.248301721721453816e+00
4.979999999999999982e-01 4.105299466985300683e+00
4.989999999999999991e-01 3.961984613479096140e+00
5.000000000000000000e-01 3.818357815185919435e+00
5.010000000000000009e-01 3.674419723621866751e+00
5.020000000000000018e-01 3.530170987850631548e+00
5.030000000000000027e-01 3.385612254497175400e+00
5.040000000000000036e-01 3.240744167761562267e+00
5.050000000000000044e-01 3.095567369433133820e+00
5.060000000000000053e-01 2.950082498904230022e+00
5.070000000000000062e-01 2.804290193183540225e+00
5.080000000000000071e-01 2.658191086909553746e+00
5.090000000000000080e-01 2.511785812364550452e+00
5.100000000000000089e-01 2.365074999487269736e+00
5.110000000000000098e-01 2.218059275886538728e+00
5.120000000000000107e-01 2.070739266854324967e+00
5.130000000000000115e-01 1.923115595378476428e+00
5.140000000000000124e-01 1.775188882156029990e+00
5.150000000000000133e-01 1.626959745605567775e+00
5.160000000000000142e-01 1.478428801880639298e+00
5.170000000000000151e-01 1.329596664881606216e+00
5.180000000000000160e-01 1.180463946268645259e+00
5.190000000000000169e-01 1.031031255474026409e+00
5.200000000000000178e-01 8.812991997146042422e-01
5.210000000000000187e-01 7.312683840037976779e-01
5.220000000000000195e-01 5.809394111641736913e-01
5.230000000000000204e-01 4.303128818390931087e-01
5.240000000000000213e-01 2.793893945047400962e-01
5.250000000000000222e-01 1.281695454824571812e-01
5.260000000000000231e-01 -2.334607104997132865e-02
5.270000000000000240e-01 -1.751568630462472242e-01
5.280000000000000249e-01 -3.272622405803673473e-01
5.290000000000000258e-01 -4.796616158342885683e-01
5.300000000000000266e-01 -6.323544030873051724e-01
5.310000000000000275e-01 -7.853400187044670133e-01
5.320000000000000284e-01 -9.386178811245855513e-01
5.330000000000000293e-01 -1.092187410850158358e+00
5.340000000000000302e-01 -1.246048030435169096e+00
5.350000000000000311e-01 -1.400199164474784652e+00
5.360000000000000320e-01 -1.554640239594235140e+00
5.370000000000000329e-01 -1.709370684437274690e+00
5.380000000000000338e-01 -1.864389929656596223e+00
5.390000000000000346e-01 -2.019697407901816177e+00
5.400000000000000355e-01 -2.175292553809654805e+00
5.410000000000000364e-01 -2.331174803993150135e+00
5.420000000000000373e-01 -2.487343597030793774e+00
5.430000000000000382e-01 -2.643798373456881734e+00
5.440000000000000391e-01 -2.800538575750167070e+00
5.450000000000000400e-01 -2.957563648324409655e+00
5.460000000000000409e-01 -3.114873037517767784e+00
5.470000000000000417e-01 -3.272466191582672934e+00
5.480000000000000426e-01 -3.430342560675967434e+00
5.490000000000000435e-01 -3.588501596848672648e+00
5.500000000000000444e-01 -3.746942754036112433e+00
5.510000000000000453e-01 -3.905665488048256861e+00
5.520000000000000462e-01 -4.064669256559710675e+00
5.530000000000000471e-01 -4.223953519099971743e+00
5.540000000000000480e-01 -4.383517737044250850e+00
5.550000000000000488e-01 -4.543361373603040931e+00
5.560000000000000497e-01 -4.703483893813569239e+00
5.570000000000000506e-01 -4.863884764529530003e+00
5.580000000000000515e-01 -5.024563454412145802e+00
5.590000000000000524e-01 -5.185519433920923404e+00
5.600000000000000533e-01 -5.346752175304004595e+00
5.610000000000000542e-01 -5.508261152589454923e+00
5.620000000000000551e-01 -5.670045841575614531e+00
5.630000000000000560e-01 -5.832105719822337164e+00
5.640000000000000568e-01 -5.994440266642442339e+00
5.650000000000000577e-01 -6.157048963091547478e+00
5.660000000000000586e-01 -6.319931291960806163e+00
5.670000000000000595e-01 -6.483086737766441843e+00
5.680000000000000604e-01 -6.646514786742308445e+00
5.690000000000000613e-01 -6.810214926830475690e+00
5.700000000000000622e-01 -6.974186647672851791e+00
5.710000000000000631e-01 -7.138429440602585885e+00
5.720000000000000639e-01 -7.302942798635470467e+00
5.730000000000000648e-01 -7.467726216461414879e+00
5.740000000000000657e-01 -7.632779190436387751e+00
5.750000000000000666e-01 -7.798101218573712856e+00
5.760000000000000675e-01 -7.963691800535919185e+00
5.769999999999999574e-01 -8.129550437626456016e+00
5.779999999999999583e-01 -8.295676632781571413e+00
5.789999999999999591e-01 -8.462069890562041508e+00
5.799999999999999600e-01 -8.628729717145525058e+00
5.809999999999999609e-01 -8.795655620317916146e+00
5.819999999999999618e-01 -8.962847109465954532e+00
5.829999999999999627e-01 -9.130303695568841249e+00
5.839999999999999636e-01 -9.298024891190813435e+00
5.849999999999999645e-01 -9.466010210472965980e+00
5.859999999999999654e-01 -9.634259169125769517e+00
5.869999999999999662e-01 -9.802771284421275766e+00
5.879999999999999671e-01 -9.971546075185379721e+00
5.889999999999999680e-01 -1.014058306179039448e+01
5.899999999999999689e-01 -1.030988176614729923e+01
5.909999999999999698e-01 -1.047944171169834959e+01
5.919999999999999707e-01 -1.064926242340957430e+01
5.929999999999999716e-01 -1.081934342776369817e+01
5.939999999999999725e-01 -1.098968425275214855e+01
5.949999999999999734e-01 -1.116028442786814168e+01
5.959999999999999742e-01 -1.133114348409957728e+01
5.969999999999999751e-01 -1.150226095392171288e+01
5.979999999999999760e-01 -1.167363637128936205e+01
5.989999999999999769e-01 -1.184526927163088317e+01
5.999999999999999778e-01 -1.201715919184039194e+01
6.009999999999999787e-01 -1.218930567027069145e+01
6.019999999999999796e-01 -1.236170824672695545e+01
6.029999999999999805e-01 -1.253436646245889108e+01
6.039999999999999813e-01 -1.270727986015428002e+01
6.049999999999999822e-01 -1.288044798393271861e+01
6.059999999999999831e-01 -1.305387037933726191e+01
6.069999999999999840e-01 -1.322754659332957061e+01
6.079999999999999849e-01 -1.340147617428175408e+01
6.089999999999999858e-01 -1.357565867197008203e+01
6.099999999999999867e-01 -1.375009363756903014e+01
6.109999999999999876e-01 -1.392478062364365599e+01
6.119999999999999885e-01 -1.409971918414342440e+01
6.129999999999999893e-01 -1.427490887439611811e+01
6.139999999999999902e-01 -1.445034925110092416e+01
6.149999999999999911e-01 -1.462603987232230196e+01
6.159999999999999920e-01 -1.480198029748314070e+01
6.169999999999999929e-01 -1.497817008735867006e+01
6.179999999999999938e-01 -1.515460880407064792e+01
6.189999999999999947e-01 -1.533129601107996365e+01
6.199999999999999956e-01 -1.550823127318179928e+01
6.209999999999999964e-01 -1.568541415649830384e+01
6.219999999999999973e-01 -1.586284422847274556e+01
6.229999999999999982e-01 -1.604052105786396965e+01
6.239999999999999991e-01 -1.621844421473942077e+01
6.250000000000000000e-01 -1.639661327046997741e+01
6.260000000000000009e-01 -1.657502779772323720e+01
6.270000000000000018e-01 -1.675368737045797474e+01
6.280000000000000027e-01 -1.693259156391825826e+01
6.290000000000000036e-01 -1.711173995462709740e+01
6.300000000000000044e-01 -1.729113212038119229e+01
6.310000000000000053e-01 -1.747076764024472340e+01
6.320000000000000062e-01 -1.765064609454346822e+01
6.330000000000000071e-01 -1.783076706485988439e+01
6.340000000000000080e-01 -1.801113013402623864e+01
6.350000000000000089e-01 -1.819173488611971834e+01
6.360000000000000098e-01 -1.837258090645629949e+01
6.370000000000000107e-01 -1.855366778158583685e+01
6.380000000000000115e-01 -1.873499509928566908e+01
6.390000000000000124e-01 -1.891656244855577285e+01
6.400000000000000133e-01 -1.909836941961287238e+01
6.410000000000000142e-01 -1.928041560388479780e+01
6.420000000000000151e-01 -1.946270059400578845e+01
6.430000000000000160e-01 -1.964522398381041057e+01
6.440000000000000169e-01 -1.982798536832808622e+01
6.450000000000000178e-01 -2.001098434377844626e+01
6.460000000000000187e-01 -2.019422050756563181e+01
6.470000000000000195e-01 -2.037769345827263123e+01
6.480000000000000204e-01 -2.056140279565696005e+01
6.490000000000000213e-01 -2.074534812064446498e+01
6.500000000000000222e-01 -2.092952903532471964e+01
6.510000000000000231e-01 -2.111394514294617863e+01
6.520000000000000240e-01 -2.129859604790999583e+01
6.530000000000000249e-01 -2.148348135576596007e+01
6.540000000000000258e-01 -2.166860067320681082e+01
6.550000000000000266e-01 -2.185395360806354859e+01
6.560000000000000275e-01 -2.203953976930047531e+01
6.570000000000000284e-01 -2.222535876700978008e+01
6.580000000000000293e-01 -2.241141021240730424e+01
6.590000000000000302e-01 -2.259769371782687131e+01
6.600000000000000311e-01 -2.278420889671589578e+01
6.610000000000000320e-01 -2.297095536363050883e+01
6.620000000000000329e-01 -2.315793273423014398e+01
6.630000000000000338e-01 -2.334514062527409806e+01
6.640000000000000346e-01 -2.353257865461503684e+01
6.650000000000000355e-01 -2.372024644119542813e+01
6.660000000000000364e-01 -2.390814360504251113e+01
6.670000000000000373e-01 -2.409626976726363523e+01
6.680000000000000382e-01 -2.428462455004155629e+01
6.690000000000000391e-01 -2.447320757662966173e+01
6.700000000000000400e-01 -2.466201847134767888e+01
6.710000000000000409e-01 -2.485105685957667276e+01
6.720000000000000417e-01 -2.504032236775528020e+01
6.730000000000000426e-01 -2.522981462337402547e+01
6.740000000000000435e-01 -2.541953325497212290e+01
6.750000000000000444e-01 -2.560947789213159353e+01
6.760000000000000453e-01 -2.579964816547429507e+01
6.770000000000000462e-01 -2.599004370665613806e+01
6.780000000000000471e-01 -2.618066414836378897e+01
6.790000000000000480e-01 -2.637150912430945482e+01
6.800000000000000488e-01 -2.656257826922717413e+01
6.810000000000000497e-01 -2.675387121886821262e+01
6.820000000000000506e-01 -2.694538760999657256e+01
6.830000000000000515e-01 -2.713712708038514165e+01
6.840000000000000524e-01 -2.732908926881115974e+01
6.850000000000000533e-01 -2.752127381505171400e+01
6.860000000000000542e-01 -2.771368035988072620e+01
6.870000000000000551e-01 -2.790630854506308367e+01
6.880000000000000560e-01 -2.809915801335162655e+01
6.890000000000000568e-01 -2.829222840848322562e+01
6.900000000000000577e-01 -2.848551937517312638e+01
6.910000000000000586e-01 -2.867903055911294530e+01
6.920000000000000595e-01 -2.887276160696508498e+01
6.930000000000000604e-01 -2.906671216635902510e+01
6.940000000000000613e-01 -2.926088188588798289e+01
6.950000000000000622e-01 -2.945527041510405297e+01
6.960000000000000631e-01 -2.964987740451455522e+01
6.970000000000000639e-01 -2.984470250557831150e+01
6.980000000000000648e-01 -3.003974537070155293e+01
6.990000000000000657e-01 -3.023500565323369926e+01
7.000000000000000666e-01 -3.043048300746413304e+01
7.010000000000000675e-01 -3.062617708861779420e+01
7.020000000000000684e-01 -3.082208755285128632e+01
7.030000000000000693e-01 -3.101821405724972180e+01
7.039999999999999591e-01 -3.121455625982225968e+01
7.049999999999999600e-01 -3.141111381949860970e+01
7.059999999999999609e-01 -3.160788639612489703e+01
7.069999999999999618e-01 -3.180487365046103321e+01
7.079999999999999627e-01 -3.200207524417548655e+01
7.089999999999999636e-01 -3.219949083984235472e+01
7.099999999999999645e-01 -3.239712010093818151e+01
7.109999999999999654e-01 -3.259496269183729567e+01
7.119999999999999662e-01 -3.279301827780888345e+01
7.129999999999999671e-01 -3.299128652501291015e+01
7.139999999999999680e-01 -3.318976710049710732e+01
7.149999999999999689e-01 -3.338845967219270960e+01
7.159999999999999698e-01 -3.358736390891137091e+01
7.169999999999999707e-01 -3.378647948034141280e+01
7.179999999999999716e-01 -3.398580605704482593e+01
7.189999999999999725e-01 -3.418534331045246688e+01
7.199999999999999734e-01 -3.438509091286221064e+01
7.209999999999999742e-01 -3.458504853743427532e+01
7.219999999999999751e-01 -3.478521585818837991e+01
7.229999999999999760e-01 -3.498559255000046164e+01
7.239999999999999769e-01 -3.518617828859825636e+01
7.249999999999999778e-01 -3.538697275055906744e+01
7.259999999999999787e-01 -3.558797561330601411e+01
7.269999999999999796e-01 -3.578918655510442193e+01
7.279999999999999805e-01 -3.599060525505869634e+01
7.289999999999999813e-01 -3.619223139310898318e+01
7.299999999999999822e-01 -3.639406465002818436e+01
7.309999999999999831e-01 -3.659610470741770882e+01
7.319999999999999840e-01 -3.679835124770558252e+01
7.329999999999999849e-01 -3.700080395414201462e+01
7.339999999999999858e-01 -3.720346251079666899e+01
7.349999999999999867e-01 -3.740632660255576525e+01
7.359999999999999876e-01 -3.760939591511812807e+01
7.369999999999999885e-01 -3.781267013499261509e+01
7.379999999999999893e-01 -3.801614894949459256e+01
7.389999999999999902e-01 -3.821983204674323531e+01
7.399999999999999911e-01 -3.842371911565786036e+01
7.409999999999999920e-01 -3.862780984595545419e+01
7.419999999999999929e-01 -3.883210392814662271e+01
7.429999999999999938e-01 -3.903660105353338849e+01
7.439999999999999947e-01 -3.924130091420569499e+01
7.449999999999999956e-01 -3.944620320303879168e+01
7.459999999999999964e-01 -3.965130761368966716e+01
7.469999999999999973e-01 -3.985661384059420698e+01
7.479999999999999982e-01 -4.006212157896415249e+01
7.489999999999999991e-01 -4.026783052478444347e+01
7.500000000000000000e-01 -4.047374037480997799e+01
7.510000000000000009e-01 -4.067985082656261397e+01
7.520000000000000018e-01 -4.088616157832814224e+01
7.530000000000000027e-01 -4.109267232915401280e+01
7.540000000000000036e-01 -4.129938277884512843e+01
7.550000000000000044e-01 -4.150629262796260832e+01
7.560000000000000053e-01 -4.171340157781968117e+01
7.570000000000000062e-01 -4.192070933047891401e+01
7.580000000000000071e-01 -4.212821558875043593e+01
7.590000000000000080e-01 -4.233592005618717735e+01
7.600000000000000089e-01 -4.254382243708442957e+01
7.610000000000000098e-01 -4.275192243647479984e+01
7.620000000000000107e-01 -4.296021976012670507e+01
7.630000000000000115e-01 -4.316871411454170016e+01
7.640000000000000124e-01 -4.337740520695071211e+01
7.650000000000000133e-01 -4.358629274531243425e+01
7.660000000000000142e-01 -4.379537643830978766e+01
7.670000000000000151e-01 -4.400465599534715011e+01
7.680000000000000160e-01 -4.421413112654832389e+01
7.690000000000000169e-01 -4.442380154275355153e+01
7.700000000000000178e-01 -4.463366695551658836e+01
7.710000000000000187e-01 -4.484372707710203088e+01
7.720000000000000195e-01 -4.505398162048331301e+01
7.730000000000000204e-01 -4.526443029933912499e+01
7.740000000000000213e-01 -4.547507282805143802e+01
7.750000000000000222e-01 -4.568590892170256268e+01
7.760000000000000231e-01 -4.589693829607296038e+01
7.770000000000000240e-01 -4.610816066763801757e+01
7.780000000000000249e-01 -4.631957575356614143e+01
7.790000000000000258e-01 -4.653118327171584667e+01
7.800000000000000266e-01 -4.674298294063281389e+01
7.810000000000000275e-01 -4.695497447954832637e+01
7.820000000000000284e-01 -4.716715760837595894e+01
7.830000000000000293e-01 -4.737953204770937532e+01
7.840000000000000302e-01 -4.759209751881961381e+01
7.850000000000000311e-01 -4.780485374365279938e+01
7.860000000000000320e-01 -4.801780044482768517e+01
7.870000000000000329e-01 -4.823093734563309454e+01
7.880000000000000338e-01 -4.844426417002554786e+01
7.890000000000000346e-01 -4.865778064262667613e+01
7.900000000000000355e-01 -4.887148648872077672e+01
7.910000000000000364e-01 -4.908538143425263911e+01
7.920000000000000373e-01 -4.929946520582508640e+01
7.930000000000000382e-01 -4.951373753069654526e+01
7.940000000000000391e-01 -4.972819813677833167e+01
7.950000000000000400e-01 -4.994284675263249085e+01
7.960000000000000409e-01 -5.015768310747027670e+01
7.970000000000000417e-01 -5.037270693114834330e+01
7.980000000000000426e-01 -5.058791795416740911e+01
7.990000000000000435e-01 -5.080331590766944316e+01
8.000000000000000444e-01 -5.101890052343570403e+01
8.010000000000000453e-01 -5.123467153388428130e+01
8.020000000000000462e-01 -5.145062867206827661e+01
8.030000000000000471e-01 -5.166677167167198093e+01
8.040000000000000480e-01 -5.188310026701083189e+01
8.050000000000000488e-01 -5.209961419302727847e+01
8.060000000000000497e-01 -5.231631318528962993e+01
8.070000000000000506e-01 -5.253319697998936988e+01
8.080000000000000515e-01 -5.275026531393903895e+01
8.090000000000000524e-01 -5.296751792456996100e+01
8.100000000000000533e-01 -5.318495454993023941e+01
8.110000000000000542e-01 -5.340257492868239808e+01
8.120000000000000551e-01 -5.362037880010129243e+01
8.130000000000000560e-01 -5.383836590407136669e+01
8.140000000000000568e-01 -5.405653598108546021e+01
8.150000000000000577e-01 -5.427488877224264741e+01
8.160000000000000586e-01 -5.449342401924458557e+01
8.170000000000000595e-01 -5.471214146439498904e+01
8.180000000000000604e-01 -5.493104085059741237e+01
8.190000000000000613e-01 -5.515012192135169755e+01
8.200000000000000622e-01 -5.536938442075354772e+01
8.210000000000000631e-01 -5.558882809349186971e+01
8.220000000000000639e-01 -5.580845268484617350e+01
8.230000000000000648e-01 -5.602825794068488108e+01
8.240000000000000657e-01 -5.624824360746389118e+01
8.250000000000000666e-01 -5.646840943222315445e+01
8.260000000000000675e-01 -5.668875516258590608e+01
8.270000000000000684e-01 -5.690928054675612202e+01
8.280000000000000693e-01 -5.712998533351657215e+01
8.290000000000000702e-01 -5.735086927222612019e+01
8.300000000000000711e-01 -5.757193211281901313e+01
8.310000000000000719e-01 -5.779317360580239438e+01
8.320000000000000728e-01 -5.801459350225326261e+01
8.329999999999999627e-01 -5.823619155381815915e+01
8.339999999999999636e-01 -5.845796751271016944e+01
8.349999999999999645e-01 -5.867992113170730306e+01
8.359999999999999654e-01 -5.890205216415036205e+01
8.369999999999999662e-01 -5.912436036394107930e+01
8.379999999999999671e-01 -5.934684548554024275e+01
8.389999999999999680e-01 -5.956950728396586214e+01
8.399999999999999689e-01 -5.979234551479108006e+01
8.409999999999999698e-01 -6.001535993414216819e+01
8.419999999999999707e-01 -6.023855029869709199e+01
8.429999999999999716e-01 -6.046191636568320860e+01
8.439999999999999725e-01 -6.068545789287512093e+01
8.449999999999999734e-01 -6.090917463859403824e+01
8.459999999999999742e-01 -6.113306636170437969e+01
8.469999999999999751e-01 -6.135713282161246696e+01
8.479999999999999760e-01 -6.158137377826572845e+01
8.489999999999999769e-01 -6.180578899214928867e+01
8.499999999999999778e-01 -6.203037822428478876e+01
8.509999999999999787e-01 -6.225514123622878060e+01
8.519999999999999796e-01 -6.248007779007095053e+01
8.529999999999999805e-01 -6.270518764843158976e+01
8.539999999999999813e-01 -6.293047057446062809e+01
8.549999999999999822e-01 -6.315592633183587168e+01
8.559999999999999831e-01 -6.338155468476030308e+01
8.569999999999999840e-01 -6.360735539796112903e+01
8.579999999999999849e-01 -6.383332823668764888e+01
8.589999999999999858e-01 -6.405947296671031665e+01
8.599999999999999867e-01 -6.428578935431715990e+01
8.609999999999999876e-01 -6.451227716631433395e+01
8.619999999999999885e-01 -6.473893617002245549e+01
8.629999999999999893e-01 -6.496576613327633254e+01
8.639999999999999902e-01 -6.519276682442202286e+01
8.649999999999999911e-01 -6.541993801231602390e+01
8.659999999999999920e-01 -6.564727946632345379e+01
8.669999999999999929e-01 -6.587479095631559289e+01
8.679999999999999938e-01 -6.610247225266937221e+01
8.689999999999999947e-01 -6.633032312626481541e+01
8.699999999999999956e-01 -6.655834334848366041e+01
8.709999999999999964e-01 -6.678653269120752611e+01
8.719999999999999973e-01 -6.701489092681721615e+01
8.729999999999999982e-01 -6.724341782818912350e+01
8.739999999999999991e-01 -6.747211316869557152e+01
8.750000000000000000e-01 -6.770097672220222762e+01
8.760000000000000009e-01 -6.793000826306604267e+01
8.770000000000000018e-01 -6.815920756613520837e+01
8.780000000000000027e-01 -6.838857440674601662e+01
8.790000000000000036e-01 -6.861810856072145270e+01
8.800000000000000044e-01 -6.884780980437032838e+01
8.810000000000000053e-01 -6.907767791448537764e+01
8.820000000000000062e-01 -6.930771266834139510e+01
8.830000000000000071e-01 -6.953791384369380069e+01
8.840000000000000080e-01 -6.976828121877737487e+01
8.850000000000000089e-01 -6.999881457230429760e+01
8.860000000000000098e-01 -7.022951368346271295e+01
8.870000000000000107e-01 -7.046037833191506650e+01
8.880000000000000115e-01 -7.069140829779733792e+01
8.890000000000000124e-01 -7.092260336171635515e+01
8.900000000000000133e-01 -7.115396330474861486e+01
8.910000000000000142e-01 -7.138548790843954350e+01
8.920000000000000151e-01 -7.161717695480099621e+01
8.930000000000000160e-01 -7.184903022631017677e+01
8.940000000000000169e-01 -7.208104750590794652e+01
8.950000000000000178e-01 -7.231322857699819906e+01
8.960000000000000187e-01 -7.254557322344436443e+01
8.970000000000000195e-01 -7.277808122957043224e+01
8.980000000000000204e-01 -7.301075238015782531e+01
8.990000000000000213e-01 -7.324358646044427701e+01
9.000000000000000222e-01 -7.347658325612238173e+01
9.010000000000000231e-01 -7.370974255333834435e+01
9.020000000000000240e-01 -7.394306413869072969e+01
9.030000000000000249e-01 -7.417654779922789032e+01
9.040000000000000258e-01 -7.441019332244781026e+01
9.050000000000000266e-01 -7.464400049629679756e+01
9.060000000000000275e-01 -7.487796910916598847e+01
9.070000000000000284e-01 -7.511209894989289637e+01
9.080000000000000293e-01 -7.534638980775750383e+01
9.090000000000000302e-01 -7.558084147248207785e+01
9.100000000000000311e-01 -7.581545373422979139e+01
9.110000000000000320e-01 -7.605022638360293286e+01
9.120000000000000329e-01 -7.628515921164168390e+01
9.130000000000000338e-01 -7.652025200982248521e+01
9.140000000000000346e-01 -7.675550457005699911e+01
9.150000000000000355e-01 -7.699091668469097272e+01
9.160000000000000364e-01 -7.722648814650192151e+01
9.170000000000000373e-01 -7.746221874869890200e+01
9.180000000000000382e-01 -7.769810828492043697e+01
9.190000000000000391e-01 -7.793415654923299485e+01
9.200000000000000400e-01 -7.817036333613044974e+01
9.210000000000000409e-01 -7.840672844053231927e+01
9.220000000000000417e-01 -7.864325165778225823e+01
9.230000000000000426e-01 -7.887993278364686489e+01
9.240000000000000435e-01 -7.911677161431421723e+01
9.250000000000000444e-01 -7.935376794639340403e+01
9.260000000000000453e-01 -7.959092157691158320e+01
9.270000000000000462e-01 -7.982823230331456443e+01
9.280000000000000471e-01 -8.006569992346389597e+01
9.290000000000000480e-01 -8.030332423563639566e+01
9.300000000000000488e-01 -8.054110503852295722e+01
9.310000000000000497e-01 -8.077904213122675969e+01
9.320000000000000506e-01 -8.101713531326281270e+01
9.330000000000000515e-01 -8.125538438455508583e+01
9.340000000000000524e-01 -8.149378914543747499e+01
9.350000000000000533e-01 -8.173234939665060494e+01
9.360000000000000542e-01 -8.197106493934144567e+01
9.370000000000000551e-01 -8.220993557506217542e+01
9.380000000000000560e-01 -8.244896110576844706e+01
9.390000000000000568e-01 -8.268814133381852116e+01
9.400000000000000577e-01 -8.292747606197197285e+01
9.410000000000000586e-01 -8.316696509338861176e+01
9.420000000000000595e-01 -8.340660823162617987e+01
9.430000000000000604e-01 -8.364640528064107627e+01
9.440000000000000613e-01 -8.388635604478511709e+01
9.450000000000000622e-01 -8.412646032880635971e+01
9.460000000000000631e-01 -8.436671793784574902e+01
9.470000000000000639e-01 -8.460712867743767163e+01
9.480000000000000648e-01 -8.484769235350761107e+01
9.490000000000000657e-01 -8.508840877237146572e+01
9.500000000000000666e-01 -8.532927774073493765e+01
9.510000000000000675e-01 -8.557029906569098898e+01
9.520000000000000684e-01 -8.581147255471977076e+01
9.530000000000000693e-01 -8.605279801568688924e+01
9.540000000000000702e-01 -8.629427525684242539e+01
9.550000000000000711e-01 -8.653590408682036639e+01
9.560000000000000719e-01 -8.677768431463570664e+01
9.570000000000000728e-01 -8.701961574968586888e+01
9.580000000000000737e-01 -8.726169820174686720e+01
9.590000000000000746e-01 -8.750393148097413132e+01
9.599999999999999645e-01 -8.774631539790074441e+01
9.609999999999999654e-01 -8.798884976343578046e+01
9.619999999999999662e-01 -8.823153438886377842e+01
9.629999999999999671e-01 -8.847436908584424486e+01
9.639999999999999680e-01 -8.871735366640838549e+01
9.649999999999999689e-01 -8.896048794296046935e+01
9.659999999999999698e-01 -8.920377172827521406e+01
9.669999999999999707e-01 -8.944720483549686207e+01
9.679999999999999716e-01 -8.969078707813878282e+01
9.689999999999999725e-01 -8.993451827008179578e+01
9.699999999999999734e-01 -9.017839822557257889e+01
9.709999999999999742e-01 -9.042242675922416595e+01
9.719999999999999751e-01 -9.066660368601297648e+01
9.729999999999999760e-01 -9.091092882127895791e+01
9.739999999999999769e-01 -9.115540198072437761e+01
9.749999999999999778e-01 -9.140002298041235917e+01
9.759999999999999787e-01 -9.164479163676620033e+01
9.769999999999999796e-01 -9.188970776656773864e+01
9.779999999999999805e-01 -9.213477118695686841e+01
9.789999999999999813e-01 -9.237998171543051740e+01
9.799999999999999822e-01 -9.262533916984091320e+01
9.809999999999999831e-01 -9.287084336839546950e+01
9.819999999999999840e-01 -9.311649412965508077e+01
9.829999999999999849e-01 -9.336229127253301385e+01
9.839999999999999858e-01 -9.360823461629459530e+01
9.849999999999999867e-01 -9.385432398055527869e+01
9.859999999999999876e-01 -9.410055918528047414e+01
9.869999999999999885e-01 -9.434694005078372925e+01
9.879999999999999893e-01 -9.459346639772624599e+01
9.889999999999999902e-01 -9.484013804711599960e+01
9.899999999999999911e-01 -9.508695482030569224e+01
9.909999999999999920e-01 -9.533391653899346352e+01
9.919999999999999929e-01 -9.558102302522001992e+01
9.929999999999999938e-01 -9.582827410136920321e+01
9.939999999999999947e-01 -9.607566959016597252e+01
9.949999999999999956e-01 -9.632320931467594960e+01
9.959999999999999964e-01 -9.657089309830422508e+01
9.969999999999999973e-01 -9.681872076479413636e+01
9.979999999999999982e-01 -9.706669213822695497e+01
9.989999999999999991e-01 -9.731480704302032336e+01
1.000000000000000000e+00 -9.756306530392745913e+01
