0.000000000000000000e+00 0.000000000000000000e+00
1.000000000000000021e-03 8.919360610721270843e-01
2.000000000000000042e-03 1.536661964277823200e+00
3.000000000000000062e-03 2.108092539422047995e+00
4.000000000000000083e-03 2.634203266411194733e+00
5.000000000000000104e-03 3.127546757621622486e+00
6.000000000000000125e-03 3.595272119480935391e+00
7.000000000000000146e-03 4.041995359857699199e+00
8.000000000000000167e-03 4.470941512925221240e+00
9.000000000000001055e-03 4.884490002223264682e+00
1.000000000000000021e-02 5.284468046302064792e+00
1.099999999999999936e-02 5.672322521672331419e+00
1.200000000000000025e-02 6.049227287040371159e+00
1.300000000000000114e-02 6.416153646270662314e+00
1.400000000000000029e-02 6.773918513283857301e+00
1.499999999999999944e-02 7.123218445974665691e+00
1.600000000000000033e-02 7.464654373267772591e+00
1.700000000000000122e-02 7.798749990483877070e+00
1.800000000000000211e-02 8.125965726087807539e+00
1.899999999999999953e-02 8.446709535808651026e+00
2.000000000000000042e-02 8.761345375863273333e+00
2.100000000000000130e-02 9.070199946766882348e+00
2.199999999999999872e-02 9.373568127203844469e+00
2.299999999999999961e-02 9.671717401058016250e+00
2.400000000000000050e-02 9.964891500313026285e+00
2.500000000000000139e-02 1.025331342995475836e+01
2.600000000000000228e-02 1.053718800051046678e+01
2.699999999999999969e-02 1.081670396442376259e+01
2.800000000000000058e-02 1.109203583076986455e+01
2.900000000000000147e-02 1.136334541661927311e+01
2.999999999999999889e-02 1.163078318112425258e+01
3.099999999999999978e-02 1.189448937906094450e+01
3.200000000000000067e-02 1.215459506335491291e+01
3.300000000000000155e-02 1.241122296050887996e+01
3.400000000000000244e-02 1.266448823844680582e+01
3.500000000000000333e-02 1.291449918280162734e+01
3.600000000000000422e-02 1.316135779489274249e+01
3.699999999999999817e-02 1.340516032240517852e+01
3.799999999999999906e-02 1.364599773197562271e+01
3.899999999999999994e-02 1.388395613142026086e+01
4.000000000000000083e-02 1.411911714813612306e+01
4.100000000000000172e-02 1.435155826921675981e+01
4.200000000000000261e-02 1.458135314800368931e+01
4.300000000000000350e-02 1.480857188111317946e+01
4.399999999999999745e-02 1.503328125940842064e+01
4.499999999999999833e-02 1.525554499590924884e+01
4.599999999999999922e-02 1.547542393322827081e+01
4.700000000000000011e-02 1.569297623278161957e+01
4.800000000000000100e-02 1.590825754773242551e+01
4.900000000000000189e-02 1.612132118137819248e+01
5.000000000000000278e-02 1.633221823248170068e+01
5.100000000000000366e-02 1.654099772886337760e+01
5.200000000000000455e-02 1.674770675041674650e+01
5.299999999999999850e-02 1.695239054257325861e+01
5.399999999999999939e-02 1.715509262112545130e+01
5.500000000000000028e-02 1.735585486921591070e+01
5.600000000000000117e-02 1.755471762721022699e+01
5.700000000000000205e-02 1.775171977609475960e+01
5.800000000000000294e-02 1.794689881497212269e+01
5.900000000000000383e-02 1.814029093316720065e+01
5.999999999999999778e-02 1.833193107740437711e+01
6.099999999999999867e-02 1.852185301446980858e+01
6.199999999999999956e-02 1.871008938973191604e+01
6.300000000000000044e-02 1.889667178185655416e+01
6.400000000000000133e-02 1.908163075402129039e+01
6.500000000000000222e-02 1.926499590190430666e+01
6.600000000000000311e-02 1.944679589869792835e+01
6.700000000000000400e-02 1.962705853737379869e+01
6.800000000000000488e-02 1.980581077040627136e+01
6.900000000000000577e-02 1.998307874714229015e+01
7.000000000000000666e-02 2.015888784898949382e+01
7.100000000000000755e-02 2.033326272257943401e+01
7.200000000000000844e-02 2.050622731104953189e+01
7.299999999999999545e-02 2.067780488357515623e+01
7.399999999999999634e-02 2.084801806327278939e+01
7.499999999999999722e-02 2.101688885358468184e+01
7.599999999999999811e-02 2.118443866324708935e+01
7.699999999999999900e-02 2.135068832993594512e+01
7.799999999999999989e-02 2.151565814267620524e+01
7.900000000000000078e-02 2.167936786309475394e+01
8.000000000000000167e-02 2.184183674559040611e+01
8.100000000000000255e-02 2.200308355648925485e+01
8.200000000000000344e-02 2.216312659224815107e+01
8.300000000000000433e-02 2.232198369676488880e+01
8.400000000000000522e-02 2.247967227784924660e+01
8.500000000000000611e-02 2.263620932290478294e+01
8.600000000000000699e-02 2.279161141386870071e+01
8.700000000000000788e-02 2.294589474145243102e+01
8.799999999999999489e-02 2.309907511872392760e+01
8.899999999999999578e-02 2.325116799406906765e+01
8.999999999999999667e-02 2.340218846356708227e+01
9.099999999999999756e-02 2.355215128281301062e+01
9.199999999999999845e-02 2.370107087821764935e+01
9.299999999999999933e-02 2.384896135781340121e+01
9.400000000000000022e-02 2.399583652159275005e+01
9.500000000000000111e-02 2.414170987140476754e+01
9.600000000000000200e-02 2.428659462043233574e+01
9.700000000000000289e-02 2.443050370227252444e+01
9.800000000000000377e-02 2.457344977964061528e+01
9.900000000000000466e-02 2.471544525271698234e+01
1.000000000000000056e-01 2.485650226715486610e+01
1.010000000000000064e-01 2.499663272176629292e+01
1.020000000000000073e-01 2.513584827590214132e+01
1.030000000000000082e-01 2.527416035654105997e+01
1.040000000000000091e-01 2.541158016510203410e+01
1.049999999999999961e-01 2.554811868399336561e+01
1.059999999999999970e-01 2.568378668291097711e+01
1.069999999999999979e-01 2.581859472489810159e+01
1.079999999999999988e-01 2.595255317217699087e+01
1.089999999999999997e-01 2.608567219176379837e+01
1.100000000000000006e-01 2.621796176087640973e+01
1.110000000000000014e-01 2.634943167214460402e+01
1.120000000000000023e-01 2.648009153863159781e+01
1.130000000000000032e-01 2.660995079867544888e+01
1.140000000000000041e-01 2.673901872055816398e+01
1.150000000000000050e-01 2.686730440701032663e+01
1.160000000000000059e-01 2.699481679955821534e+01
1.170000000000000068e-01 2.712156468272032939e+01
1.180000000000000077e-01 2.724755668806001196e+01
1.190000000000000085e-01 2.737280129809958851e+01
1.199999999999999956e-01 2.749730685010276332e+01
1.209999999999999964e-01 2.762108153973030156e+01
1.219999999999999973e-01 2.774413342457398457e+01
1.229999999999999982e-01 2.786647042757464732e+01
1.239999999999999991e-01 2.798810034032813832e+01
1.250000000000000000e-01 2.810903082628447081e+01
1.260000000000000009e-01 2.822926942384397009e+01
1.270000000000000018e-01 2.834882354935467674e+01
1.280000000000000027e-01 2.846770050001505936e+01
1.290000000000000036e-01 2.858590745668552202e+01
1.300000000000000044e-01 2.870345148661237999e+01
1.310000000000000053e-01 2.882033954606755444e+01
1.320000000000000062e-01 2.893657848290745704e+01
1.330000000000000071e-01 2.905217503905392817e+01
1.340000000000000080e-01 2.916713585290025890e+01
1.350000000000000089e-01 2.928146746164496861e+01
1.360000000000000098e-01 2.939517630355624078e+01
1.370000000000000107e-01 2.950826872016957481e+01
1.380000000000000115e-01 2.962075095842065053e+01
1.390000000000000124e-01 2.973262917271647865e+01
1.400000000000000133e-01 2.984390942694646753e+01
1.410000000000000142e-01 2.995459769643586512e+01
1.420000000000000151e-01 3.006469986984347997e+01
1.430000000000000160e-01 3.017422175100585591e+01
1.440000000000000169e-01 3.028316906072944903e+01
1.449999999999999900e-01 3.039154743853292828e+01
1.459999999999999909e-01 3.049936244434123722e+01
1.469999999999999918e-01 3.060661956013293761e+01
1.479999999999999927e-01 3.071332419154260052e+01
1.489999999999999936e-01 3.081948166941963052e+01
1.499999999999999944e-01 3.092509725134526377e+01
1.509999999999999953e-01 3.103017612310864948e+01
1.519999999999999962e-01 3.113472340014398299e+01
1.529999999999999971e-01 3.123874412892924113e+01
1.539999999999999980e-01 3.134224328834868345e+01
1.549999999999999989e-01 3.144522579101943194e+01
1.559999999999999998e-01 3.154769648458388787e+01
1.570000000000000007e-01 3.164966015296865010e+01
1.580000000000000016e-01 3.175112151761153001e+01
1.590000000000000024e-01 3.185208523865709651e+01
1.600000000000000033e-01 3.195255591612212243e+01
1.610000000000000042e-01 3.205253809103179208e+01
1.620000000000000051e-01 3.215203624652752978e+01
1.630000000000000060e-01 3.225105480894734455e+01
1.640000000000000069e-01 3.234959814887954366e+01
1.650000000000000078e-01 3.244767058219071743e+01
1.660000000000000087e-01 3.254527637102857085e+01
1.670000000000000095e-01 3.264241972480063225e+01
1.680000000000000104e-01 3.273910480112917298e+01
1.690000000000000113e-01 3.283533570678361713e+01
1.700000000000000122e-01 3.293111649859068280e+01
1.710000000000000131e-01 3.302645118432262450e+01
1.720000000000000140e-01 3.312134372356540979e+01
1.730000000000000149e-01 3.321579802856571462e+01
1.740000000000000158e-01 3.330981796505892589e+01
1.750000000000000167e-01 3.340340735307775333e+01
1.759999999999999898e-01 3.349656996774231033e+01
1.769999999999999907e-01 3.358930954003213998e+01
1.779999999999999916e-01 3.368162975754071908e+01
1.789999999999999925e-01 3.377353426521294466e+01
1.799999999999999933e-01 3.386502666606612877e+01
1.809999999999999942e-01 3.395611052189484269e+01
1.819999999999999951e-01 3.404678935396000838e+01
1.829999999999999960e-01 3.413706664366310406e+01
1.839999999999999969e-01 3.422694583320512152e+01
1.849999999999999978e-01 3.431643032623153289e+01
1.859999999999999987e-01 3.440552348846284048e+01
1.869999999999999996e-01 3.449422864831216629e+01
1.880000000000000004e-01 3.458254909748872308e+01
1.890000000000000013e-01 3.467048809158907829e+01
1.900000000000000022e-01 3.475804885067550742e+01
1.910000000000000031e-01 3.484523455984217577e+01
1.920000000000000040e-01 3.493204836976936889e+01
1.930000000000000049e-01 3.501849339726648935e+01
1.940000000000000058e-01 3.510457272580292454e+01
1.950000000000000067e-01 3.519028940602904498e+01
1.960000000000000075e-01 3.527564645628530116e+01
1.970000000000000084e-01 3.536064686310173499e+01
1.980000000000000093e-01 3.544529358168708200e+01
1.990000000000000102e-01 3.552958953640763440e+01
2.000000000000000111e-01 3.561353762125681044e+01
2.010000000000000120e-01 3.569714070031510289e+01
2.020000000000000129e-01 3.578040160820101079e+01
2.030000000000000138e-01 3.586332315051266306e+01
2.040000000000000147e-01 3.594590810426105776e+01
2.050000000000000155e-01 3.602815921829453316e+01
2.060000000000000164e-01 3.611007921371501084e+01
2.070000000000000173e-01 3.619167078428611717e+01
2.080000000000000182e-01 3.627293659683343918e+01
2.089999999999999913e-01 3.635387929163684362e+01
2.099999999999999922e-01 3.643450148281547740e+01
2.109999999999999931e-01 3.651480575870522216e+01
2.119999999999999940e-01 3.659479468222917831e+01
2.129999999999999949e-01 3.667447079126084475e+01
2.139999999999999958e-01 3.675383659898068345e+01
2.149999999999999967e-01 3.683289459422582013e+01
2.159999999999999976e-01 3.691164724183330037e+01
2.169999999999999984e-01 3.699009698297703608e+01
2.179999999999999993e-01 3.706824623549827891e+01
2.190000000000000002e-01 3.714609739423012513e+01
2.200000000000000011e-01 3.722365283131623670e+01
2.210000000000000020e-01 3.730091489652340897e+01
2.220000000000000029e-01 3.737788591754863177e+01
2.230000000000000038e-01 3.745456820032074319e+01
2.240000000000000047e-01 3.753096402929610065e+01
2.250000000000000056e-01 3.760707566774984656e+01
2.260000000000000064e-01 3.768290535806094965e+01
2.270000000000000073e-01 3.775845532199300436e+01
2.280000000000000082e-01 3.783372776096955903e+01
2.290000000000000091e-01 3.790872485634490374e+01
2.300000000000000100e-01 3.798344876966953620e+01
2.310000000000000109e-01 3.805790164295207489e+01
2.320000000000000118e-01 3.813208559891536709e+01
2.330000000000000127e-01 3.820600274124905837e+01
2.340000000000000135e-01 3.827965515485724524e+01
2.350000000000000144e-01 3.835304490610231198e+01
2.360000000000000153e-01 3.842617404304434103e+01
2.370000000000000162e-01 3.849904459567623860e+01
2.380000000000000171e-01 3.857165857615559901e+01
2.390000000000000180e-01 3.864401797903174440e+01
2.399999999999999911e-01 3.871612478146955993e+01
2.409999999999999920e-01 3.878798094346947778e+01
2.419999999999999929e-01 3.885958840808348214e+01
2.429999999999999938e-01 3.893094910162785993e+01
2.439999999999999947e-01 3.900206493389242723e+01
2.449999999999999956e-01 3.907293779834606084e+01
2.459999999999999964e-01 3.914356957233898981e+01
2.469999999999999973e-01 3.921396211730188952e+01
2.479999999999999982e-01 3.928411727894145145e+01
2.489999999999999991e-01 3.935403688743313921e+01
2.500000000000000000e-01 3.942372275761067613e+01
2.510000000000000009e-01 3.949317668915210788e+01
2.520000000000000018e-01 3.956240046676369104e+01
2.530000000000000027e-01 3.963139586036012219e+01
2.540000000000000036e-01 3.970016462524214518e+01
2.550000000000000044e-01 3.976870850227152232e+01
2.560000000000000053e-01 3.983702921804295016e+01
2.570000000000000062e-01 3.990512848505345289e+01
2.580000000000000071e-01 3.997300800186917513e+01
2.590000000000000080e-01 4.004066945328933969e+01
2.600000000000000089e-01 4.010811451050791732e+01
2.610000000000000098e-01 4.017534483127251121e+01
2.620000000000000107e-01 4.024236206004124483e+01
2.630000000000000115e-01 4.030916782813659438e+01
2.640000000000000124e-01 4.037576375389761552e+01
2.650000000000000133e-01 4.044215144282907204e+01
2.660000000000000142e-01 4.050833248774898010e+01
2.670000000000000151e-01 4.057430846893356602e+01
2.680000000000000160e-01 4.064008095426001432e+01
2.690000000000000169e-01 4.070565149934719784e+01
2.700000000000000178e-01 4.077102164769429749e+01
2.710000000000000187e-01 4.083619293081743251e+01
2.720000000000000195e-01 4.090116686838388205e+01
2.730000000000000204e-01 4.096594496834481447e+01
2.740000000000000213e-01 4.103052872706572884e+01
2.750000000000000222e-01 4.109491962945512711e+01
2.760000000000000231e-01 4.115911914909139568e+01
2.770000000000000240e-01 4.122312874834743468e+01
2.780000000000000249e-01 4.128694987851397968e+01
2.790000000000000258e-01 4.135058397992078483e+01
2.800000000000000266e-01 4.141403248205618581e+01
2.810000000000000275e-01 4.147729680368508554e+01
2.820000000000000284e-01 4.154037835296480097e+01
2.830000000000000293e-01 4.160327852755989397e+01
2.840000000000000302e-01 4.166599871475485628e+01
2.850000000000000311e-01 4.172854029156525257e+01
2.860000000000000320e-01 4.179090462484772672e+01
2.870000000000000329e-01 4.185309307140791191e+01
2.880000000000000338e-01 4.191510697810701203e+01
2.889999999999999791e-01 4.197694768196723913e+01
2.899999999999999800e-01 4.203861651027516899e+01
2.909999999999999809e-01 4.210011478068410185e+01
2.919999999999999818e-01 4.216144380131489555e+01
2.929999999999999827e-01 4.222260487085549130e+01
2.939999999999999836e-01 4.228359927865863455e+01
2.949999999999999845e-01 4.234442830483904885e+01
2.959999999999999853e-01 4.240509322036847806e+01
2.969999999999999862e-01 4.246559528717006771e+01
2.979999999999999871e-01 4.252593575821084215e+01
2.989999999999999880e-01 4.258611587759361328e+01
2.999999999999999889e-01 4.264613688064712704e+01
3.009999999999999898e-01 4.270599999401531477e+01
3.019999999999999907e-01 4.276570643574511621e+01
3.029999999999999916e-01 4.282525741537327946e+01
3.039999999999999925e-01 4.288465413401189608e+01
3.049999999999999933e-01 4.294389778443301964e+01
3.059999999999999942e-01 4.300298955115197685e+01
3.069999999999999951e-01 4.306193061050938553e+01
3.079999999999999960e-01 4.312072213075284566e+01
3.089999999999999969e-01 4.317936527211664810e+01
3.099999999999999978e-01 4.323786118690076563e+01
3.109999999999999987e-01 4.329621101954917606e+01
3.119999999999999996e-01 4.335441590672705559e+01
3.130000000000000004e-01 4.341247697739617450e+01
3.140000000000000013e-01 4.347039535289066947e+01
3.150000000000000022e-01 4.352817214699060600e+01
3.160000000000000031e-01 4.358580846599546987e+01
3.170000000000000040e-01 4.364330540879617359e+01
3.180000000000000049e-01 4.370066406694642325e+01
3.190000000000000058e-01 4.375788552473338910e+01
3.200000000000000067e-01 4.381497085924656432e+01
3.210000000000000075e-01 4.387192114044702151e+01
3.220000000000000084e-01 4.392873743123493568e+01
3.230000000000000093e-01 4.398542078751648887e+01
3.240000000000000102e-01 4.404197225826992934e+01
3.250000000000000111e-01 4.409839288561084203e+01
3.260000000000000120e-01 4.415468370485695004e+01
3.270000000000000129e-01 4.421084574459120375e+01
3.280000000000000138e-01 4.426688002672469224e+01
3.290000000000000147e-01 4.432278756655961871e+01
3.300000000000000155e-01 4.437856937284937686e+01
3.310000000000000164e-01 4.443422644786026154e+01
3.320000000000000173e-01 4.448975978743035853e+01
3.330000000000000182e-01 4.454517038102943616e+01
3.340000000000000191e-01 4.460045921181690431e+01
3.350000000000000200e-01 4.465562725669968103e+01
3.360000000000000209e-01 4.471067548638936273e+01
3.370000000000000218e-01 4.476560486545795214e+01
3.380000000000000226e-01 4.482041635239461641e+01
3.390000000000000235e-01 4.487511089965919098e+01
3.400000000000000244e-01 4.492968945373778666e+01
3.410000000000000253e-01 4.498415295519607326e+01
3.420000000000000262e-01 4.503850233873191655e+01
3.430000000000000271e-01 4.509273853322852688e+01
3.440000000000000280e-01 4.514686246180560403e+01
3.450000000000000289e-01 4.520087504187095817e+01
3.460000000000000298e-01 4.525477718517102943e+01
3.470000000000000306e-01 4.530856979784090299e+01
3.480000000000000315e-01 4.536225378045368473e+01
3.490000000000000324e-01 4.541583002806923020e+01
3.500000000000000333e-01 4.546929943028285948e+01
3.510000000000000342e-01 4.552266287127272903e+01
3.519999999999999796e-01 4.557592122984727467e+01
3.529999999999999805e-01 4.562907537949146786e+01
3.539999999999999813e-01 4.568212618841338468e+01
3.549999999999999822e-01 4.573507451958961667e+01
3.559999999999999831e-01 4.578792123081032628e+01
3.569999999999999840e-01 4.584066717472374108e+01
3.579999999999999849e-01 4.589331319888047744e+01
3.589999999999999858e-01 4.594586014577667754e+01
3.599999999999999867e-01 4.599830885289766513e+01
3.609999999999999876e-01 4.605066015275995994e+01
3.619999999999999885e-01 4.610291487295368995e+01
3.629999999999999893e-01 4.615507383618427895e+01
3.639999999999999902e-01 4.620713786031328141e+01
3.649999999999999911e-01 4.625910775839991373e+01
3.659999999999999920e-01 4.631098433874004172e+01
3.669999999999999929e-01 4.636276840490750573e+01
3.679999999999999938e-01 4.641446075579202812e+01
3.689999999999999947e-01 4.646606218563975688e+01
3.699999999999999956e-01 4.651757348409022086e+01
3.709999999999999964e-01 4.656899543621543813e+01
3.719999999999999973e-01 4.662032882255752497e+01
3.729999999999999982e-01 4.667157441916553751e+01
3.739999999999999991e-01 4.672273299763295284e+01
3.750000000000000000e-01 4.677380532513374334e+01
3.760000000000000009e-01 4.682479216445843662e+01
3.770000000000000018e-01 4.687569427405017564e+01
3.780000000000000027e-01 4.692651240803969159e+01
3.790000000000000036e-01 4.697724731628065342e+01
3.800000000000000044e-01 4.702789974438352516e+01
3.810000000000000053e-01 4.707847043375090834e+01
3.820000000000000062e-01 4.712896012161024828e+01
3.830000000000000071e-01 4.717936954104784064e+01
3.840000000000000080e-01 4.722969942104229091e+01
3.850000000000000089e-01 4.727995048649651011e+01
3.860000000000000098e-01 4.733012345827099665e+01
3.870000000000000107e-01 4.738021905321525651e+01
3.880000000000000115e-01 4.743023798420004056e+01
3.890000000000000124e-01 4.748018096014850897e+01
3.900000000000000133e-01 4.753004868606745248e+01
3.910000000000000142e-01 4.757984186307821517e+01
3.920000000000000151e-01 4.762956118844664388e+01
3.930000000000000160e-01 4.767920735561431655e+01
3.940000000000000169e-01 4.772878105422705630e+01
3.950000000000000178e-01 4.777828297016544212e+01
3.960000000000000187e-01 4.782771378557367115e+01
3.970000000000000195e-01 4.787707417888847772e+01
3.980000000000000204e-01 4.792636482486799565e+01
3.990000000000000213e-01 4.797558639461995256e+01
4.000000000000000222e-01 4.802473955562992813e+01
4.010000000000000231e-01 4.807382497178846847e+01
4.020000000000000240e-01 4.812284330341989858e+01
4.030000000000000249e-01 4.817179520730802267e+01
4.040000000000000258e-01 4.822068133672431856e+01
4.050000000000000266e-01 4.826950234145398611e+01
4.060000000000000275e-01 4.831825886782238655e+01
4.070000000000000284e-01 4.836695155872155993e+01
4.080000000000000293e-01 4.841558105363576203e+01
4.090000000000000302e-01 4.846414798866723572e+01
4.100000000000000311e-01 4.851265299656169816e+01
4.110000000000000320e-01 4.856109670673334477e+01
4.120000000000000329e-01 4.860947974528969695e+01
4.130000000000000338e-01 4.865780273505646392e+01
4.140000000000000346e-01 4.870606629560183620e+01
4.150000000000000355e-01 4.875427104326053751e+01
4.160000000000000364e-01 4.880241759115771316e+01
4.169999999999999818e-01 4.885050654923323776e+01
4.179999999999999827e-01 4.889853852426430336e+01
4.189999999999999836e-01 4.894651411988922973e+01
4.199999999999999845e-01 4.899443393663044333e+01
4.209999999999999853e-01 4.904229857191690911e+01
4.219999999999999862e-01 4.909010862010727294e+01
4.229999999999999871e-01 4.913786467251157575e+01
4.239999999999999880e-01 4.918556731741426091e+01
4.249999999999999889e-01 4.923321714009500027e+01
4.259999999999999898e-01 4.928081472285141018e+01
4.269999999999999907e-01 4.932836064502003381e+01
4.279999999999999916e-01 4.937585548299795590e+01
4.289999999999999925e-01 4.942329981026356478e+01
4.299999999999999933e-01 4.947069419739780471e+01
4.309999999999999942e-01 4.951803921210479587e+01
4.319999999999999951e-01 4.956533541923227659e+01
4.329999999999999960e-01 4.961258338079196761e+01
4.339999999999999969e-01 4.965978365597987221e+01
4.349999999999999978e-01 4.970693680119596536e+01
4.359999999999999987e-01 4.975404337006429500e+01
4.369999999999999996e-01 4.980110391345213827e+01
4.380000000000000004e-01 4.984811897948989667e+01
4.390000000000000013e-01 4.989508911358998944e+01
4.400000000000000022e-01 4.994201485846582500e+01
4.410000000000000031e-01 4.998889675415121303e+01
4.420000000000000040e-01 5.003573533801825590e+01
4.430000000000000049e-01 5.008253114479678914e+01
4.440000000000000058e-01 5.012928470659191760e+01
4.450000000000000067e-01 5.017599655290283067e+01
4.460000000000000075e-01 5.022266721064036687e+01
4.470000000000000084e-01 5.026929720414503322e+01
4.480000000000000093e-01 5.031588705520522353e+01
4.490000000000000102e-01 5.036243728307367462e+01
4.500000000000000111e-01 5.040894840448592618e+01
4.510000000000000120e-01 5.045542093367697589e+01
4.520000000000000129e-01 5.050185538239826144e+01
4.530000000000000138e-01 5.054825225993518245e+01
4.540000000000000147e-01 5.059461207312314457e+01
4.550000000000000155e-01 5.064093532636483985e+01
4.560000000000000164e-01 5.068722252164606346e+01
4.570000000000000173e-01 5.073347415855261033e+01
4.580000000000000182e-01 5.077969073428630509e+01
4.590000000000000191e-01 5.082587274368057706e+01
4.600000000000000200e-01 5.087202067921720072e+01
4.610000000000000209e-01 5.091813503104133076e+01
4.620000000000000218e-01 5.096421628697750350e+01
4.630000000000000226e-01 5.101026493254488514e+01
4.640000000000000235e-01 5.105628145097293213e+01
4.650000000000000244e-01 5.110226632321621310e+01
4.660000000000000253e-01 5.114822002796977074e+01
4.670000000000000262e-01 5.119414304168404328e+01
4.680000000000000271e-01 5.124003583857954425e+01
4.690000000000000280e-01 5.128589889066175544e+01
4.700000000000000289e-01 5.133173266773539467e+01
4.710000000000000298e-01 5.137753763741923763e+01
4.720000000000000306e-01 5.142331426516014403e+01
4.730000000000000315e-01 5.146906301424729691e+01
4.740000000000000324e-01 5.151478434582641341e+01
4.750000000000000333e-01 5.156047871891351519e+01
4.760000000000000342e-01 5.160614659040906815e+01
4.770000000000000351e-01 5.165178841511115593e+01
4.780000000000000360e-01 5.169740464572947758e+01
4.790000000000000369e-01 5.174299573289894738e+01
4.799999999999999822e-01 5.178856212519262670e+01
4.809999999999999831e-01 5.183410426913553692e+01
4.819999999999999840e-01 5.187962260921703717e+01
4.829999999999999849e-01 5.192511758790459453e+01
4.839999999999999858e-01 5.197058964565648864e+01
4.849999999999999867e-01 5.201603922093430299e+01
4.859999999999999876e-01 5.206146675021626891e+01
4.869999999999999885e-01 5.210687266800906059e+01
4.879999999999999893e-01 5.215225740686091171e+01
4.889999999999999902e-01 5.219762139737397888e+01
4.899999999999999911e-01 5.224296506821617925e+01
4.909999999999999920e-01 5.228828884613383821e+01
4.919999999999999929e-01 5.233359315596375438e+01
4.929999999999999938e-01 5.237887842064473887e+01
4.939999999999999947e-01 5.242414506123010653e+01
4.949999999999999956e-01 5.246939349689901633e+01
4.959999999999999964e-01 5.251462414496839415e+01
4.969999999999999973e-01 5.255983742090452893e+01
4.979999999999999982e-01 5.260503373833449814e+01
4.989999999999999991e-01 5.265021350905745123e+01
5.000000000000000000e-01 5.269537714305634779e+01
5.010000000000000009e-01 5.274052504850872936e+01
5.020000000000000018e-01 5.278565763179807391e+01
5.030000000000000027e-01 5.283077529752524981e+01
5.040000000000000036e-01 5.287587844851826446e+01
5.050000000000000044e-01 5.292096748584445720e+01
5.060000000000000053e-01 5.296604280882085902e+01
5.070000000000000062e-01 5.301110481502436755e+01
5.080000000000000071e-01 5.305615390030303047e+01
5.090000000000000080e-01 5.310119045878612098e+01
5.100000000000000089e-01 5.314621488289513707e+01
5.110000000000000098e-01 5.319122756335335112e+01
5.120000000000000107e-01 5.323622888919682339e+01
5.130000000000000115e-01 5.328121924778422169e+01
5.140000000000000124e-01 5.332619902480705321e+01
5.150000000000000133e-01 5.337116860429961207e+01
5.160000000000000142e-01 5.341612836864908331e+01
5.170000000000000151e-01 5.346107869860513517e+01
5.180000000000000160e-01 5.350601997329022197e+01
5.190000000000000169e-01 5.355095257020880695e+01
5.200000000000000178e-01 5.359587686525715355e+01
5.210000000000000187e-01 5.364079323273308830e+01
5.220000000000000195e-01 5.368570204534539414e+01
5.230000000000000204e-01 5.373060367422307593e+01
5.240000000000000213e-01 5.377549848892489592e+01
5.250000000000000222e-01 5.382038685744849715e+01
5.260000000000000231e-01 5.386526914624000995e+01
5.270000000000000240e-01 5.391014572020263529e+01
5.280000000000000249e-01 5.395501694270592452e+01
5.290000000000000258e-01 5.399988317559508744e+01
5.300000000000000266e-01 5.404474477919923459e+01
5.310000000000000275e-01 5.408960211234116855e+01
5.320000000000000284e-01 5.413445553234522833e+01
5.330000000000000293e-01 5.417930539504662590e+01
5.340000000000000302e-01 5.422415205479997269e+01
5.350000000000000311e-01 5.426899586448762136e+01
5.360000000000000320e-01 5.431383717552859025e+01
5.370000000000000329e-01 5.435867633788672038e+01
5.380000000000000338e-01 5.440351370007928722e+01
5.390000000000000346e-01 5.444834960918502986e+01
5.400000000000000355e-01 5.449318441085291909e+01
5.410000000000000364e-01 5.453801844930981702e+01
5.420000000000000373e-01 5.458285206736886153e+01
5.430000000000000382e-01 5.462768560643780802e+01
5.440000000000000391e-01 5.467251940652657538e+01
5.450000000000000400e-01 5.471735380625571565e+01
5.460000000000000409e-01 5.476218914286376105e+01
5.470000000000000417e-01 5.480702575221552308e+01
5.480000000000000426e-01 5.485186396880990856e+01
5.490000000000000435e-01 5.489670412578706760e+01
5.500000000000000444e-01 5.494154655493686334e+01
5.510000000000000453e-01 5.498639158670587790e+01
5.520000000000000462e-01 5.503123955020545566e+01
5.530000000000000471e-01 5.507609077321860980e+01
5.540000000000000480e-01 5.512094558220802298e+01
5.550000000000000488e-01 5.516580430232346544e+01
5.560000000000000497e-01 5.521066725740821823e+01
5.570000000000000506e-01 5.525553477000805458e+01
5.580000000000000515e-01 5.530040716137648360e+01
5.590000000000000524e-01 5.534528475148366056e+01
5.600000000000000533e-01 5.539016785902265383e+01
5.610000000000000542e-01 5.543505680141622349e+01
5.620000000000000551e-01 5.547995189482480782e+01
5.630000000000000560e-01 5.552485345415270501e+01
5.640000000000000568e-01 5.556976179305546282e+01
5.650000000000000577e-01 5.561467722394645818e+01
5.660000000000000586e-01 5.565960005800370425e+01
5.670000000000000595e-01 5.570453060517709787e+01
5.680000000000000604e-01 5.574946917419441661e+01
5.690000000000000613e-01 5.579441607256890734e+01
5.700000000000000622e-01 5.583937160660471477e+01
5.710000000000000631e-01 5.588433608140513797e+01
5.720000000000000639e-01 5.592930980087690784e+01
5.730000000000000648e-01 5.597429306773926783e+01
5.740000000000000657e-01 5.601928618352850719e+01
5.750000000000000666e-01 5.606428944860465435e+01
5.760000000000000675e-01 5.610930316215879543e+01
5.769999999999999574e-01 5.615432762221854546e+01
5.779999999999999583e-01 5.619936312565428693e+01
5.789999999999999591e-01 5.624440996818603367e+01
5.799999999999999600e-01 5.628946844438885933e+01
5.809999999999999609e-01 5.633453884769933495e+01
5.819999999999999618e-01 5.637962147042225070e+01
5.829999999999999627e-01 5.642471660373523434e+01
5.839999999999999636e-01 5.646982453769639676e+01
5.849999999999999645e-01 5.651494556124885094e+01
5.859999999999999654e-01 5.656007996222791689e+01
5.869999999999999662e-01 5.660522802736602443e+01
5.879999999999999671e-01 5.665039004229880959e+01
5.889999999999999680e-01 5.669556629157121108e+01
5.899999999999999689e-01 5.674075705864305519e+01
5.909999999999999698e-01 5.678596262589498167e+01
5.919999999999999707e-01 5.683118327463330388e+01
5.929999999999999716e-01 5.687641928509700051e+01
5.939999999999999725e-01 5.692167093646214937e+01
5.949999999999999734e-01 5.696693850684785332e+01
5.959999999999999742e-01 5.701222227332209513e+01
5.969999999999999751e-01 5.705752251190699553e+01
5.979999999999999760e-01 5.710283949758428435e+01
5.989999999999999769e-01 5.714817350430041643e+01
5.999999999999999778e-01 5.719352480497239810e+01
6.009999999999999787e-01 5.723889367149317309e+01
6.019999999999999796e-01 5.728428037473616996e+01
6.029999999999999805e-01 5.732968518456172546e+01
6.039999999999999813e-01 5.737510836982144724e+01
6.049999999999999822e-01 5.742055019836367080e+01
6.059999999999999831e-01 5.746601093703858965e+01
6.069999999999999840e-01 5.751149085170365538e+01
6.079999999999999849e-01 5.755699020722819625e+01
6.089999999999999858e-01 5.760250926749895939e+01
6.099999999999999867e-01 5.764804829542471509e+01
6.109999999999999876e-01 5.769360755294171383e+01
6.119999999999999885e-01 5.773918730101809160e+01
6.129999999999999893e-01 5.778478779965931267e+01
6.139999999999999902e-01 5.783040930791297285e+01
6.149999999999999911e-01 5.787605208387317646e+01
6.159999999999999920e-01 5.792171638468597905e+01
6.169999999999999929e-01 5.796740246655427597e+01
6.179999999999999938e-01 5.801311058474124138e+01
6.189999999999999947e-01 5.805884099357700734e+01
6.199999999999999956e-01 5.810459394646230180e+01
6.209999999999999964e-01 5.815036969587272608e+01
6.219999999999999973e-01 5.819616849336451025e+01
6.229999999999999982e-01 5.824199058957800901e+01
6.239999999999999991e-01 5.828783623424348548e+01
6.250000000000000000e-01 5.833370567618445079e+01
6.260000000000000009e-01 5.837959916332266630e+01
6.270000000000000018e-01 5.842551694268313156e+01
6.280000000000000027e-01 5.847145926039775077e+01
6.290000000000000036e-01 5.851742636171047707e+01
6.300000000000000044e-01 5.856341849098122054e+01
6.310000000000000053e-01 5.860943589169031043e+01
6.320000000000000062e-01 5.865547880644297152e+01
6.330000000000000071e-01 5.870154747697353059e+01
6.340000000000000080e-01 5.874764214414987862e+01
6.350000000000000089e-01 5.879376304797780506e+01
6.360000000000000098e-01 5.883991042760484902e+01
6.370000000000000107e-01 5.888608452132457671e+01
6.380000000000000115e-01 5.893228556658152684e+01
6.390000000000000124e-01 5.897851379997415222e+01
6.400000000000000133e-01 5.902476945725986468e+01
6.410000000000000142e-01 5.907105277335864457e+01
6.420000000000000151e-01 5.911736398235758827e+01
6.430000000000000160e-01 5.916370331751488720e+01
6.440000000000000169e-01 5.921007101126265582e+01
6.450000000000000178e-01 5.925646729521328382e+01
6.460000000000000187e-01 5.930289240016135466e+01
6.470000000000000195e-01 5.934934655608817877e+01
6.480000000000000204e-01 5.939582999216622738e+01
6.490000000000000213e-01 5.944234293676268521e+01
6.500000000000000222e-01 5.948888561744287529e+01
6.510000000000000231e-01 5.953545826097514748e+01
6.520000000000000240e-01 5.958206109333384859e+01
6.530000000000000249e-01 5.962869433970323030e+01
6.540000000000000258e-01 5.967535822448174088e+01
6.550000000000000266e-01 5.972205297128476786e+01
6.560000000000000275e-01 5.976877880295015188e+01
6.570000000000000284e-01 5.981553594153963616e+01
6.580000000000000293e-01 5.986232460834470714e+01
6.590000000000000302e-01 5.990914502388869778e+01
6.600000000000000311e-01 5.995599740793086596e+01
6.610000000000000320e-01 6.000288197947054414e+01
6.620000000000000329e-01 6.004979895675026569e+01
6.630000000000000338e-01 6.009674855725947396e+01
6.640000000000000346e-01 6.014373099773752074e+01
6.650000000000000355e-01 6.019074649417839851e+01
6.660000000000000364e-01 6.023779526183318467e+01
6.670000000000000373e-01 6.028487751521402060e+01
6.680000000000000382e-01 6.033199346809720964e+01
6.690000000000000391e-01 6.037914333352733820e+01
6.700000000000000400e-01 6.042632732381994742e+01
6.710000000000000409e-01 6.047354565056539855e+01
6.720000000000000417e-01 6.052079852463219822e+01
6.730000000000000426e-01 6.056808615616992597e+01
6.740000000000000435e-01 6.061540875461335531e+01
6.750000000000000444e-01 6.066276652868552333e+01
6.760000000000000453e-01 6.071015968640054439e+01
6.770000000000000462e-01 6.075758843506690710e+01
6.780000000000000471e-01 6.080505298129176595e+01
6.790000000000000480e-01 6.085255353098307296e+01
6.800000000000000488e-01 6.090009028935318725e+01
6.810000000000000497e-01 6.094766346092239928e+01
6.820000000000000506e-01 6.099527324952146046e+01
6.830000000000000515e-01 6.104291985829519263e+01
6.840000000000000524e-01 6.109060348970609766e+01
6.850000000000000533e-01 6.113832434553586381e+01
6.860000000000000542e-01 6.118608262689062371e+01
6.870000000000000551e-01 6.123387853420214810e+01
6.880000000000000560e-01 6.128171226723242171e+01
6.890000000000000568e-01 6.132958402507554752e+01
6.900000000000000577e-01 6.137749400616158368e+01
6.910000000000000586e-01 6.142544240825878887e+01
6.920000000000000595e-01 6.147342942847771496e+01
6.930000000000000604e-01 6.152145526327294078e+01
6.940000000000000613e-01 6.156952010844710799e+01
6.950000000000000622e-01 6.161762415915316637e+01
6.960000000000000631e-01 6.166576760989758554e+01
6.970000000000000639e-01 6.171395065454322548e+01
6.980000000000000648e-01 6.176217348631229243e+01
6.990000000000000657e-01 6.181043629778901050e+01
7.000000000000000666e-01 6.185873928092314600e+01
7.010000000000000675e-01 6.190708262703162745e+01
7.020000000000000684e-01 6.195546652680235411e+01
7.030000000000000693e-01 6.200389117029735075e+01
7.039999999999999591e-01 6.205235674695401826e+01
7.049999999999999600e-01 6.210086344558948213e+01
7.059999999999999609e-01 6.214941145440263881e+01
7.069999999999999618e-01 6.219800096097677056e+01
7.079999999999999627e-01 6.224663215228270019e+01
7.089999999999999636e-01 6.229530521468143434e+01
7.099999999999999645e-01 6.234402033392657927e+01
7.109999999999999654e-01 6.239277769516735361e+01
7.119999999999999662e-01 6.244157748295071997e+01
7.129999999999999671e-01 6.249041988122482394e+01
7.139999999999999680e-01 6.253930507334115418e+01
7.149999999999999689e-01 6.258823324205741301e+01
7.159999999999999698e-01 6.263720456953939220e+01
7.169999999999999707e-01 6.268621923736472468e+01
7.179999999999999716e-01 6.273527742652461825e+01
7.189999999999999725e-01 6.278437931742664091e+01
7.199999999999999734e-01 6.283352508989767671e+01
7.209999999999999742e-01 6.288271492318560263e+01
7.219999999999999751e-01 6.293194899596244341e+01
7.229999999999999760e-01 6.298122748632704315e+01
7.239999999999999769e-01 6.303055057180708332e+01
7.249999999999999778e-01 6.307991842936149851e+01
7.259999999999999787e-01 6.312933123538346081e+01
7.269999999999999796e-01 6.317878916570259662e+01
7.279999999999999805e-01 6.322829239558700465e+01
7.289999999999999813e-01 6.327784109974658122e+01
7.299999999999999822e-01 6.332743545233446980e+01
7.309999999999999831e-01 6.337707562695027264e+01
7.319999999999999840e-01 6.342676179664127289e+01
7.329999999999999849e-01 6.347649413390695372e+01
7.339999999999999858e-01 6.352627281069862875e+01
7.349999999999999867e-01 6.357609799842398957e+01
7.359999999999999876e-01 6.362596986794821419e+01
7.369999999999999885e-01 6.367588858959692288e+01
7.379999999999999893e-01 6.372585433315791192e+01
7.389999999999999902e-01 6.377586726788399574e+01
7.399999999999999911e-01 6.382592756249488275e+01
7.409999999999999920e-01 6.387603538517976176e+01
7.419999999999999929e-01 6.392619090359954725e+01
7.429999999999999938e-01 6.397639428488858471e+01
7.439999999999999947e-01 6.402664569565760644e+01
7.449999999999999956e-01 6.407694530199546534e+01
7.459999999999999964e-01 6.412729326947138020e+01
7.469999999999999973e-01 6.417768976313757889e+01
7.479999999999999982e-01 6.422813494753106056e+01
7.489999999999999991e-01 6.427862898667544300e+01
7.500000000000000000e-01 6.432917204408400380e+01
7.510000000000000009e-01 6.437976428276112983e+01
7.520000000000000018e-01 6.443040586520473312e+01
7.530000000000000027e-01 6.448109695340838243e+01
7.540000000000000036e-01 6.453183770886323600e+01
7.550000000000000044e-01 6.458262829255988891e+01
7.560000000000000053e-01 6.463346886499166999e+01
7.570000000000000062e-01 6.468435958615521031e+01
7.580000000000000071e-01 6.473530061555342741e+01
7.590000000000000080e-01 6.478629211219723061e+01
7.600000000000000089e-01 6.483733423460731160e+01
7.610000000000000098e-01 6.488842714081727081e+01
7.620000000000000107e-01 6.493957098837455533e+01
7.630000000000000115e-01 6.499076593434264737e+01
7.640000000000000124e-01 6.504201213530311065e+01
7.650000000000000133e-01 6.509330974735763675e+01
7.660000000000000142e-01 6.514465892613111464e+01
7.670000000000000151e-01 6.519605982677111911e+01
7.680000000000000160e-01 6.524751260395231611e+01
7.690000000000000169e-01 6.529901741187651965e+01
7.700000000000000178e-01 6.535057440427650022e+01
7.710000000000000187e-01 6.540218373441624067e+01
7.720000000000000195e-01 6.545384555509363622e+01
7.730000000000000204e-01 6.550556001864265454e+01
7.740000000000000213e-01 6.555732727693433048e+01
7.750000000000000222e-01 6.560914748137955144e+01
7.760000000000000231e-01 6.566102078293050681e+01
7.770000000000000240e-01 6.571294733208262073e+01
7.780000000000000249e-01 6.576492727887628575e+01
7.790000000000000258e-01 6.581696077289896607e+01
7.800000000000000266e-01 6.586904796328687439e+01
7.810000000000000275e-01 6.592118899872690463e+01
7.820000000000000284e-01 6.597338402745810981e+01
7.830000000000000293e-01 6.602563319727394742e+01
7.840000000000000302e-01 6.607793665552418361e+01
7.850000000000000311e-01 6.613029454911574589e+01
7.860000000000000320e-01 6.618270702451565057e+01
7.870000000000000329e-01 6.623517422775233854e+01
7.880000000000000338e-01 6.628769630441669847e+01
7.890000000000000346e-01 6.634027339966553427e+01
7.900000000000000355e-01 6.639290565822122403e+01
7.910000000000000364e-01 6.644559322437550009e+01
7.920000000000000373e-01 6.649833624198922166e+01
7.930000000000000382e-01 6.655113485449541599e+01
7.940000000000000391e-01 6.660398920490121100e+01
7.950000000000000400e-01 6.665689943578792054e+01
7.960000000000000409e-01 6.670986568931451188e+01
7.970000000000000417e-01 6.676288810721794675e+01
7.980000000000000426e-01 6.681596683081593824e+01
7.990000000000000435e-01 6.686910200100771817e+01
8.000000000000000444e-01 6.692229375827662352e+01
8.010000000000000453e-01 6.697554224269032375e+01
8.020000000000000462e-01 6.702884759390389036e+01
8.030000000000000471e-01 6.708220995116121799e+01
8.040000000000000480e-01 6.713562945329547915e+01
8.050000000000000488e-01 6.718910623873225063e+01
8.060000000000000497e-01 6.724264044548993979e+01
8.070000000000000506e-01 6.729623221118191623e+01
8.080000000000000515e-01 6.734988167301870021e+01
8.090000000000000524e-01 6.740358896780787745e+01
8.100000000000000533e-01 6.745735423195748126e+01
8.110000000000000542e-01 6.751117760147636204e+01
8.120000000000000551e-01 6.756505921197614839e+01
8.130000000000000560e-01 6.761899919867312292e+01
8.140000000000000568e-01 6.767299769638916018e+01
8.150000000000000577e-01 6.772705483955348882e+01
8.160000000000000586e-01 6.778117076220428316e+01
8.170000000000000595e-01 6.783534559799039698e+01
8.180000000000000604e-01 6.788957948017230137e+01
8.190000000000000613e-01 6.794387254162427325e+01
8.200000000000000622e-01 6.799822491483539011e+01
8.210000000000000631e-01 6.805263673191058160e+01
8.220000000000000639e-01 6.810710812457381280e+01
8.230000000000000648e-01 6.816163922416762944e+01
8.240000000000000657e-01 6.821623016165574427e+01
8.250000000000000666e-01 6.827088106762406028e+01
8.260000000000000675e-01 6.832559207228234754e+01
8.270000000000000684e-01 6.838036330546529484e+01
8.280000000000000693e-01 6.843519489663461286e+01
8.290000000000000702e-01 6.849008697488005737e+01
8.300000000000000711e-01 6.854503966892042399e+01
8.310000000000000719e-01 6.860005310710593562e+01
8.320000000000000728e-01 6.865512741741909508e+01
8.329999999999999627e-01 6.871026272747559460e+01
8.339999999999999636e-01 6.876545916452715801e+01
8.349999999999999645e-01 6.882071685546114281e+01
8.359999999999999654e-01 6.887603592680292763e+01
8.369999999999999662e-01 6.893141650471761750e+01
8.379999999999999671e-01 6.898685871501075439e+01
8.389999999999999680e-01 6.904236268312959623e+01
8.399999999999999689e-01 6.909792853416499270e+01
8.409999999999999698e-01 6.915355639285235156e+01
8.419999999999999707e-01 6.920924638357337244e+01
8.429999999999999716e-01 6.926499863035670046e+01
8.439999999999999725e-01 6.932081325688000106e+01
8.449999999999999734e-01 6.937669038647052844e+01
8.459999999999999742e-01 6.943263014210756978e+01
8.469999999999999751e-01 6.948863264642253057e+01
8.479999999999999760e-01 6.954469802170089565e+01
8.489999999999999769e-01 6.960082638988319559e+01
8.499999999999999778e-01 6.965701787256676880e+01
8.509999999999999787e-01 6.971327259100638685e+01
8.519999999999999796e-01 6.976959066611649973e+01
8.529999999999999805e-01 6.982597221847137803e+01
8.539999999999999813e-01 6.988241736830701711e+01
8.549999999999999822e-01 6.993892623552233090e+01
8.559999999999999831e-01 6.999549893968060132e+01
8.569999999999999840e-01 7.005213560001030260e+01
8.579999999999999849e-01 7.010883633540612436e+01
8.589999999999999858e-01 7.016560126443121703e+01
8.599999999999999867e-01 7.022243050531756126e+01
8.609999999999999876e-01 7.027932417596736059e+01
8.619999999999999885e-01 7.033628239395446258e+01
8.629999999999999893e-01 7.039330527652541036e+01
8.639999999999999902e-01 7.045039294060069324e+01
8.649999999999999911e-01 7.050754550277582666e+01
8.659999999999999920e-01 7.056476307932288705e+01
8.669999999999999929e-01 7.062204578619136441e+01
8.679999999999999938e-01 7.067939373900929922e+01
8.689999999999999947e-01 7.073680705308481720e+01
8.699999999999999956e-01 7.079428584340675457e+01
8.709999999999999964e-01 7.085183022464693181e+01
8.719999999999999973e-01 7.090944031115938628e+01
8.729999999999999982e-01 7.096711621698386807e+01
8.739999999999999991e-01 7.102485805584493050e+01
8.750000000000000000e-01 7.108266594115451653e+01
8.760000000000000009e-01 7.114053998601241346e+01
8.770000000000000018e-01 7.119848030320702037e+01
8.780000000000000027e-01 7.125648700521767864e+01
8.790000000000000036e-01 7.131456020421438780e+01
8.800000000000000044e-01 7.137270001206039183e+01
8.810000000000000053e-01 7.143090654031198028e+01
8.820000000000000062e-01 7.148917990022033564e+01
8.830000000000000071e-01 7.154752020273198809e+01
8.840000000000000080e-01 7.160592755849100399e+01
8.850000000000000089e-01 7.166440207783901428e+01
8.860000000000000098e-01 7.172294387081700506e+01
8.870000000000000107e-01 7.178155304716571550e+01
8.880000000000000115e-01 7.184022971632748522e+01
8.890000000000000124e-01 7.189897398744679435e+01
8.900000000000000133e-01 7.195778596937140037e+01
8.910000000000000142e-01 7.201666577065375918e+01
8.920000000000000151e-01 7.207561349955130936e+01
8.930000000000000160e-01 7.213462926402849007e+01
8.940000000000000169e-01 7.219371317175719582e+01
8.950000000000000178e-01 7.225286533011797019e+01
8.960000000000000187e-01 7.231208584620094371e+01
8.970000000000000195e-01 7.237137482680691392e+01
8.980000000000000204e-01 7.243073237844819801e+01
8.990000000000000213e-01 7.249015860735045180e+01
9.000000000000000222e-01 7.254965361945272662e+01
9.010000000000000231e-01 7.260921752040869137e+01
9.020000000000000240e-01 7.266885041558802527e+01
9.030000000000000249e-01 7.272855241007715676e+01
9.040000000000000258e-01 7.278832360868042883e+01
9.050000000000000266e-01 7.284816411592061058e+01
9.060000000000000275e-01 7.290807403604077308e+01
9.070000000000000284e-01 7.296805347300414724e+01
9.080000000000000293e-01 7.302810253049642597e+01
9.090000000000000302e-01 7.308822131192519578e+01
9.100000000000000311e-01 7.314840992042249468e+01
9.110000000000000320e-01 7.320866845884461327e+01
9.120000000000000329e-01 7.326899702977340212e+01
9.130000000000000338e-01 7.332939573551794865e+01
9.140000000000000346e-01 7.338986467811389502e+01
9.150000000000000355e-01 7.345040395932619504e+01
9.160000000000000364e-01 7.351101368064880148e+01
9.170000000000000373e-01 7.357169394330634304e+01
9.180000000000000382e-01 7.363244484825457903e+01
9.190000000000000391e-01 7.369326649618167835e+01
9.200000000000000400e-01 7.375415898750887322e+01
9.210000000000000409e-01 7.381512242239153920e+01
9.220000000000000417e-01 7.387615690072013308e+01
9.230000000000000426e-01 7.393726252212101713e+01
9.240000000000000435e-01 7.399843938595759596e+01
9.250000000000000444e-01 7.405968759133102708e+01
9.260000000000000453e-01 7.412100723708061878e+01
9.270000000000000462e-01 7.418239842178613230e+01
9.280000000000000471e-01 7.424386124376741236e+01
9.290000000000000480e-01 7.430539580108532505e+01
9.300000000000000488e-01 7.436700219154363367e+01
9.310000000000000497e-01 7.442868051268894192e+01
9.320000000000000506e-01 7.449043086181188755e+01
9.330000000000000515e-01 7.455225333594830772e+01
9.340000000000000524e-01 7.461414803187895473e+01
9.350000000000000533e-01 7.467611504613276452e+01
9.360000000000000542e-01 7.473815447498458298e+01
9.370000000000000551e-01 7.480026641445869018e+01
9.380000000000000560e-01 7.486245096032848778e+01
9.390000000000000568e-01 7.492470820811672638e+01
9.400000000000000577e-01 7.498703825309848980e+01
9.410000000000000586e-01 7.504944119029917715e+01
9.420000000000000595e-01 7.511191711449777131e+01
9.430000000000000604e-01 7.517446612022666841e+01
9.440000000000000613e-01 7.523708830177227469e+01
9.450000000000000622e-01 7.529978375317602968e+01
9.460000000000000631e-01 7.536255256823611148e+01
9.470000000000000639e-01 7.542539484050658416e+01
9.480000000000000648e-01 7.548831066329989881e+01
9.490000000000000657e-01 7.555130012968652409e+01
9.500000000000000666e-01 7.561436333249605468e+01
9.510000000000000675e-01 7.567750036431885974e+01
9.520000000000000684e-01 7.574071131750540076e+01
9.530000000000000693e-01 7.580399628416861901e+01
9.540000000000000702e-01 7.586735535618279869e+01
9.550000000000000711e-01 7.593078862518680694e+01
9.560000000000000719e-01 7.599429618258284336e+01
9.570000000000000728e-01 7.605787811953797473e+01
9.580000000000000737e-01 7.612153452698535716e+01
9.590000000000000746e-01 7.618526549562406558e+01
9.599999999999999645e-01 7.624907111592082742e+01
9.609999999999999654e-01 7.631295147811027846e+01
9.619999999999999662e-01 7.637690667219561647e+01
9.629999999999999671e-01 7.644093678794948232e+01
9.639999999999999680e-01 7.650504191491555162e+01
9.649999999999999689e-01 7.656922214240762514e+01
9.659999999999999698e-01 7.663347755951218687e+01
9.669999999999999707e-01 7.669780825508763655e+01
9.679999999999999716e-01 7.676221431776610871e+01
9.689999999999999725e-01 7.682669583595372842e+01
9.699999999999999734e-01 7.689125289783140715e+01
9.709999999999999742e-01 7.695588559135572382e+01
9.719999999999999751e-01 7.702059400425980584e+01
9.729999999999999760e-01 7.708537822405332918e+01
9.739999999999999769e-01 7.715023833802399622e+01
9.749999999999999778e-01 7.721517443323821794e+01
9.759999999999999787e-01 7.728018659654176759e+01
9.769999999999999796e-01 7.734527491455969539e+01
9.779999999999999805e-01 7.741043947369880129e+01
9.789999999999999813e-01 7.747568036014627069e+01
9.799999999999999822e-01 7.754099765987237447e+01
9.809999999999999831e-01 7.760639145862958799e+01
9.819999999999999840e-01 7.767186184195429632e+01
9.829999999999999849e-01 7.773740889516659536e+01
9.839999999999999858e-01 7.780303270337248023e+01
9.849999999999999867e-01 7.786873335146333375e+01
9.859999999999999876e-01 7.793451092411632430e+01
9.869999999999999885e-01 7.800036550579628170e+01
9.879999999999999893e-01 7.806629718075555502e+01
9.889999999999999902e-01 7.813230603303509270e+01
9.899999999999999911e-01 7.819839214646506775e+01
9.909999999999999920e-01 7.826455560466524730e+01
9.919999999999999929e-01 7.833079649104621467e+01
9.929999999999999938e-01 7.839711488880928414e+01
9.939999999999999947e-01 7.846351088094800730e+01
9.949999999999999956e-01 7.852998455024848568e+01
9.959999999999999964e-01 7.859653597928979707e+01
9.969999999999999973e-01 7.866316525044530295e+01
9.979999999999999982e-01 7.872987244588227895e+01
9.989999999999999991e-01 7.879665764756367707e+01
1.000000000000000000e+00 7.886352093724840984e+01
