0.000000000000000000e+00 0.000000000000000000e+00
1.000000000000000021e-03 8.458532360462525101e-01
2.000000000000000042e-03 1.481086558339462789e+00
3.000000000000000062e-03 2.055458991116248413e+00
4.000000000000000083e-03 2.591672934400866879e+00
5.000000000000000104e-03 3.099820020780971852e+00
6.000000000000000125e-03 3.585631088698032709e+00
7.000000000000000146e-03 4.052806756062165228e+00
8.000000000000000167e-03 4.503937111599410237e+00
9.000000000000001055e-03 4.940938499915341175e+00
1.000000000000000021e-02 5.365287658817975647e+00
1.099999999999999936e-02 5.778158532163126360e+00
1.200000000000000025e-02 6.180507572498497026e+00
1.300000000000000114e-02 6.573129694880832652e+00
1.400000000000000029e-02 6.956696508553768865e+00
1.499999999999999944e-02 7.331783331776496659e+00
1.600000000000000033e-02 7.698888825415011183e+00
1.700000000000000122e-02 8.058449607523153091e+00
1.800000000000000211e-02 8.410851358308130798e+00
1.899999999999999953e-02 8.756437410870942628e+00
2.000000000000000042e-02 9.095515502362362170e+00
2.100000000000000130e-02 9.428363153896723858e+00
2.199999999999999872e-02 9.755232011310154050e+00
2.299999999999999961e-02 1.007635138671514596e+01
2.400000000000000050e-02 1.039193117718305182e+01
2.500000000000000139e-02 1.070216429212031706e+01
2.600000000000000228e-02 1.100722868886593808e+01
2.699999999999999969e-02 1.130728909275126348e+01
2.800000000000000058e-02 1.160249846069915414e+01
2.900000000000000147e-02 1.189299923462357178e+01
2.999999999999999889e-02 1.217892442120783159e+01
3.099999999999999978e-02 1.246039852724392638e+01
3.200000000000000067e-02 1.273753837400872690e+01
3.300000000000000155e-02 1.301045380970859533e+01
3.400000000000000244e-02 1.327924833553224815e+01
3.500000000000000333e-02 1.354401965808616914e+01
3.600000000000000422e-02 1.380486017877963434e+01
3.699999999999999817e-02 1.406185742895247159e+01
3.799999999999999906e-02 1.431509445810283765e+01
3.899999999999999994e-02 1.456465018140358403e+01
4.000000000000000083e-02 1.481059969173810842e+01
4.100000000000000172e-02 1.505301454069781286e+01
4.200000000000000261e-02 1.529196299233024980e+01
4.300000000000000350e-02 1.552751025288326403e+01
4.399999999999999745e-02 1.575971867933612103e+01
4.499999999999999833e-02 1.598864796912639896e+01
4.599999999999999922e-02 1.621435533315971611e+01
4.700000000000000011e-02 1.643689565391615304e+01
4.800000000000000100e-02 1.665632163023528634e+01
4.900000000000000189e-02 1.687268391016388591e+01
5.000000000000000278e-02 1.708603121308023276e+01
5.100000000000000366e-02 1.729641044216367263e+01
5.200000000000000455e-02 1.750386678815192454e+01
5.299999999999999850e-02 1.770844382522000515e+01
5.399999999999999939e-02 1.791018359972035512e+01
5.500000000000000028e-02 1.810912671244148697e+01
5.600000000000000117e-02 1.830531239497085494e+01
5.700000000000000205e-02 1.849877858068520453e+01
5.800000000000000294e-02 1.868956197083630499e+01
5.900000000000000383e-02 1.887769809615196692e+01
5.999999999999999778e-02 1.906322137432956154e+01
6.099999999999999867e-02 1.924616516376154252e+01
6.199999999999999956e-02 1.942656181379935276e+01
6.300000000000000044e-02 1.960444271183237319e+01
6.400000000000000133e-02 1.977983832743247916e+01
6.500000000000000222e-02 1.995277825379124792e+01
6.600000000000000311e-02 2.012329124665605917e+01
6.700000000000000400e-02 2.029140526095267560e+01
6.800000000000000488e-02 2.045714748526511073e+01
6.900000000000000577e-02 2.062054437432865939e+01
7.000000000000000666e-02 2.078162167967847296e+01
7.100000000000000755e-02 2.094040447858392540e+01
7.200000000000000844e-02 2.109691720138800264e+01
7.299999999999999545e-02 2.125118365736127402e+01
7.399999999999999634e-02 2.140322705917077073e+01
7.499999999999999722e-02 2.155307004605628762e+01
7.599999999999999811e-02 2.170073470579909269e+01
7.699999999999999900e-02 2.184624259556152026e+01
7.799999999999999989e-02 2.198961476166962470e+01
7.900000000000000078e-02 2.213087175840588472e+01
8.000000000000000167e-02 2.227003366587360134e+01
8.100000000000000255e-02 2.240712010699017043e+01
8.200000000000000344e-02 2.254215026366233587e+01
8.300000000000000433e-02 2.267514289219241519e+01
8.400000000000000522e-02 2.280611633796117133e+01
8.500000000000000611e-02 2.293508854942977493e+01
8.600000000000000699e-02 2.306207709150016782e+01
8.700000000000000788e-02 2.318709915827065160e+01
8.799999999999999489e-02 2.331017158522072208e+01
8.899999999999999578e-02 2.343131086085736570e+01
8.999999999999999667e-02 2.355053313785209923e+01
9.099999999999999756e-02 2.366785424369703250e+01
9.199999999999999845e-02 2.378328969090556910e+01
9.299999999999999933e-02 2.389685468678230151e+01
9.400000000000000022e-02 2.400856414278466744e+01
9.500000000000000111e-02 2.411843268349788261e+01
9.600000000000000200e-02 2.422647465524292443e+01
9.700000000000000289e-02 2.433270413433647406e+01
9.800000000000000377e-02 2.443713493502043121e+01
9.900000000000000466e-02 2.453978061707743308e+01
1.000000000000000056e-01 2.464065449314797362e+01
1.010000000000000064e-01 2.473976963576384591e+01
1.020000000000000073e-01 2.483713888411158166e+01
1.030000000000000082e-01 2.493277485053883780e+01
1.040000000000000091e-01 2.502668992681608273e+01
1.049999999999999961e-01 2.511889629016501857e+01
1.059999999999999970e-01 2.520940590906457146e+01
1.069999999999999979e-01 2.529823054884491285e+01
1.079999999999999988e-01 2.538538177707899379e+01
1.089999999999999997e-01 2.547087096878094314e+01
1.100000000000000006e-01 2.555470931141990221e+01
1.110000000000000014e-01 2.563690780975747785e+01
1.120000000000000023e-01 2.571747729051677567e+01
1.130000000000000032e-01 2.579642840689015415e+01
1.140000000000000041e-01 2.587377164289273423e+01
1.150000000000000050e-01 2.594951731756841085e+01
1.160000000000000059e-01 2.602367558905446643e+01
1.170000000000000068e-01 2.609625645851080478e+01
1.180000000000000077e-01 2.616726977391958542e+01
1.190000000000000085e-01 2.623672523376031762e+01
1.199999999999999956e-01 2.630463239056595270e+01
1.209999999999999964e-01 2.637100065436438001e+01
1.219999999999999973e-01 2.643583929601028615e+01
1.229999999999999982e-01 2.649915745041161586e+01
1.239999999999999991e-01 2.656096411965475212e+01
1.250000000000000000e-01 2.662126817603266105e+01
1.260000000000000009e-01 2.668007836497949370e+01
1.270000000000000018e-01 2.673740330791537190e+01
1.280000000000000027e-01 2.679325150500497443e+01
1.290000000000000036e-01 2.684763133783286904e+01
1.300000000000000044e-01 2.690055107199915341e+01
1.310000000000000053e-01 2.695201885963796684e+01
1.320000000000000062e-01 2.700204274186213382e+01
1.330000000000000071e-01 2.705063065113628085e+01
1.340000000000000080e-01 2.709779041358149954e+01
1.350000000000000089e-01 2.714352975121359535e+01
1.360000000000000098e-01 2.718785628411759703e+01
1.370000000000000107e-01 2.723077753256079703e+01
1.380000000000000115e-01 2.727230091904626263e+01
1.390000000000000124e-01 2.731243377030935804e+01
1.400000000000000133e-01 2.735118331925881918e+01
1.410000000000000142e-01 2.738855670686459476e+01
1.420000000000000151e-01 2.742456098399416931e+01
1.430000000000000160e-01 2.745920311319925133e+01
1.440000000000000169e-01 2.749248997045429377e+01
1.449999999999999900e-01 2.752442834684875095e+01
1.459999999999999909e-01 2.755502495023448972e+01
1.469999999999999918e-01 2.758428640682967625e+01
1.479999999999999927e-01 2.761221926278101790e+01
1.489999999999999936e-01 2.763882998568523064e+01
1.499999999999999944e-01 2.766412496607136617e+01
1.509999999999999953e-01 2.768811051884539509e+01
1.519999999999999962e-01 2.771079288469766055e+01
1.529999999999999971e-01 2.773217823147518857e+01
1.539999999999999980e-01 2.775227265551934863e+01
1.549999999999999989e-01 2.777108218297021125e+01
1.559999999999999998e-01 2.778861277103875693e+01
1.570000000000000007e-01 2.780487030924759040e+01
1.580000000000000016e-01 2.781986062064152065e+01
1.590000000000000024e-01 2.783358946296867131e+01
1.600000000000000033e-01 2.784606252983316210e+01
1.610000000000000042e-01 2.785728545182010052e+01
1.620000000000000051e-01 2.786726379759381800e+01
1.630000000000000060e-01 2.787600307497018548e+01
1.640000000000000069e-01 2.788350873196364077e+01
1.650000000000000078e-01 2.788978615780975190e+01
1.660000000000000087e-01 2.789484068396415140e+01
1.670000000000000095e-01 2.789867758507826068e+01
1.680000000000000104e-01 2.790130207995268563e+01
1.690000000000000113e-01 2.790271933246899749e+01
1.700000000000000122e-01 2.790293445250023652e+01
1.710000000000000131e-01 2.790195249680102307e+01
1.720000000000000140e-01 2.789977846987768828e+01
1.730000000000000149e-01 2.789641732483906722e+01
1.740000000000000158e-01 2.789187396422840592e+01
1.750000000000000167e-01 2.788615324083712110e+01
1.759999999999999898e-01 2.787925995850063643e+01
1.769999999999999907e-01 2.787119887287692421e+01
1.779999999999999916e-01 2.786197469220829248e+01
1.789999999999999925e-01 2.785159207806680115e+01
1.799999999999999933e-01 2.784005564608362704e+01
1.809999999999999942e-01 2.782736996666312734e+01
1.819999999999999951e-01 2.781353956568168684e+01
1.829999999999999960e-01 2.779856892517190659e+01
1.839999999999999969e-01 2.778246248399250007e+01
1.849999999999999978e-01 2.776522463848440481e+01
1.859999999999999987e-01 2.774685974311301351e+01
1.869999999999999996e-01 2.772737211109771494e+01
1.880000000000000004e-01 2.770676601502800551e+01
1.890000000000000013e-01 2.768504568746754657e+01
1.900000000000000022e-01 2.766221532154575513e+01
1.910000000000000031e-01 2.763827907153757835e+01
1.920000000000000040e-01 2.761324105343172874e+01
1.930000000000000049e-01 2.758710534548745130e+01
1.940000000000000058e-01 2.755987598878050449e+01
1.950000000000000067e-01 2.753155698773826288e+01
1.960000000000000075e-01 2.750215231066428601e+01
1.970000000000000084e-01 2.747166589025286498e+01
1.980000000000000093e-01 2.744010162409337639e+01
1.990000000000000102e-01 2.740746337516510067e+01
2.000000000000000111e-01 2.737375497232247312e+01
2.010000000000000120e-01 2.733898021077109419e+01
2.020000000000000129e-01 2.730314285253464135e+01
2.030000000000000138e-01 2.726624662691308387e+01
2.040000000000000147e-01 2.722829523093215442e+01
2.050000000000000155e-01 2.718929232978465649e+01
2.060000000000000164e-01 2.714924155726314225e+01
2.070000000000000173e-01 2.710814651618506943e+01
2.080000000000000182e-01 2.706601077880971928e+01
2.089999999999999913e-01 2.702283788724786362e+01
2.099999999999999922e-01 2.697863135386343458e+01
2.109999999999999931e-01 2.693339466166857932e+01
2.119999999999999940e-01 2.688713126471088444e+01
2.129999999999999949e-01 2.683984458845425536e+01
2.139999999999999958e-01 2.679153803015254098e+01
2.149999999999999967e-01 2.674221495921664982e+01
2.159999999999999976e-01 2.669187871757527830e+01
2.169999999999999984e-01 2.664053262002918387e+01
2.179999999999999993e-01 2.658817995459908801e+01
2.190000000000000002e-01 2.653482398286782740e+01
2.200000000000000011e-01 2.648046794031625595e+01
2.210000000000000020e-01 2.642511503665356543e+01
2.220000000000000029e-01 2.636876845614165177e+01
2.230000000000000038e-01 2.631143135791423049e+01
2.240000000000000047e-01 2.625310687629024997e+01
2.250000000000000056e-01 2.619379812108214978e+01
2.260000000000000064e-01 2.613350817789874370e+01
2.270000000000000073e-01 2.607224010844317519e+01
2.280000000000000082e-01 2.600999695080575691e+01
2.290000000000000091e-01 2.594678171975197856e+01
2.300000000000000100e-01 2.588259740700560130e+01
2.310000000000000109e-01 2.581744698152746409e+01
2.320000000000000118e-01 2.575133338978906394e+01
2.330000000000000127e-01 2.568425955604224598e+01
2.340000000000000135e-01 2.561622838258419321e+01
2.350000000000000144e-01 2.554724275001810696e+01
2.360000000000000153e-01 2.547730551750977668e+01
2.370000000000000162e-01 2.540641952304000739e+01
2.380000000000000171e-01 2.533458758365287267e+01
2.390000000000000180e-01 2.526181249570015552e+01
2.399999999999999911e-01 2.518809703508174991e+01
2.409999999999999920e-01 2.511344395748243130e+01
2.419999999999999929e-01 2.503785599860485789e+01
2.429999999999999938e-01 2.496133587439857848e+01
2.439999999999999947e-01 2.488388628128610947e+01
2.449999999999999956e-01 2.480550989638481241e+01
2.459999999999999964e-01 2.472620937772576255e+01
2.469999999999999973e-01 2.464598736446922445e+01
2.479999999999999982e-01 2.456484647711643277e+01
2.489999999999999991e-01 2.448278931771866951e+01
2.500000000000000000e-01 2.439981847008272098e+01
2.510000000000000009e-01 2.431593649997333273e+01
2.520000000000000018e-01 2.423114595531290405e+01
2.530000000000000027e-01 2.414544936637754446e+01
2.540000000000000036e-01 2.405884924599090624e+01
2.550000000000000044e-01 2.397134808971446418e+01
2.560000000000000053e-01 2.388294837603546483e+01
2.570000000000000062e-01 2.379365256655179550e+01
2.580000000000000071e-01 2.370346310615438057e+01
2.590000000000000080e-01 2.361238242320644076e+01
2.600000000000000089e-01 2.352041292972065634e+01
2.610000000000000098e-01 2.342755702153340991e+01
2.620000000000000107e-01 2.333381707847663833e+01
2.630000000000000115e-01 2.323919546454712659e+01
2.640000000000000124e-01 2.314369452807328997e+01
2.650000000000000133e-01 2.304731660187979614e+01
2.660000000000000142e-01 2.295006400344963637e+01
2.670000000000000151e-01 2.285193903508389468e+01
2.680000000000000160e-01 2.275294398405927510e+01
2.690000000000000169e-01 2.265308112278356489e+01
2.700000000000000178e-01 2.255235270894846522e+01
2.710000000000000187e-01 2.245076098568090117e+01
2.720000000000000195e-01 2.234830818169158206e+01
2.730000000000000204e-01 2.224499651142192036e+01
2.740000000000000213e-01 2.214082817518886870e+01
2.750000000000000222e-01 2.203580535932742634e+01
2.760000000000000231e-01 2.192993023633155047e+01
2.770000000000000240e-01 2.182320496499313833e+01
2.780000000000000249e-01 2.171563169053858999e+01
2.790000000000000258e-01 2.160721254476424491e+01
2.800000000000000266e-01 2.149794964616942039e+01
2.810000000000000275e-01 2.138784510008786910e+01
2.820000000000000284e-01 2.127690099881760233e+01
2.830000000000000293e-01 2.116511942174848215e+01
2.840000000000000302e-01 2.105250243548885081e+01
2.850000000000000311e-01 2.093905209398961986e+01
2.860000000000000320e-01 2.082477043866747834e+01
2.870000000000000329e-01 2.070965949852587329e+01
2.880000000000000338e-01 2.059372129027493870e+01
2.889999999999999791e-01 2.047695781844927509e+01
2.899999999999999800e-01 2.035937107552462777e+01
2.909999999999999809e-01 2.024096304203289876e+01
2.919999999999999818e-01 2.012173568667551393e+01
2.929999999999999827e-01 2.000169096643558575e+01
2.939999999999999836e-01 1.988083082668842394e+01
2.949999999999999845e-01 1.975915720131078501e+01
2.959999999999999853e-01 1.963667201278842356e+01
2.969999999999999862e-01 1.951337717232277669e+01
2.979999999999999871e-01 1.938927457993572645e+01
2.989999999999999880e-01 1.926436612457328934e+01
2.999999999999999889e-01 1.913865368420820445e+01
3.009999999999999898e-01 1.901213912594086253e+01
3.019999999999999907e-01 1.888482430609912655e+01
3.029999999999999916e-01 1.875671107033700125e+01
3.039999999999999925e-01 1.862780125373175011e+01
3.049999999999999933e-01 1.849809668088020587e+01
3.059999999999999942e-01 1.836759916599367770e+01
3.069999999999999951e-01 1.823631051299161854e+01
3.079999999999999960e-01 1.810423251559425140e+01
3.089999999999999969e-01 1.797136695741409085e+01
3.099999999999999978e-01 1.783771561204623879e+01
3.109999999999999987e-01 1.770328024315765703e+01
3.119999999999999996e-01 1.756806260457517510e+01
3.130000000000000004e-01 1.743206444037276626e+01
3.140000000000000013e-01 1.729528748495757640e+01
3.150000000000000022e-01 1.715773346315472025e+01
3.160000000000000031e-01 1.701940409029146295e+01
3.170000000000000040e-01 1.688030107228008703e+01
3.180000000000000049e-01 1.674042610569994949e+01
3.190000000000000058e-01 1.659978087787832024e+01
3.200000000000000067e-01 1.645836706697070539e+01
3.210000000000000075e-01 1.631618634203971041e+01
3.220000000000000084e-01 1.617324036313326729e+01
3.230000000000000093e-01 1.602953078136197718e+01
3.240000000000000102e-01 1.588505923897536576e+01
3.250000000000000111e-01 1.573982736943732696e+01
3.260000000000000120e-01 1.559383679750079033e+01
3.270000000000000129e-01 1.544708913928140248e+01
3.280000000000000138e-01 1.529958600233031518e+01
3.290000000000000147e-01 1.515132898570631426e+01
3.300000000000000155e-01 1.500231968004698047e+01
3.310000000000000164e-01 1.485255966763907232e+01
3.320000000000000173e-01 1.470205052248801536e+01
3.330000000000000182e-01 1.455079381038683550e+01
3.340000000000000191e-01 1.439879108898413129e+01
3.350000000000000200e-01 1.424604390785116870e+01
3.360000000000000209e-01 1.409255380854856199e+01
3.370000000000000218e-01 1.393832232469186394e+01
3.380000000000000226e-01 1.378335098201657161e+01
3.390000000000000235e-01 1.362764129844254768e+01
3.400000000000000244e-01 1.347119478413737248e+01
3.410000000000000253e-01 1.331401294157923232e+01
3.420000000000000262e-01 1.315609726561919679e+01
3.430000000000000271e-01 1.299744924354255637e+01
3.440000000000000280e-01 1.283807035512963424e+01
3.450000000000000289e-01 1.267796207271592834e+01
3.460000000000000298e-01 1.251712586125163185e+01
3.470000000000000306e-01 1.235556317836022799e+01
3.480000000000000315e-01 1.219327547439697490e+01
3.490000000000000324e-01 1.203026419250622325e+01
3.500000000000000333e-01 1.186653076867837164e+01
3.510000000000000342e-01 1.170207663180629964e+01
3.519999999999999796e-01 1.153690320374084699e+01
3.529999999999999805e-01 1.137101189934621814e+01
3.539999999999999813e-01 1.120440412655404572e+01
3.549999999999999822e-01 1.103708128641788555e+01
3.559999999999999831e-01 1.086904477316617523e+01
3.569999999999999840e-01 1.070029597425510559e+01
3.579999999999999849e-01 1.053083627042097703e+01
3.589999999999999858e-01 1.036066703573166592e+01
3.599999999999999867e-01 1.018978963763806433e+01
3.609999999999999876e-01 1.001820543702451616e+01
3.619999999999999885e-01 9.845915788258741586e+00
3.629999999999999893e-01 9.672922039241692360e+00
3.639999999999999902e-01 9.499225531456481519e+00
3.649999999999999911e-01 9.324827600016774909e+00
3.659999999999999920e-01 9.149729573715086772e+00
3.669999999999999929e-01 8.973932775070009527e+00
3.679999999999999938e-01 8.797438520373548343e+00
3.689999999999999947e-01 8.620248119737439652e+00
3.699999999999999956e-01 8.442362877139487409e+00
3.709999999999999964e-01 8.263784090468966781e+00
3.719999999999999973e-01 8.084513051571860842e+00
3.729999999999999982e-01 7.904551046295637207e+00
3.739999999999999991e-01 7.723899354533326544e+00
3.750000000000000000e-01 7.542559250267528270e+00
3.760000000000000009e-01 7.360532001613586672e+00
3.770000000000000018e-01 7.177818870862632039e+00
3.780000000000000027e-01 6.994421114523931671e+00
3.790000000000000036e-01 6.810339983367230232e+00
3.800000000000000044e-01 6.625576722464069590e+00
3.810000000000000053e-01 6.440132571229348457e+00
3.820000000000000062e-01 6.254008763461930798e+00
3.830000000000000071e-01 6.067206527385115677e+00
3.840000000000000080e-01 5.879727085686758947e+00
3.850000000000000089e-01 5.691571655558852250e+00
3.860000000000000098e-01 5.502741448736731655e+00
3.870000000000000107e-01 5.313237671538026952e+00
3.880000000000000115e-01 5.123061524901120656e+00
3.890000000000000124e-01 4.932214204423211790e+00
3.900000000000000133e-01 4.740696900398202018e+00
3.910000000000000142e-01 4.548510797853816179e+00
3.920000000000000151e-01 4.355657076589023902e+00
3.930000000000000160e-01 4.162136911210218670e+00
3.940000000000000169e-01 3.967951471167896038e+00
3.950000000000000178e-01 3.773101920792627961e+00
3.960000000000000187e-01 3.577589419330371001e+00
3.970000000000000195e-01 3.381415120978004563e+00
3.980000000000000204e-01 3.184580174918269613e+00
3.990000000000000213e-01 2.987085725354361898e+00
4.000000000000000222e-01 2.788932911544041549e+00
4.010000000000000231e-01 2.590122867833991371e+00
4.020000000000000240e-01 2.390656723693070695e+00
4.030000000000000249e-01 2.190535603745959126e+00
4.040000000000000258e-01 1.989760627805804649e+00
4.050000000000000266e-01 1.788332910907495243e+00
4.060000000000000275e-01 1.586253563339478312e+00
4.070000000000000284e-01 1.383523690676258244e+00
4.080000000000000293e-01 1.180144393810127923e+00
4.090000000000000302e-01 9.761167689826364402e-01
4.100000000000000311e-01 7.714419078158019083e-01
4.110000000000000320e-01 5.661208973431266500e-01
4.120000000000000329e-01 3.601548200402024946e-01
4.130000000000000338e-01 1.535447538551251156e-01
4.140000000000000346e-01 -5.370822776135719678e-02
4.150000000000000355e-01 -2.616030558261748240e-01
4.160000000000000364e-01 -4.701386657942472347e-01
4.169999999999999818e-01 -6.793139975290451993e-01
4.179999999999999827e-01 -8.891279952740727133e-01
4.189999999999999836e-01 -1.099579607623573541e+00
4.199999999999999845e-01 -1.310667787494130376e+00
4.209999999999999853e-01 -1.522391492096687227e+00
4.219999999999999862e-01 -1.734749682908176549e+00
4.229999999999999871e-01 -1.947741325644146926e+00
4.239999999999999880e-01 -2.161365390230931105e+00
4.249999999999999889e-01 -2.375620850778589421e+00
4.259999999999999898e-01 -2.590506685553798594e+00
4.269999999999999907e-01 -2.806021876953190386e+00
4.279999999999999916e-01 -3.022165411476530839e+00
4.289999999999999925e-01 -3.238936279700804111e+00
4.299999999999999933e-01 -3.456333476253875325e+00
4.309999999999999942e-01 -3.674355999788608163e+00
4.319999999999999951e-01 -3.893002852957385240e+00
4.329999999999999960e-01 -4.112273042386795474e+00
4.339999999999999969e-01 -4.332165578652046989e+00
4.349999999999999978e-01 -4.552679476252425417e+00
4.359999999999999987e-01 -4.773813753586360065e+00
4.369999999999999996e-01 -4.995567432926948825e+00
4.380000000000000004e-01 -5.217939540397478204e+00
4.390000000000000013e-01 -5.440929105947606814e+00
4.400000000000000022e-01 -5.664535163329204259e+00
4.410000000000000031e-01 -5.888756750072702495e+00
4.420000000000000040e-01 -6.113592907463710091e+00
4.430000000000000049e-01 -6.339042680519540340e+00
4.440000000000000058e-01 -6.565105117966304249e+00
4.450000000000000067e-01 -6.791779272215757501e+00
4.460000000000000075e-01 -7.019064199342800237e+00
4.470000000000000084e-01 -7.246958959062862249e+00
4.480000000000000093e-01 -7.475462614709658560e+00
4.490000000000000102e-01 -7.704574233212870382e+00
4.500000000000000111e-01 -7.934292885076352775e+00
4.510000000000000120e-01 -8.164617644356273019e+00
4.520000000000000129e-01 -8.395547588639500347e+00
4.530000000000000138e-01 -8.627081799022331410e+00
4.540000000000000147e-01 -8.859219360089085171e+00
4.550000000000000155e-01 -9.091959359891015779e+00
4.560000000000000164e-01 -9.325300889925719261e+00
4.570000000000000173e-01 -9.559243045116023296e+00
4.580000000000000182e-01 -9.793784923789802477e+00
4.590000000000000191e-01 -1.002892562765920026e+01
4.600000000000000200e-01 -1.026466426180094160e+01
4.610000000000000209e-01 -1.050099993463569703e+01
4.620000000000000218e-01 -1.073793175790878962e+01
4.630000000000000226e-01 -1.097545884667002269e+01
4.640000000000000235e-01 -1.121358031925424825e+01
4.650000000000000244e-01 -1.145229529726207396e+01
4.660000000000000253e-01 -1.169160290554069093e+01
4.670000000000000262e-01 -1.193150227216436221e+01
4.680000000000000271e-01 -1.217199252841604284e+01
4.690000000000000280e-01 -1.241307280876804242e+01
4.700000000000000289e-01 -1.265474225086392934e+01
4.710000000000000298e-01 -1.289699999549965526e+01
4.720000000000000306e-01 -1.313984518660535805e+01
4.730000000000000315e-01 -1.338327697122720394e+01
4.740000000000000324e-01 -1.362729449950926153e+01
4.750000000000000333e-01 -1.387189692467575775e+01
4.760000000000000342e-01 -1.411708340301298747e+01
4.770000000000000351e-01 -1.436285309385215925e+01
4.780000000000000360e-01 -1.460920515955141141e+01
4.790000000000000369e-01 -1.485613876547899892e+01
4.799999999999999822e-01 -1.510365307999543738e+01
4.809999999999999831e-01 -1.535174727443713927e+01
4.819999999999999840e-01 -1.560042052309884042e+01
4.829999999999999849e-01 -1.584967200321730196e+01
4.839999999999999858e-01 -1.609950089495425019e+01
4.849999999999999867e-01 -1.634990638138013708e+01
4.859999999999999876e-01 -1.660088764845736620e+01
4.869999999999999885e-01 -1.685244388502427881e+01
4.879999999999999893e-01 -1.710457428277906899e+01
4.889999999999999902e-01 -1.735727803626320664e+01
4.899999999999999911e-01 -1.761055434284637045e+01
4.909999999999999920e-01 -1.786440240270970392e+01
4.919999999999999929e-01 -1.811882141883076258e+01
4.929999999999999938e-01 -1.837381059696799923e+01
4.939999999999999947e-01 -1.862936914564470925e+01
4.949999999999999956e-01 -1.888549627613447868e+01
4.959999999999999964e-01 -1.914219120244547767e+01
4.969999999999999973e-01 -1.939945314130538634e+01
4.979999999999999982e-01 -1.965728131214671848e+01
4.989999999999999991e-01 -1.991567493709165149e+01
5.000000000000000000e-01 -2.017463324093749577e+01
5.010000000000000009e-01 -2.043415545114183018e+01
5.020000000000000018e-01 -2.069424079780819881e+01
5.030000000000000027e-01 -2.095488851367158034e+01
5.040000000000000036e-01 -2.121609783408392502e+01
5.050000000000000044e-01 -2.147786799700029903e+01
5.060000000000000053e-01 -2.174019824296437875e+01
5.070000000000000062e-01 -2.200308781509487588e+01
5.080000000000000071e-01 -2.226653595907124839e+01
5.090000000000000080e-01 -2.253054192311997994e+01
5.100000000000000089e-01 -2.279510495800130343e+01
5.110000000000000098e-01 -2.306022431699507536e+01
5.120000000000000107e-01 -2.332589925588741409e+01
5.130000000000000115e-01 -2.359212903295762587e+01
5.140000000000000124e-01 -2.385891290896445582e+01
5.150000000000000133e-01 -2.412625014713338345e+01
5.160000000000000142e-01 -2.439414001314288782e+01
5.170000000000000151e-01 -2.466258177511223337e+01
5.180000000000000160e-01 -2.493157470358772088e+01
5.190000000000000169e-01 -2.520111807153059047e+01
5.200000000000000178e-01 -2.547121115430385885e+01
5.210000000000000187e-01 -2.574185322965979950e+01
5.220000000000000195e-01 -2.601304357772747977e+01
5.230000000000000204e-01 -2.628478148100018430e+01
5.240000000000000213e-01 -2.655706622432323627e+01
5.250000000000000222e-01 -2.682989709488142438e+01
5.260000000000000231e-01 -2.710327338218721849e+01
5.270000000000000240e-01 -2.737719437806809353e+01
5.280000000000000249e-01 -2.765165937665541662e+01
5.290000000000000258e-01 -2.792666767437132336e+01
5.300000000000000266e-01 -2.820221856991813070e+01
5.310000000000000275e-01 -2.847831136426553655e+01
5.320000000000000284e-01 -2.875494536063953177e+01
5.330000000000000293e-01 -2.903211986451062288e+01
5.340000000000000302e-01 -2.930983418358245629e+01
5.350000000000000311e-01 -2.958808762778017254e+01
5.360000000000000320e-01 -2.986687950923924006e+01
5.370000000000000329e-01 -3.014620914229382365e+01
5.380000000000000338e-01 -3.042607584346641403e+01
5.390000000000000346e-01 -3.070647893145555685e+01
5.400000000000000355e-01 -3.098741772712590148e+01
5.410000000000000364e-01 -3.126889155349638827e+01
5.420000000000000373e-01 -3.155089973573016593e+01
5.430000000000000382e-01 -3.183344160112295640e+01
5.440000000000000391e-01 -3.211651647909287277e+01
5.450000000000000400e-01 -3.240012370116969009e+01
5.460000000000000409e-01 -3.268426260098402025e+01
5.470000000000000417e-01 -3.296893251425695581e+01
5.480000000000000426e-01 -3.325413277878973872e+01
5.490000000000000435e-01 -3.353986273445322297e+01
5.500000000000000444e-01 -3.382612172317752197e+01
5.510000000000000453e-01 -3.411290908894191887e+01
5.520000000000000462e-01 -3.440022417776466312e+01
5.530000000000000471e-01 -3.468806633769287373e+01
5.540000000000000480e-01 -3.497643491879260580e+01
5.550000000000000488e-01 -3.526532927313863297e+01
5.560000000000000497e-01 -3.555474875480484087e+01
5.570000000000000506e-01 -3.584469271985421557e+01
5.580000000000000515e-01 -3.613516052632922992e+01
5.590000000000000524e-01 -3.642615153424209495e+01
5.600000000000000533e-01 -3.671766510556496854e+01
5.610000000000000542e-01 -3.700970060422086050e+01
5.620000000000000551e-01 -3.730225739607345758e+01
5.630000000000000560e-01 -3.759533484891822752e+01
5.640000000000000568e-01 -3.788893233247306114e+01
5.650000000000000577e-01 -3.818304921836844557e+01
5.660000000000000586e-01 -3.847768488013881694e+01
5.670000000000000595e-01 -3.877283869321284726e+01
5.680000000000000604e-01 -3.906851003490487528e+01
5.690000000000000613e-01 -3.936469828440532126e+01
5.700000000000000622e-01 -3.966140282277196150e+01
5.710000000000000631e-01 -3.995862303292103945e+01
5.720000000000000639e-01 -4.025635829961808554e+01
5.730000000000000648e-01 -4.055460800946944033e+01
5.740000000000000657e-01 -4.085337155091309569e+01
5.750000000000000666e-01 -4.115264831421044533e+01
5.760000000000000675e-01 -4.145243769143718993e+01
5.769999999999999574e-01 -4.175273907647500238e+01
5.779999999999999583e-01 -4.205355186500280951e+01
5.789999999999999591e-01 -4.235487545448863500e+01
5.799999999999999600e-01 -4.265670924418063947e+01
5.809999999999999609e-01 -4.295905263509917660e+01
5.819999999999999618e-01 -4.326190503002818133e+01
5.829999999999999627e-01 -4.356526583350732551e+01
5.839999999999999636e-01 -4.386913445182310056e+01
5.849999999999999645e-01 -4.417351029300130705e+01
5.859999999999999654e-01 -4.447839276679874132e+01
5.869999999999999662e-01 -4.478378128469474007e+01
5.879999999999999671e-01 -4.508967525988395408e+01
5.889999999999999680e-01 -4.539607410726753045e+01
5.899999999999999689e-01 -4.570297724344590762e+01
5.909999999999999698e-01 -4.601038408671055180e+01
5.919999999999999707e-01 -4.631829405703609126e+01
5.929999999999999716e-01 -4.662670657607299773e+01
5.939999999999999725e-01 -4.693562106713937965e+01
5.949999999999999734e-01 -4.724503695521362090e+01
5.959999999999999742e-01 -4.755495366692670700e+01
5.969999999999999751e-01 -4.786537063055452990e+01
5.979999999999999760e-01 -4.817628727601069727e+01
5.989999999999999769e-01 -4.848770303483846789e+01
5.999999999999999778e-01 -4.879961734020395880e+01
6.009999999999999787e-01 -4.911202962688845020e+01
6.019999999999999796e-01 -4.942493933128105255e+01
6.029999999999999805e-01 -4.973834589137148043e+01
6.039999999999999813e-01 -5.005224874674280500e+01
6.049999999999999822e-01 -5.036664733856426324e+01
6.059999999999999831e-01 -5.068154110958397496e+01
6.069999999999999840e-01 -5.099692950412215708e+01
6.079999999999999849e-01 -5.131281196806367717e+01
6.089999999999999858e-01 -5.162918794885123219e+01
6.099999999999999867e-01 -5.194605689547846339e+01
6.109999999999999876e-01 -5.226341825848270162e+01
6.119999999999999885e-01 -5.258127148993839484e+01
6.129999999999999893e-01 -5.289961604345004531e+01
6.139999999999999902e-01 -5.321845137414557314e+01
6.149999999999999911e-01 -5.353777693866958742e+01
6.159999999999999920e-01 -5.385759219517621688e+01
6.169999999999999929e-01 -5.417789660332301338e+01
6.179999999999999938e-01 -5.449868962426391761e+01
6.189999999999999947e-01 -5.481997072064279308e+01
6.199999999999999956e-01 -5.514173935658677550e+01
6.209999999999999964e-01 -5.546399499769999153e+01
6.219999999999999973e-01 -5.578673711105683708e+01
6.229999999999999982e-01 -5.610996516519533373e+01
6.239999999999999991e-01 -5.643367863011150121e+01
6.250000000000000000e-01 -5.675787697725189673e+01
6.260000000000000009e-01 -5.708255967950814380e+01
6.270000000000000018e-01 -5.740772621121038100e+01
6.280000000000000027e-01 -5.773337604812088841e+01
6.290000000000000036e-01 -5.805950866742796990e+01
6.300000000000000044e-01 -5.838612354773973578e+01
6.310000000000000053e-01 -5.871322016907782881e+01
6.320000000000000062e-01 -5.904079801287181084e+01
6.330000000000000071e-01 -5.936885656195246952e+01
6.340000000000000080e-01 -5.969739530054609844e+01
6.350000000000000089e-01 -6.002641371426847883e+01
6.360000000000000098e-01 -6.035591129011888967e+01
6.370000000000000107e-01 -6.068588751647409651e+01
6.380000000000000115e-01 -6.101634188308278794e+01
6.390000000000000124e-01 -6.134727388105908830e+01
6.400000000000000133e-01 -6.167868300287729255e+01
6.410000000000000142e-01 -6.201056874236593330e+01
6.420000000000000151e-01 -6.234293059470194009e+01
6.430000000000000160e-01 -6.267576805640484849e+01
6.440000000000000169e-01 -6.300908062533117260e+01
6.450000000000000178e-01 -6.334286780066903333e+01
6.460000000000000187e-01 -6.367712908293208329e+01
6.470000000000000195e-01 -6.401186397395404981e+01
6.480000000000000204e-01 -6.434707197688349822e+01
6.490000000000000213e-01 -6.468275259617755069e+01
6.500000000000000222e-01 -6.501890533759737423e+01
6.510000000000000231e-01 -6.535552970820209850e+01
6.520000000000000240e-01 -6.569262521634323093e+01
6.530000000000000249e-01 -6.603019137165975394e+01
6.540000000000000258e-01 -6.636822768507248327e+01
6.550000000000000266e-01 -6.670673366877882415e+01
6.560000000000000275e-01 -6.704570883624714384e+01
6.570000000000000284e-01 -6.738515270221199671e+01
6.580000000000000293e-01 -6.772506478266861052e+01
6.590000000000000302e-01 -6.806544459486748622e+01
6.600000000000000311e-01 -6.840629165730958050e+01
6.610000000000000320e-01 -6.874760548974086305e+01
6.620000000000000329e-01 -6.908938561314732851e+01
6.630000000000000338e-01 -6.943163154974989482e+01
6.640000000000000346e-01 -6.977434282299910251e+01
6.650000000000000355e-01 -7.011751895757048203e+01
6.660000000000000364e-01 -7.046115947935911095e+01
6.670000000000000373e-01 -7.080526391547488174e+01
6.680000000000000382e-01 -7.114983179423747117e+01
6.690000000000000391e-01 -7.149486264517135226e+01
6.700000000000000400e-01 -7.184035599900130364e+01
6.710000000000000409e-01 -7.218631138764642685e+01
6.720000000000000417e-01 -7.253272834421670723e+01
6.730000000000000426e-01 -7.287960640300724435e+01
6.740000000000000435e-01 -7.322694509949380404e+01
6.750000000000000444e-01 -7.357474397032783031e+01
6.760000000000000453e-01 -7.392300255333208270e+01
6.770000000000000462e-01 -7.427172038749549188e+01
6.780000000000000471e-01 -7.462089701296878275e+01
6.790000000000000480e-01 -7.497053197105931588e+01
6.800000000000000488e-01 -7.532062480422732165e+01
6.810000000000000497e-01 -7.567117505608061379e+01
6.820000000000000506e-01 -7.602218227136982875e+01
6.830000000000000515e-01 -7.637364599598465986e+01
6.840000000000000524e-01 -7.672556577694855662e+01
6.850000000000000533e-01 -7.707794116241441884e+01
6.860000000000000542e-01 -7.743077170166058920e+01
6.870000000000000551e-01 -7.778405694508549573e+01
6.880000000000000560e-01 -7.813779644420411330e+01
6.890000000000000568e-01 -7.849198975164277670e+01
6.900000000000000577e-01 -7.884663642113544313e+01
6.910000000000000586e-01 -7.920173600751884635e+01
6.920000000000000595e-01 -7.955728806672819076e+01
6.930000000000000604e-01 -7.991329215579344236e+01
6.940000000000000613e-01 -8.026974783283404236e+01
6.950000000000000622e-01 -8.062665465705541123e+01
6.960000000000000631e-01 -8.098401218874417395e+01
6.970000000000000639e-01 -8.134181998926462143e+01
6.980000000000000648e-01 -8.170007762105345250e+01
6.990000000000000657e-01 -8.205878464761671864e+01
7.000000000000000666e-01 -8.241794063352486432e+01
7.010000000000000675e-01 -8.277754514440903222e+01
7.020000000000000684e-01 -8.313759774695661520e+01
7.030000000000000693e-01 -8.349809800890723466e+01
7.039999999999999591e-01 -8.385904549904905991e+01
7.049999999999999600e-01 -8.422043978721417545e+01
7.059999999999999609e-01 -8.458228044427490033e+01
7.069999999999999618e-01 -8.494456704213963860e+01
7.079999999999999627e-01 -8.530729915374901395e+01
7.089999999999999636e-01 -8.567047635307194753e+01
7.099999999999999645e-01 -8.603409821510122413e+01
7.109999999999999654e-01 -8.639816431585022372e+01
7.119999999999999662e-01 -8.676267423234865817e+01
7.129999999999999671e-01 -8.712762754263884801e+01
7.139999999999999680e-01 -8.749302382577160131e+01
7.149999999999999689e-01 -8.785886266180257564e+01
7.159999999999999698e-01 -8.822514363178858332e+01
7.169999999999999707e-01 -8.859186631778327126e+01
7.179999999999999716e-01 -8.895903030283392354e+01
7.189999999999999725e-01 -8.932663517097731187e+01
7.199999999999999734e-01 -8.969468050723644126e+01
7.209999999999999742e-01 -9.006316589761587466e+01
7.219999999999999751e-01 -9.043209092909920344e+01
7.229999999999999760e-01 -9.080145518964422990e+01
7.239999999999999769e-01 -9.117125826818042356e+01
7.249999999999999778e-01 -9.154149975460414623e+01
7.259999999999999787e-01 -9.191217923977606574e+01
7.269999999999999796e-01 -9.228329631551656576e+01
7.279999999999999805e-01 -9.265485057460294627e+01
7.289999999999999813e-01 -9.302684161076540192e+01
7.299999999999999822e-01 -9.339926901868369669e+01
7.309999999999999831e-01 -9.377213239398349742e+01
7.319999999999999840e-01 -9.414543133323287805e+01
7.329999999999999849e-01 -9.451916543393866732e+01
7.339999999999999858e-01 -9.489333429454339353e+01
7.349999999999999867e-01 -9.526793751442122016e+01
7.359999999999999876e-01 -9.564297469387517481e+01
7.369999999999999885e-01 -9.601844543413292854e+01
7.379999999999999893e-01 -9.639434933734428057e+01
7.389999999999999902e-01 -9.677068600657699449e+01
7.399999999999999911e-01 -9.714745504581350133e+01
7.409999999999999920e-01 -9.752465605994856901e+01
7.419999999999999929e-01 -9.790228865478412956e+01
7.429999999999999938e-01 -9.828035243702767332e+01
7.439999999999999947e-01 -9.865884701428777248e+01
7.449999999999999956e-01 -9.903777199507162265e+01
7.459999999999999964e-01 -9.941712698878096433e+01
7.469999999999999973e-01 -9.979691160570958175e+01
7.479999999999999982e-01 -1.001771254570395087e+02
7.489999999999999991e-01 -1.005577681548380866e+02
7.500000000000000000e-01 -1.009388393120545544e+02
7.510000000000000009e-01 -1.013203385425170211e+02
7.520000000000000018e-01 -1.017022654609291834e+02
7.530000000000000027e-01 -1.020846196828671424e+02
7.540000000000000036e-01 -1.024674008247765045e+02
7.550000000000000044e-01 -1.028506085039686724e+02
7.560000000000000053e-01 -1.032342423386184720e+02
7.570000000000000062e-01 -1.036183019477604716e+02
7.580000000000000071e-01 -1.040027869512860974e+02
7.590000000000000080e-01 -1.043876969699405777e+02
7.600000000000000089e-01 -1.047730316253197600e+02
7.610000000000000098e-01 -1.051587905398673684e+02
7.620000000000000107e-01 -1.055449733368716920e+02
7.630000000000000115e-01 -1.059315796404625161e+02
7.640000000000000124e-01 -1.063186090756084354e+02
7.650000000000000133e-01 -1.067060612681134160e+02
7.660000000000000142e-01 -1.070939358446144922e+02
7.670000000000000151e-01 -1.074822324325781580e+02
7.680000000000000160e-01 -1.078709506602978649e+02
7.690000000000000169e-01 -1.082600901568904987e+02
7.700000000000000178e-01 -1.086496505522943323e+02
7.710000000000000187e-01 -1.090396314772655302e+02
7.720000000000000195e-01 -1.094300325633753630e+02
7.730000000000000204e-01 -1.098208534430074792e+02
7.740000000000000213e-01 -1.102120937493548496e+02
7.750000000000000222e-01 -1.106037531164171526e+02
7.760000000000000231e-01 -1.109958311789976051e+02
7.770000000000000240e-01 -1.113883275727005326e+02
7.780000000000000249e-01 -1.117812419339284702e+02
7.790000000000000258e-01 -1.121745738998790785e+02
7.800000000000000266e-01 -1.125683231085428559e+02
7.810000000000000275e-01 -1.129624891986997426e+02
7.820000000000000284e-01 -1.133570718099171017e+02
7.830000000000000293e-01 -1.137520705825464375e+02
7.840000000000000302e-01 -1.141474851577209506e+02
7.850000000000000311e-01 -1.145433151773526248e+02
7.860000000000000320e-01 -1.149395602841296409e+02
7.870000000000000329e-01 -1.153362201215137759e+02
7.880000000000000338e-01 -1.157332943337376037e+02
7.890000000000000346e-01 -1.161307825658019937e+02
7.900000000000000355e-01 -1.165286844634729562e+02
7.910000000000000364e-01 -1.169269996732800649e+02
7.920000000000000373e-01 -1.173257278425124923e+02
7.930000000000000382e-01 -1.177248686192175171e+02
7.940000000000000391e-01 -1.181244216521972419e+02
7.950000000000000400e-01 -1.185243865910066177e+02
7.960000000000000409e-01 -1.189247630859500049e+02
7.970000000000000417e-01 -1.193255507880796529e+02
7.980000000000000426e-01 -1.197267493491920618e+02
7.990000000000000435e-01 -1.201283584218262916e+02
8.000000000000000444e-01 -1.205303776592613474e+02
8.010000000000000453e-01 -1.209328067155131947e+02
8.020000000000000462e-01 -1.213356452453325289e+02
8.030000000000000471e-01 -1.217388929042024301e+02
8.040000000000000480e-01 -1.221425493483356206e+02
8.050000000000000488e-01 -1.225466142346723615e+02
8.060000000000000497e-01 -1.229510872208773407e+02
8.070000000000000506e-01 -1.233559679653380670e+02
8.080000000000000515e-01 -1.237612561271616300e+02
8.090000000000000524e-01 -1.241669513661730093e+02
8.100000000000000533e-01 -1.245730533429121181e+02
8.110000000000000542e-01 -1.249795617186317429e+02
8.120000000000000551e-01 -1.253864761552949574e+02
8.130000000000000560e-01 -1.257937963155728198e+02
8.140000000000000568e-01 -1.262015218628418438e+02
8.150000000000000577e-01 -1.266096524611818666e+02
8.160000000000000586e-01 -1.270181877753739599e+02
8.170000000000000595e-01 -1.274271274708973749e+02
8.180000000000000604e-01 -1.278364712139278083e+02
8.190000000000000613e-01 -1.282462186713346455e+02
8.200000000000000622e-01 -1.286563695106794682e+02
8.210000000000000631e-01 -1.290669234002123176e+02
8.220000000000000639e-01 -1.294778800088713524e+02
8.230000000000000648e-01 -1.298892390062785864e+02
8.240000000000000657e-01 -1.303010000627392913e+02
8.250000000000000666e-01 -1.307131628492384721e+02
8.260000000000000675e-01 -1.311257270374394466e+02
8.270000000000000684e-01 -1.315386922996814292e+02
8.280000000000000693e-01 -1.319520583089771151e+02
8.290000000000000702e-01 -1.323658247390105203e+02
8.300000000000000711e-01 -1.327799912641349636e+02
8.310000000000000719e-01 -1.331945575593706792e+02
8.320000000000000728e-01 -1.336095233004026568e+02
8.329999999999999627e-01 -1.340248881635787654e+02
8.339999999999999636e-01 -1.344406518259073096e+02
8.349999999999999645e-01 -1.348568139650546698e+02
8.359999999999999654e-01 -1.352733742593435124e+02
8.369999999999999662e-01 -1.356903323877508569e+02
8.379999999999999671e-01 -1.361076880299053471e+02
8.389999999999999680e-01 -1.365254408660854892e+02
8.399999999999999689e-01 -1.369435905772176341e+02
8.409999999999999698e-01 -1.373621368448737883e+02
8.419999999999999707e-01 -1.377810793512693408e+02
8.429999999999999716e-01 -1.382004177792611017e+02
8.439999999999999725e-01 -1.386201518123455969e+02
8.449999999999999734e-01 -1.390402811346564249e+02
8.459999999999999742e-01 -1.394608054309625231e+02
8.469999999999999751e-01 -1.398817243866663489e+02
8.479999999999999760e-01 -1.403030376878010657e+02
8.489999999999999769e-01 -1.407247450210294062e+02
8.499999999999999778e-01 -1.411468460736413988e+02
8.509999999999999787e-01 -1.415693405335519515e+02
8.519999999999999796e-01 -1.419922280892992887e+02
8.529999999999999805e-01 -1.424155084300430474e+02
8.539999999999999813e-01 -1.428391812455616900e+02
8.549999999999999822e-01 -1.432632462262513116e+02
8.559999999999999831e-01 -1.436877030631232799e+02
8.569999999999999840e-01 -1.441125514478017919e+02
8.579999999999999849e-01 -1.445377910725232766e+02
8.589999999999999858e-01 -1.449634216301330696e+02
8.599999999999999867e-01 -1.453894428140841342e+02
8.609999999999999876e-01 -1.458158543184352141e+02
8.619999999999999885e-01 -1.462426558378486732e+02
8.629999999999999893e-01 -1.466698470675887336e+02
8.639999999999999902e-01 -1.470974277035196280e+02
8.649999999999999911e-01 -1.475253974421033263e+02
8.659999999999999920e-01 -1.479537559803982845e+02
8.669999999999999929e-01 -1.483825030160570861e+02
8.679999999999999938e-01 -1.488116382473247654e+02
8.689999999999999947e-01 -1.492411613730369311e+02
8.699999999999999956e-01 -1.496710720926182034e+02
8.709999999999999964e-01 -1.501013701060795995e+02
8.719999999999999973e-01 -1.505320551140175382e+02
8.729999999999999982e-01 -1.509631268176116805e+02
8.739999999999999991e-01 -1.513945849186230248e+02
8.750000000000000000e-01 -1.518264291193921167e+02
8.760000000000000009e-01 -1.522586591228375710e+02
8.770000000000000018e-01 -1.526912746324539398e+02
8.780000000000000027e-01 -1.531242753523100362e+02
8.790000000000000036e-01 -1.535576609870470861e+02
8.800000000000000044e-01 -1.539914312418771090e+02
8.810000000000000053e-01 -1.544255858225808424e+02
8.820000000000000062e-01 -1.548601244355068047e+02
8.830000000000000071e-01 -1.552950467875683387e+02
8.840000000000000080e-01 -1.557303525862428728e+02
8.850000000000000089e-01 -1.561660415395698180e+02
8.860000000000000098e-01 -1.566021133561484646e+02
8.870000000000000107e-01 -1.570385677451372999e+02
8.880000000000000115e-01 -1.574754044162510240e+02
8.890000000000000124e-01 -1.579126230797600101e+02
8.900000000000000133e-01 -1.583502234464875755e+02
8.910000000000000142e-01 -1.587882052278091010e+02
8.920000000000000151e-01 -1.592265681356499556e+02
8.930000000000000160e-01 -1.596653118824839908e+02
8.940000000000000169e-01 -1.601044361813317778e+02
8.950000000000000178e-01 -1.605439407457589027e+02
8.960000000000000187e-01 -1.609838252898742610e+02
8.970000000000000195e-01 -1.614240895283287784e+02
8.980000000000000204e-01 -1.618647331763132797e+02
8.990000000000000213e-01 -1.623057559495575788e+02
9.000000000000000222e-01 -1.627471575643275230e+02
9.010000000000000231e-01 -1.631889377374250216e+02
9.020000000000000240e-01 -1.636310961861851752e+02
9.030000000000000249e-01 -1.640736326284753943e+02
9.040000000000000258e-01 -1.645165467826934389e+02
9.050000000000000266e-01 -1.649598383677658262e+02
9.060000000000000275e-01 -1.654035071031464668e+02
9.070000000000000284e-01 -1.658475527088148453e+02
9.080000000000000293e-01 -1.662919749052748841e+02
9.090000000000000302e-01 -1.667367734135524984e+02
9.100000000000000311e-01 -1.671819479551951417e+02
9.110000000000000320e-01 -1.676274982522693904e+02
9.120000000000000329e-01 -1.680734240273598914e+02
9.130000000000000338e-01 -1.685197250035674301e+02
9.140000000000000346e-01 -1.689664009045077933e+02
9.150000000000000355e-01 -1.694134514543100920e+02
9.160000000000000364e-01 -1.698608763776151136e+02
9.170000000000000373e-01 -1.703086753995738150e+02
9.180000000000000382e-01 -1.707568482458459300e+02
9.190000000000000391e-01 -1.712053946425985771e+02
9.200000000000000400e-01 -1.716543143165046104e+02
9.210000000000000409e-01 -1.721036069947408862e+02
9.220000000000000417e-01 -1.725532724049873536e+02
9.230000000000000426e-01 -1.730033102754249512e+02
9.240000000000000435e-01 -1.734537203347346974e+02
9.250000000000000444e-01 -1.739045023120957296e+02
9.260000000000000453e-01 -1.743556559371842809e+02
9.270000000000000462e-01 -1.748071809401717758e+02
9.280000000000000471e-01 -1.752590770517238070e+02
9.290000000000000480e-01 -1.757113440029986577e+02
9.300000000000000488e-01 -1.761639815256450561e+02
9.310000000000000497e-01 -1.766169893518021183e+02
9.320000000000000506e-01 -1.770703672140970184e+02
9.330000000000000515e-01 -1.775241148456436804e+02
9.340000000000000524e-01 -1.779782319800410448e+02
9.350000000000000533e-01 -1.784327183513728414e+02
9.360000000000000542e-01 -1.788875736942046615e+02
9.370000000000000551e-01 -1.793427977435836453e+02
9.380000000000000560e-01 -1.797983902350368624e+02
9.390000000000000568e-01 -1.802543509045695487e+02
9.400000000000000577e-01 -1.807106794886637715e+02
9.410000000000000586e-01 -1.811673757242777185e+02
9.420000000000000595e-01 -1.816244393488437652e+02
9.430000000000000604e-01 -1.820818701002670537e+02
9.440000000000000613e-01 -1.825396677169241002e+02
9.450000000000000622e-01 -1.829978319376621698e+02
9.460000000000000631e-01 -1.834563625017968889e+02
9.470000000000000639e-01 -1.839152591491116198e+02
9.480000000000000648e-01 -1.843745216198557273e+02
9.490000000000000657e-01 -1.848341496547438396e+02
9.500000000000000666e-01 -1.852941429949536030e+02
9.510000000000000675e-01 -1.857545013821249427e+02
9.520000000000000684e-01 -1.862152245583590400e+02
9.530000000000000693e-01 -1.866763122662162004e+02
9.540000000000000702e-01 -1.871377642487150297e+02
9.550000000000000711e-01 -1.875995802493313249e+02
9.560000000000000719e-01 -1.880617600119963413e+02
9.570000000000000728e-01 -1.885243032810958255e+02
9.580000000000000737e-01 -1.889872098014683388e+02
9.590000000000000746e-01 -1.894504793184046321e+02
9.599999999999999645e-01 -1.899141115776456559e+02
9.609999999999999654e-01 -1.903781063253815660e+02
9.619999999999999662e-01 -1.908424633082508137e+02
9.629999999999999671e-01 -1.913071822733381566e+02
9.639999999999999680e-01 -1.917722629681741751e+02
9.649999999999999689e-01 -1.922377051407331123e+02
9.659999999999999698e-01 -1.927035085394330451e+02
9.669999999999999707e-01 -1.931696729131330983e+02
9.679999999999999716e-01 -1.936361980111328194e+02
9.689999999999999725e-01 -1.941030835831713262e+02
9.699999999999999734e-01 -1.945703293794255728e+02
9.709999999999999742e-01 -1.950379351505092131e+02
9.719999999999999751e-01 -1.955059006474717478e+02
9.729999999999999760e-01 -1.959742256217967054e+02
9.739999999999999769e-01 -1.964429098254011308e+02
9.749999999999999778e-01 -1.969119530106333400e+02
9.759999999999999787e-01 -1.973813549302732611e+02
9.769999999999999796e-01 -1.978511153375297908e+02
9.779999999999999805e-01 -1.983212339860402551e+02
9.789999999999999813e-01 -1.987917106298691863e+02
9.799999999999999822e-01 -1.992625450235070446e+02
9.809999999999999831e-01 -1.997337369218691663e+02
9.819999999999999840e-01 -2.002052860802943712e+02
9.829999999999999849e-01 -2.006771922545443090e+02
9.839999999999999858e-01 -2.011494552008013272e+02
9.849999999999999867e-01 -2.016220746756684719e+02
9.859999999999999876e-01 -2.020950504361670994e+02
9.869999999999999885e-01 -2.025683822397374456e+02
9.879999999999999893e-01 -2.030420698442351863e+02
9.889999999999999902e-01 -2.035161130079323470e+02
9.899999999999999911e-01 -2.039905114895150859e+02
9.909999999999999920e-01 -2.044652650480830971e+02
9.919999999999999929e-01 -2.049403734431473936e+02
9.929999999999999938e-01 -2.054158364346309895e+02
9.939999999999999947e-01 -2.058916537828661433e+02
9.949999999999999956e-01 -2.063678252485941584e+02
9.959999999999999964e-01 -2.068443505929637922e+02
9.969999999999999973e-01 -2.073212295775307155e+02
9.979999999999999982e-01 -2.077984619642553810e+02
9.989999999999999991e-01 -2.082760475155032509e+02
1.000000000000000000e+00 -2.087539859940424947e+02
