0.000000000000000000e+00 0.000000000000000000e+00
1.000000000000000021e-03 8.997322772803901803e-01
2.000000000000000042e-03 1.566162441179388853e+00
3.000000000000000062e-03 2.162519108126808032e+00
4.000000000000000083e-03 2.714810597440052931e+00
5.000000000000000104e-03 3.234753507415184082e+00
6.000000000000000125e-03 3.729053604228871777e+00
7.000000000000000146e-03 4.202062802514533679e+00
8.000000000000000167e-03 4.656837131139619501e+00
9.000000000000001055e-03 5.095642588301883436e+00
1.000000000000000021e-02 5.520227747215345815e+00
1.099999999999999936e-02 5.931983733185679064e+00
1.200000000000000025e-02 6.332044323038900302e+00
1.300000000000000114e-02 6.721351799076110467e+00
1.400000000000000029e-02 7.100702057182030735e+00
1.499999999999999944e-02 7.470776547652285160e+00
1.600000000000000033e-02 7.832165530295762679e+00
1.700000000000000122e-02 8.185385411008175183e+00
1.800000000000000211e-02 8.530891932041571479e+00
1.899999999999999953e-02 8.869090387083586435e+00
2.000000000000000042e-02 9.200343656342955256e+00
2.100000000000000130e-02 9.524978614583973879e+00
2.199999999999999872e-02 9.843291304765093841e+00
2.299999999999999961e-02 1.015555116137691272e+01
2.400000000000000050e-02 1.046200449250209630e+01
2.500000000000000139e-02 1.076287737672456224e+01
2.600000000000000228e-02 1.105837809311191400e+01
2.699999999999999969e-02 1.134869917491509028e+01
2.800000000000000058e-02 1.163401915727886937e+01
2.900000000000000147e-02 1.191450407404751743e+01
2.999999999999999889e-02 1.219030874724903057e+01
3.099999999999999978e-02 1.246157790404924981e+01
3.200000000000000067e-02 1.272844714917885689e+01
3.300000000000000155e-02 1.299104381554549903e+01
3.400000000000000244e-02 1.324948771158419092e+01
3.500000000000000333e-02 1.350389178060310336e+01
3.600000000000000422e-02 1.375436268474972579e+01
3.699999999999999817e-02 1.400100132410609532e+01
3.799999999999999906e-02 1.424390329970810321e+01
3.899999999999999994e-02 1.448315932788828597e+01
4.000000000000000083e-02 1.471885561219766636e+01
4.100000000000000172e-02 1.495107417821991547e+01
4.200000000000000261e-02 1.517989317581033148e+01
4.300000000000000350e-02 1.540538715264222525e+01
4.399999999999999745e-02 1.562762730239995079e+01
4.499999999999999833e-02 1.584668169050083542e+01
4.599999999999999922e-02 1.606261545984312278e+01
4.700000000000000011e-02 1.627549101875039383e+01
4.800000000000000100e-02 1.648536821300544730e+01
4.900000000000000189e-02 1.669230448362941388e+01
5.000000000000000278e-02 1.689635501185888344e+01
5.100000000000000366e-02 1.709757285259923520e+01
5.200000000000000455e-02 1.729600905748195672e+01
5.299999999999999850e-02 1.749171278852331213e+01
5.399999999999999939e-02 1.768473142326894632e+01
5.500000000000000028e-02 1.787511065221056228e+01
5.600000000000000117e-02 1.806289456917514258e+01
5.700000000000000205e-02 1.824812575531214520e+01
5.800000000000000294e-02 1.843084535723818362e+01
5.900000000000000383e-02 1.861109315984101897e+01
5.999999999999999778e-02 1.878890765419369302e+01
6.099999999999999867e-02 1.896432610098435845e+01
6.199999999999999956e-02 1.913738458982792423e+01
6.300000000000000044e-02 1.930811809478996821e+01
6.400000000000000133e-02 1.947656052642187063e+01
6.500000000000000222e-02 1.964274478057862794e+01
6.600000000000000311e-02 1.980670278426523012e+01
6.700000000000000400e-02 1.996846553873549368e+01
6.800000000000000488e-02 2.012806316004725105e+01
6.900000000000000577e-02 2.028552491725978513e+01
7.000000000000000666e-02 2.044087926844316883e+01
7.100000000000000755e-02 2.059415389465496915e+01
7.200000000000000844e-02 2.074537573202635699e+01
7.299999999999999545e-02 2.089457100208809237e+01
7.399999999999999634e-02 2.104176524045601226e+01
7.499999999999999722e-02 2.118698332398621886e+01
7.599999999999999811e-02 2.133024949650101476e+01
7.699999999999999900e-02 2.147158739317911369e+01
7.799999999999999989e-02 2.161102006369591777e+01
7.900000000000000078e-02 2.174856999419375114e+01
8.000000000000000167e-02 2.188425912815504759e+01
8.100000000000000255e-02 2.201810888624678242e+01
8.200000000000000344e-02 2.215014018519911332e+01
8.300000000000000433e-02 2.228037345577638462e+01
8.400000000000000522e-02 2.240882865989492601e+01
8.500000000000000611e-02 2.253552530693791311e+01
8.600000000000000699e-02 2.266048246931402943e+01
8.700000000000000788e-02 2.278371879730349647e+01
8.799999999999999489e-02 2.290525253323216148e+01
8.899999999999999578e-02 2.302510152501130847e+01
8.999999999999999667e-02 2.314328323907856344e+01
9.099999999999999756e-02 2.325981477277278131e+01
9.199999999999999845e-02 2.337471286617384081e+01
9.299999999999999933e-02 2.348799391343588638e+01
9.400000000000000022e-02 2.359967397364127706e+01
9.500000000000000111e-02 2.370976878120018227e+01
9.600000000000000200e-02 2.381829375581969188e+01
9.700000000000000289e-02 2.392526401206455944e+01
9.800000000000000377e-02 2.403069436853035512e+01
9.900000000000000466e-02 2.413459935664858236e+01
1.000000000000000056e-01 2.423699322914232823e+01
1.010000000000000064e-01 2.433788996814941541e+01
1.020000000000000073e-01 2.443730329302962900e+01
1.030000000000000082e-01 2.453524666787107122e+01
1.040000000000000091e-01 2.463173330871033073e+01
1.049999999999999961e-01 2.472677619047989239e+01
1.059999999999999970e-01 2.482038805369550971e+01
1.069999999999999979e-01 2.491258141089620537e+01
1.079999999999999988e-01 2.500336855284752247e+01
1.089999999999999997e-01 2.509276155451952306e+01
1.100000000000000006e-01 2.518077228084938213e+01
1.110000000000000014e-01 2.526741239229843572e+01
1.120000000000000023e-01 2.535269335021262549e+01
1.130000000000000032e-01 2.543662642199525337e+01
1.140000000000000041e-01 2.551922268609999378e+01
1.150000000000000050e-01 2.560049303685225652e+01
1.160000000000000059e-01 2.568044818910580318e+01
1.170000000000000068e-01 2.575909868274215597e+01
1.180000000000000077e-01 2.583645488701910153e+01
1.190000000000000085e-01 2.591252700477466675e+01
1.199999999999999956e-01 2.598732507649244994e+01
1.209999999999999964e-01 2.606085898423442160e+01
1.219999999999999973e-01 2.613313845544600156e+01
1.229999999999999982e-01 2.620417306663913593e+01
1.239999999999999991e-01 2.627397224695769040e+01
1.250000000000000000e-01 2.634254528163052811e+01
1.260000000000000009e-01 2.640990131531608398e+01
1.270000000000000018e-01 2.647604935534295834e+01
1.280000000000000027e-01 2.654099827485072538e+01
1.290000000000000036e-01 2.660475681583426066e+01
1.300000000000000044e-01 2.666733359209603549e+01
1.310000000000000053e-01 2.672873709210920268e+01
1.320000000000000062e-01 2.678897568179506905e+01
1.330000000000000071e-01 2.684805760721829770e+01
1.340000000000000080e-01 2.690599099720281728e+01
1.350000000000000089e-01 2.696278386587100329e+01
1.360000000000000098e-01 2.701844411510951716e+01
1.370000000000000107e-01 2.707297953696405912e+01
1.380000000000000115e-01 2.712639781596566735e+01
1.390000000000000124e-01 2.717870653139110004e+01
1.400000000000000133e-01 2.722991315945953517e+01
1.410000000000000142e-01 2.728002507546786148e+01
1.420000000000000151e-01 2.732904955586672813e+01
1.430000000000000160e-01 2.737699378027949138e+01
1.440000000000000169e-01 2.742386483346561477e+01
1.449999999999999900e-01 2.746966970723119417e+01
1.459999999999999909e-01 2.751441530228750665e+01
1.469999999999999918e-01 2.755810843005997768e+01
1.479999999999999927e-01 2.760075581444910853e+01
1.489999999999999936e-01 2.764236409354457891e+01
1.499999999999999944e-01 2.768293982129469910e+01
1.509999999999999953e-01 2.772248946913208201e+01
1.519999999999999962e-01 2.776101942755735053e+01
1.529999999999999971e-01 2.779853600768213440e+01
1.539999999999999980e-01 2.783504544273251469e+01
1.549999999999999989e-01 2.787055388951434409e+01
1.559999999999999998e-01 2.790506742984185351e+01
1.570000000000000007e-01 2.793859207193003158e+01
1.580000000000000016e-01 2.797113375175269212e+01
1.590000000000000024e-01 2.800269833436682632e+01
1.600000000000000033e-01 2.803329161520441914e+01
1.610000000000000042e-01 2.806291932133265732e+01
1.620000000000000051e-01 2.809158711268374375e+01
1.630000000000000060e-01 2.811930058325472359e+01
1.640000000000000069e-01 2.814606526227890626e+01
1.650000000000000078e-01 2.817188661536927796e+01
1.660000000000000087e-01 2.819677004563456890e+01
1.670000000000000095e-01 2.822072089476951717e+01
1.680000000000000104e-01 2.824374444411932572e+01
1.690000000000000113e-01 2.826584591571940308e+01
1.700000000000000122e-01 2.828703047331116949e+01
1.710000000000000131e-01 2.830730322333461046e+01
1.720000000000000140e-01 2.832666921589784792e+01
1.730000000000000149e-01 2.834513344572501126e+01
1.740000000000000158e-01 2.836270085308260747e+01
1.750000000000000167e-01 2.837937632468510429e+01
1.759999999999999898e-01 2.839516469458028425e+01
1.769999999999999907e-01 2.841007074501504803e+01
1.779999999999999916e-01 2.842409920728199779e+01
1.789999999999999925e-01 2.843725476254762441e+01
1.799999999999999933e-01 2.844954204266225872e+01
1.809999999999999942e-01 2.846096563095255760e+01
1.819999999999999951e-01 2.847153006299700451e+01
1.829999999999999960e-01 2.848123982738452753e+01
1.839999999999999969e-01 2.849009936645709828e+01
1.849999999999999978e-01 2.849811307703670593e+01
1.859999999999999987e-01 2.850528531113674902e+01
1.869999999999999996e-01 2.851162037665859472e+01
1.880000000000000004e-01 2.851712253807377806e+01
1.890000000000000013e-01 2.852179601709175216e+01
1.900000000000000022e-01 2.852564499331411696e+01
1.910000000000000031e-01 2.852867360487526938e+01
1.920000000000000040e-01 2.853088594906987652e+01
1.930000000000000049e-01 2.853228608296805291e+01
1.940000000000000058e-01 2.853287802401745310e+01
1.950000000000000067e-01 2.853266575063377175e+01
1.960000000000000075e-01 2.853165320277928174e+01
1.970000000000000084e-01 2.852984428252976556e+01
1.980000000000000093e-01 2.852724285463026632e+01
1.990000000000000102e-01 2.852385274704010953e+01
2.000000000000000111e-01 2.851967775146679429e+01
2.010000000000000120e-01 2.851472162388999010e+01
2.020000000000000129e-01 2.850898808507517401e+01
2.030000000000000138e-01 2.850248082107688674e+01
2.040000000000000147e-01 2.849520348373332723e+01
2.050000000000000155e-01 2.848715969115047741e+01
2.060000000000000164e-01 2.847835302817767200e+01
2.070000000000000173e-01 2.846878704687392769e+01
2.080000000000000182e-01 2.845846526696546164e+01
2.089999999999999913e-01 2.844739117629487168e+01
2.099999999999999922e-01 2.843556823126165156e+01
2.109999999999999931e-01 2.842299985725441047e+01
2.119999999999999940e-01 2.840968944907595883e+01
2.129999999999999949e-01 2.839564037135944830e+01
2.139999999999999958e-01 2.838085595897760882e+01
2.149999999999999967e-01 2.836533951744430126e+01
2.159999999999999976e-01 2.834909432330900358e+01
2.169999999999999984e-01 2.833212362454380440e+01
2.179999999999999993e-01 2.831443064092378847e+01
2.190000000000000002e-01 2.829601856440048735e+01
2.200000000000000011e-01 2.827689055946873964e+01
2.210000000000000020e-01 2.825704976352689002e+01
2.220000000000000029e-01 2.823649928723091307e+01
2.230000000000000038e-01 2.821524221484217776e+01
2.240000000000000047e-01 2.819328160456893073e+01
2.250000000000000056e-01 2.817062048890232262e+01
2.260000000000000064e-01 2.814726187494628817e+01
2.270000000000000073e-01 2.812320874474153598e+01
2.280000000000000082e-01 2.809846405558459992e+01
2.290000000000000091e-01 2.807303074034098955e+01
2.300000000000000100e-01 2.804691170775284093e+01
2.310000000000000109e-01 2.802010984274209093e+01
2.320000000000000118e-01 2.799262800670770091e+01
2.330000000000000127e-01 2.796446903781838245e+01
2.340000000000000135e-01 2.793563575130044896e+01
2.350000000000000144e-01 2.790613093972065784e+01
2.360000000000000153e-01 2.787595737326428846e+01
2.370000000000000162e-01 2.784511780000909553e+01
2.380000000000000171e-01 2.781361494619434183e+01
2.390000000000000180e-01 2.778145151648546829e+01
2.399999999999999911e-01 2.774863019423476374e+01
2.409999999999999920e-01 2.771515364173733786e+01
2.419999999999999929e-01 2.768102450048334617e+01
2.429999999999999938e-01 2.764624539140608661e+01
2.439999999999999947e-01 2.761081891512587561e+01
2.449999999999999956e-01 2.757474765219038559e+01
2.459999999999999964e-01 2.753803416331088982e+01
2.469999999999999973e-01 2.750068098959488339e+01
2.479999999999999982e-01 2.746269065277512311e+01
2.489999999999999991e-01 2.742406565543491581e+01
2.500000000000000000e-01 2.738480848122980049e+01
2.510000000000000009e-01 2.734492159510633513e+01
2.520000000000000018e-01 2.730440744351663085e+01
2.530000000000000027e-01 2.726326845463034587e+01
2.540000000000000036e-01 2.722150703854288523e+01
2.550000000000000044e-01 2.717912558748086838e+01
2.560000000000000053e-01 2.713612647600394467e+01
2.570000000000000062e-01 2.709251206120405087e+01
2.580000000000000071e-01 2.704828468290141075e+01
2.590000000000000080e-01 2.700344666383729830e+01
2.600000000000000089e-01 2.695800030986462303e+01
2.610000000000000098e-01 2.691194791013493415e+01
2.620000000000000107e-01 2.686529173728300535e+01
2.630000000000000115e-01 2.681803404760873377e+01
2.640000000000000124e-01 2.677017708125611506e+01
2.650000000000000133e-01 2.672172306238962847e+01
2.660000000000000142e-01 2.667267419936830564e+01
2.670000000000000151e-01 2.662303268491696429e+01
2.680000000000000160e-01 2.657280069629487329e+01
2.690000000000000169e-01 2.652198039546237496e+01
2.700000000000000178e-01 2.647057392924471131e+01
2.710000000000000187e-01 2.641858342949362992e+01
2.720000000000000195e-01 2.636601101324674801e+01
2.730000000000000204e-01 2.631285878288458591e+01
2.740000000000000213e-01 2.625912882628508171e+01
2.750000000000000222e-01 2.620482321697658890e+01
2.760000000000000231e-01 2.614994401428791093e+01
2.770000000000000240e-01 2.609449326349684384e+01
2.780000000000000249e-01 2.603847299597629927e+01
2.790000000000000258e-01 2.598188522933856603e+01
2.800000000000000266e-01 2.592473196757721965e+01
2.810000000000000275e-01 2.586701520120769970e+01
2.820000000000000284e-01 2.580873690740532567e+01
2.830000000000000293e-01 2.574989905014147240e+01
2.840000000000000302e-01 2.569050358031855197e+01
2.850000000000000311e-01 2.563055243590217813e+01
2.860000000000000320e-01 2.557004754205226504e+01
2.870000000000000329e-01 2.550899081125169943e+01
2.880000000000000338e-01 2.544738414343416366e+01
2.889999999999999791e-01 2.538522942610941513e+01
2.899999999999999800e-01 2.532252853448707341e+01
2.909999999999999809e-01 2.525928333159905392e+01
2.919999999999999818e-01 2.519549566842017185e+01
2.929999999999999827e-01 2.513116738398691652e+01
2.939999999999999836e-01 2.506630030551513499e+01
2.949999999999999845e-01 2.500089624851564807e+01
2.959999999999999853e-01 2.493495701690870447e+01
2.969999999999999862e-01 2.486848440313686837e+01
2.979999999999999871e-01 2.480148018827631518e+01
2.989999999999999880e-01 2.473394614214663534e+01
2.999999999999999889e-01 2.466588402341944786e+01
3.009999999999999898e-01 2.459729557972541869e+01
3.019999999999999907e-01 2.452818254776003215e+01
3.029999999999999916e-01 2.445854665338769607e+01
3.039999999999999925e-01 2.438838961174493392e+01
3.049999999999999933e-01 2.431771312734206347e+01
3.059999999999999942e-01 2.424651889416346506e+01
3.069999999999999951e-01 2.417480859576665964e+01
3.079999999999999960e-01 2.410258390538031747e+01
3.089999999999999969e-01 2.402984648600075701e+01
3.099999999999999978e-01 2.395659799048721439e+01
3.109999999999999987e-01 2.388284006165655171e+01
3.119999999999999996e-01 2.380857433237556364e+01
3.130000000000000004e-01 2.373380242565339771e+01
3.140000000000000013e-01 2.365852595473207742e+01
3.150000000000000022e-01 2.358274652317608400e+01
3.160000000000000031e-01 2.350646572496088993e+01
3.170000000000000040e-01 2.342968514456051210e+01
3.180000000000000049e-01 2.335240635703353718e+01
3.190000000000000058e-01 2.327463092810866385e+01
3.200000000000000067e-01 2.319636041426888440e+01
3.210000000000000075e-01 2.311759636283473540e+01
3.220000000000000084e-01 2.303834031204638322e+01
3.230000000000000093e-01 2.295859379114506638e+01
3.240000000000000102e-01 2.287835832045311335e+01
3.250000000000000111e-01 2.279763541145335637e+01
3.260000000000000120e-01 2.271642656686753625e+01
3.270000000000000129e-01 2.263473328073351709e+01
3.280000000000000138e-01 2.255255703848196802e+01
3.290000000000000147e-01 2.246989931701176246e+01
3.300000000000000155e-01 2.238676158476487998e+01
3.310000000000000164e-01 2.230314530179992971e+01
3.320000000000000173e-01 2.221905191986547123e+01
3.330000000000000182e-01 2.213448288247164442e+01
3.340000000000000191e-01 2.204943962496183119e+01
3.350000000000000200e-01 2.196392357458291045e+01
3.360000000000000209e-01 2.187793615055469232e+01
3.370000000000000218e-01 2.179147876413909302e+01
3.380000000000000226e-01 2.170455281870784248e+01
3.390000000000000235e-01 2.161715970980969459e+01
3.400000000000000244e-01 2.152930082523713295e+01
3.410000000000000253e-01 2.144097754509189002e+01
3.420000000000000262e-01 2.135219124184989070e+01
3.430000000000000271e-01 2.126294328042547477e+01
3.440000000000000280e-01 2.117323501823501886e+01
3.450000000000000289e-01 2.108306780525936475e+01
3.460000000000000298e-01 2.099244298410633647e+01
3.470000000000000306e-01 2.090136189007173328e+01
3.480000000000000315e-01 2.080982585120019124e+01
3.490000000000000324e-01 2.071783618834504992e+01
3.500000000000000333e-01 2.062539421522794214e+01
3.510000000000000342e-01 2.053250123849707265e+01
3.519999999999999796e-01 2.043915855778570645e+01
3.529999999999999805e-01 2.034536746576899802e+01
3.539999999999999813e-01 2.025112924822139249e+01
3.549999999999999822e-01 2.015644518407226116e+01
3.559999999999999831e-01 2.006131654546153342e+01
3.569999999999999840e-01 1.996574459779473898e+01
3.579999999999999849e-01 1.986973059979727196e+01
3.589999999999999858e-01 1.977327580356805825e+01
3.599999999999999867e-01 1.967638145463255483e+01
3.609999999999999876e-01 1.957904879199570303e+01
3.619999999999999885e-01 1.948127904819376610e+01
3.629999999999999893e-01 1.938307344934559850e+01
3.639999999999999902e-01 1.928443321520365217e+01
3.649999999999999911e-01 1.918535955920453162e+01
3.659999999999999920e-01 1.908585368851857211e+01
3.669999999999999929e-01 1.898591680409909443e+01
3.679999999999999938e-01 1.888555010073139684e+01
3.689999999999999947e-01 1.878475476708095826e+01
3.699999999999999956e-01 1.868353198574105534e+01
3.709999999999999964e-01 1.858188293327997798e+01
3.719999999999999973e-01 1.847980878028815965e+01
3.729999999999999982e-01 1.837731069142393991e+01
3.739999999999999991e-01 1.827438982545962531e+01
3.750000000000000000e-01 1.817104733532679361e+01
3.760000000000000009e-01 1.806728436816105443e+01
3.770000000000000018e-01 1.796310206534646525e+01
3.780000000000000027e-01 1.785850156255954602e+01
3.790000000000000036e-01 1.775348398981258313e+01
3.800000000000000044e-01 1.764805047149657113e+01
3.810000000000000053e-01 1.754220212642414012e+01
3.820000000000000062e-01 1.743594006787157014e+01
3.830000000000000071e-01 1.732926540362018386e+01
3.840000000000000080e-01 1.722217923599817979e+01
3.850000000000000089e-01 1.711468266192115451e+01
3.860000000000000098e-01 1.700677677293257517e+01
3.870000000000000107e-01 1.689846265524412772e+01
3.880000000000000115e-01 1.678974138977504182e+01
3.890000000000000124e-01 1.668061405219153670e+01
3.900000000000000133e-01 1.657108171294567711e+01
3.910000000000000142e-01 1.646114543731394164e+01
3.920000000000000151e-01 1.635080628543497028e+01
3.930000000000000160e-01 1.624006531234770279e+01
3.940000000000000169e-01 1.612892356802870708e+01
3.950000000000000178e-01 1.601738209742873309e+01
3.960000000000000187e-01 1.590544194050987059e+01
3.970000000000000195e-01 1.579310413228161636e+01
3.980000000000000204e-01 1.568036970283647236e+01
3.990000000000000213e-01 1.556723967738598446e+01
4.000000000000000222e-01 1.545371507629589303e+01
4.010000000000000231e-01 1.533979691512056931e+01
4.020000000000000240e-01 1.522548620463795643e+01
4.030000000000000249e-01 1.511078395088370740e+01
4.040000000000000258e-01 1.499569115518495721e+01
4.050000000000000266e-01 1.488020881419398478e+01
4.060000000000000275e-01 1.476433791992126032e+01
4.070000000000000284e-01 1.464807945976861703e+01
4.080000000000000293e-01 1.453143441656150259e+01
4.090000000000000302e-01 1.441440376858167838e+01
4.100000000000000311e-01 1.429698848959881730e+01
4.110000000000000320e-01 1.417918954890242844e+01
4.120000000000000329e-01 1.406100791133308547e+01
4.130000000000000338e-01 1.394244453731357680e+01
4.140000000000000346e-01 1.382350038287965788e+01
4.150000000000000355e-01 1.370417639971066848e+01
4.160000000000000364e-01 1.358447353515943234e+01
4.169999999999999818e-01 1.346439273228273947e+01
4.179999999999999827e-01 1.334393492987040020e+01
4.189999999999999836e-01 1.322310106247503825e+01
4.199999999999999845e-01 1.310189206044105958e+01
4.209999999999999853e-01 1.298030884993314515e+01
4.219999999999999862e-01 1.285835235296586632e+01
4.229999999999999871e-01 1.273602348743065704e+01
4.239999999999999880e-01 1.261332316712480406e+01
4.249999999999999889e-01 1.249025230177887380e+01
4.259999999999999898e-01 1.236681179708432410e+01
4.269999999999999907e-01 1.224300255472083165e+01
4.279999999999999916e-01 1.211882547238312213e+01
4.289999999999999925e-01 1.199428144380808448e+01
4.299999999999999933e-01 1.186937135880121730e+01
4.309999999999999942e-01 1.174409610326280529e+01
4.319999999999999951e-01 1.161845655921397480e+01
4.329999999999999960e-01 1.149245360482294842e+01
4.339999999999999969e-01 1.136608811443024791e+01
4.349999999999999978e-01 1.123936095857393269e+01
4.359999999999999987e-01 1.111227300401546358e+01
4.369999999999999996e-01 1.098482511376388260e+01
4.380000000000000004e-01 1.085701814710073165e+01
4.390000000000000013e-01 1.072885295960510632e+01
4.400000000000000022e-01 1.060033040317699005e+01
4.410000000000000031e-01 1.047145132606201656e+01
4.420000000000000040e-01 1.034221657287503859e+01
4.430000000000000049e-01 1.021262698462390262e+01
4.440000000000000058e-01 1.008268339873281860e+01
4.450000000000000067e-01 9.952386649065395829e+00
4.460000000000000075e-01 9.821737565948112092e+00
4.470000000000000084e-01 9.690736976192603436e+00
4.480000000000000093e-01 9.559385703118906008e+00
4.490000000000000102e-01 9.427684566577255509e+00
4.500000000000000111e-01 9.295634382970717979e+00
4.510000000000000120e-01 9.163235965277351625e+00
4.520000000000000129e-01 9.030490123071551523e+00
4.530000000000000138e-01 8.897397662546090658e+00
4.540000000000000147e-01 8.763959386533784368e+00
4.550000000000000155e-01 8.630176094528259512e+00
4.560000000000000164e-01 8.496048582705412855e+00
4.570000000000000173e-01 8.361577643944471561e+00
4.580000000000000182e-01 8.226764067848542084e+00
4.590000000000000191e-01 8.091608640764910376e+00
4.600000000000000200e-01 7.956112145806301328e+00
4.610000000000000209e-01 7.820275362870191316e+00
4.620000000000000218e-01 7.684099068659492104e+00
4.630000000000000226e-01 7.547584036702168930e+00
4.640000000000000235e-01 7.410731037371050434e+00
4.650000000000000244e-01 7.273540837903532008e+00
4.660000000000000253e-01 7.136014202420668084e+00
4.670000000000000262e-01 6.998151891946662317e+00
4.680000000000000271e-01 6.859954664427910132e+00
4.690000000000000280e-01 6.721423274751948895e+00
4.700000000000000289e-01 6.582558474766173617e+00
4.710000000000000298e-01 6.443361013296240003e+00
4.720000000000000306e-01 6.303831636165305952e+00
4.730000000000000315e-01 6.163971086211191164e+00
4.740000000000000324e-01 6.023780103305298894e+00
4.750000000000000333e-01 5.883259424370798740e+00
4.760000000000000342e-01 5.742409783399757828e+00
4.770000000000000351e-01 5.601231911471423075e+00
4.780000000000000360e-01 5.459726536769665017e+00
4.790000000000000369e-01 5.317894384600322155e+00
4.799999999999999822e-01 5.175736177408580829e+00
4.809999999999999831e-01 5.033252634796014036e+00
4.819999999999999840e-01 4.890444473537868930e+00
4.829999999999999849e-01 4.747312407599530104e+00
4.839999999999999858e-01 4.603857148153601031e+00
4.849999999999999867e-01 4.460079403596495240e+00
4.859999999999999876e-01 4.315979879564501687e+00
4.869999999999999885e-01 4.171559278950802252e+00
4.879999999999999893e-01 4.026818301921039733e+00
4.889999999999999902e-01 3.881757645929823752e+00
4.899999999999999911e-01 3.736378005736497698e+00
4.909999999999999920e-01 3.590680073421061991e+00
4.919999999999999929e-01 3.444664538399784703e+00
4.929999999999999938e-01 3.298332087440741134e+00
4.939999999999999947e-01 3.151683404679666012e+00
4.949999999999999956e-01 3.004719171634505415e+00
4.959999999999999964e-01 2.857440067221617142e+00
4.969999999999999973e-01 2.709846767770144993e+00
4.979999999999999982e-01 2.561939947037082277e+00
4.989999999999999991e-01 2.413720276222470318e+00
5.000000000000000000e-01 2.265188423983985899e+00
5.010000000000000009e-01 2.116345056451393702e+00
5.020000000000000018e-01 1.967190837241133750e+00
5.030000000000000027e-01 1.817726427471278328e+00
5.040000000000000036e-01 1.667952485774755189e+00
5.050000000000000044e-01 1.517869668314439480e+00
5.060000000000000053e-01 1.367478628797215379e+00
5.070000000000000062e-01 1.216780018487085613e+00
5.080000000000000071e-01 1.065774486219972061e+00
5.090000000000000080e-01 9.144626784171023814e-01
5.100000000000000089e-01 7.628452390986311116e-01
5.110000000000000098e-01 6.109228098972039334e-01
5.120000000000000107e-01 4.586960300715219319e-01
5.130000000000000115e-01 3.061655365195150580e-01
5.140000000000000124e-01 1.533319637917855971e-01
5.150000000000000133e-01 1.959441044903087459e-04
5.160000000000000142e-01 -1.532418926472658427e-01
5.170000000000000151e-01 -3.069809188769383468e-01
5.180000000000000160e-01 -4.610205092931849435e-01
5.190000000000000169e-01 -6.153600408873813876e-01
5.200000000000000178e-01 -7.699988929213432698e-01
5.210000000000000187e-01 -9.249364469137049127e-01
5.220000000000000195e-01 -1.080172086628607531e+00
5.230000000000000204e-01 -1.235705198062596821e+00
5.240000000000000213e-01 -1.391535169432671637e+00
5.250000000000000222e-01 -1.547661391163920541e+00
5.260000000000000231e-01 -1.704083255877471004e+00
5.270000000000000240e-01 -1.860800158378289382e+00
5.280000000000000249e-01 -2.017811495643975661e+00
5.290000000000000258e-01 -2.175116666811760524e+00
5.300000000000000266e-01 -2.332715073167648256e+00
5.310000000000000275e-01 -2.490606118134699898e+00
5.320000000000000284e-01 -2.648789207260769274e+00
5.330000000000000293e-01 -2.807263748207837750e+00
5.340000000000000302e-01 -2.966029150739927900e+00
5.350000000000000311e-01 -3.125084826712438257e+00
5.360000000000000320e-01 -3.284430190060156463e+00
5.370000000000000329e-01 -3.444064656786693490e+00
5.380000000000000338e-01 -3.603987644953107861e+00
5.390000000000000346e-01 -3.764198574666963282e+00
5.400000000000000355e-01 -3.924696868071166023e+00
5.410000000000000364e-01 -4.085481949333846785e+00
5.420000000000000373e-01 -4.246553244636551483e+00
5.430000000000000382e-01 -4.407910182164478385e+00
5.440000000000000391e-01 -4.569552192095201804e+00
5.450000000000000400e-01 -4.731478706588418959e+00
5.460000000000000409e-01 -4.893689159775547637e+00
5.470000000000000417e-01 -5.056182987749288316e+00
5.480000000000000426e-01 -5.218959628552966024e+00
5.490000000000000435e-01 -5.382018522170909591e+00
5.500000000000000444e-01 -5.545359110517800616e+00
5.510000000000000453e-01 -5.708980837428541122e+00
5.520000000000000462e-01 -5.872883148648583074e+00
5.530000000000000471e-01 -6.037065491823810248e+00
5.540000000000000480e-01 -6.201527316490455632e+00
5.550000000000000488e-01 -6.366268074065338567e+00
5.560000000000000497e-01 -6.531287217836705850e+00
5.570000000000000506e-01 -6.696584202953303588e+00
5.580000000000000515e-01 -6.862158486416113590e+00
5.590000000000000524e-01 -7.028009527068022066e+00
5.600000000000000533e-01 -7.194136785584220206e+00
5.610000000000000542e-01 -7.360539724463443179e+00
5.620000000000000551e-01 -7.527217808018036749e+00
5.630000000000000560e-01 -7.694170502364698905e+00
5.640000000000000568e-01 -7.861397275415988872e+00
5.650000000000000577e-01 -8.028897596869974507e+00
5.660000000000000586e-01 -8.196670938202174739e+00
5.670000000000000595e-01 -8.364716772655754085e+00
5.680000000000000604e-01 -8.533034575233251928e+00
5.690000000000000613e-01 -8.701623822687032828e+00
5.700000000000000622e-01 -8.870483993510987375e+00
5.710000000000000631e-01 -9.039614567931117506e+00
5.720000000000000639e-01 -9.209015027897464734e+00
5.730000000000000648e-01 -9.378684857074908621e+00
5.740000000000000657e-01 -9.548623540834853429e+00
5.750000000000000666e-01 -9.718830566246552394e+00
5.760000000000000675e-01 -9.889305422068844109e+00
5.769999999999999574e-01 -1.006004759874107179e+01
5.779999999999999583e-01 -1.023105658837541654e+01
5.789999999999999591e-01 -1.040233188474833526e+01
5.799999999999999600e-01 -1.057387298329207681e+01
5.809999999999999609e-01 -1.074567938108653209e+01
5.819999999999999618e-01 -1.091775057685158856e+01
5.829999999999999627e-01 -1.109008607093787901e+01
5.839999999999999636e-01 -1.126268536532008113e+01
5.849999999999999645e-01 -1.143554796358802861e+01
5.859999999999999654e-01 -1.160867337093880991e+01
5.869999999999999662e-01 -1.178206109416938574e+01
5.879999999999999671e-01 -1.195571064166831832e+01
5.889999999999999680e-01 -1.212962152340796962e+01
5.899999999999999689e-01 -1.230379325093689857e+01
5.909999999999999698e-01 -1.247822533737230088e+01
5.919999999999999707e-01 -1.265291729739195858e+01
5.929999999999999716e-01 -1.282786864722723408e+01
5.939999999999999725e-01 -1.300307890465487048e+01
5.949999999999999734e-01 -1.317854758898994305e+01
5.959999999999999742e-01 -1.335427422107844819e+01
5.969999999999999751e-01 -1.353025832328967226e+01
5.979999999999999760e-01 -1.370649941950880191e+01
5.989999999999999769e-01 -1.388299703512993233e+01
5.999999999999999778e-01 -1.405975069704850000e+01
6.009999999999999787e-01 -1.423675993365432646e+01
6.019999999999999796e-01 -1.441402427482459814e+01
6.029999999999999805e-01 -1.459154325191597223e+01
6.039999999999999813e-01 -1.476931639775833105e+01
6.049999999999999822e-01 -1.494734324664786129e+01
6.059999999999999831e-01 -1.512562333433884731e+01
6.069999999999999840e-01 -1.530415619803826388e+01
6.079999999999999849e-01 -1.548294137639817336e+01
6.089999999999999858e-01 -1.566197840950849951e+01
6.099999999999999867e-01 -1.584126683889124365e+01
6.109999999999999876e-01 -1.602080620749282502e+01
6.119999999999999885e-01 -1.620059605967746563e+01
6.129999999999999893e-01 -1.638063594122094457e+01
6.139999999999999902e-01 -1.656092539930413921e+01
6.149999999999999911e-01 -1.674146398250545076e+01
6.159999999999999920e-01 -1.692225124079521947e+01
6.169999999999999929e-01 -1.710328672552870444e+01
6.179999999999999938e-01 -1.728456998944000134e+01
6.189999999999999947e-01 -1.746610058663503651e+01
6.199999999999999956e-01 -1.764787807258612418e+01
6.209999999999999964e-01 -1.782990200412453419e+01
6.219999999999999973e-01 -1.801217193943475081e+01
6.229999999999999982e-01 -1.819468743804864630e+01
6.239999999999999991e-01 -1.837744806083806282e+01
6.250000000000000000e-01 -1.856045337001000917e+01
6.260000000000000009e-01 -1.874370292909937064e+01
6.270000000000000018e-01 -1.892719630296349465e+01
6.280000000000000027e-01 -1.911093305777596640e+01
6.290000000000000036e-01 -1.929491276102025665e+01
6.300000000000000044e-01 -1.947913498148416522e+01
6.310000000000000053e-01 -1.966359928925359668e+01
6.320000000000000062e-01 -1.984830525570677651e+01
6.330000000000000071e-01 -2.003325245350823991e+01
6.340000000000000080e-01 -2.021844045660300537e+01
6.350000000000000089e-01 -2.040386884021089031e+01
6.360000000000000098e-01 -2.058953718082037199e+01
6.370000000000000107e-01 -2.077544505618342896e+01
6.380000000000000115e-01 -2.096159204530948728e+01
6.390000000000000124e-01 -2.114797772845960822e+01
6.400000000000000133e-01 -2.133460168714078975e+01
6.410000000000000142e-01 -2.152146350410110642e+01
6.420000000000000151e-01 -2.170856276332317236e+01
6.430000000000000160e-01 -2.189589905001933801e+01
6.440000000000000169e-01 -2.208347195062545154e+01
6.450000000000000178e-01 -2.227128105279641090e+01
6.460000000000000187e-01 -2.245932594539949889e+01
6.470000000000000195e-01 -2.264760621851007727e+01
6.480000000000000204e-01 -2.283612146340550453e+01
6.490000000000000213e-01 -2.302487127256007682e+01
6.500000000000000222e-01 -2.321385523963972730e+01
6.510000000000000231e-01 -2.340307295949656918e+01
6.520000000000000240e-01 -2.359252402816392191e+01
6.530000000000000249e-01 -2.378220804285084000e+01
6.540000000000000258e-01 -2.397212460193696870e+01
6.550000000000000266e-01 -2.416227330496754178e+01
6.560000000000000275e-01 -2.435265375264829402e+01
6.570000000000000284e-01 -2.454326554683983375e+01
6.580000000000000293e-01 -2.473410829055337956e+01
6.590000000000000302e-01 -2.492518158794537442e+01
6.600000000000000311e-01 -2.511648504431191498e+01
6.610000000000000320e-01 -2.530801826608494309e+01
6.620000000000000329e-01 -2.549978086082613515e+01
6.630000000000000338e-01 -2.569177243722280934e+01
6.640000000000000346e-01 -2.588399260508268185e+01
6.650000000000000355e-01 -2.607644097532900673e+01
6.660000000000000364e-01 -2.626911715999575847e+01
6.670000000000000373e-01 -2.646202077222289972e+01
6.680000000000000382e-01 -2.665515142625180545e+01
6.690000000000000391e-01 -2.684850873742001909e+01
6.700000000000000400e-01 -2.704209232215679037e+01
6.710000000000000409e-01 -2.723590179797845678e+01
6.720000000000000417e-01 -2.742993678348365449e+01
6.730000000000000426e-01 -2.762419689834906933e+01
6.740000000000000435e-01 -2.781868176332406506e+01
6.750000000000000444e-01 -2.801339100022654804e+01
6.760000000000000453e-01 -2.820832423193880345e+01
6.770000000000000462e-01 -2.840348108240216618e+01
6.780000000000000471e-01 -2.859886117661294236e+01
6.790000000000000480e-01 -2.879446414061794712e+01
6.800000000000000488e-01 -2.899028960151004242e+01
6.810000000000000497e-01 -2.918633718742343319e+01
6.820000000000000506e-01 -2.938260652752980207e+01
6.830000000000000515e-01 -2.957909725203322182e+01
6.840000000000000524e-01 -2.977580899216644639e+01
6.850000000000000533e-01 -2.997274138018626388e+01
6.860000000000000542e-01 -3.016989404936923336e+01
6.870000000000000551e-01 -3.036726663400717996e+01
6.880000000000000560e-01 -3.056485876940368485e+01
6.890000000000000568e-01 -3.076267009186902612e+01
6.900000000000000577e-01 -3.096070023871607191e+01
6.910000000000000586e-01 -3.115894884825655708e+01
6.920000000000000595e-01 -3.135741555979667794e+01
6.930000000000000604e-01 -3.155610001363288575e+01
6.940000000000000613e-01 -3.175500185104785089e+01
6.950000000000000622e-01 -3.195412071430632750e+01
6.960000000000000631e-01 -3.215345624665080493e+01
6.970000000000000639e-01 -3.235300809229835295e+01
6.980000000000000648e-01 -3.255277589643571901e+01
6.990000000000000657e-01 -3.275275930521533496e+01
7.000000000000000666e-01 -3.295295796575194913e+01
7.010000000000000675e-01 -3.315337152611824934e+01
7.020000000000000684e-01 -3.335399963534072754e+01
7.030000000000000693e-01 -3.355484194339673820e+01
7.039999999999999591e-01 -3.375589810120897027e+01
7.049999999999999600e-01 -3.395716776064332976e+01
7.059999999999999609e-01 -3.415865057450369591e+01
7.069999999999999618e-01 -3.436034619652906485e+01
7.079999999999999627e-01 -3.456225428138920108e+01
7.089999999999999636e-01 -3.476437448468072944e+01
7.099999999999999645e-01 -3.496670646292403717e+01
7.109999999999999654e-01 -3.516924987355899646e+01
7.119999999999999662e-01 -3.537200437494138328e+01
7.129999999999999671e-01 -3.557496962633884152e+01
7.139999999999999680e-01 -3.577814528792792714e+01
7.149999999999999689e-01 -3.598153102078994436e+01
7.159999999999999698e-01 -3.618512648690708033e+01
7.169999999999999707e-01 -3.638893134915929295e+01
7.179999999999999716e-01 -3.659294527132071551e+01
7.189999999999999725e-01 -3.679716791805533660e+01
7.199999999999999734e-01 -3.700159895491449902e+01
7.209999999999999742e-01 -3.720623804833226700e+01
7.219999999999999751e-01 -3.741108486562279722e+01
7.229999999999999760e-01 -3.761613907497618925e+01
7.239999999999999769e-01 -3.782140034545565754e+01
7.249999999999999778e-01 -3.802686834699319718e+01
7.259999999999999787e-01 -3.823254275038678429e+01
7.269999999999999796e-01 -3.843842322729692285e+01
7.279999999999999805e-01 -3.864450945024258033e+01
7.289999999999999813e-01 -3.885080109259884296e+01
7.299999999999999822e-01 -3.905729782859276611e+01
7.309999999999999831e-01 -3.926399933329976477e+01
7.319999999999999840e-01 -3.947090528264142506e+01
7.329999999999999849e-01 -3.967801535338078622e+01
7.339999999999999858e-01 -3.988532922312009532e+01
7.349999999999999867e-01 -4.009284657029712662e+01
7.359999999999999876e-01 -4.030056707418177098e+01
7.369999999999999885e-01 -4.050849041487279578e+01
7.379999999999999893e-01 -4.071661627329480382e+01
7.389999999999999902e-01 -4.092494433119502162e+01
7.399999999999999911e-01 -4.113347427113990307e+01
7.409999999999999920e-01 -4.134220577651220196e+01
7.419999999999999929e-01 -4.155113853150734826e+01
7.429999999999999938e-01 -4.176027222113073378e+01
7.439999999999999947e-01 -4.196960653119411688e+01
7.449999999999999956e-01 -4.217914114831319239e+01
7.459999999999999964e-01 -4.238887575990401047e+01
7.469999999999999973e-01 -4.259881005417962285e+01
7.479999999999999982e-01 -4.280894372014778071e+01
7.489999999999999991e-01 -4.301927644760687031e+01
7.500000000000000000e-01 -4.322980792714419351e+01
7.510000000000000009e-01 -4.344053785013159086e+01
7.520000000000000018e-01 -4.365146590872289778e+01
7.530000000000000027e-01 -4.386259179585169932e+01
7.540000000000000036e-01 -4.407391520522716633e+01
7.550000000000000044e-01 -4.428543583133173911e+01
7.560000000000000053e-01 -4.449715336941839894e+01
7.570000000000000062e-01 -4.470906751550700164e+01
7.580000000000000071e-01 -4.492117796638184757e+01
7.590000000000000080e-01 -4.513348441958893886e+01
7.600000000000000089e-01 -4.534598657343272521e+01
7.610000000000000098e-01 -4.555868412697303427e+01
7.620000000000000107e-01 -4.577157678002282637e+01
7.630000000000000115e-01 -4.598466423314501128e+01
7.640000000000000124e-01 -4.619794618764957761e+01
7.650000000000000133e-01 -4.641142234559110591e+01
7.660000000000000142e-01 -4.662509240976513070e+01
7.670000000000000151e-01 -4.683895608370642094e+01
7.680000000000000160e-01 -4.705301307168561209e+01
7.690000000000000169e-01 -4.726726307870647759e+01
7.700000000000000178e-01 -4.748170581050294459e+01
7.710000000000000187e-01 -4.769634097353724655e+01
7.720000000000000195e-01 -4.791116827499597264e+01
7.730000000000000204e-01 -4.812618742278870343e+01
7.740000000000000213e-01 -4.834139812554401772e+01
7.750000000000000222e-01 -4.855680009260765928e+01
7.760000000000000231e-01 -4.877239303403963788e+01
7.770000000000000240e-01 -4.898817666061144394e+01
7.780000000000000249e-01 -4.920415068380366108e+01
7.790000000000000258e-01 -4.942031481580325192e+01
7.800000000000000266e-01 -4.963666876950048845e+01
7.810000000000000275e-01 -4.985321225848721838e+01
7.820000000000000284e-01 -5.006994499705372448e+01
7.830000000000000293e-01 -5.028686670018612404e+01
7.840000000000000302e-01 -5.050397708356405246e+01
7.850000000000000311e-01 -5.072127586355767903e+01
7.860000000000000320e-01 -5.093876275722615787e+01
7.870000000000000329e-01 -5.115643748231357790e+01
7.880000000000000338e-01 -5.137429975724786857e+01
7.890000000000000346e-01 -5.159234930113782980e+01
7.900000000000000355e-01 -5.181058583376984927e+01
7.910000000000000364e-01 -5.202900907560686505e+01
7.920000000000000373e-01 -5.224761874778495496e+01
7.930000000000000382e-01 -5.246641457211084969e+01
7.940000000000000391e-01 -5.268539627106000012e+01
7.950000000000000400e-01 -5.290456356777374936e+01
7.960000000000000409e-01 -5.312391618605704480e+01
7.970000000000000417e-01 -5.334345385037632070e+01
7.980000000000000426e-01 -5.356317628585659918e+01
7.990000000000000435e-01 -5.378308321827927330e+01
8.000000000000000444e-01 -5.400317437408001808e+01
8.010000000000000453e-01 -5.422344948034618994e+01
8.020000000000000462e-01 -5.444390826481431134e+01
8.030000000000000471e-01 -5.466455045586805284e+01
8.040000000000000480e-01 -5.488537578253620097e+01
8.050000000000000488e-01 -5.510638397448924763e+01
8.060000000000000497e-01 -5.532757476203835267e+01
8.070000000000000506e-01 -5.554894787613214646e+01
8.080000000000000515e-01 -5.577050304835478300e+01
8.090000000000000524e-01 -5.599224001092436254e+01
8.100000000000000533e-01 -5.621415849668915143e+01
8.110000000000000542e-01 -5.643625823912630324e+01
8.120000000000000551e-01 -5.665853897234018177e+01
8.130000000000000560e-01 -5.688100043105858106e+01
8.140000000000000568e-01 -5.710364235063177318e+01
8.150000000000000577e-01 -5.732646446703041931e+01
8.160000000000000586e-01 -5.754946651684227277e+01
8.170000000000000595e-01 -5.777264823727038845e+01
8.180000000000000604e-01 -5.799600936613170177e+01
8.190000000000000613e-01 -5.821954964185432857e+01
8.200000000000000622e-01 -5.844326880347502140e+01
8.210000000000000631e-01 -5.866716659063776262e+01
8.220000000000000639e-01 -5.889124274359119227e+01
8.230000000000000648e-01 -5.911549700318639111e+01
8.240000000000000657e-01 -5.933992911087536015e+01
8.250000000000000666e-01 -5.956453880870814999e+01
8.260000000000000675e-01 -5.978932583933149658e+01
8.270000000000000684e-01 -6.001428994598605016e+01
8.280000000000000693e-01 -6.023943087250492567e+01
8.290000000000000702e-01 -6.046474836331118752e+01
8.300000000000000711e-01 -6.069024216341591682e+01
8.310000000000000719e-01 -6.091591201841643510e+01
8.320000000000000728e-01 -6.114175767449393106e+01
8.329999999999999627e-01 -6.136777887841135737e+01
8.339999999999999636e-01 -6.159397537751206642e+01
8.349999999999999645e-01 -6.182034691971722395e+01
8.359999999999999654e-01 -6.204689325352370588e+01
8.369999999999999662e-01 -6.227361412800230767e+01
8.379999999999999671e-01 -6.250050929279625223e+01
8.389999999999999680e-01 -6.272757849811839037e+01
8.399999999999999689e-01 -6.295482149474980815e+01
8.409999999999999698e-01 -6.318223803403790839e+01
8.419999999999999707e-01 -6.340982786789375325e+01
8.429999999999999716e-01 -6.363759074879095579e+01
8.439999999999999725e-01 -6.386552642976337779e+01
8.449999999999999734e-01 -6.409363466440365187e+01
8.459999999999999742e-01 -6.432191520686021136e+01
8.469999999999999751e-01 -6.455036781183629557e+01
8.479999999999999760e-01 -6.477899223458858557e+01
8.489999999999999769e-01 -6.500778823092363723e+01
8.499999999999999778e-01 -6.523675555719731278e+01
8.509999999999999787e-01 -6.546589397031289081e+01
8.519999999999999796e-01 -6.569520322771832355e+01
8.529999999999999805e-01 -6.592468308740535576e+01
8.539999999999999813e-01 -6.615433330790700950e+01
8.549999999999999822e-01 -6.638415364829664611e+01
8.559999999999999831e-01 -6.661414386818461253e+01
8.569999999999999840e-01 -6.684430372771829809e+01
8.579999999999999849e-01 -6.707463298757865289e+01
8.589999999999999858e-01 -6.730513140897956248e+01
8.599999999999999867e-01 -6.753579875366537522e+01
8.609999999999999876e-01 -6.776663478390962325e+01
8.619999999999999885e-01 -6.799763926251252144e+01
8.629999999999999893e-01 -6.822881195280064048e+01
8.639999999999999902e-01 -6.846015261862314105e+01
8.649999999999999911e-01 -6.869166102435147536e+01
8.659999999999999920e-01 -6.892333693487734081e+01
8.669999999999999929e-01 -6.915518011561098888e+01
8.679999999999999938e-01 -6.938719033247879509e+01
8.689999999999999947e-01 -6.961936735192301740e+01
8.699999999999999956e-01 -6.985171094089830035e+01
8.709999999999999964e-01 -7.008422086687106400e+01
8.719999999999999973e-01 -7.031689689781829600e+01
8.729999999999999982e-01 -7.054973880222433991e+01
8.739999999999999991e-01 -7.078274634908017049e+01
8.750000000000000000e-01 -7.101591930788224261e+01
8.760000000000000009e-01 -7.124925744862920851e+01
8.770000000000000018e-01 -7.148276054182208838e+01
8.780000000000000027e-01 -7.171642835846141395e+01
8.790000000000000036e-01 -7.195026067004604897e+01
8.800000000000000044e-01 -7.218425724857097237e+01
8.810000000000000053e-01 -7.241841786652702240e+01
8.820000000000000062e-01 -7.265274229689752872e+01
8.830000000000000071e-01 -7.288723031315798551e+01
8.840000000000000080e-01 -7.312188168927394827e+01
8.850000000000000089e-01 -7.335669619969971222e+01
8.860000000000000098e-01 -7.359167361937572593e+01
8.870000000000000107e-01 -7.382681372372890394e+01
8.880000000000000115e-01 -7.406211628866891772e+01
8.890000000000000124e-01 -7.429758109058836624e+01
8.900000000000000133e-01 -7.453320790635991955e+01
8.910000000000000142e-01 -7.476899651333607721e+01
8.920000000000000151e-01 -7.500494668934560138e+01
8.930000000000000160e-01 -7.524105821269468208e+01
8.940000000000000169e-01 -7.547733086216298659e+01
8.950000000000000178e-01 -7.571376441700334681e+01
8.960000000000000187e-01 -7.595035865694028132e+01
8.970000000000000195e-01 -7.618711336216753693e+01
8.980000000000000204e-01 -7.642402831334786129e+01
8.990000000000000213e-01 -7.666110329161044490e+01
9.000000000000000222e-01 -7.689833807855016801e+01
9.010000000000000231e-01 -7.713573245622517049e+01
9.020000000000000240e-01 -7.737328620715688032e+01
9.030000000000000249e-01 -7.761099911432674503e+01
9.040000000000000258e-01 -7.784887096117596172e+01
9.050000000000000266e-01 -7.808690153160434022e+01
9.060000000000000275e-01 -7.832509060996694927e+01
9.070000000000000284e-01 -7.856343798107479870e+01
9.080000000000000293e-01 -7.880194343019218195e+01
9.090000000000000302e-01 -7.904060674303573819e+01
9.100000000000000311e-01 -7.927942770577261911e+01
9.110000000000000320e-01 -7.951840610501936624e+01
9.120000000000000329e-01 -7.975754172784047569e+01
9.130000000000000338e-01 -7.999683436174653650e+01
9.140000000000000346e-01 -8.023628379469374750e+01
9.150000000000000355e-01 -8.047588981508155825e+01
9.160000000000000364e-01 -8.071565221175146121e+01
9.170000000000000373e-01 -8.095557077398667900e+01
9.180000000000000382e-01 -8.119564529150876808e+01
9.190000000000000391e-01 -8.143587555447814452e+01
9.200000000000000400e-01 -8.167626135349152605e+01
9.210000000000000409e-01 -8.191680247958132099e+01
9.220000000000000417e-01 -8.215749872421322664e+01
9.230000000000000426e-01 -8.239834987928668397e+01
9.240000000000000435e-01 -8.263935573713126814e+01
9.250000000000000444e-01 -8.288051609050700108e+01
9.260000000000000453e-01 -8.312183073260248989e+01
9.270000000000000462e-01 -8.336329945703369049e+01
9.280000000000000471e-01 -8.360492205784171915e+01
9.290000000000000480e-01 -8.384669832949319357e+01
9.300000000000000488e-01 -8.408862806687773173e+01
9.310000000000000497e-01 -8.433071106530618977e+01
9.320000000000000506e-01 -8.457294712051148622e+01
9.330000000000000515e-01 -8.481533602864439558e+01
9.340000000000000524e-01 -8.505787758627471362e+01
9.350000000000000533e-01 -8.530057159038850045e+01
9.360000000000000542e-01 -8.554341783838754054e+01
9.370000000000000551e-01 -8.578641612808772265e+01
9.380000000000000560e-01 -8.602956625771761878e+01
9.390000000000000568e-01 -8.627286802591794412e+01
9.400000000000000577e-01 -8.651632123173911282e+01
9.410000000000000586e-01 -8.675992567464152216e+01
9.420000000000000595e-01 -8.700368115449245465e+01
9.430000000000000604e-01 -8.724758747156656113e+01
9.440000000000000613e-01 -8.749164442654333129e+01
9.450000000000000622e-01 -8.773585182050678100e+01
9.460000000000000631e-01 -8.798020945494360490e+01
9.470000000000000639e-01 -8.822471713174226693e+01
9.480000000000000648e-01 -8.846937465319143712e+01
9.490000000000000657e-01 -8.871418182197919577e+01
9.500000000000000666e-01 -8.895913844119186820e+01
9.510000000000000675e-01 -8.920424431431192147e+01
9.520000000000000684e-01 -8.944949924521796447e+01
9.530000000000000693e-01 -8.969490303818284360e+01
9.540000000000000702e-01 -8.994045549787267646e+01
9.550000000000000711e-01 -9.018615642934523180e+01
9.560000000000000719e-01 -9.043200563804953163e+01
9.570000000000000728e-01 -9.067800292982434485e+01
9.580000000000000737e-01 -9.092414811089594195e+01
9.590000000000000746e-01 -9.117044098787908979e+01
9.599999999999999645e-01 -9.141688136777415252e+01
9.609999999999999654e-01 -9.166346905796638111e+01
9.619999999999999662e-01 -9.191020386622483329e+01
9.629999999999999671e-01 -9.215708560070149247e+01
9.639999999999999680e-01 -9.240411406992984666e+01
9.649999999999999689e-01 -9.265128908282343900e+01
9.659999999999999698e-01 -9.289861044867507189e+01
9.669999999999999707e-01 -9.314607797715595439e+01
9.679999999999999716e-01 -9.339369147831425266e+01
9.689999999999999725e-01 -9.364145076257358369e+01
9.699999999999999734e-01 -9.388935564073270257e+01
9.709999999999999742e-01 -9.413740592396399620e+01
9.719999999999999751e-01 -9.438560142381177798e+01
9.729999999999999760e-01 -9.463394195219231619e+01
9.739999999999999769e-01 -9.488242732139232771e+01
9.749999999999999778e-01 -9.513105734406687475e+01
9.759999999999999787e-01 -9.537983183324016068e+01
9.769999999999999796e-01 -9.562875060230291524e+01
9.779999999999999805e-01 -9.587781346501128610e+01
9.789999999999999813e-01 -9.612702023548723673e+01
9.799999999999999822e-01 -9.637637072821587481e+01
9.809999999999999831e-01 -9.662586475804522479e+01
9.819999999999999840e-01 -9.687550214018494898e+01
9.829999999999999849e-01 -9.712528269020523908e+01
9.839999999999999858e-01 -9.737520622403576454e+01
9.849999999999999867e-01 -9.762527255796459258e+01
9.859999999999999876e-01 -9.787548150863756291e+01
9.869999999999999885e-01 -9.812583289305635503e+01
9.879999999999999893e-01 -9.837632652857837456e+01
9.889999999999999902e-01 -9.862696223291510478e+01
9.899999999999999911e-01 -9.887773982413125395e+01
9.909999999999999920e-01 -9.912865912064404483e+01
9.919999999999999929e-01 -9.937971994122145247e+01
9.929999999999999938e-01 -9.963092210498192003e+01
9.939999999999999947e-01 -9.988226543139288083e+01
9.949999999999999956e-01 -1.001337497402701047e+02
9.959999999999999964e-01 -1.003853748517763051e+02
9.969999999999999973e-01 -1.006371405864204576e+02
9.979999999999999982e-01 -1.008890467650562357e+02
9.989999999999999991e-01 -1.011410932088821539e+02
1.000000000000000000e+00 -1.013932797394393788e+02
