0.000000000000000000e+00 0.000000000000000000e+00
1.000000000000000021e-03 7.181887129643130807e-01
2.000000000000000042e-03 1.244024937981860202e+00
3.000000000000000062e-03 1.718902410278961623e+00
4.000000000000000083e-03 2.162990981331073037e+00
5.000000000000000104e-03 2.585016863735059456e+00
6.000000000000000125e-03 2.989833524661952957e+00
7.000000000000000146e-03 3.380521610667441390e+00
8.000000000000000167e-03 3.759205758395530950e+00
9.000000000000001055e-03 4.127437782984172188e+00
1.000000000000000021e-02 4.486399870987569649e+00
1.099999999999999936e-02 4.837022158826631113e+00
1.200000000000000025e-02 5.180055393181207002e+00
1.300000000000000114e-02 5.516118203006696419e+00
1.400000000000000029e-02 5.845729154365236546e+00
1.499999999999999944e-02 6.169329240360552191e+00
1.600000000000000033e-02 6.487298117668120589e+00
1.700000000000000122e-02 6.799966116899795132e+00
1.800000000000000211e-02 7.107623314823890759e+00
1.899999999999999953e-02 7.410526513284621863e+00
2.000000000000000042e-02 7.708904694501252486e+00
2.100000000000000130e-02 8.002963346296574798e+00
2.199999999999999872e-02 8.292887935006602262e+00
2.299999999999999961e-02 8.578846725866338119e+00
2.400000000000000050e-02 8.860993097062687340e+00
2.500000000000000139e-02 9.139467456081515451e+00
2.600000000000000228e-02 9.414398840196341212e+00
2.699999999999999969e-02 9.685906263555986939e+00
2.800000000000000058e-02 9.954099859088099578e+00
2.900000000000000147e-02 1.021908185284019233e+01
2.999999999999999889e-02 1.048094740040226647e+01
3.099999999999999978e-02 1.073978530898173211e+01
3.200000000000000067e-02 1.099567866403041094e+01
3.300000000000000155e-02 1.124870537569698925e+01
3.400000000000000244e-02 1.149893865753781519e+01
3.500000000000000333e-02 1.174644744767582338e+01
3.600000000000000422e-02 1.199129678081228434e+01
3.699999999999999817e-02 1.223354811806530051e+01
3.799999999999999906e-02 1.247325964045427149e+01
3.899999999999999994e-02 1.271048651091196113e+01
4.000000000000000083e-02 1.294528110893955031e+01
4.100000000000000172e-02 1.317769324139077547e+01
4.200000000000000261e-02 1.340777033235112725e+01
4.300000000000000350e-02 1.363555759464646400e+01
4.399999999999999745e-02 1.386109818515527259e+01
4.499999999999999833e-02 1.408443334579690642e+01
4.599999999999999922e-02 1.430560253181413977e+01
4.700000000000000011e-02 1.452464352875368903e+01
4.800000000000000100e-02 1.474159255936599422e+01
4.900000000000000189e-02 1.495648438149058457e+01
5.000000000000000278e-02 1.516935237786047708e+01
5.100000000000000366e-02 1.538022863864542344e+01
5.200000000000000455e-02 1.558914403745583321e+01
5.299999999999999850e-02 1.579612830144464830e+01
5.399999999999999939e-02 1.600121007607127055e+01
5.500000000000000028e-02 1.620441698502799355e+01
5.600000000000000117e-02 1.640577568577425183e+01
5.700000000000000205e-02 1.660531192107527332e+01
5.800000000000000294e-02 1.680305056689975984e+01
5.900000000000000383e-02 1.699901567699387073e+01
5.999999999999999778e-02 1.719323052441616895e+01
6.099999999999999867e-02 1.738571764028938205e+01
6.199999999999999956e-02 1.757649884999927536e+01
6.300000000000000044e-02 1.776559530704852818e+01
6.400000000000000133e-02 1.795302752475336661e+01
6.500000000000000222e-02 1.813881540595297537e+01
6.600000000000000311e-02 1.832297827088570230e+01
6.700000000000000400e-02 1.850553488337225261e+01
6.800000000000000488e-02 1.868650347543290735e+01
6.900000000000000577e-02 1.886590177045498251e+01
7.000000000000000666e-02 1.904374700501608331e+01
7.100000000000000755e-02 1.922005594945998652e+01
7.200000000000000844e-02 1.939484492731336118e+01
7.299999999999999545e-02 1.956812983362446801e+01
7.399999999999999634e-02 1.973992615229784775e+01
7.499999999999999722e-02 1.991024897249345571e+01
7.599999999999999811e-02 2.007911300415267775e+01
7.699999999999999900e-02 2.024653259270906958e+01
7.799999999999999989e-02 2.041252173303689688e+01
7.900000000000000078e-02 2.057709408268660312e+01
8.000000000000000167e-02 2.074026297445240630e+01
8.100000000000000255e-02 2.090204142831395373e+01
8.200000000000000344e-02 2.106244216279080206e+01
8.300000000000000433e-02 2.122147760574554454e+01
8.400000000000000522e-02 2.137915990466895622e+01
8.500000000000000611e-02 2.153550093647800168e+01
8.600000000000000699e-02 2.169051231685543613e+01
8.700000000000000788e-02 2.184420540915767361e+01
8.799999999999999489e-02 2.199659133291572033e+01
8.899999999999999578e-02 2.214768097195246810e+01
8.999999999999999667e-02 2.229748498213768926e+01
9.099999999999999756e-02 2.244601379880100822e+01
9.199999999999999845e-02 2.259327764382169335e+01
9.299999999999999933e-02 2.273928653241266318e+01
9.400000000000000022e-02 2.288405027961522009e+01
9.500000000000000111e-02 2.302757850651997273e+01
9.600000000000000200e-02 2.316988064622820076e+01
9.700000000000000289e-02 2.331096594956716572e+01
9.800000000000000377e-02 2.345084349057225026e+01
9.900000000000000466e-02 2.358952217174748966e+01
1.000000000000000056e-01 2.372701072911583609e+01
1.010000000000000064e-01 2.386331773706970338e+01
1.020000000000000073e-01 2.399845161303148089e+01
1.030000000000000082e-01 2.413242062193341297e+01
1.040000000000000091e-01 2.426523288052560190e+01
1.049999999999999961e-01 2.439689636152030161e+01
1.059999999999999970e-01 2.452741889758031135e+01
1.069999999999999979e-01 2.465680818515880901e+01
1.079999999999999988e-01 2.478507178819742052e+01
1.089999999999999997e-01 2.491221714168933943e+01
1.100000000000000006e-01 2.503825155511326273e+01
1.110000000000000014e-01 2.516318221574435654e+01
1.120000000000000023e-01 2.528701619184750626e+01
1.130000000000000032e-01 2.540976043575827248e+01
1.140000000000000041e-01 2.553142178685627783e+01
1.150000000000000050e-01 2.565200697443594891e+01
1.160000000000000059e-01 2.577152262047889764e+01
1.170000000000000068e-01 2.588997524233214165e+01
1.180000000000000077e-01 2.600737125529634852e+01
1.190000000000000085e-01 2.612371697512761060e+01
1.199999999999999956e-01 2.623901862045661204e+01
1.209999999999999964e-01 2.635328231512846742e+01
1.219999999999999973e-01 2.646651409046651438e+01
1.229999999999999982e-01 2.657871988746317271e+01
1.239999999999999991e-01 2.668990555890081140e+01
1.250000000000000000e-01 2.680007687140538408e+01
1.260000000000000009e-01 2.690923950743553306e+01
1.270000000000000018e-01 2.701739906720976236e+01
1.280000000000000027e-01 2.712456107057391108e+01
1.290000000000000036e-01 2.723073095881149897e+01
1.300000000000000044e-01 2.733591409639888070e+01
1.310000000000000053e-01 2.744011577270752156e+01
1.320000000000000062e-01 2.754334120365525251e+01
1.330000000000000071e-01 2.764559553330850861e+01
1.340000000000000080e-01 2.774688383543729486e+01
1.350000000000000089e-01 2.784721111502473789e+01
1.360000000000000098e-01 2.794658230973274016e+01
1.370000000000000107e-01 2.804500229132548483e+01
1.380000000000000115e-01 2.814247586705221238e+01
1.390000000000000124e-01 2.823900778099076803e+01
1.400000000000000133e-01 2.833460271535329156e+01
1.410000000000000142e-01 2.842926529175546335e+01
1.420000000000000151e-01 2.852300007245045066e+01
1.430000000000000160e-01 2.861581156152889704e+01
1.440000000000000169e-01 2.870770420608608120e+01
1.449999999999999900e-01 2.879868239735743884e+01
1.459999999999999909e-01 2.888875047182332523e+01
1.469999999999999918e-01 2.897791271228437893e+01
1.479999999999999927e-01 2.906617334890812998e+01
1.489999999999999936e-01 2.915353656024816686e+01
1.499999999999999944e-01 2.924000647423634192e+01
1.509999999999999953e-01 2.932558716914943631e+01
1.519999999999999962e-01 2.941028267455051903e+01
1.529999999999999971e-01 2.949409697220642101e+01
1.539999999999999980e-01 2.957703399698155522e+01
1.549999999999999989e-01 2.965909763770930851e+01
1.559999999999999998e-01 2.974029173804130011e+01
1.570000000000000007e-01 2.982062009727556529e+01
1.580000000000000016e-01 2.990008647116412632e+01
1.590000000000000024e-01 2.997869457270048699e+01
1.600000000000000033e-01 3.005644807288811293e+01
1.610000000000000042e-01 3.013335060148992284e+01
1.620000000000000051e-01 3.020940574775976373e+01
1.630000000000000060e-01 3.028461706115629681e+01
1.640000000000000069e-01 3.035898805203979478e+01
1.650000000000000078e-01 3.043252219235237277e+01
1.660000000000000087e-01 3.050522291628224991e+01
1.670000000000000095e-01 3.057709362091239313e+01
1.680000000000000104e-01 3.064813766685392338e+01
1.690000000000000113e-01 3.071835837886505161e+01
1.700000000000000122e-01 3.078775904645570094e+01
1.710000000000000131e-01 3.085634292447817373e+01
1.720000000000000140e-01 3.092411323370450660e+01
1.730000000000000149e-01 3.099107316139082258e+01
1.740000000000000158e-01 3.105722586182876199e+01
1.750000000000000167e-01 3.112257445688495849e+01
1.759999999999999898e-01 3.118712203652813031e+01
1.769999999999999907e-01 3.125087165934488809e+01
1.779999999999999916e-01 3.131382635304394313e+01
1.789999999999999925e-01 3.137598911494955800e+01
1.799999999999999933e-01 3.143736291248409032e+01
1.809999999999999942e-01 3.149795068364023365e+01
1.819999999999999951e-01 3.155775533744308703e+01
1.829999999999999960e-01 3.161677975440238697e+01
1.839999999999999969e-01 3.167502678695520757e+01
1.849999999999999978e-01 3.173249925989914999e+01
1.859999999999999987e-01 3.178919997081668924e+01
1.869999999999999996e-01 3.184513169049044023e+01
1.880000000000000004e-01 3.190029716330995768e+01
1.890000000000000013e-01 3.195469910767013033e+01
1.900000000000000022e-01 3.200834021636132576e+01
1.910000000000000031e-01 3.206122315695167657e+01
1.920000000000000040e-01 3.211335057216149380e+01
1.930000000000000049e-01 3.216472508023023380e+01
1.940000000000000058e-01 3.221534927527605419e+01
1.950000000000000067e-01 3.226522572764818619e+01
1.960000000000000075e-01 3.231435698427223002e+01
1.970000000000000084e-01 3.236274556898888477e+01
1.980000000000000093e-01 3.241039398288562978e+01
1.990000000000000102e-01 3.245730470462228823e+01
2.000000000000000111e-01 3.250348019075006789e+01
2.010000000000000120e-01 3.254892287602439183e+01
2.020000000000000129e-01 3.259363517371185992e+01
2.030000000000000138e-01 3.263761947589128454e+01
2.040000000000000147e-01 3.268087815374877891e+01
2.050000000000000155e-01 3.272341355786761596e+01
2.060000000000000164e-01 3.276522801851235300e+01
2.070000000000000173e-01 3.280632384590767714e+01
2.080000000000000182e-01 3.284670333051208502e+01
2.089999999999999913e-01 3.288636874328646797e+01
2.099999999999999922e-01 3.292532233595770919e+01
2.109999999999999931e-01 3.296356634127742780e+01
2.119999999999999940e-01 3.300110297327600506e+01
2.129999999999999949e-01 3.303793442751201326e+01
2.139999999999999958e-01 3.307406288131696215e+01
2.149999999999999967e-01 3.310949049403589584e+01
2.159999999999999976e-01 3.314421940726342086e+01
2.169999999999999984e-01 3.317825174507564157e+01
2.179999999999999993e-01 3.321158961425792455e+01
2.190000000000000002e-01 3.324423510452867703e+01
2.200000000000000011e-01 3.327619028875916030e+01
2.210000000000000020e-01 3.330745722318935265e+01
2.220000000000000029e-01 3.333803794764024531e+01
2.230000000000000038e-01 3.336793448572222331e+01
2.240000000000000047e-01 3.339714884504003578e+01
2.250000000000000056e-01 3.342568301739415659e+01
2.260000000000000064e-01 3.345353897897860662e+01
2.270000000000000073e-01 3.348071869057550032e+01
2.280000000000000082e-01 3.350722409774638777e+01
2.290000000000000091e-01 3.353305713102010088e+01
2.300000000000000100e-01 3.355821970607765081e+01
2.310000000000000109e-01 3.358271372393399190e+01
2.320000000000000118e-01 3.360654107111664501e+01
2.330000000000000127e-01 3.362970361984143608e+01
2.340000000000000135e-01 3.365220322818544219e+01
2.350000000000000144e-01 3.367404174025683972e+01
2.360000000000000153e-01 3.369522098636210217e+01
2.370000000000000162e-01 3.371574278317061157e+01
2.380000000000000171e-01 3.373560893387628568e+01
2.390000000000000180e-01 3.375482122835683185e+01
2.399999999999999911e-01 3.377338144333043601e+01
2.409999999999999920e-01 3.379129134250969457e+01
2.419999999999999929e-01 3.380855267675340059e+01
2.429999999999999938e-01 3.382516718421571511e+01
2.439999999999999947e-01 3.384113659049310741e+01
2.449999999999999956e-01 3.385646260876877989e+01
2.459999999999999964e-01 3.387114693995504666e+01
2.469999999999999973e-01 3.388519127283341703e+01
2.479999999999999982e-01 3.389859728419238394e+01
2.489999999999999991e-01 3.391136663896320158e+01
2.500000000000000000e-01 3.392350099035360955e+01
2.510000000000000009e-01 3.393500197997928325e+01
2.520000000000000018e-01 3.394587123799351502e+01
2.530000000000000027e-01 3.395611038321481345e+01
2.540000000000000036e-01 3.396572102325249176e+01
2.550000000000000044e-01 3.397470475463046569e+01
2.560000000000000053e-01 3.398306316290916840e+01
2.570000000000000062e-01 3.399079782280561801e+01
2.580000000000000071e-01 3.399791029831163769e+01
2.590000000000000080e-01 3.400440214281044859e+01
2.600000000000000089e-01 3.401027489919140123e+01
2.610000000000000098e-01 3.401553009996302990e+01
2.620000000000000107e-01 3.402016926736457947e+01
2.630000000000000115e-01 3.402419391347572031e+01
2.640000000000000124e-01 3.402760554032477103e+01
2.650000000000000133e-01 3.403040563999527990e+01
2.660000000000000142e-01 3.403259569473117097e+01
2.670000000000000151e-01 3.403417717704019196e+01
2.680000000000000160e-01 3.403515154979611168e+01
2.690000000000000169e-01 3.403552026633926886e+01
2.700000000000000178e-01 3.403528477057566448e+01
2.710000000000000187e-01 3.403444649707493852e+01
2.720000000000000195e-01 3.403300687116653478e+01
2.730000000000000204e-01 3.403096730903479283e+01
2.740000000000000213e-01 3.402832921781278230e+01
2.750000000000000222e-01 3.402509399567438209e+01
2.760000000000000231e-01 3.402126303192568457e+01
2.770000000000000240e-01 3.401683770709465904e+01
2.780000000000000249e-01 3.401181939301969237e+01
2.790000000000000258e-01 3.400620945293707109e+01
2.800000000000000266e-01 3.400000924156709914e+01
2.810000000000000275e-01 3.399322010519902193e+01
2.820000000000000284e-01 3.398584338177492725e+01
2.830000000000000293e-01 3.397788040097242401e+01
2.840000000000000302e-01 3.396933248428616992e+01
2.850000000000000311e-01 3.396020094510834042e+01
2.860000000000000320e-01 3.395048708880804611e+01
2.870000000000000329e-01 3.394019221280964160e+01
2.880000000000000338e-01 3.392931760667001129e+01
2.889999999999999791e-01 3.391786455215483187e+01
2.899999999999999800e-01 3.390583432331371938e+01
2.909999999999999809e-01 3.389322818655462299e+01
2.919999999999999818e-01 3.388004740071699672e+01
2.929999999999999827e-01 3.386629321714414687e+01
2.939999999999999836e-01 3.385196687975461316e+01
2.949999999999999845e-01 3.383706962511256222e+01
2.959999999999999853e-01 3.382160268249728574e+01
2.969999999999999862e-01 3.380556727397196681e+01
2.979999999999999871e-01 3.378896461445130939e+01
2.989999999999999880e-01 3.377179591176840034e+01
2.999999999999999889e-01 3.375406236674078286e+01
3.009999999999999898e-01 3.373576517323566293e+01
3.019999999999999907e-01 3.371690551823412818e+01
3.029999999999999916e-01 3.369748458189480544e+01
3.039999999999999925e-01 3.367750353761655902e+01
3.049999999999999933e-01 3.365696355210037893e+01
3.059999999999999942e-01 3.363586578541069372e+01
3.069999999999999951e-01 3.361421139103558886e+01
3.079999999999999960e-01 3.359200151594654926e+01
3.089999999999999969e-01 3.356923730065745559e+01
3.099999999999999978e-01 3.354591987928260721e+01
3.109999999999999987e-01 3.352205037959427614e+01
3.119999999999999996e-01 3.349762992307946519e+01
3.130000000000000004e-01 3.347265962499601244e+01
3.140000000000000013e-01 3.344714059442783594e+01
3.150000000000000022e-01 3.342107393433982310e+01
3.160000000000000031e-01 3.339446074163173961e+01
3.170000000000000040e-01 3.336730210719166223e+01
3.180000000000000049e-01 3.333959911594877923e+01
3.190000000000000058e-01 3.331135284692545895e+01
3.200000000000000067e-01 3.328256437328865758e+01
3.210000000000000075e-01 3.325323476240103560e+01
3.220000000000000084e-01 3.322336507587099419e+01
3.230000000000000093e-01 3.319295636960243456e+01
3.240000000000000102e-01 3.316200969384391328e+01
3.250000000000000111e-01 3.313052609323705866e+01
3.260000000000000120e-01 3.309850660686456791e+01
3.270000000000000129e-01 3.306595226829758616e+01
3.280000000000000138e-01 3.303286410564251696e+01
3.290000000000000147e-01 3.299924314158732130e+01
3.300000000000000155e-01 3.296509039344730496e+01
3.310000000000000164e-01 3.293040687321028059e+01
3.320000000000000173e-01 3.289519358758119694e+01
3.330000000000000182e-01 3.285945153802656904e+01
3.340000000000000191e-01 3.282318172081787111e+01
3.350000000000000200e-01 3.278638512707495778e+01
3.360000000000000209e-01 3.274906274280859009e+01
3.370000000000000218e-01 3.271121554896268435e+01
3.380000000000000226e-01 3.267284452145607787e+01
3.390000000000000235e-01 3.263395063122380435e+01
3.400000000000000244e-01 3.259453484425782932e+01
3.410000000000000253e-01 3.255459812164738764e+01
3.420000000000000262e-01 3.251414141961888760e+01
3.430000000000000271e-01 3.247316568957540284e+01
3.440000000000000280e-01 3.243167187813563146e+01
3.450000000000000289e-01 3.238966092717240741e+01
3.460000000000000298e-01 3.234713377385099164e+01
3.470000000000000306e-01 3.230409135066663850e+01
3.480000000000000315e-01 3.226053458548209818e+01
3.490000000000000324e-01 3.221646440156433755e+01
3.500000000000000333e-01 3.217188171762109050e+01
3.510000000000000342e-01 3.212678744783707430e+01
3.519999999999999796e-01 3.208118250190957355e+01
3.529999999999999805e-01 3.203506778508383945e+01
3.539999999999999813e-01 3.198844419818796325e+01
3.549999999999999822e-01 3.194131263766755779e+01
3.559999999999999831e-01 3.189367399561987071e+01
3.569999999999999840e-01 3.184552915982765953e+01
3.579999999999999849e-01 3.179687901379258008e+01
3.589999999999999858e-01 3.174772443676851097e+01
3.599999999999999867e-01 3.169806630379408929e+01
3.609999999999999876e-01 3.164790548572522511e+01
3.619999999999999885e-01 3.159724284926722859e+01
3.629999999999999893e-01 3.154607925700655002e+01
3.639999999999999902e-01 3.149441556744208626e+01
3.649999999999999911e-01 3.144225263501629186e+01
3.659999999999999920e-01 3.138959131014609838e+01
3.669999999999999929e-01 3.133643243925309463e+01
3.679999999999999938e-01 3.128277686479390240e+01
3.689999999999999947e-01 3.122862542528979191e+01
3.699999999999999956e-01 3.117397895535625452e+01
3.709999999999999964e-01 3.111883828573233401e+01
3.719999999999999973e-01 3.106320424330925078e+01
3.729999999999999982e-01 3.100707765115932091e+01
3.739999999999999991e-01 3.095045932856398707e+01
3.750000000000000000e-01 3.089335009104205909e+01
3.760000000000000009e-01 3.083575075037736823e+01
3.770000000000000018e-01 3.077766211464628299e+01
3.780000000000000027e-01 3.071908498824479139e+01
3.790000000000000036e-01 3.066002017191549101e+01
3.800000000000000044e-01 3.060046846277426624e+01
3.810000000000000053e-01 3.054043065433657844e+01
3.820000000000000062e-01 3.047990753654370621e+01
3.830000000000000071e-01 3.041889989578839604e+01
3.840000000000000080e-01 3.035740851494073667e+01
3.850000000000000089e-01 3.029543417337318800e+01
3.860000000000000098e-01 3.023297764698597234e+01
3.870000000000000107e-01 3.017003970823180836e+01
3.880000000000000115e-01 3.010662112614036445e+01
3.890000000000000124e-01 3.004272266634290744e+01
3.900000000000000133e-01 2.997834509109627632e+01
3.910000000000000142e-01 2.991348915930665697e+01
3.920000000000000151e-01 2.984815562655350618e+01
3.930000000000000160e-01 2.978234524511278636e+01
3.940000000000000169e-01 2.971605876398022872e+01
3.950000000000000178e-01 2.964929692889434776e+01
3.960000000000000187e-01 2.958206048235917862e+01
3.970000000000000195e-01 2.951435016366669473e+01
3.980000000000000204e-01 2.944616670891942434e+01
3.990000000000000213e-01 2.937751085105234594e+01
4.000000000000000222e-01 2.930838331985470191e+01
4.010000000000000231e-01 2.923878484199198624e+01
4.020000000000000240e-01 2.916871614102729637e+01
4.030000000000000249e-01 2.909817793744252157e+01
4.040000000000000258e-01 2.902717094865946379e+01
4.050000000000000266e-01 2.895569588906100833e+01
4.060000000000000275e-01 2.888375347001131033e+01
4.070000000000000284e-01 2.881134439987682683e+01
4.080000000000000293e-01 2.873846938404626883e+01
4.090000000000000302e-01 2.866512912495079135e+01
4.100000000000000311e-01 2.859132432208399877e+01
4.110000000000000320e-01 2.851705567202173341e+01
4.120000000000000329e-01 2.844232386844157645e+01
4.130000000000000338e-01 2.836712960214209645e+01
4.140000000000000346e-01 2.829147356106238576e+01
4.150000000000000355e-01 2.821535643030081886e+01
4.160000000000000364e-01 2.813877889213400962e+01
4.169999999999999818e-01 2.806174162603555189e+01
4.179999999999999827e-01 2.798424530869437987e+01
4.189999999999999836e-01 2.790629061403339861e+01
4.199999999999999845e-01 2.782787821322729727e+01
4.209999999999999853e-01 2.774900877472093796e+01
4.219999999999999862e-01 2.766968296424701634e+01
4.229999999999999871e-01 2.758990144484372564e+01
4.239999999999999880e-01 2.750966487687239947e+01
4.249999999999999889e-01 2.742897391803495566e+01
4.259999999999999898e-01 2.734782922339087463e+01
4.269999999999999907e-01 2.726623144537449051e+01
4.279999999999999916e-01 2.718418123381202278e+01
4.289999999999999925e-01 2.710167923593795436e+01
4.299999999999999933e-01 2.701872609641204903e+01
4.309999999999999942e-01 2.693532245733560870e+01
4.319999999999999951e-01 2.685146895826785851e+01
4.329999999999999960e-01 2.676716623624223246e+01
4.339999999999999969e-01 2.668241492578237839e+01
4.349999999999999978e-01 2.659721565891792849e+01
4.359999999999999987e-01 2.651156906520040835e+01
4.369999999999999996e-01 2.642547577171900031e+01
4.380000000000000004e-01 2.633893640311568518e+01
4.390000000000000013e-01 2.625195158160096653e+01
4.400000000000000022e-01 2.616452192696895196e+01
4.410000000000000031e-01 2.607664805661232776e+01
4.420000000000000040e-01 2.598833058553767472e+01
4.430000000000000049e-01 2.589957012637997380e+01
4.440000000000000058e-01 2.581036728941740677e+01
4.450000000000000067e-01 2.572072268258614614e+01
4.460000000000000075e-01 2.563063691149468326e+01
4.470000000000000084e-01 2.554011057943799301e+01
4.480000000000000093e-01 2.544914428741210344e+01
4.490000000000000102e-01 2.535773863412801887e+01
4.500000000000000111e-01 2.526589421602562524e+01
4.510000000000000120e-01 2.517361162728776947e+01
4.520000000000000129e-01 2.508089145985386637e+01
4.530000000000000138e-01 2.498773430343351265e+01
4.540000000000000147e-01 2.489414074552013645e+01
4.550000000000000155e-01 2.480011137140436261e+01
4.560000000000000164e-01 2.470564676418721106e+01
4.570000000000000173e-01 2.461074750479343720e+01
4.580000000000000182e-01 2.451541417198453843e+01
4.590000000000000191e-01 2.441964734237162560e+01
4.600000000000000200e-01 2.432344759042852544e+01
4.610000000000000209e-01 2.422681548850443534e+01
4.620000000000000218e-01 2.412975160683633291e+01
4.630000000000000226e-01 2.403225651356203940e+01
4.640000000000000235e-01 2.393433077473216031e+01
4.650000000000000244e-01 2.383597495432272240e+01
4.660000000000000253e-01 2.373718961424736662e+01
4.670000000000000262e-01 2.363797531436951971e+01
4.680000000000000271e-01 2.353833261251431708e+01
4.690000000000000280e-01 2.343826206448066429e+01
4.700000000000000289e-01 2.333776422405319906e+01
4.710000000000000298e-01 2.323683964301371319e+01
4.720000000000000306e-01 2.313548887115322117e+01
4.730000000000000315e-01 2.303371245628329689e+01
4.740000000000000324e-01 2.293151094424748848e+01
4.750000000000000333e-01 2.282888487893306717e+01
4.760000000000000342e-01 2.272583480228189501e+01
4.770000000000000351e-01 2.262236125430184686e+01
4.780000000000000360e-01 2.251846477307797301e+01
4.790000000000000369e-01 2.241414589478350905e+01
4.799999999999999822e-01 2.230940515369064059e+01
4.809999999999999831e-01 2.220424308218165521e+01
4.819999999999999840e-01 2.209866021075942299e+01
4.829999999999999849e-01 2.199265706805839216e+01
4.839999999999999858e-01 2.188623418085498074e+01
4.849999999999999867e-01 2.177939207407808553e+01
4.859999999999999876e-01 2.167213127081965851e+01
4.869999999999999885e-01 2.156445229234510919e+01
4.879999999999999893e-01 2.145635565810327350e+01
4.889999999999999902e-01 2.134784188573695118e+01
4.899999999999999911e-01 2.123891149109294574e+01
4.909999999999999920e-01 2.112956498823202267e+01
4.919999999999999929e-01 2.101980288943886066e+01
4.929999999999999938e-01 2.090962570523212705e+01
4.939999999999999947e-01 2.079903394437404884e+01
4.949999999999999956e-01 2.068802811388036389e+01
4.959999999999999964e-01 2.057660871902995936e+01
4.969999999999999973e-01 2.046477626337421540e+01
4.979999999999999982e-01 2.035253124874689235e+01
4.989999999999999991e-01 2.023987417527333577e+01
5.000000000000000000e-01 2.012680554137989830e+01
5.010000000000000009e-01 2.001332584380337920e+01
5.020000000000000018e-01 1.989943557760000559e+01
5.030000000000000027e-01 1.978513523615482583e+01
5.040000000000000036e-01 1.967042531119073701e+01
5.050000000000000044e-01 1.955530629277747678e+01
5.060000000000000053e-01 1.943977866934056564e+01
5.070000000000000062e-01 1.932384292767039824e+01
5.080000000000000071e-01 1.920749955293078415e+01
5.090000000000000080e-01 1.909074902866791490e+01
5.100000000000000089e-01 1.897359183681898287e+01
5.110000000000000098e-01 1.885602845772084990e+01
5.120000000000000107e-01 1.873805937011856315e+01
5.130000000000000115e-01 1.861968505117401662e+01
5.140000000000000124e-01 1.850090597647420054e+01
5.150000000000000133e-01 1.838172262003963908e+01
5.160000000000000142e-01 1.826213545433277474e+01
5.170000000000000151e-01 1.814214495026626395e+01
5.180000000000000160e-01 1.802175157721103105e+01
5.190000000000000169e-01 1.790095580300453548e+01
5.200000000000000178e-01 1.777975809395879736e+01
5.210000000000000187e-01 1.765815891486845857e+01
5.220000000000000195e-01 1.753615872901867689e+01
5.230000000000000204e-01 1.741375799819315517e+01
5.240000000000000213e-01 1.729095718268187554e+01
5.250000000000000222e-01 1.716775674128890117e+01
5.260000000000000231e-01 1.704415713134028820e+01
5.270000000000000240e-01 1.692015880869155708e+01
5.280000000000000249e-01 1.679576222773534155e+01
5.290000000000000258e-01 1.667096784140915489e+01
5.300000000000000266e-01 1.654577610120268716e+01
5.310000000000000275e-01 1.642018745716540096e+01
5.320000000000000284e-01 1.629420235791390326e+01
5.330000000000000293e-01 1.616782125063934927e+01
5.340000000000000302e-01 1.604104458111467579e+01
5.350000000000000311e-01 1.591387279370191621e+01
5.360000000000000320e-01 1.578630633135941252e+01
5.370000000000000329e-01 1.565834563564886395e+01
5.380000000000000338e-01 1.552999114674274495e+01
5.390000000000000346e-01 1.540124330343086356e+01
5.400000000000000355e-01 1.527210254312782567e+01
5.410000000000000364e-01 1.514256930187978867e+01
5.420000000000000373e-01 1.501264401437133245e+01
5.430000000000000382e-01 1.488232711393242624e+01
5.440000000000000391e-01 1.475161903254528539e+01
5.450000000000000400e-01 1.462052020085094739e+01
5.460000000000000409e-01 1.448903104815609311e+01
5.470000000000000417e-01 1.435715200243986089e+01
5.480000000000000426e-01 1.422488349036018462e+01
5.490000000000000435e-01 1.409222593726062911e+01
5.500000000000000444e-01 1.395917976717694131e+01
5.510000000000000453e-01 1.382574540284318232e+01
5.520000000000000462e-01 1.369192326569862672e+01
5.530000000000000471e-01 1.355771377589399407e+01
5.540000000000000480e-01 1.342311735229768743e+01
5.550000000000000488e-01 1.328813441250218830e+01
5.560000000000000497e-01 1.315276537283055802e+01
5.570000000000000506e-01 1.301701064834225008e+01
5.580000000000000515e-01 1.288087065283966837e+01
5.590000000000000524e-01 1.274434579887412156e+01
5.600000000000000533e-01 1.260743649775194797e+01
5.610000000000000542e-01 1.247014315954070440e+01
5.620000000000000551e-01 1.233246619307508496e+01
5.630000000000000560e-01 1.219440600596283275e+01
5.640000000000000568e-01 1.205596300459087900e+01
5.650000000000000577e-01 1.191713759413114104e+01
5.660000000000000586e-01 1.177793017854635593e+01
5.670000000000000595e-01 1.163834116059598500e+01
5.680000000000000604e-01 1.149837094184194086e+01
5.690000000000000613e-01 1.135801992265442095e+01
5.700000000000000622e-01 1.121728850221753504e+01
5.710000000000000631e-01 1.107617707853501798e+01
5.720000000000000639e-01 1.093468604843585723e+01
5.730000000000000648e-01 1.079281580757991321e+01
5.740000000000000657e-01 1.065056675046347578e+01
5.750000000000000666e-01 1.050793927042472120e+01
5.760000000000000675e-01 1.036493375964936803e+01
5.769999999999999574e-01 1.022155060917604885e+01
5.779999999999999583e-01 1.007779020890158961e+01
5.789999999999999591e-01 9.933652947586608661e+00
5.799999999999999600e-01 9.789139212860803241e+00
5.809999999999999609e-01 9.644249391228207458e+00
5.819999999999999618e-01 9.498983868072492953e+00
5.829999999999999627e-01 9.353343027662241127e+00
5.839999999999999636e-01 9.207327253156229574e+00
5.849999999999999645e-01 9.060936926608377462e+00
5.859999999999999654e-01 8.914172428973209605e+00
5.869999999999999662e-01 8.767034140110695262e+00
5.879999999999999671e-01 8.619522438791420882e+00
5.889999999999999680e-01 8.471637702701833916e+00
5.899999999999999689e-01 8.323380308448825815e+00
5.909999999999999698e-01 8.174750631565224523e+00
5.919999999999999707e-01 8.025749046514285112e+00
5.929999999999999716e-01 7.876375926694976215e+00
5.939999999999999725e-01 7.726631644446612768e+00
5.949999999999999734e-01 7.576516571053922178e+00
5.959999999999999742e-01 7.426031076751662852e+00
5.969999999999999751e-01 7.275175530729534046e+00
5.979999999999999760e-01 7.123950301137092822e+00
5.989999999999999769e-01 6.972355755088216256e+00
5.999999999999999778e-01 6.820392258665847862e+00
6.009999999999999787e-01 6.668060176926871918e+00
6.019999999999999796e-01 6.515359873906739097e+00
6.029999999999999805e-01 6.362291712623758144e+00
6.039999999999999813e-01 6.208856055084162051e+00
6.049999999999999822e-01 6.055053262286321569e+00
6.059999999999999831e-01 5.900883694225377951e+00
6.069999999999999840e-01 5.746347709897911216e+00
6.079999999999999849e-01 5.591445667306082612e+00
6.089999999999999858e-01 5.436177923462388151e+00
6.099999999999999867e-01 5.280544834393978704e+00
6.109999999999999876e-01 5.124546755147079580e+00
6.119999999999999885e-01 4.968184039791218254e+00
6.129999999999999893e-01 4.811457041423835790e+00
6.139999999999999902e-01 4.654366112174351144e+00
6.149999999999999911e-01 4.496911603208538111e+00
6.159999999999999920e-01 4.339093864732930683e+00
6.169999999999999929e-01 4.180913245998773675e+00
6.179999999999999938e-01 4.022370095306520454e+00
6.189999999999999947e-01 3.863464760009769350e+00
6.199999999999999956e-01 3.704197586519697438e+00
6.209999999999999964e-01 3.544568920308911686e+00
6.219999999999999973e-01 3.384579105915747732e+00
6.229999999999999982e-01 3.224228486948433670e+00
6.239999999999999991e-01 3.063517406088749340e+00
6.250000000000000000e-01 2.902446205096630649e+00
6.260000000000000009e-01 2.741015224813693862e+00
6.270000000000000018e-01 2.579224805167420698e+00
6.280000000000000027e-01 2.417075285175293686e+00
6.290000000000000036e-01 2.254567002948455468e+00
6.300000000000000044e-01 2.091700295695680722e+00
6.310000000000000053e-01 1.928475499727397846e+00
6.320000000000000062e-01 1.764892950459568510e+00
6.330000000000000071e-01 1.600952982417311432e+00
6.340000000000000080e-01 1.436655929238931151e+00
6.350000000000000089e-01 1.272002123679747854e+00
6.360000000000000098e-01 1.106991897615678511e+00
6.370000000000000107e-01 9.416255820472017035e-01
6.380000000000000115e-01 7.759035071029742880e-01
6.390000000000000124e-01 6.098260020435546380e-01
6.400000000000000133e-01 4.433933952651756272e-01
6.410000000000000142e-01 2.766060143033186591e-01
6.420000000000000151e-01 1.094641858364013842e-01
6.430000000000000160e-01 -5.803176431062695428e-02
6.440000000000000169e-01 -2.258815111625125382e-01
6.450000000000000178e-01 -3.940847305903858455e-01
6.460000000000000187e-01 -5.626410993079602463e-01
6.470000000000000195e-01 -7.315502948680716599e-01
6.480000000000000204e-01 -9.008119956592892663e-01
6.490000000000000213e-01 -1.070425880902206472e+00
6.500000000000000222e-01 -1.240391630645859777e+00
6.510000000000000231e-01 -1.410708925764780020e+00
6.520000000000000240e-01 -1.581377447954963600e+00
6.530000000000000249e-01 -1.752396879730753199e+00
6.540000000000000258e-01 -1.923766904421405854e+00
6.550000000000000266e-01 -2.095487206167689465e+00
6.560000000000000275e-01 -2.267557469918429547e+00
6.570000000000000284e-01 -2.439977381427340219e+00
6.580000000000000293e-01 -2.612746627249464382e+00
6.590000000000000302e-01 -2.785864894738061537e+00
6.600000000000000311e-01 -2.959331872041424560e+00
6.610000000000000320e-01 -3.133147248099128035e+00
6.620000000000000329e-01 -3.307310712639271344e+00
6.630000000000000338e-01 -3.481821956175089383e+00
6.640000000000000346e-01 -3.656680670001577482e+00
6.650000000000000355e-01 -3.831886546192556864e+00
6.660000000000000364e-01 -4.007439277597306670e+00
6.670000000000000373e-01 -4.183338557837515737e+00
6.680000000000000382e-01 -4.359584081303871983e+00
6.690000000000000391e-01 -4.536175543153504464e+00
6.700000000000000400e-01 -4.713112639306167750e+00
6.710000000000000409e-01 -4.890395066441691085e+00
6.720000000000000417e-01 -5.068022521996716989e+00
6.730000000000000426e-01 -5.245994704161589084e+00
6.740000000000000435e-01 -5.424311311877382025e+00
6.750000000000000444e-01 -5.602972044832895904e+00
6.760000000000000453e-01 -5.781976603461501441e+00
6.770000000000000462e-01 -5.961324688938368865e+00
6.780000000000000471e-01 -6.141016003177441007e+00
6.790000000000000480e-01 -6.321050248828299800e+00
6.800000000000000488e-01 -6.501427129273416483e+00
6.810000000000000497e-01 -6.682146348625153109e+00
6.820000000000000506e-01 -6.863207611722963009e+00
6.830000000000000515e-01 -7.044610624130100973e+00
6.840000000000000524e-01 -7.226355092131456104e+00
6.850000000000000533e-01 -7.408440722730013306e+00
6.860000000000000542e-01 -7.590867223644359285e+00
6.870000000000000551e-01 -7.773634303305804849e+00
6.880000000000000560e-01 -7.956741670855450366e+00
6.890000000000000568e-01 -8.140189036141521228e+00
6.900000000000000577e-01 -8.323976109716554106e+00
6.910000000000000586e-01 -8.508102602834647143e+00
6.920000000000000595e-01 -8.692568227448532525e+00
6.930000000000000604e-01 -8.877372696207189051e+00
6.940000000000000613e-01 -9.062515722452680222e+00
6.950000000000000622e-01 -9.247997020217837871e+00
6.960000000000000631e-01 -9.433816304223377358e+00
6.970000000000000639e-01 -9.619973289875161981e+00
6.980000000000000648e-01 -9.806467693261737395e+00
6.990000000000000657e-01 -9.993299231151411277e+00
7.000000000000000666e-01 -1.018046762098995117e+01
7.010000000000000675e-01 -1.036797258089755047e+01
7.020000000000000684e-01 -1.055581382966663284e+01
7.030000000000000693e-01 -1.074399108675911663e+01
7.039999999999999591e-01 -1.093250407230353716e+01
7.049999999999999600e-01 -1.112135250709289380e+01
7.059999999999999609e-01 -1.131053611258194991e+01
7.069999999999999618e-01 -1.150005461088466063e+01
7.079999999999999627e-01 -1.168990772477151552e+01
7.089999999999999636e-01 -1.188009517766739265e+01
7.099999999999999645e-01 -1.207061669364869516e+01
7.109999999999999654e-01 -1.226147199744096383e+01
7.119999999999999662e-01 -1.245266081441666017e+01
7.129999999999999671e-01 -1.264418287059223189e+01
7.139999999999999680e-01 -1.283603789262604522e+01
7.149999999999999689e-01 -1.302822560781574168e+01
7.159999999999999698e-01 -1.322074574409616332e+01
7.169999999999999707e-01 -1.341359803003619788e+01
7.179999999999999716e-01 -1.360678219483730089e+01
7.189999999999999725e-01 -1.380029796833049716e+01
7.199999999999999734e-01 -1.399414508097414256e+01
7.209999999999999742e-01 -1.418832326385170717e+01
7.219999999999999751e-01 -1.438283224866917465e+01
7.229999999999999760e-01 -1.457767176775308826e+01
7.239999999999999769e-01 -1.477284155404773003e+01
7.249999999999999778e-01 -1.496834134111318804e+01
7.259999999999999787e-01 -1.516417086312296192e+01
7.269999999999999796e-01 -1.536032985486171043e+01
7.279999999999999805e-01 -1.555681805172272902e+01
7.289999999999999813e-01 -1.575363518970603849e+01
7.299999999999999822e-01 -1.595078100541591226e+01
7.309999999999999831e-01 -1.614825523605869506e+01
7.319999999999999840e-01 -1.634605761944055047e+01
7.329999999999999849e-01 -1.654418789396527956e+01
7.339999999999999858e-01 -1.674264579863206848e+01
7.349999999999999867e-01 -1.694143107303336393e+01
7.359999999999999876e-01 -1.714054345735256391e+01
7.369999999999999885e-01 -1.733998269236204948e+01
7.379999999999999893e-01 -1.753974851942069790e+01
7.389999999999999902e-01 -1.773984068047219154e+01
7.399999999999999911e-01 -1.794025891804243145e+01
7.409999999999999920e-01 -1.814100297523747685e+01
7.419999999999999929e-01 -1.834207259574179005e+01
7.429999999999999938e-01 -1.854346752381582064e+01
7.439999999999999947e-01 -1.874518750429374592e+01
7.449999999999999956e-01 -1.894723228258194325e+01
7.459999999999999964e-01 -1.914960160465619055e+01
7.469999999999999973e-01 -1.935229521706025224e+01
7.479999999999999982e-01 -1.955531286690356296e+01
7.489999999999999991e-01 -1.975865430185887561e+01
7.500000000000000000e-01 -1.996231927016076213e+01
7.510000000000000009e-01 -2.016630752060337528e+01
7.520000000000000018e-01 -2.037061880253818202e+01
7.530000000000000027e-01 -2.057525286587232927e+01
7.540000000000000036e-01 -2.078020946106653355e+01
7.550000000000000044e-01 -2.098548833913283573e+01
7.560000000000000053e-01 -2.119108925163301649e+01
7.570000000000000062e-01 -2.139701195067658546e+01
7.580000000000000071e-01 -2.160325618891834409e+01
7.590000000000000080e-01 -2.180982171955700011e+01
7.600000000000000089e-01 -2.201670829633315662e+01
7.610000000000000098e-01 -2.222391567352687503e+01
7.620000000000000107e-01 -2.243144360595651676e+01
7.630000000000000115e-01 -2.263929184897614988e+01
7.640000000000000124e-01 -2.284746015847414924e+01
7.650000000000000133e-01 -2.305594829087092279e+01
7.660000000000000142e-01 -2.326475600311746206e+01
7.670000000000000151e-01 -2.347388305269294051e+01
7.680000000000000160e-01 -2.368332919760325694e+01
7.690000000000000169e-01 -2.389309419637915255e+01
7.700000000000000178e-01 -2.410317780807402954e+01
7.710000000000000187e-01 -2.431357979226255139e+01
7.720000000000000195e-01 -2.452429990903848278e+01
7.730000000000000204e-01 -2.473533791901311218e+01
7.740000000000000213e-01 -2.494669358331326947e+01
7.750000000000000222e-01 -2.515836666357965612e+01
7.760000000000000231e-01 -2.537035692196482017e+01
7.770000000000000240e-01 -2.558266412113183463e+01
7.780000000000000249e-01 -2.579528802425197398e+01
7.790000000000000258e-01 -2.600822839500322914e+01
7.800000000000000266e-01 -2.622148499756851692e+01
7.810000000000000275e-01 -2.643505759663419497e+01
7.820000000000000284e-01 -2.664894595738761041e+01
7.830000000000000293e-01 -2.686314984551628982e+01
7.840000000000000302e-01 -2.707766902720540969e+01
7.850000000000000311e-01 -2.729250326913641800e+01
7.860000000000000320e-01 -2.750765233848548519e+01
7.870000000000000329e-01 -2.772311600292171363e+01
7.880000000000000338e-01 -2.793889403060496335e+01
7.890000000000000346e-01 -2.815498619018496385e+01
7.900000000000000355e-01 -2.837139225079924643e+01
7.910000000000000364e-01 -2.858811198207116888e+01
7.920000000000000373e-01 -2.880514515410879994e+01
7.930000000000000382e-01 -2.902249153750308608e+01
7.940000000000000391e-01 -2.924015090332585487e+01
7.950000000000000400e-01 -2.945812302312883446e+01
7.960000000000000409e-01 -2.967640766894142246e+01
7.970000000000000417e-01 -2.989500461326938563e+01
7.980000000000000426e-01 -3.011391362909321856e+01
7.990000000000000435e-01 -3.033313448986636018e+01
8.000000000000000444e-01 -3.055266696951395033e+01
8.010000000000000453e-01 -3.077251084243056312e+01
8.020000000000000462e-01 -3.099266588347955320e+01
8.030000000000000471e-01 -3.121313186799078920e+01
8.040000000000000480e-01 -3.143390857175924680e+01
8.050000000000000488e-01 -3.165499577104360895e+01
8.060000000000000497e-01 -3.187639324256427642e+01
8.070000000000000506e-01 -3.209810076350263586e+01
8.080000000000000515e-01 -3.232011811149865110e+01
8.090000000000000524e-01 -3.254244506464971209e+01
8.100000000000000533e-01 -3.276508140150921378e+01
8.110000000000000542e-01 -3.298802690108505686e+01
8.120000000000000551e-01 -3.321128134283746647e+01
8.130000000000000560e-01 -3.343484450667853736e+01
8.140000000000000568e-01 -3.365871617297012364e+01
8.150000000000000577e-01 -3.388289612252201266e+01
8.160000000000000586e-01 -3.410738413659149870e+01
8.170000000000000595e-01 -3.433217999688078237e+01
8.180000000000000604e-01 -3.455728348553611795e+01
8.190000000000000613e-01 -3.478269438514628575e+01
8.200000000000000622e-01 -3.500841247874113549e+01
8.210000000000000631e-01 -3.523443754978974596e+01
8.220000000000000639e-01 -3.546076938219955821e+01
8.230000000000000648e-01 -3.568740776031468442e+01
8.240000000000000657e-01 -3.591435246891427369e+01
8.250000000000000666e-01 -3.614160329321150300e+01
8.260000000000000675e-01 -3.636916001885170147e+01
8.270000000000000684e-01 -3.659702243191144078e+01
8.280000000000000693e-01 -3.682519031889651728e+01
8.290000000000000702e-01 -3.705366346674135514e+01
8.300000000000000711e-01 -3.728244166280667571e+01
8.310000000000000719e-01 -3.751152469487874441e+01
8.320000000000000728e-01 -3.774091235116816279e+01
8.329999999999999627e-01 -3.797060442030759475e+01
8.339999999999999636e-01 -3.820060069135136871e+01
8.349999999999999645e-01 -3.843090095377353066e+01
8.359999999999999654e-01 -3.866150499746686364e+01
8.369999999999999662e-01 -3.889241261274109718e+01
8.379999999999999671e-01 -3.912362359032191250e+01
8.389999999999999680e-01 -3.935513772134959254e+01
8.399999999999999689e-01 -3.958695479737734502e+01
8.409999999999999698e-01 -3.981907461037053508e+01
8.419999999999999707e-01 -4.005149695270495158e+01
8.429999999999999716e-01 -4.028422161716535754e+01
8.439999999999999725e-01 -4.051724839694468017e+01
8.449999999999999734e-01 -4.075057708564257553e+01
8.459999999999999742e-01 -4.098420747726356694e+01
8.469999999999999751e-01 -4.121813936621646235e+01
8.479999999999999760e-01 -4.145237254731287635e+01
8.489999999999999769e-01 -4.168690681576570967e+01
8.499999999999999778e-01 -4.192174196718796964e+01
8.509999999999999787e-01 -4.215687779759186071e+01
8.519999999999999796e-01 -4.239231410338690864e+01
8.529999999999999805e-01 -4.262805068137905096e+01
8.539999999999999813e-01 -4.286408732876965644e+01
8.549999999999999822e-01 -4.310042384315362085e+01
8.559999999999999831e-01 -4.333706002251855693e+01
8.569999999999999840e-01 -4.357399566524364332e+01
8.579999999999999849e-01 -4.381123057009804711e+01
8.589999999999999858e-01 -4.404876453623982968e+01
8.599999999999999867e-01 -4.428659736321523610e+01
8.609999999999999876e-01 -4.452472885095622246e+01
8.619999999999999885e-01 -4.476315879978079693e+01
8.629999999999999893e-01 -4.500188701039061812e+01
8.639999999999999902e-01 -4.524091328387032718e+01
8.649999999999999911e-01 -4.548023742168633987e+01
8.659999999999999920e-01 -4.571985922568565286e+01
8.669999999999999929e-01 -4.595977849809428051e+01
8.679999999999999938e-01 -4.619999504151668646e+01
8.689999999999999947e-01 -4.644050865893413516e+01
8.699999999999999956e-01 -4.668131915370386764e+01
8.709999999999999964e-01 -4.692242632955745307e+01
8.719999999999999973e-01 -4.716382999060029135e+01
8.729999999999999982e-01 -4.740552994130992204e+01
8.739999999999999991e-01 -4.764752598653494431e+01
8.750000000000000000e-01 -4.788981793149440591e+01
8.760000000000000009e-01 -4.813240558177571415e+01
8.770000000000000018e-01 -4.837528874333435169e+01
8.780000000000000027e-01 -4.861846722249249808e+01
8.790000000000000036e-01 -4.886194082593755184e+01
8.800000000000000044e-01 -4.910570936072157622e+01
8.810000000000000053e-01 -4.934977263425973604e+01
8.820000000000000062e-01 -4.959413045432930289e+01
8.830000000000000071e-01 -4.983878262906871726e+01
8.840000000000000080e-01 -5.008372896697652266e+01
8.850000000000000089e-01 -5.032896927690967459e+01
8.860000000000000098e-01 -5.057450336808335578e+01
8.870000000000000107e-01 -5.082033105006914298e+01
8.880000000000000115e-01 -5.106645213279412587e+01
8.890000000000000124e-01 -5.131286642654033869e+01
8.900000000000000133e-01 -5.155957374194272802e+01
8.910000000000000142e-01 -5.180657388998896806e+01
8.920000000000000151e-01 -5.205386668201788325e+01
8.930000000000000160e-01 -5.230145192971869506e+01
8.940000000000000169e-01 -5.254932944512943038e+01
8.950000000000000178e-01 -5.279749904063665156e+01
8.960000000000000187e-01 -5.304596052897399261e+01
8.970000000000000195e-01 -5.329471372322085188e+01
8.980000000000000204e-01 -5.354375843680170988e+01
8.990000000000000213e-01 -5.379309448348533351e+01
9.000000000000000222e-01 -5.404272167738311339e+01
9.010000000000000231e-01 -5.429263983294832485e+01
9.020000000000000240e-01 -5.454284876497546009e+01
9.030000000000000249e-01 -5.479334828859843753e+01
9.040000000000000258e-01 -5.504413821929044559e+01
9.050000000000000266e-01 -5.529521837286230834e+01
9.060000000000000275e-01 -5.554658856546170398e+01
9.070000000000000284e-01 -5.579824861357228372e+01
9.080000000000000293e-01 -5.605019833401243545e+01
9.090000000000000302e-01 -5.630243754393448796e+01
9.100000000000000311e-01 -5.655496606082344613e+01
9.110000000000000320e-01 -5.680778370249664988e+01
9.120000000000000329e-01 -5.706089028710178468e+01
9.130000000000000338e-01 -5.731428563311679625e+01
9.140000000000000346e-01 -5.756796955934859739e+01
9.150000000000000355e-01 -5.782194188493188847e+01
9.160000000000000364e-01 -5.807620242932858901e+01
9.170000000000000373e-01 -5.833075101232667237e+01
9.180000000000000382e-01 -5.858558745403892942e+01
9.190000000000000391e-01 -5.884071157490278381e+01
9.200000000000000400e-01 -5.909612319567852978e+01
9.210000000000000409e-01 -5.935182213744862167e+01
9.220000000000000417e-01 -5.960780822161729020e+01
9.230000000000000426e-01 -5.986408126990868084e+01
9.240000000000000435e-01 -6.012064110436662645e+01
9.250000000000000444e-01 -6.037748754735335410e+01
9.260000000000000453e-01 -6.063462042154894505e+01
9.270000000000000462e-01 -6.089203954994967205e+01
9.280000000000000471e-01 -6.114974475586797098e+01
9.290000000000000480e-01 -6.140773586293109076e+01
9.300000000000000488e-01 -6.166601269507977179e+01
9.310000000000000497e-01 -6.192457507656828852e+01
9.320000000000000506e-01 -6.218342283196287212e+01
9.330000000000000515e-01 -6.244255578614071567e+01
9.340000000000000524e-01 -6.270197376428959046e+01
9.350000000000000533e-01 -6.296167659190665233e+01
9.360000000000000542e-01 -6.322166409479747529e+01
9.370000000000000551e-01 -6.348193609907532675e+01
9.380000000000000560e-01 -6.374249243116040020e+01
9.390000000000000568e-01 -6.400333291777835143e+01
9.400000000000000577e-01 -6.426445738596019908e+01
9.410000000000000586e-01 -6.452586566304114513e+01
9.420000000000000595e-01 -6.478755757665918225e+01
9.430000000000000604e-01 -6.504953295475530695e+01
9.440000000000000613e-01 -6.531179162557164375e+01
9.450000000000000622e-01 -6.557433341765100465e+01
9.460000000000000631e-01 -6.583715815983619279e+01
9.470000000000000639e-01 -6.610026568126895086e+01
9.480000000000000648e-01 -6.636365581138899472e+01
9.490000000000000657e-01 -6.662732837993348767e+01
9.500000000000000666e-01 -6.689128321693587509e+01
9.510000000000000675e-01 -6.715552015272530184e+01
9.520000000000000684e-01 -6.742003901792560328e+01
9.530000000000000693e-01 -6.768483964345459469e+01
9.540000000000000702e-01 -6.794992186052311922e+01
9.550000000000000711e-01 -6.821528550063426621e+01
9.560000000000000719e-01 -6.848093039558284545e+01
9.570000000000000728e-01 -6.874685637745380973e+01
9.580000000000000737e-01 -6.901306327862228329e+01
9.590000000000000746e-01 -6.927955093175238233e+01
9.599999999999999645e-01 -6.954631916979616335e+01
9.609999999999999654e-01 -6.981336782599332480e+01
9.619999999999999662e-01 -7.008069673386991383e+01
9.629999999999999671e-01 -7.034830572723805631e+01
9.639999999999999680e-01 -7.061619464019453574e+01
9.649999999999999689e-01 -7.088436330712060851e+01
9.659999999999999698e-01 -7.115281156268062546e+01
9.669999999999999707e-01 -7.142153924182163394e+01
9.679999999999999716e-01 -7.169054617977269572e+01
9.689999999999999725e-01 -7.195983221204379277e+01
9.699999999999999734e-01 -7.222939717442496033e+01
9.709999999999999742e-01 -7.249924090298603119e+01
9.719999999999999751e-01 -7.276936323407551299e+01
9.729999999999999760e-01 -7.303976400431953664e+01
9.739999999999999769e-01 -7.331044305062165733e+01
9.749999999999999778e-01 -7.358140021016197352e+01
9.759999999999999787e-01 -7.385263532039581946e+01
9.769999999999999796e-01 -7.412414821905368001e+01
9.779999999999999805e-01 -7.439593874414033792e+01
9.789999999999999813e-01 -7.466800673393343857e+01
9.799999999999999822e-01 -7.494035202698378839e+01
9.809999999999999831e-01 -7.521297446211376325e+01
9.819999999999999840e-01 -7.548587387841699581e+01
9.829999999999999849e-01 -7.575905011525749444e+01
9.839999999999999858e-01 -7.603250301226876218e+01
9.849999999999999867e-01 -7.630623240935342722e+01
9.859999999999999876e-01 -7.658023814668221974e+01
9.869999999999999885e-01 -7.685452006469341768e+01
9.879999999999999893e-01 -7.712907800409193726e+01
9.889999999999999902e-01 -7.740391180584852293e+01
9.899999999999999911e-01 -7.767902131119959108e+01
9.909999999999999920e-01 -7.795440636164579473e+01
9.919999999999999929e-01 -7.823006679895176774e+01
9.929999999999999938e-01 -7.850600246514527214e+01
9.939999999999999947e-01 -7.878221320251640236e+01
9.949999999999999956e-01 -7.905869885361704519e+01
9.959999999999999964e-01 -7.933545926126008396e+01
9.969999999999999973e-01 -7.961249426851861699e+01
9.979999999999999982e-01 -7.988980371872538910e+01
9.989999999999999991e-01 -8.016738745547220901e+01
1.000000000000000000e+00 -8.044524532260878402e+01
