0.000000000000000000e+00 0.000000000000000000e+00
1.000000000000000021e-03 7.156306541189805248e-01
2.000000000000000042e-03 1.239105058813442017e+00
3.000000000000000062e-03 1.711745523605703090e+00
4.000000000000000083e-03 2.153698027680193139e+00
5.000000000000000104e-03 2.573675259518544145e+00
6.000000000000000125e-03 2.976521666158198354e+00
7.000000000000000146e-03 3.365311322593444565e+00
8.000000000000000167e-03 3.742163801095623743e+00
9.000000000000001055e-03 4.108626858320251429e+00
1.000000000000000021e-02 4.465879333254838102e+00
1.099999999999999936e-02 4.814848539203284261e+00
1.200000000000000025e-02 5.156282799739065226e+00
1.300000000000000114e-02 5.490798634067629358e+00
1.400000000000000029e-02 5.818912749407655127e+00
1.499999999999999944e-02 6.141064484626857833e+00
1.600000000000000033e-02 6.457632011621349477e+00
1.700000000000000122e-02 6.768944318447500663e+00
1.800000000000000211e-02 7.075290260072068627e+00
1.899999999999999953e-02 7.376925520105530154e+00
2.000000000000000042e-02 7.674078052158964880e+00
2.100000000000000130e-02 7.966952393626887563e+00
2.199999999999999872e-02 8.255733129100972789e+00
2.299999999999999961e-02 8.540587702802094228e+00
2.400000000000000050e-02 8.821668725913937692e+00
2.500000000000000139e-02 9.099115887209169529e+00
2.600000000000000228e-02 9.373057548632582225e+00
2.699999999999999969e-02 9.643612088154950968e+00
2.800000000000000058e-02 9.910889038000574303e+00
2.900000000000000147e-02 1.017499005577904647e+01
2.999999999999999889e-02 1.043600975809178522e+01
3.099999999999999978e-02 1.069403644012410659e+01
3.200000000000000067e-02 1.094915270007356867e+01
3.300000000000000155e-02 1.120143598364743198e+01
3.400000000000000244e-02 1.145095906102843131e+01
3.500000000000000333e-02 1.169779044647051158e+01
3.600000000000000422e-02 1.194199476890549150e+01
3.699999999999999817e-02 1.218363310051464765e+01
3.799999999999999906e-02 1.242276324906737983e+01
3.899999999999999994e-02 1.265944001889409876e+01
4.000000000000000083e-02 1.289371544459629959e+01
4.100000000000000172e-02 1.312563900096917635e+01
4.200000000000000261e-02 1.335525779209350183e+01
4.300000000000000350e-02 1.358261672212314686e+01
4.399999999999999745e-02 1.380775864993538526e+01
4.499999999999999833e-02 1.403072452951028914e+01
4.599999999999999922e-02 1.425155353765216049e+01
4.700000000000000011e-02 1.447028319045190692e+01
4.800000000000000100e-02 1.468694944970757632e+01
4.900000000000000189e-02 1.490158682036564386e+01
5.000000000000000278e-02 1.511422843991324072e+01
5.100000000000000366e-02 1.532490616053829413e+01
5.200000000000000455e-02 1.553365062477678649e+01
5.299999999999999850e-02 1.574049133528206035e+01
5.399999999999999939e-02 1.594545671927832586e+01
5.500000000000000028e-02 1.614857418819687851e+01
5.600000000000000117e-02 1.634987019293865274e+01
5.700000000000000205e-02 1.654937027515827452e+01
5.800000000000000294e-02 1.674709911492285741e+01
5.900000000000000383e-02 1.694308057506154341e+01
5.999999999999999778e-02 1.713733774248939667e+01
6.099999999999999867e-02 1.732989296676046820e+01
6.199999999999999956e-02 1.752076789607940555e+01
6.300000000000000044e-02 1.770998351097867740e+01
6.400000000000000133e-02 1.789756015584842075e+01
6.500000000000000222e-02 1.808351756848812286e+01
6.600000000000000311e-02 1.826787490783382495e+01
6.700000000000000400e-02 1.845065077999993974e+01
6.800000000000000488e-02 1.863186326276277427e+01
6.900000000000000577e-02 1.881152992860099715e+01
7.000000000000000666e-02 1.898966786639847371e+01
7.100000000000000755e-02 1.916629370190568338e+01
7.200000000000000844e-02 1.934142361704770963e+01
7.299999999999999545e-02 1.951507336815938487e+01
7.399999999999999634e-02 1.968725830322154380e+01
7.499999999999999722e-02 1.985799337816623122e+01
7.599999999999999811e-02 2.002729317231331407e+01
7.699999999999999900e-02 2.019517190299584541e+01
7.799999999999999989e-02 2.036164343942715860e+01
7.900000000000000078e-02 2.052672131585852355e+01
8.000000000000000167e-02 2.069041874407240655e+01
8.100000000000000255e-02 2.085274862525299611e+01
8.200000000000000344e-02 2.101372356127269470e+01
8.300000000000000433e-02 2.117335586543008219e+01
8.400000000000000522e-02 2.133165757267273577e+01
8.500000000000000611e-02 2.148864044933539574e+01
8.600000000000000699e-02 2.164431600242229692e+01
8.700000000000000788e-02 2.179869548846003369e+01
8.799999999999999489e-02 2.195178992194571421e+01
8.899999999999999578e-02 2.210361008341359579e+01
8.999999999999999667e-02 2.225416652714134358e+01
9.099999999999999756e-02 2.240346958851627690e+01
9.199999999999999845e-02 2.255152939108011267e+01
9.299999999999999933e-02 2.269835585326968186e+01
9.400000000000000022e-02 2.284395869487003949e+01
9.500000000000000111e-02 2.298834744319523793e+01
9.600000000000000200e-02 2.313153143901107001e+01
9.700000000000000289e-02 2.327351984221315817e+01
9.800000000000000377e-02 2.341432163727320059e+01
9.900000000000000466e-02 2.355394563846484601e+01
1.000000000000000056e-01 2.369240049488067967e+01
1.010000000000000064e-01 2.382969469525040651e+01
1.020000000000000073e-01 2.396583657257035327e+01
1.030000000000000082e-01 2.410083430855328857e+01
1.040000000000000091e-01 2.423469593790735388e+01
1.049999999999999961e-01 2.436742935245236907e+01
1.059999999999999970e-01 2.449904230508106906e+01
1.069999999999999979e-01 2.462954241357269680e+01
1.079999999999999988e-01 2.475893716426576674e+01
1.089999999999999997e-01 2.488723391559655695e+01
1.100000000000000006e-01 2.501443990150930574e+01
1.110000000000000014e-01 2.514056223474423035e+01
1.120000000000000023e-01 2.526560791000839146e+01
1.130000000000000032e-01 2.538958380703508766e+01
1.140000000000000041e-01 2.551249669353636662e+01
1.150000000000000050e-01 2.563435322805343120e+01
1.160000000000000059e-01 2.575515996270931396e+01
1.170000000000000068e-01 2.587492334586812603e+01
1.180000000000000077e-01 2.599364972470467805e+01
1.190000000000000085e-01 2.611134534768834925e+01
1.199999999999999956e-01 2.622801636698482852e+01
1.209999999999999964e-01 2.634366884077897453e+01
1.219999999999999973e-01 2.645830873552216644e+01
1.229999999999999982e-01 2.657194192810726818e+01
1.239999999999999991e-01 2.668457420797385282e+01
1.250000000000000000e-01 2.679621127914683498e+01
1.260000000000000009e-01 2.690685876221092343e+01
1.270000000000000018e-01 2.701652219622344475e+01
1.280000000000000027e-01 2.712520704056804632e+01
1.290000000000000036e-01 2.723291867675148126e+01
1.300000000000000044e-01 2.733966241014569221e+01
1.310000000000000053e-01 2.744544347167723686e+01
1.320000000000000062e-01 2.755026701946621870e+01
1.330000000000000071e-01 2.765413814041629692e+01
1.340000000000000080e-01 2.775706185175794971e+01
1.350000000000000089e-01 2.785904310254650440e+01
1.360000000000000098e-01 2.796008677511659357e+01
1.370000000000000107e-01 2.806019768649481705e+01
1.380000000000000115e-01 2.815938058977180702e+01
1.390000000000000124e-01 2.825764017543550821e+01
1.400000000000000133e-01 2.835498107266669621e+01
1.410000000000000142e-01 2.845140785059841093e+01
1.420000000000000151e-01 2.854692501954031769e+01
1.430000000000000160e-01 2.864153703216928903e+01
1.440000000000000169e-01 2.873524828468748993e+01
1.449999999999999900e-01 2.882806311794885445e+01
1.459999999999999909e-01 2.891998581855530048e+01
1.469999999999999918e-01 2.901102061992347814e+01
1.479999999999999927e-01 2.910117170332315339e+01
1.489999999999999936e-01 2.919044319888821093e+01
1.499999999999999944e-01 2.927883918660104001e+01
1.509999999999999953e-01 2.936636369725131246e+01
1.519999999999999962e-01 2.945302071336998750e+01
1.529999999999999971e-01 2.953881417013926125e+01
1.539999999999999980e-01 2.962374795627924229e+01
1.549999999999999989e-01 2.970782591491228075e+01
1.559999999999999998e-01 2.979105184440531318e+01
1.570000000000000007e-01 2.987342949919139912e+01
1.580000000000000016e-01 2.995496259057050281e+01
1.590000000000000024e-01 3.003565478749088058e+01
1.600000000000000033e-01 3.011550971731090698e+01
1.610000000000000042e-01 3.019453096654260094e+01
1.620000000000000051e-01 3.027272208157706501e+01
1.630000000000000060e-01 3.035008656939238136e+01
1.640000000000000069e-01 3.042662789824470693e+01
1.650000000000000078e-01 3.050234949834285914e+01
1.660000000000000087e-01 3.057725476250697128e+01
1.670000000000000095e-01 3.065134704681174327e+01
1.680000000000000104e-01 3.072462967121462185e+01
1.690000000000000113e-01 3.079710592016943949e+01
1.700000000000000122e-01 3.086877904322596677e+01
1.710000000000000131e-01 3.093965225561565191e+01
1.720000000000000140e-01 3.100972873882404457e+01
1.730000000000000149e-01 3.107901164115032344e+01
1.740000000000000158e-01 3.114750407825417611e+01
1.750000000000000167e-01 3.121520913369050021e+01
1.759999999999999898e-01 3.128212985943214264e+01
1.769999999999999907e-01 3.134826927638118121e+01
1.779999999999999916e-01 3.141363037486891230e+01
1.789999999999999925e-01 3.147821611514491735e+01
1.799999999999999933e-01 3.154202942785559216e+01
1.809999999999999942e-01 3.160507321451217777e+01
1.819999999999999951e-01 3.166735034794895398e+01
1.829999999999999960e-01 3.172886367277142483e+01
1.839999999999999969e-01 3.178961600579523861e+01
1.849999999999999978e-01 3.184961013647559369e+01
1.859999999999999987e-01 3.190884882732778038e+01
1.869999999999999996e-01 3.196733481433900437e+01
1.880000000000000004e-01 3.202507080737142076e+01
1.890000000000000013e-01 3.208205949055711415e+01
1.900000000000000022e-01 3.213830352268479373e+01
1.910000000000000031e-01 3.219380553757866181e+01
1.920000000000000040e-01 3.224856814446959419e+01
1.930000000000000049e-01 3.230259392835874621e+01
1.940000000000000058e-01 3.235588545037396102e+01
1.950000000000000067e-01 3.240844524811903682e+01
1.960000000000000075e-01 3.246027583601587452e+01
1.970000000000000084e-01 3.251137970564018076e+01
1.980000000000000093e-01 3.256175932605020762e+01
1.990000000000000102e-01 3.261141714410941006e+01
2.000000000000000111e-01 3.266035558480246692e+01
2.010000000000000120e-01 3.270857705154550388e+01
2.020000000000000129e-01 3.275608392649016309e+01
2.030000000000000138e-01 3.280287857082178959e+01
2.040000000000000147e-01 3.284896332505211802e+01
2.050000000000000155e-01 3.289434050930628928e+01
2.060000000000000164e-01 3.293901242360438886e+01
2.070000000000000173e-01 3.298298134813784088e+01
2.080000000000000182e-01 3.302624954354052988e+01
2.089999999999999913e-01 3.306881925115493459e+01
2.099999999999999922e-01 3.311069269329321685e+01
2.109999999999999931e-01 3.315187207349379150e+01
2.119999999999999940e-01 3.319235957677274484e+01
2.129999999999999949e-01 3.323215736987114610e+01
2.139999999999999958e-01 3.327126760149751306e+01
2.149999999999999967e-01 3.330969240256610675e+01
2.159999999999999976e-01 3.334743388643072137e+01
2.169999999999999984e-01 3.338449414911462299e+01
2.179999999999999993e-01 3.342087526953610421e+01
2.190000000000000002e-01 3.345657930973005989e+01
2.200000000000000011e-01 3.349160831506594604e+01
2.210000000000000020e-01 3.352596431446148983e+01
2.220000000000000029e-01 3.355964932059301020e+01
2.230000000000000038e-01 3.359266533010185185e+01
2.240000000000000047e-01 3.362501432379739441e+01
2.250000000000000056e-01 3.365669826685657284e+01
2.260000000000000064e-01 3.368771910901973143e+01
2.270000000000000073e-01 3.371807878478344378e+01
2.280000000000000082e-01 3.374777921358990795e+01
2.290000000000000091e-01 3.377682230001312291e+01
2.300000000000000100e-01 3.380520993394195983e+01
2.310000000000000109e-01 3.383294399076013548e+01
2.320000000000000118e-01 3.386002633152330077e+01
2.330000000000000127e-01 3.388645880313293191e+01
2.340000000000000135e-01 3.391224323850765643e+01
2.350000000000000144e-01 3.393738145675150975e+01
2.360000000000000153e-01 3.396187526331952711e+01
2.370000000000000162e-01 3.398572645018064975e+01
2.380000000000000171e-01 3.400893679597796648e+01
2.390000000000000180e-01 3.403150806618633339e+01
2.399999999999999911e-01 3.405344201326742848e+01
2.409999999999999920e-01 3.407474037682247570e+01
2.419999999999999929e-01 3.409540488374233291e+01
2.429999999999999938e-01 3.411543724835522085e+01
2.439999999999999947e-01 3.413483917257227063e+01
2.449999999999999956e-01 3.415361234603062712e+01
2.459999999999999964e-01 3.417175844623428560e+01
2.469999999999999973e-01 3.418927913869286073e+01
2.479999999999999982e-01 3.420617607705803209e+01
2.489999999999999991e-01 3.422245090325805705e+01
2.500000000000000000e-01 3.423810524762994589e+01
2.510000000000000009e-01 3.425314072904993168e+01
2.520000000000000018e-01 3.426755895506164507e+01
2.530000000000000027e-01 3.428136152200244169e+01
2.540000000000000036e-01 3.429455001512790346e+01
2.550000000000000044e-01 3.430712600873437168e+01
2.560000000000000053e-01 3.431909106627951189e+01
2.570000000000000062e-01 3.433044674050126588e+01
2.580000000000000071e-01 3.434119457353501303e+01
2.590000000000000080e-01 3.435133609702879198e+01
2.600000000000000089e-01 3.436087283225696609e+01
2.610000000000000098e-01 3.436980629023229739e+01
2.620000000000000107e-01 3.437813797181605935e+01
2.630000000000000115e-01 3.438586936782694181e+01
2.640000000000000124e-01 3.439300195914793079e+01
2.650000000000000133e-01 3.439953721683203725e+01
2.660000000000000142e-01 3.440547660220626369e+01
2.670000000000000151e-01 3.441082156697400762e+01
2.680000000000000160e-01 3.441557355331622858e+01
2.690000000000000169e-01 3.441973399399102362e+01
2.700000000000000178e-01 3.442330431243175326e+01
2.710000000000000187e-01 3.442628592284376765e+01
2.720000000000000195e-01 3.442868023029994617e+01
2.730000000000000204e-01 3.443048863083465250e+01
2.740000000000000213e-01 3.443171251153646750e+01
2.750000000000000222e-01 3.443235325063965746e+01
2.760000000000000231e-01 3.443241221761434900e+01
2.770000000000000240e-01 3.443189077325538250e+01
2.780000000000000249e-01 3.443079026976998591e+01
2.790000000000000258e-01 3.442911205086433313e+01
2.800000000000000266e-01 3.442685745182869539e+01
2.810000000000000275e-01 3.442402779962162640e+01
2.820000000000000284e-01 3.442062441295288266e+01
2.830000000000000293e-01 3.441664860236529933e+01
2.840000000000000302e-01 3.441210167031551492e+01
2.850000000000000311e-01 3.440698491125349534e+01
2.860000000000000320e-01 3.440129961170123352e+01
2.870000000000000329e-01 3.439504705033019860e+01
2.880000000000000338e-01 3.438822849803783299e+01
2.889999999999999791e-01 3.438084521802290539e+01
2.899999999999999800e-01 3.437289846586022435e+01
2.909999999999999809e-01 3.436438948957378159e+01
2.919999999999999818e-01 3.435531952970948311e+01
2.929999999999999827e-01 3.434568981940666532e+01
2.939999999999999836e-01 3.433550158446865197e+01
2.949999999999999845e-01 3.432475604343248676e+01
2.959999999999999853e-01 3.431345440763776367e+01
2.969999999999999862e-01 3.430159788129445531e+01
2.979999999999999871e-01 3.428918766155005216e+01
2.989999999999999880e-01 3.427622493855561459e+01
2.999999999999999889e-01 3.426271089553113569e+01
3.009999999999999898e-01 3.424864670883009410e+01
3.019999999999999907e-01 3.423403354800308307e+01
3.029999999999999916e-01 3.421887257586050168e+01
3.039999999999999925e-01 3.420316494853496181e+01
3.049999999999999933e-01 3.418691181554228820e+01
3.059999999999999942e-01 3.417011431984219882e+01
3.069999999999999951e-01 3.415277359789791944e+01
3.079999999999999960e-01 3.413489077973533625e+01
3.089999999999999969e-01 3.411646698900125330e+01
3.099999999999999978e-01 3.409750334302087538e+01
3.109999999999999987e-01 3.407800095285474384e+01
3.119999999999999996e-01 3.405796092335484104e+01
3.130000000000000004e-01 3.403738435322014766e+01
3.140000000000000013e-01 3.401627233505121239e+01
3.150000000000000022e-01 3.399462595540452980e+01
3.160000000000000031e-01 3.397244629484590916e+01
3.170000000000000040e-01 3.394973442800318963e+01
3.180000000000000049e-01 3.392649142361850778e+01
3.190000000000000058e-01 3.390271834459994693e+01
3.200000000000000067e-01 3.387841624807234098e+01
3.210000000000000075e-01 3.385358618542751685e+01
3.220000000000000084e-01 3.382822920237433806e+01
3.230000000000000093e-01 3.380234633898747632e+01
3.240000000000000102e-01 3.377593862975629690e+01
3.250000000000000111e-01 3.374900710363252188e+01
3.260000000000000120e-01 3.372155278407799983e+01
3.270000000000000129e-01 3.369357668911125359e+01
3.280000000000000138e-01 3.366507983135402782e+01
3.290000000000000147e-01 3.363606321807692012e+01
3.300000000000000155e-01 3.360652785124474917e+01
3.310000000000000164e-01 3.357647472756119100e+01
3.320000000000000173e-01 3.354590483851298188e+01
3.330000000000000182e-01 3.351481917041377301e+01
3.340000000000000191e-01 3.348321870444706860e+01
3.350000000000000200e-01 3.345110441670915691e+01
3.360000000000000209e-01 3.341847727825130221e+01
3.370000000000000218e-01 3.338533825512135422e+01
3.380000000000000226e-01 3.335168830840514431e+01
3.390000000000000235e-01 3.331752839426721380e+01
3.400000000000000244e-01 3.328285946399126516e+01
3.410000000000000253e-01 3.324768246401992400e+01
3.420000000000000262e-01 3.321199833599418128e+01
3.430000000000000271e-01 3.317580801679260105e+01
3.440000000000000280e-01 3.313911243856958322e+01
3.450000000000000289e-01 3.310191252879384649e+01
3.460000000000000298e-01 3.306420921028581716e+01
3.470000000000000306e-01 3.302600340125517420e+01
3.480000000000000315e-01 3.298729601533769085e+01
3.490000000000000324e-01 3.294808796163168552e+01
3.500000000000000333e-01 3.290838014473408180e+01
3.510000000000000342e-01 3.286817346477623403e+01
3.519999999999999796e-01 3.282746881745920575e+01
3.529999999999999805e-01 3.278626709408851525e+01
3.539999999999999813e-01 3.274456918160905161e+01
3.549999999999999822e-01 3.270237596263886104e+01
3.559999999999999831e-01 3.265968831550333817e+01
3.569999999999999840e-01 3.261650711426825922e+01
3.579999999999999849e-01 3.257283322877337639e+01
3.589999999999999858e-01 3.252866752466469791e+01
3.599999999999999867e-01 3.248401086342723687e+01
3.609999999999999876e-01 3.243886410241682938e+01
3.619999999999999885e-01 3.239322809489191002e+01
3.629999999999999893e-01 3.234710369004510255e+01
3.639999999999999902e-01 3.230049173303390830e+01
3.649999999999999911e-01 3.225339306501167869e+01
3.659999999999999920e-01 3.220580852315808329e+01
3.669999999999999929e-01 3.215773894070895977e+01
3.679999999999999938e-01 3.210918514698630588e+01
3.689999999999999947e-01 3.206014796742762485e+01
3.699999999999999956e-01 3.201062822361518556e+01
3.709999999999999964e-01 3.196062673330485637e+01
3.719999999999999973e-01 3.191014431045459787e+01
3.729999999999999982e-01 3.185918176525291656e+01
3.739999999999999991e-01 3.180773990414674657e+01
3.750000000000000000e-01 3.175581952986904710e+01
3.760000000000000009e-01 3.170342144146651009e+01
3.770000000000000018e-01 3.165054643432651815e+01
3.780000000000000027e-01 3.159719530020397826e+01
3.790000000000000036e-01 3.154336882724804525e+01
3.800000000000000044e-01 3.148906780002841899e+01
3.810000000000000053e-01 3.143429299956141776e+01
3.820000000000000062e-01 3.137904520333582781e+01
3.830000000000000071e-01 3.132332518533834786e+01
3.840000000000000080e-01 3.126713371607904079e+01
3.850000000000000089e-01 3.121047156261623101e+01
3.860000000000000098e-01 3.115333948858148005e+01
3.870000000000000107e-01 3.109573825420405058e+01
3.880000000000000115e-01 3.103766861633515362e+01
3.890000000000000124e-01 3.097913132847225626e+01
3.900000000000000133e-01 3.092012714078271785e+01
3.910000000000000142e-01 3.086065680012739776e+01
3.920000000000000151e-01 3.080072105008428096e+01
3.930000000000000160e-01 3.074032063097130418e+01
3.940000000000000169e-01 3.067945627986959778e+01
3.950000000000000178e-01 3.061812873064602059e+01
3.960000000000000187e-01 3.055633871397566637e+01
3.970000000000000195e-01 3.049408695736418551e+01
3.980000000000000204e-01 3.043137418516989712e+01
3.990000000000000213e-01 3.036820111862548188e+01
4.000000000000000222e-01 3.030456847585983127e+01
4.010000000000000231e-01 3.024047697191935669e+01
4.020000000000000240e-01 3.017592731878924184e+01
4.030000000000000249e-01 3.011092022541462399e+01
4.040000000000000258e-01 3.004545639772110022e+01
4.050000000000000266e-01 2.997953653863578083e+01
4.060000000000000275e-01 2.991316134810747585e+01
4.070000000000000284e-01 2.984633152312706628e+01
4.080000000000000293e-01 2.977904775774746327e+01
4.090000000000000302e-01 2.971131074310365960e+01
4.100000000000000311e-01 2.964312116743218439e+01
4.110000000000000320e-01 2.957447971609096271e+01
4.120000000000000329e-01 2.950538707157841856e+01
4.130000000000000338e-01 2.943584391355249252e+01
4.140000000000000346e-01 2.936585091885007515e+01
4.150000000000000355e-01 2.929540876150539574e+01
4.160000000000000364e-01 2.922451811276882694e+01
4.169999999999999818e-01 2.915317964112542271e+01
4.179999999999999827e-01 2.908139401231302301e+01
4.189999999999999836e-01 2.900916188934061424e+01
4.199999999999999845e-01 2.893648393250606432e+01
4.209999999999999853e-01 2.886336079941420607e+01
4.219999999999999862e-01 2.878979314499420994e+01
4.229999999999999871e-01 2.871578162151721969e+01
4.239999999999999880e-01 2.864132687861367543e+01
4.249999999999999889e-01 2.856642956329046612e+01
4.259999999999999898e-01 2.849109031994797547e+01
4.269999999999999907e-01 2.841530979039682592e+01
4.279999999999999916e-01 2.833908861387491029e+01
4.289999999999999925e-01 2.826242742706364197e+01
4.299999999999999933e-01 2.818532686410449273e+01
4.309999999999999942e-01 2.810778755661529971e+01
4.319999999999999951e-01 2.802981013370647290e+01
4.329999999999999960e-01 2.795139522199682247e+01
4.339999999999999969e-01 2.787254344562957797e+01
4.349999999999999978e-01 2.779325542628803447e+01
4.359999999999999987e-01 2.771353178321106370e+01
4.369999999999999996e-01 2.763337313320873534e+01
4.380000000000000004e-01 2.755278009067751910e+01
4.390000000000000013e-01 2.747175326761540859e+01
4.400000000000000022e-01 2.739029327363715893e+01
4.410000000000000031e-01 2.730840071598898788e+01
4.420000000000000040e-01 2.722607619956351854e+01
4.430000000000000049e-01 2.714332032691444851e+01
4.440000000000000058e-01 2.706013369827091708e+01
4.450000000000000067e-01 2.697651691155212461e+01
4.460000000000000075e-01 2.689247056238164291e+01
4.470000000000000084e-01 2.680799524410130630e+01
4.480000000000000093e-01 2.672309154778553264e+01
4.490000000000000102e-01 2.663776006225523219e+01
4.500000000000000111e-01 2.655200137409148198e+01
4.510000000000000120e-01 2.646581606764936012e+01
4.520000000000000129e-01 2.637920472507143543e+01
4.530000000000000138e-01 2.629216792630130684e+01
4.540000000000000147e-01 2.620470624909694735e+01
4.550000000000000155e-01 2.611682026904396992e+01
4.560000000000000164e-01 2.602851055956862325e+01
4.570000000000000173e-01 2.593977769195108962e+01
4.580000000000000182e-01 2.585062223533818582e+01
4.590000000000000191e-01 2.576104475675611383e+01
4.600000000000000200e-01 2.567104582112350997e+01
4.610000000000000209e-01 2.558062599126373016e+01
4.620000000000000218e-01 2.548978582791737679e+01
4.630000000000000226e-01 2.539852588975497483e+01
4.640000000000000235e-01 2.530684673338882718e+01
4.650000000000000244e-01 2.521474891338560198e+01
4.660000000000000253e-01 2.512223298227826618e+01
4.670000000000000262e-01 2.502929949057802261e+01
4.680000000000000271e-01 2.493594898678638216e+01
4.690000000000000280e-01 2.484218201740679177e+01
4.700000000000000289e-01 2.474799912695642945e+01
4.710000000000000298e-01 2.465340085797790337e+01
4.720000000000000306e-01 2.455838775105058858e+01
4.730000000000000315e-01 2.446296034480213777e+01
4.740000000000000324e-01 2.436711917591997434e+01
4.750000000000000333e-01 2.427086477916229512e+01
4.760000000000000342e-01 2.417419768736933250e+01
4.770000000000000351e-01 2.407711843147448505e+01
4.780000000000000360e-01 2.397962754051522793e+01
4.790000000000000369e-01 2.388172554164399841e+01
4.799999999999999822e-01 2.378341296013912753e+01
4.809999999999999831e-01 2.368469031941538816e+01
4.819999999999999840e-01 2.358555814103466375e+01
4.829999999999999849e-01 2.348601694471677703e+01
4.839999999999999858e-01 2.338606724834955131e+01
4.849999999999999867e-01 2.328570956799942238e+01
4.859999999999999876e-01 2.318494441792185867e+01
4.869999999999999885e-01 2.308377231057137280e+01
4.879999999999999893e-01 2.298219375661177466e+01
4.889999999999999902e-01 2.288020926492624341e+01
4.899999999999999911e-01 2.277781934262726793e+01
4.909999999999999920e-01 2.267502449506673656e+01
4.919999999999999929e-01 2.257182522584557205e+01
4.929999999999999938e-01 2.246822203682364716e+01
4.939999999999999947e-01 2.236421542812924912e+01
4.949999999999999956e-01 2.225980589816914801e+01
4.959999999999999964e-01 2.215499394363756025e+01
4.969999999999999973e-01 2.204978005952616371e+01
4.979999999999999982e-01 2.194416473913315002e+01
4.989999999999999991e-01 2.183814847407257176e+01
5.000000000000000000e-01 2.173173175428384596e+01
5.010000000000000009e-01 2.162491506804071406e+01
5.020000000000000018e-01 2.151769890196038659e+01
5.030000000000000027e-01 2.141008374101269851e+01
5.040000000000000036e-01 2.130207006852906204e+01
5.050000000000000044e-01 2.119365836621120636e+01
5.060000000000000053e-01 2.108484911414032936e+01
5.070000000000000062e-01 2.097564279078565974e+01
5.080000000000000071e-01 2.086603987301332097e+01
5.090000000000000080e-01 2.075604083609472283e+01
5.100000000000000089e-01 2.064564615371542544e+01
5.110000000000000098e-01 2.053485629798365153e+01
5.120000000000000107e-01 2.042367173943857495e+01
5.130000000000000115e-01 2.031209294705872992e+01
5.140000000000000124e-01 2.020012038827067613e+01
5.150000000000000133e-01 2.008775452895680758e+01
5.160000000000000142e-01 1.997499583346381513e+01
5.170000000000000151e-01 1.986184476461098214e+01
5.180000000000000160e-01 1.974830178369791867e+01
5.190000000000000169e-01 1.963436735051291748e+01
5.200000000000000178e-01 1.952004192334078780e+01
5.210000000000000187e-01 1.940532595897076362e+01
5.220000000000000195e-01 1.929021991270451863e+01
5.230000000000000204e-01 1.917472423836374418e+01
5.240000000000000213e-01 1.905883938829811086e+01
5.250000000000000222e-01 1.894256581339272572e+01
5.260000000000000231e-01 1.882590396307612934e+01
5.270000000000000240e-01 1.870885428532753991e+01
5.280000000000000249e-01 1.859141722668452346e+01
5.290000000000000258e-01 1.847359323225044392e+01
5.300000000000000266e-01 1.835538274570195938e+01
5.310000000000000275e-01 1.823678620929640459e+01
5.320000000000000284e-01 1.811780406387888931e+01
5.330000000000000293e-01 1.799843674888979805e+01
5.340000000000000302e-01 1.787868470237196661e+01
5.350000000000000311e-01 1.775854836097772704e+01
5.360000000000000320e-01 1.763802815997620499e+01
5.370000000000000329e-01 1.751712453326018348e+01
5.380000000000000338e-01 1.739583791335327589e+01
5.390000000000000346e-01 1.727416873141684661e+01
5.400000000000000355e-01 1.715211741725687133e+01
5.410000000000000364e-01 1.702968439933085065e+01
5.420000000000000373e-01 1.690687010475467034e+01
5.430000000000000382e-01 1.678367495930931241e+01
5.440000000000000391e-01 1.666009938744752716e+01
5.450000000000000400e-01 1.653614381230081420e+01
5.460000000000000409e-01 1.641180865568557579e+01
5.470000000000000417e-01 1.628709433811004814e+01
5.480000000000000426e-01 1.616200127878078519e+01
5.490000000000000435e-01 1.603652989560911379e+01
5.500000000000000444e-01 1.591068060521768146e+01
5.510000000000000453e-01 1.578445382294658828e+01
5.520000000000000462e-01 1.565784996286005892e+01
5.530000000000000471e-01 1.553086943775273454e+01
5.540000000000000480e-01 1.540351265915574075e+01
5.550000000000000488e-01 1.527578003734303635e+01
5.560000000000000497e-01 1.514767198133777271e+01
5.570000000000000506e-01 1.501918889891816278e+01
5.580000000000000515e-01 1.489033119662374816e+01
5.590000000000000524e-01 1.476109927976146352e+01
5.600000000000000533e-01 1.463149355241167271e+01
5.610000000000000542e-01 1.450151441743407688e+01
5.620000000000000551e-01 1.437116227647369726e+01
5.630000000000000560e-01 1.424043752996688639e+01
5.640000000000000568e-01 1.410934057714700884e+01
5.650000000000000577e-01 1.397787181605044537e+01
5.660000000000000586e-01 1.384603164352220617e+01
5.670000000000000595e-01 1.371382045522194204e+01
5.680000000000000604e-01 1.358123864562934813e+01
5.690000000000000613e-01 1.344828660805001164e+01
5.700000000000000622e-01 1.331496473462112107e+01
5.710000000000000631e-01 1.318127341631692673e+01
5.720000000000000639e-01 1.304721304295427586e+01
5.730000000000000648e-01 1.291278400319833253e+01
5.740000000000000657e-01 1.277798668456789244e+01
5.750000000000000666e-01 1.264282147344079732e+01
5.760000000000000675e-01 1.250728875505973292e+01
5.769999999999999574e-01 1.237138891353705361e+01
5.779999999999999583e-01 1.223512233186050224e+01
5.789999999999999591e-01 1.209848939189845396e+01
5.799999999999999600e-01 1.196149047440521684e+01
5.809999999999999609e-01 1.182412595902618335e+01
5.819999999999999618e-01 1.168639622430301017e+01
5.829999999999999627e-01 1.154830164767904677e+01
5.839999999999999636e-01 1.140984260550420970e+01
5.849999999999999645e-01 1.127101947304018381e+01
5.859999999999999654e-01 1.113183262446558075e+01
5.869999999999999662e-01 1.099228243288088436e+01
5.879999999999999671e-01 1.085236927031341025e+01
5.889999999999999680e-01 1.071209350772256386e+01
5.899999999999999689e-01 1.057145551500440206e+01
5.909999999999999698e-01 1.043045566099685573e+01
5.919999999999999707e-01 1.028909431348454007e+01
5.929999999999999716e-01 1.014737183920341579e+01
5.939999999999999725e-01 1.000528860384601160e+01
5.949999999999999734e-01 9.862844972065779814e+00
5.959999999999999742e-01 9.720041307482084392e+00
5.969999999999999751e-01 9.576877972685089446e+00
5.979999999999999760e-01 9.433355329240164622e+00
5.989999999999999769e-01 9.289473737692603095e+00
5.999999999999999778e-01 9.145233557572517213e+00
6.009999999999999787e-01 9.000635147399108860e+00
6.019999999999999796e-01 8.855678864685643248e+00
6.029999999999999805e-01 8.710365065943577179e+00
6.039999999999999813e-01 8.564694106687497310e+00
6.049999999999999822e-01 8.418666341439269729e+00
6.059999999999999831e-01 8.272282123732850323e+00
6.069999999999999840e-01 8.125541806118391719e+00
6.079999999999999849e-01 7.978445740166975497e+00
6.089999999999999858e-01 7.830994276474726234e+00
6.099999999999999867e-01 7.683187764667408715e+00
6.109999999999999876e-01 7.535026553404641447e+00
6.119999999999999885e-01 7.386510990384181241e+00
6.129999999999999893e-01 7.237641422346349884e+00
6.139999999999999902e-01 7.088418195078105555e+00
6.149999999999999911e-01 6.938841653417433974e+00
6.159999999999999920e-01 6.788912141257448241e+00
6.169999999999999929e-01 6.638630001550673398e+00
6.179999999999999938e-01 6.487995576313082324e+00
6.189999999999999947e-01 6.337009206628266611e+00
6.199999999999999956e-01 6.185671232651650087e+00
6.209999999999999964e-01 6.033981993614354167e+00
6.219999999999999973e-01 5.881941827827468217e+00
6.229999999999999982e-01 5.729551072686057012e+00
6.239999999999999991e-01 5.576810064672834244e+00
6.250000000000000000e-01 5.423719139362752628e+00
6.260000000000000009e-01 5.270278631426343452e+00
6.270000000000000018e-01 5.116488874634029571e+00
6.280000000000000027e-01 4.962350201860061816e+00
6.290000000000000036e-01 4.807862945086036177e+00
6.300000000000000044e-01 4.653027435405199697e+00
6.310000000000000053e-01 4.497844003025946336e+00
6.320000000000000062e-01 4.342312977275973651e+00
6.330000000000000071e-01 4.186434686605721822e+00
6.340000000000000080e-01 4.030209458592324268e+00
6.350000000000000089e-01 3.873637619943458787e+00
6.360000000000000098e-01 3.716719496500921593e+00
6.370000000000000107e-01 3.559455413244364763e+00
6.380000000000000115e-01 3.401845694294920008e+00
6.390000000000000124e-01 3.243890662919163503e+00
6.400000000000000133e-01 3.085590641532299117e+00
6.410000000000000142e-01 2.926945951702158766e+00
6.420000000000000151e-01 2.767956914152584602e+00
6.430000000000000160e-01 2.608623848767130937e+00
6.440000000000000169e-01 2.448947074592489059e+00
6.450000000000000178e-01 2.288926909842317059e+00
6.460000000000000187e-01 2.128563671900224108e+00
6.470000000000000195e-01 1.967857677323934240e+00
6.480000000000000204e-01 1.806809241848171155e+00
6.490000000000000213e-01 1.645418680388374355e+00
6.500000000000000222e-01 1.483686307044330022e+00
6.510000000000000231e-01 1.321612435103133976e+00
6.520000000000000240e-01 1.159197377042922028e+00
6.530000000000000249e-01 9.964414445362166362e-01
6.540000000000000258e-01 8.333449484531953999e-01
6.550000000000000266e-01 6.699081988649240316e-01
6.560000000000000275e-01 5.061315050470156507e-01
6.570000000000000284e-01 3.420151754826150636e-01
6.580000000000000293e-01 1.775595178657241036e-01
6.590000000000000302e-01 1.276483910466907901e-02
6.600000000000000311e-01 -1.523685546749078412e-01
6.610000000000000320e-01 -3.178403581265811795e-01
6.620000000000000329e-01 -4.836502666802573458e-01
6.630000000000000338e-01 -6.497979765386858730e-01
6.640000000000000346e-01 -8.162831846743188180e-01
6.650000000000000355e-01 -9.831055888263762199e-01
6.660000000000000364e-01 -1.150264887497520760e+00
6.670000000000000373e-01 -1.317760779950788219e+00
6.680000000000000382e-01 -1.485592966206496612e+00
6.690000000000000391e-01 -1.653761147039112700e+00
6.700000000000000400e-01 -1.822265023974225073e+00
6.710000000000000409e-01 -1.991104299285623824e+00
6.720000000000000417e-01 -2.160278675992017838e+00
6.730000000000000426e-01 -2.329787857854185518e+00
6.740000000000000435e-01 -2.499631549372011818e+00
6.750000000000000444e-01 -2.669809455781283702e+00
6.760000000000000453e-01 -2.840321283051018497e+00
6.770000000000000462e-01 -3.011166737880337507e+00
6.780000000000000471e-01 -3.182345527695517262e+00
6.790000000000000480e-01 -3.353857360647239716e+00
6.800000000000000488e-01 -3.525701945607508492e+00
6.810000000000000497e-01 -3.697878992166756973e+00
6.820000000000000506e-01 -3.870388210631254822e+00
6.830000000000000515e-01 -4.043229312019967381e+00
6.840000000000000524e-01 -4.216402008061855611e+00
6.850000000000000533e-01 -4.389906011192863389e+00
6.860000000000000542e-01 -4.563741034553522979e+00
6.870000000000000551e-01 -4.737906791985672328e+00
6.880000000000000560e-01 -4.912402998030074741e+00
6.890000000000000568e-01 -5.087229367923399082e+00
6.900000000000000577e-01 -5.262385617595690235e+00
6.910000000000000586e-01 -5.437871463667434568e+00
6.920000000000000595e-01 -5.613686623447001978e+00
6.930000000000000604e-01 -5.789830814927817926e+00
6.940000000000000613e-01 -5.966303756785755752e+00
6.950000000000000622e-01 -6.143105168376543190e+00
6.960000000000000631e-01 -6.320234769732863356e+00
6.970000000000000639e-01 -6.497692281562031269e+00
6.980000000000000648e-01 -6.675477425243045104e+00
6.990000000000000657e-01 -6.853589922824170344e+00
7.000000000000000666e-01 -7.032029497020431563e+00
7.010000000000000675e-01 -7.210795871210706309e+00
7.020000000000000684e-01 -7.389888769435387417e+00
7.030000000000000693e-01 -7.569307916393839264e+00
7.039999999999999591e-01 -7.749053037441697711e+00
7.049999999999999600e-01 -7.929123858588496887e+00
7.059999999999999609e-01 -8.109520106495089919e+00
7.069999999999999618e-01 -8.290241508471119403e+00
7.079999999999999627e-01 -8.471287792472423916e+00
7.089999999999999636e-01 -8.652658687098849555e+00
7.099999999999999645e-01 -8.834353921591564074e+00
7.109999999999999654e-01 -9.016373225830605520e+00
7.119999999999999662e-01 -9.198716330332608493e+00
7.129999999999999671e-01 -9.381382966248082766e+00
7.139999999999999680e-01 -9.564372865359338505e+00
7.149999999999999689e-01 -9.747685760077857253e+00
7.159999999999999698e-01 -9.931321383442053730e+00
7.169999999999999707e-01 -1.011527946911454734e+01
7.179999999999999716e-01 -1.029955975138051372e+01
7.189999999999999725e-01 -1.048416196514446597e+01
7.199999999999999734e-01 -1.066908584592861331e+01
7.209999999999999742e-01 -1.085433112987013970e+01
7.219999999999999751e-01 -1.103989755371906512e+01
7.229999999999999760e-01 -1.122578485483577282e+01
7.239999999999999769e-01 -1.141199277118904831e+01
7.249999999999999778e-01 -1.159852104135332951e+01
7.259999999999999787e-01 -1.178536940450693038e+01
7.269999999999999796e-01 -1.197253760042936932e+01
7.279999999999999805e-01 -1.216002536949938673e+01
7.289999999999999813e-01 -1.234783245269261442e+01
7.299999999999999822e-01 -1.253595859157949377e+01
7.309999999999999831e-01 -1.272440352832271060e+01
7.319999999999999840e-01 -1.291316700567540465e+01
7.329999999999999849e-01 -1.310224876697873242e+01
7.339999999999999858e-01 -1.329164855615974972e+01
7.349999999999999867e-01 -1.348136611772937954e+01
7.359999999999999876e-01 -1.367140119678009569e+01
7.369999999999999885e-01 -1.386175353898370588e+01
7.379999999999999893e-01 -1.405242289058956828e+01
7.389999999999999902e-01 -1.424340899842189856e+01
7.399999999999999911e-01 -1.443471160987840562e+01
7.409999999999999920e-01 -1.462633047292764843e+01
7.419999999999999929e-01 -1.481826533610684038e+01
7.429999999999999938e-01 -1.501051594852038562e+01
7.439999999999999947e-01 -1.520308205983725713e+01
7.449999999999999956e-01 -1.539596342028914933e+01
7.459999999999999964e-01 -1.558915978066838903e+01
7.469999999999999973e-01 -1.578267089232585363e+01
7.479999999999999982e-01 -1.597649650716933678e+01
7.489999999999999991e-01 -1.617063637766071338e+01
7.500000000000000000e-01 -1.636509025681480978e+01
7.510000000000000009e-01 -1.655985789819683163e+01
7.520000000000000018e-01 -1.675493905592063015e+01
7.530000000000000027e-01 -1.695033348464662737e+01
7.540000000000000036e-01 -1.714604093957984077e+01
7.550000000000000044e-01 -1.734206117646813539e+01
7.560000000000000053e-01 -1.753839395159992165e+01
7.570000000000000062e-01 -1.773503902180248559e+01
7.580000000000000071e-01 -1.793199614443992829e+01
7.590000000000000080e-01 -1.812926507741129711e+01
7.600000000000000089e-01 -1.832684557914888046e+01
7.610000000000000098e-01 -1.852473740861569951e+01
7.620000000000000107e-01 -1.872294032530442820e+01
7.630000000000000115e-01 -1.892145408923481398e+01
7.640000000000000124e-01 -1.912027846095232064e+01
7.650000000000000133e-01 -1.931941320152570540e+01
7.660000000000000142e-01 -1.951885807254591754e+01
7.670000000000000151e-01 -1.971861283612364701e+01
7.680000000000000160e-01 -1.991867725488745577e+01
7.690000000000000169e-01 -2.011905109198261954e+01
7.700000000000000178e-01 -2.031973411106847749e+01
7.710000000000000187e-01 -2.052072607631704670e+01
7.720000000000000195e-01 -2.072202675241155845e+01
7.730000000000000204e-01 -2.092363590454377231e+01
7.740000000000000213e-01 -2.112555329841297436e+01
7.750000000000000222e-01 -2.132777870022403022e+01
7.760000000000000231e-01 -2.153031187668522506e+01
7.770000000000000240e-01 -2.173315259500716223e+01
7.780000000000000249e-01 -2.193630062290045402e+01
7.790000000000000258e-01 -2.213975572857412288e+01
7.800000000000000266e-01 -2.234351768073389621e+01
7.810000000000000275e-01 -2.254758624858099125e+01
7.820000000000000284e-01 -2.275196120180929427e+01
7.830000000000000293e-01 -2.295664231060470684e+01
7.840000000000000302e-01 -2.316162934564286502e+01
7.850000000000000311e-01 -2.336692207808755484e+01
7.860000000000000320e-01 -2.357252027958909935e+01
7.870000000000000329e-01 -2.377842372228294465e+01
7.880000000000000338e-01 -2.398463217878722986e+01
7.890000000000000346e-01 -2.419114542220196284e+01
7.900000000000000355e-01 -2.439796322610693835e+01
7.910000000000000364e-01 -2.460508536456012507e+01
7.920000000000000373e-01 -2.481251161209616640e+01
7.930000000000000382e-01 -2.502024174372441223e+01
7.940000000000000391e-01 -2.522827553492780339e+01
7.950000000000000400e-01 -2.543661276166103136e+01
7.960000000000000409e-01 -2.564525320034861267e+01
7.970000000000000417e-01 -2.585419662788398654e+01
7.980000000000000426e-01 -2.606344282162709902e+01
7.990000000000000435e-01 -2.627299155940343667e+01
8.000000000000000444e-01 -2.648284261950252017e+01
8.010000000000000453e-01 -2.669299578067546719e+01
8.020000000000000462e-01 -2.690345082213448080e+01
8.030000000000000471e-01 -2.711420752355088126e+01
8.040000000000000480e-01 -2.732526566505332255e+01
8.050000000000000488e-01 -2.753662502722638550e+01
8.060000000000000497e-01 -2.774828539110939118e+01
8.070000000000000506e-01 -2.796024653819449668e+01
8.080000000000000515e-01 -2.817250825042506790e+01
8.090000000000000524e-01 -2.838507031019477722e+01
8.100000000000000533e-01 -2.859793250034537948e+01
8.110000000000000542e-01 -2.881109460416564616e+01
8.120000000000000551e-01 -2.902455640538988035e+01
8.130000000000000560e-01 -2.923831768819609778e+01
8.140000000000000568e-01 -2.945237823720498938e+01
8.150000000000000577e-01 -2.966673783747811655e+01
8.160000000000000586e-01 -2.988139627451663216e+01
8.170000000000000595e-01 -3.009635333425959658e+01
8.180000000000000604e-01 -3.031160880308301842e+01
8.190000000000000613e-01 -3.052716246779773002e+01
8.200000000000000622e-01 -3.074301411564859876e+01
8.210000000000000631e-01 -3.095916353431250911e+01
8.220000000000000639e-01 -3.117561051189749577e+01
8.230000000000000648e-01 -3.139235483694091755e+01
8.240000000000000657e-01 -3.160939629840827081e+01
8.250000000000000666e-01 -3.182673468569170439e+01
8.260000000000000675e-01 -3.204436978860855589e+01
8.270000000000000684e-01 -3.226230139739997327e+01
8.280000000000000693e-01 -3.248052930272983474e+01
8.290000000000000702e-01 -3.269905329568295116e+01
8.300000000000000711e-01 -3.291787316776372307e+01
8.310000000000000719e-01 -3.313698871089526676e+01
8.320000000000000728e-01 -3.335639971741736787e+01
8.329999999999999627e-01 -3.357610598008557190e+01
8.339999999999999636e-01 -3.379610729206989816e+01
8.349999999999999645e-01 -3.401640344695299945e+01
8.359999999999999654e-01 -3.423699423872938752e+01
8.369999999999999662e-01 -3.445787946180378469e+01
8.379999999999999671e-01 -3.467905891098992299e+01
8.389999999999999680e-01 -3.490053238150904491e+01
8.399999999999999689e-01 -3.512229966898888733e+01
8.409999999999999698e-01 -3.534436056946206151e+01
8.419999999999999707e-01 -3.556671487936515774e+01
8.429999999999999716e-01 -3.578936239553687670e+01
8.439999999999999725e-01 -3.601230291521723359e+01
8.449999999999999734e-01 -3.623553623604609442e+01
8.459999999999999742e-01 -3.645906215606193967e+01
8.469999999999999751e-01 -3.668288047370039351e+01
8.479999999999999760e-01 -3.690699098779330711e+01
8.489999999999999769e-01 -3.713139349756724528e+01
8.499999999999999778e-01 -3.735608780264212214e+01
8.509999999999999787e-01 -3.758107370303040540e+01
8.519999999999999796e-01 -3.780635099913547492e+01
8.529999999999999805e-01 -3.803191949175027275e+01
8.539999999999999813e-01 -3.825777898205669914e+01
8.549999999999999822e-01 -3.848392927162373667e+01
8.559999999999999831e-01 -3.871037016240649109e+01
8.569999999999999840e-01 -3.893710145674480572e+01
8.579999999999999849e-01 -3.916412295736260063e+01
8.589999999999999858e-01 -3.939143446736582632e+01
8.599999999999999867e-01 -3.961903579024190947e+01
8.609999999999999876e-01 -3.984692672985835316e+01
8.619999999999999885e-01 -4.007510709046137265e+01
8.629999999999999893e-01 -4.030357667667497878e+01
8.639999999999999902e-01 -4.053233529349984110e+01
8.649999999999999911e-01 -4.076138274631156833e+01
8.659999999999999920e-01 -4.099071884086022521e+01
8.669999999999999929e-01 -4.122034338326875513e+01
8.679999999999999938e-01 -4.145025618003204215e+01
8.689999999999999947e-01 -4.168045703801536206e+01
8.699999999999999956e-01 -4.191094576445391340e+01
8.709999999999999964e-01 -4.214172216695094164e+01
8.719999999999999973e-01 -4.237278605347687233e+01
8.729999999999999982e-01 -4.260413723236869998e+01
8.739999999999999991e-01 -4.283577551232777125e+01
8.750000000000000000e-01 -4.306770070241964277e+01
8.760000000000000009e-01 -4.329991261207258901e+01
8.770000000000000018e-01 -4.353241105107628073e+01
8.780000000000000027e-01 -4.376519582958104593e+01
8.790000000000000036e-01 -4.399826675809642040e+01
8.800000000000000044e-01 -4.423162364749043718e+01
8.810000000000000053e-01 -4.446526630898807753e+01
8.820000000000000062e-01 -4.469919455417041831e+01
8.830000000000000071e-01 -4.493340819497375094e+01
8.840000000000000080e-01 -4.516790704368807496e+01
8.850000000000000089e-01 -4.540269091295618864e+01
8.860000000000000098e-01 -4.563775961577279361e+01
8.870000000000000107e-01 -4.587311296548320172e+01
8.880000000000000115e-01 -4.610875077578209869e+01
8.890000000000000124e-01 -4.634467286071327408e+01
8.900000000000000133e-01 -4.658087903466741864e+01
8.910000000000000142e-01 -4.681736911238193954e+01
8.920000000000000151e-01 -4.705414290893966722e+01
8.930000000000000160e-01 -4.729120023976778953e+01
8.940000000000000169e-01 -4.752854092063647329e+01
8.950000000000000178e-01 -4.776616476765862274e+01
8.960000000000000187e-01 -4.800407159728813156e+01
8.970000000000000195e-01 -4.824226122631900182e+01
8.980000000000000204e-01 -4.848073347188460502e+01
8.990000000000000213e-01 -4.871948815145650258e+01
9.000000000000000222e-01 -4.895852508284325211e+01
9.010000000000000231e-01 -4.919784408418962585e+01
9.020000000000000240e-01 -4.943744497397554483e+01
9.030000000000000249e-01 -4.967732757101512675e+01
9.040000000000000258e-01 -4.991749169445544965e+01
9.050000000000000266e-01 -5.015793716377585554e+01
9.060000000000000275e-01 -5.039866379878695568e+01
9.070000000000000284e-01 -5.063967141962918106e+01
9.080000000000000293e-01 -5.088095984677252659e+01
9.090000000000000302e-01 -5.112252890101508740e+01
9.100000000000000311e-01 -5.136437840348192196e+01
9.110000000000000320e-01 -5.160650817562482473e+01
9.120000000000000329e-01 -5.184891803922043607e+01
9.130000000000000338e-01 -5.209160781637005755e+01
9.140000000000000346e-01 -5.233457732949823082e+01
9.150000000000000355e-01 -5.257782640135197028e+01
9.160000000000000364e-01 -5.282135485499959771e+01
9.170000000000000373e-01 -5.306516251383033023e+01
9.180000000000000382e-01 -5.330924920155266022e+01
9.190000000000000391e-01 -5.355361474219380113e+01
9.200000000000000400e-01 -5.379825896009877795e+01
9.210000000000000409e-01 -5.404318167992923350e+01
9.220000000000000417e-01 -5.428838272666284581e+01
9.230000000000000426e-01 -5.453386192559213441e+01
9.240000000000000435e-01 -5.477961910232372134e+01
9.250000000000000444e-01 -5.502565408277702375e+01
9.260000000000000453e-01 -5.527196669318419708e+01
9.270000000000000462e-01 -5.551855676008814555e+01
9.280000000000000471e-01 -5.576542411034228053e+01
9.290000000000000480e-01 -5.601256857110989529e+01
9.300000000000000488e-01 -5.625998996986223233e+01
9.310000000000000497e-01 -5.650768813437856863e+01
9.320000000000000506e-01 -5.675566289274496512e+01
9.330000000000000515e-01 -5.700391407335332872e+01
9.340000000000000524e-01 -5.725244150490054551e+01
9.350000000000000533e-01 -5.750124501638774177e+01
9.360000000000000542e-01 -5.775032443711916130e+01
9.370000000000000551e-01 -5.799967959670168227e+01
9.380000000000000560e-01 -5.824931032504335349e+01
9.390000000000000568e-01 -5.849921645235330914e+01
9.400000000000000577e-01 -5.874939780914012033e+01
9.410000000000000586e-01 -5.899985422621134035e+01
9.420000000000000595e-01 -5.925058553467283673e+01
9.430000000000000604e-01 -5.950159156592744125e+01
9.440000000000000613e-01 -5.975287215167439570e+01
9.450000000000000622e-01 -6.000442712390875499e+01
9.460000000000000631e-01 -6.025625631491985246e+01
9.470000000000000639e-01 -6.050835955729115767e+01
9.480000000000000648e-01 -6.076073668389905436e+01
9.490000000000000657e-01 -6.101338752791220088e+01
9.500000000000000666e-01 -6.126631192279027971e+01
9.510000000000000675e-01 -6.151950970228401161e+01
9.520000000000000684e-01 -6.177298070043345035e+01
9.530000000000000693e-01 -6.202672475156752796e+01
9.540000000000000702e-01 -6.228074169030352891e+01
9.550000000000000711e-01 -6.253503135154578274e+01
9.560000000000000719e-01 -6.278959357048502454e+01
9.570000000000000728e-01 -6.304442818259775549e+01
9.580000000000000737e-01 -6.329953502364533335e+01
9.590000000000000746e-01 -6.355491392967289244e+01
9.599999999999999645e-01 -6.381056473700904519e+01
9.609999999999999654e-01 -6.406648728226495848e+01
9.619999999999999662e-01 -6.432268140233301779e+01
9.629999999999999671e-01 -6.457914693438689824e+01
9.639999999999999680e-01 -6.483588371588028565e+01
9.649999999999999689e-01 -6.509289158454578228e+01
9.659999999999999698e-01 -6.535017037839499210e+01
9.669999999999999707e-01 -6.560771993571694338e+01
9.679999999999999716e-01 -6.586554009507777607e+01
9.689999999999999725e-01 -6.612363069531990334e+01
9.699999999999999734e-01 -6.638199157556090313e+01
9.709999999999999742e-01 -6.664062257519323396e+01
9.719999999999999751e-01 -6.689952353388321171e+01
9.729999999999999760e-01 -6.715869429157031334e+01
9.739999999999999769e-01 -6.741813468846625312e+01
9.749999999999999778e-01 -6.767784456505468427e+01
9.759999999999999787e-01 -6.793782376208990570e+01
9.769999999999999796e-01 -6.819807212059620838e+01
9.779999999999999805e-01 -6.845858948186781845e+01
9.789999999999999813e-01 -6.871937568746713509e+01
9.799999999999999822e-01 -6.898043057922463106e+01
9.809999999999999831e-01 -6.924175399923797158e+01
9.819999999999999840e-01 -6.950334578987123280e+01
9.829999999999999849e-01 -6.976520579375424802e+01
9.839999999999999858e-01 -7.002733385378182618e+01
9.849999999999999867e-01 -7.028972981311308388e+01
9.859999999999999876e-01 -7.055239351517056434e+01
9.869999999999999885e-01 -7.081532480363988213e+01
9.879999999999999893e-01 -7.107852352246837313e+01
9.889999999999999902e-01 -7.134198951586516557e+01
9.899999999999999911e-01 -7.160572262829971635e+01
9.909999999999999920e-01 -7.186972270450185363e+01
9.919999999999999929e-01 -7.213398958946032735e+01
9.929999999999999938e-01 -7.239852312842249660e+01
9.939999999999999947e-01 -7.266332316689388904e+01
9.949999999999999956e-01 -7.292838955063693618e+01
9.959999999999999964e-01 -7.319372212567039071e+01
9.969999999999999973e-01 -7.345932073826919861e+01
9.979999999999999982e-01 -7.372518523496312071e+01
9.989999999999999991e-01 -7.399131546253636316e+01
1.000000000000000000e+00 -7.425771126802699484e+01
