0.000000000000000000e+00 0.000000000000000000e+00
1.000000000000000021e-03 7.098233945885402685e-01
2.000000000000000042e-03 1.223071652970959322e+00
3.000000000000000062e-03 1.684954300162190499e+00
4.000000000000000083e-03 2.116234936515867915e+00
5.000000000000000104e-03 2.525858250100861291e+00
6.000000000000000125e-03 2.918775469406615031e+00
7.000000000000000146e-03 3.298113967906045829e+00
8.000000000000000167e-03 3.666020167608237124e+00
9.000000000000001055e-03 4.024054353879022550e+00
1.000000000000000021e-02 4.373399666393216201e+00
1.099999999999999936e-02 4.714982806084147882e+00
1.200000000000000025e-02 5.049548483634690221e+00
1.300000000000000114e-02 5.377707758363353463e+00
1.400000000000000029e-02 5.699970750409720566e+00
1.499999999999999944e-02 6.016769545343256809e+00
1.600000000000000033e-02 6.328474696510468789e+00
1.700000000000000122e-02 6.635407407317861050e+00
1.800000000000000211e-02 6.937848714778032999e+00
1.899999999999999953e-02 7.236046539934900323e+00
2.000000000000000042e-02 7.530221188122238729e+00
2.100000000000000130e-02 7.820569701265145390e+00
2.199999999999999872e-02 8.107269345726813015e+00
2.299999999999999961e-02 8.390480439371264865e+00
2.400000000000000050e-02 8.670348666678552974e+00
2.500000000000000139e-02 8.947006992363574440e+00
2.600000000000000228e-02 9.220577256614085115e+00
2.699999999999999969e-02 9.491171515292190719e+00
2.800000000000000058e-02 9.758893173938764320e+00
2.900000000000000147e-02 1.002383795364000463e+01
2.999999999999999889e-02 1.028609471870723979e+01
3.099999999999999978e-02 1.054574618995494184e+01
3.200000000000000067e-02 1.080286956262486520e+01
3.300000000000000155e-02 1.105753704433019813e+01
3.400000000000000244e-02 1.130981632551918104e+01
3.500000000000000333e-02 1.155977099268991282e+01
3.600000000000000422e-02 1.180746089278541433e+01
3.699999999999999817e-02 1.205294245575466228e+01
3.799999999999999906e-02 1.229626898110169542e+01
3.899999999999999994e-02 1.253749089330098165e+01
4.000000000000000083e-02 1.277665597018675925e+01
4.100000000000000172e-02 1.301380954779177124e+01
4.200000000000000261e-02 1.324899470458894690e+01
4.300000000000000350e-02 1.348225242765680676e+01
4.399999999999999745e-02 1.371362176292872448e+01
4.499999999999999833e-02 1.394313995138403683e+01
4.599999999999999922e-02 1.417084255278534499e+01
4.700000000000000011e-02 1.439676355835165822e+01
4.800000000000000100e-02 1.462093549357546962e+01
4.900000000000000189e-02 1.484338951223716307e+01
5.000000000000000278e-02 1.506415548253794690e+01
5.100000000000000366e-02 1.528326206615961524e+01
5.200000000000000455e-02 1.550073679096182921e+01
5.299999999999999850e-02 1.571660611794386675e+01
5.399999999999999939e-02 1.593089550302519442e+01
5.500000000000000028e-02 1.614362945413612849e+01
5.600000000000000117e-02 1.635483158405509840e+01
5.700000000000000205e-02 1.656452465938130203e+01
5.800000000000000294e-02 1.677273064598950469e+01
5.900000000000000383e-02 1.697947075127731154e+01
5.999999999999999778e-02 1.718476546348285439e+01
6.099999999999999867e-02 1.738863458832254238e+01
6.199999999999999956e-02 1.759109728317326571e+01
6.300000000000000044e-02 1.779217208900163172e+01
6.400000000000000133e-02 1.799187696022261207e+01
6.500000000000000222e-02 1.819022929265310040e+01
6.600000000000000311e-02 1.838724594970978998e+01
6.700000000000000400e-02 1.858294328698719156e+01
6.800000000000000488e-02 1.877733717533925528e+01
6.900000000000000577e-02 1.897044302257672044e+01
7.000000000000000666e-02 1.916227579388256075e+01
7.100000000000000755e-02 1.935285003103891555e+01
7.200000000000000844e-02 1.954217987055080386e+01
7.299999999999999545e-02 1.973027906074468873e+01
7.399999999999999634e-02 1.991716097791356788e+01
7.499999999999999722e-02 2.010283864157394262e+01
7.599999999999999811e-02 2.028732472889533867e+01
7.699999999999999900e-02 2.047063158835747743e+01
7.799999999999999989e-02 2.065277125268634251e+01
7.900000000000000078e-02 2.083375545111617910e+01
8.000000000000000167e-02 2.101359562102069489e+01
8.100000000000000255e-02 2.119230291895375728e+01
8.200000000000000344e-02 2.136988823113652813e+01
8.300000000000000433e-02 2.154636218342541554e+01
8.400000000000000522e-02 2.172173515079264305e+01
8.500000000000000611e-02 2.189601726634884571e+01
8.600000000000000699e-02 2.206921842993516947e+01
8.700000000000000788e-02 2.224134831631031872e+01
8.799999999999999489e-02 2.241241638295599259e+01
8.899999999999999578e-02 2.258243187752299974e+01
8.999999999999999667e-02 2.275140384493838397e+01
9.099999999999999756e-02 2.291934113419266339e+01
9.199999999999999845e-02 2.308625240482519914e+01
9.299999999999999933e-02 2.325214613312405376e+01
9.400000000000000022e-02 2.341703061805614894e+01
9.500000000000000111e-02 2.358091398694229568e+01
9.600000000000000200e-02 2.374380420089035937e+01
9.700000000000000289e-02 2.390570905999987161e+01
9.800000000000000377e-02 2.406663620834951800e+01
9.900000000000000466e-02 2.422659313877907294e+01
1.000000000000000056e-01 2.438558719747614845e+01
1.010000000000000064e-01 2.454362558837765818e+01
1.020000000000000073e-01 2.470071537739535117e+01
1.030000000000000082e-01 2.485686349647403048e+01
1.040000000000000091e-01 2.501207674749083054e+01
1.049999999999999961e-01 2.516636180600313821e+01
1.059999999999999970e-01 2.531972522485256860e+01
1.069999999999999979e-01 2.547217343763180608e+01
1.079999999999999988e-01 2.562371276202079429e+01
1.089999999999999997e-01 2.577434940299842836e+01
1.100000000000000006e-01 2.592408945593547642e+01
1.110000000000000014e-01 2.607293890957425830e+01
1.120000000000000023e-01 2.622090364890013703e+01
1.130000000000000032e-01 2.636798945790981819e+01
1.140000000000000041e-01 2.651420202228096912e+01
1.150000000000000050e-01 2.665954693194764147e+01
1.160000000000000059e-01 2.680402968358549032e+01
1.170000000000000068e-01 2.694765568301086134e+01
1.180000000000000077e-01 2.709043024749739814e+01
1.190000000000000085e-01 2.723235860801361952e+01
1.199999999999999956e-01 2.737344591138504768e+01
1.209999999999999964e-01 2.751369722238377946e+01
1.219999999999999973e-01 2.765311752574868009e+01
1.229999999999999982e-01 2.779171172813917323e+01
1.239999999999999991e-01 2.792948466002499686e+01
1.250000000000000000e-01 2.806644107751500883e+01
1.260000000000000009e-01 2.820258566412705648e+01
1.270000000000000018e-01 2.833792303250155342e+01
1.280000000000000027e-01 2.847245772606091663e+01
1.290000000000000036e-01 2.860619422061691708e+01
1.300000000000000044e-01 2.873913692592811486e+01
1.310000000000000053e-01 2.887129018720918694e+01
1.320000000000000062e-01 2.900265828659410872e+01
1.330000000000000071e-01 2.913324544455490539e+01
1.340000000000000080e-01 2.926305582127753269e+01
1.350000000000000089e-01 2.939209351799680192e+01
1.360000000000000098e-01 2.952036257829146848e+01
1.370000000000000107e-01 2.964786698934137732e+01
1.380000000000000115e-01 2.977461068314777393e+01
1.390000000000000124e-01 2.990059753771812012e+01
1.400000000000000133e-01 3.002583137821700632e+01
1.410000000000000142e-01 3.015031597808387431e+01
1.420000000000000151e-01 3.027405506011932701e+01
1.430000000000000160e-01 3.039705229754061122e+01
1.440000000000000169e-01 3.051931131500758454e+01
1.449999999999999900e-01 3.064083568962042392e+01
1.459999999999999909e-01 3.076162895188947388e+01
1.469999999999999918e-01 3.088169458667881173e+01
1.479999999999999927e-01 3.100103603412402720e+01
1.489999999999999936e-01 3.111965669052531780e+01
1.499999999999999944e-01 3.123755990921647907e+01
1.509999999999999953e-01 3.135474900141096199e+01
1.519999999999999962e-01 3.147122723702534230e+01
1.529999999999999971e-01 3.158699784548137757e+01
1.539999999999999980e-01 3.170206401648686523e+01
1.549999999999999989e-01 3.181642890079655572e+01
1.559999999999999998e-01 3.193009561095330184e+01
1.570000000000000007e-01 3.204306722201020818e+01
1.580000000000000016e-01 3.215534677223461557e+01
1.590000000000000024e-01 3.226693726379414073e+01
1.600000000000000033e-01 3.237784166342560610e+01
1.610000000000000042e-01 3.248806290308724698e+01
1.620000000000000051e-01 3.259760388059483205e+01
1.630000000000000060e-01 3.270646746024205953e+01
1.640000000000000069e-01 3.281465647340585434e+01
1.650000000000000078e-01 3.292217371913690016e+01
1.660000000000000087e-01 3.302902196473598906e+01
1.670000000000000095e-01 3.313520394631648713e+01
1.680000000000000104e-01 3.324072236935334246e+01
1.690000000000000113e-01 3.334557990921920378e+01
1.700000000000000122e-01 3.344977921170785606e+01
1.710000000000000131e-01 3.355332289354533515e+01
1.720000000000000140e-01 3.365621354288930434e+01
1.730000000000000149e-01 3.375845371981665721e+01
1.740000000000000158e-01 3.386004595680011420e+01
1.750000000000000167e-01 3.396099275917384830e+01
1.759999999999999898e-01 3.406129660558852379e+01
1.769999999999999907e-01 3.416095994845602490e+01
1.779999999999999916e-01 3.425998521438426536e+01
1.789999999999999925e-01 3.435837480460227056e+01
1.799999999999999933e-01 3.445613109537574559e+01
1.809999999999999942e-01 3.455325643841359096e+01
1.819999999999999951e-01 3.464975316126538729e+01
1.829999999999999960e-01 3.474562356771033933e+01
1.839999999999999969e-01 3.484086993813762945e+01
1.849999999999999978e-01 3.493549452991862836e+01
1.859999999999999987e-01 3.502949957777110512e+01
1.869999999999999996e-01 3.512288729411577748e+01
1.880000000000000004e-01 3.521565986942511017e+01
1.890000000000000013e-01 3.530781947256482312e+01
1.900000000000000022e-01 3.539936825112833674e+01
1.910000000000000031e-01 3.549030833176406219e+01
1.920000000000000040e-01 3.558064182049600532e+01
1.930000000000000049e-01 3.567037080303775554e+01
1.940000000000000058e-01 3.575949734509990208e+01
1.950000000000000067e-01 3.584802349269139654e+01
1.960000000000000075e-01 3.593595127241447074e+01
1.970000000000000084e-01 3.602328269175393416e+01
1.980000000000000093e-01 3.611001973936041765e+01
1.990000000000000102e-01 3.619616438532799663e+01
2.000000000000000111e-01 3.628171858146636453e+01
2.010000000000000120e-01 3.636668426156749234e+01
2.020000000000000129e-01 3.645106334166722917e+01
2.030000000000000138e-01 3.653485772030153100e+01
2.040000000000000147e-01 3.661806927875783657e+01
2.050000000000000155e-01 3.670069988132163274e+01
2.060000000000000164e-01 3.678275137551801777e+01
2.070000000000000173e-01 3.686422559234895857e+01
2.080000000000000182e-01 3.694512434652566668e+01
2.089999999999999913e-01 3.702544943669680322e+01
2.099999999999999922e-01 3.710520264567225013e+01
2.109999999999999931e-01 3.718438574064276025e+01
2.119999999999999940e-01 3.726300047339533705e+01
2.129999999999999949e-01 3.734104858052472764e+01
2.139999999999999958e-01 3.741853178364101495e+01
2.149999999999999967e-01 3.749545178957319536e+01
2.159999999999999976e-01 3.757181029056923194e+01
2.169999999999999984e-01 3.764760896449231353e+01
2.179999999999999993e-01 3.772284947501356811e+01
2.190000000000000002e-01 3.779753347180128742e+01
2.200000000000000011e-01 3.787166259070676233e+01
2.210000000000000020e-01 3.794523845394677863e+01
2.220000000000000029e-01 3.801826267028275197e+01
2.230000000000000038e-01 3.809073683519692821e+01
2.240000000000000047e-01 3.816266253106509510e+01
2.250000000000000056e-01 3.823404132732662219e+01
2.260000000000000064e-01 3.830487478065123952e+01
2.270000000000000073e-01 3.837516443510306630e+01
2.280000000000000082e-01 3.844491182230177628e+01
2.290000000000000091e-01 3.851411846158084273e+01
2.300000000000000100e-01 3.858278586014321831e+01
2.310000000000000109e-01 3.865091551321425811e+01
2.320000000000000118e-01 3.871850890419202074e+01
2.330000000000000127e-01 3.878556750479518911e+01
2.340000000000000135e-01 3.885209277520811355e+01
2.350000000000000144e-01 3.891808616422385114e+01
2.360000000000000153e-01 3.898354910938447659e+01
2.370000000000000162e-01 3.904848303711922597e+01
2.380000000000000171e-01 3.911288936288033113e+01
2.390000000000000180e-01 3.917676949127646679e+01
2.399999999999999911e-01 3.924012481620416537e+01
2.409999999999999920e-01 3.930295672097699367e+01
2.419999999999999929e-01 3.936526657845262633e+01
2.429999999999999938e-01 3.942705575115785877e+01
2.439999999999999947e-01 3.948832559141163756e+01
2.449999999999999956e-01 3.954907744144597359e+01
2.459999999999999964e-01 3.960931263352509291e+01
2.469999999999999973e-01 3.966903249006251286e+01
2.479999999999999982e-01 3.972823832373636321e+01
2.489999999999999991e-01 3.978693143760293793e+01
2.500000000000000000e-01 3.984511312520817228e+01
2.510000000000000009e-01 3.990278467069766322e+01
2.520000000000000018e-01 3.995994734892490641e+01
2.530000000000000027e-01 4.001660242555766445e+01
2.540000000000000036e-01 4.007275115718293534e+01
2.550000000000000044e-01 4.012839479141013044e+01
2.560000000000000053e-01 4.018353456697261095e+01
2.570000000000000062e-01 4.023817171382792424e+01
2.580000000000000071e-01 4.029230745325619267e+01
2.590000000000000080e-01 4.034594299795727323e+01
2.600000000000000089e-01 4.039907955214623314e+01
2.610000000000000098e-01 4.045171831164756071e+01
2.620000000000000107e-01 4.050386046398772066e+01
2.630000000000000115e-01 4.055550718848662939e+01
2.640000000000000124e-01 4.060665965634758123e+01
2.650000000000000133e-01 4.065731903074572529e+01
2.660000000000000142e-01 4.070748646691556871e+01
2.670000000000000151e-01 4.075716311223682453e+01
2.680000000000000160e-01 4.080635010631922910e+01
2.690000000000000169e-01 4.085504858108610193e+01
2.700000000000000178e-01 4.090325966085651288e+01
2.710000000000000187e-01 4.095098446242646162e+01
2.720000000000000195e-01 4.099822409514881372e+01
2.730000000000000204e-01 4.104497966101193640e+01
2.740000000000000213e-01 4.109125225471753140e+01
2.750000000000000222e-01 4.113704296375699698e+01
2.760000000000000231e-01 4.118235286848692311e+01
2.770000000000000240e-01 4.122718304220344976e+01
2.780000000000000249e-01 4.127153455121558068e+01
2.790000000000000258e-01 4.131540845491743141e+01
2.800000000000000266e-01 4.135880580585950383e+01
2.810000000000000275e-01 4.140172764981895170e+01
2.820000000000000284e-01 4.144417502586885860e+01
2.830000000000000293e-01 4.148614896644659211e+01
2.840000000000000302e-01 4.152765049742107806e+01
2.850000000000000311e-01 4.156868063815934988e+01
2.860000000000000320e-01 4.160924040159203230e+01
2.870000000000000329e-01 4.164933079427795803e+01
2.880000000000000338e-01 4.168895281646796747e+01
2.889999999999999791e-01 4.172810746216774191e+01
2.899999999999999800e-01 4.176679571919983402e+01
2.909999999999999809e-01 4.180501856926501603e+01
2.919999999999999818e-01 4.184277698800234191e+01
2.929999999999999827e-01 4.188007194504898933e+01
2.939999999999999836e-01 4.191690440409895757e+01
2.949999999999999845e-01 4.195327532296090567e+01
2.959999999999999853e-01 4.198918565361561406e+01
2.969999999999999862e-01 4.202463634227225953e+01
2.979999999999999871e-01 4.205962832942415730e+01
2.989999999999999880e-01 4.209416254990379969e+01
2.999999999999999889e-01 4.212823993293705627e+01
3.009999999999999898e-01 4.216186140219689094e+01
3.019999999999999907e-01 4.219502787585595627e+01
3.029999999999999916e-01 4.222774026663895341e+01
3.039999999999999925e-01 4.225999948187418198e+01
3.049999999999999933e-01 4.229180642354418751e+01
3.059999999999999942e-01 4.232316198833616738e+01
3.069999999999999951e-01 4.235406706769130381e+01
3.079999999999999960e-01 4.238452254785389073e+01
3.089999999999999969e-01 4.241452930991947312e+01
3.099999999999999978e-01 4.244408822988268071e+01
3.109999999999999987e-01 4.247320017868408115e+01
3.119999999999999996e-01 4.250186602225703325e+01
3.130000000000000004e-01 4.253008662157316166e+01
3.140000000000000013e-01 4.255786283268811587e+01
3.150000000000000022e-01 4.258519550678605725e+01
3.160000000000000031e-01 4.261208549022396141e+01
3.170000000000000040e-01 4.263853362457540896e+01
3.180000000000000049e-01 4.266454074667356622e+01
3.190000000000000058e-01 4.269010768865376804e+01
3.200000000000000067e-01 4.271523527799588749e+01
3.210000000000000075e-01 4.273992433756551179e+01
3.220000000000000084e-01 4.276417568565532434e+01
3.230000000000000093e-01 4.278799013602547774e+01
3.240000000000000102e-01 4.281136849794383181e+01
3.250000000000000111e-01 4.283431157622538166e+01
3.260000000000000120e-01 4.285682017127155063e+01
3.270000000000000129e-01 4.287889507910874443e+01
3.280000000000000138e-01 4.290053709142648586e+01
3.290000000000000147e-01 4.292174699561529394e+01
3.300000000000000155e-01 4.294252557480395183e+01
3.310000000000000164e-01 4.296287360789627030e+01
3.320000000000000173e-01 4.298279186960748177e+01
3.330000000000000182e-01 4.300228113050046375e+01
3.340000000000000191e-01 4.302134215702099596e+01
3.350000000000000200e-01 4.303997571153310275e+01
3.360000000000000209e-01 4.305818255235377023e+01
3.370000000000000218e-01 4.307596343378727966e+01
3.380000000000000226e-01 4.309331910615910743e+01
3.390000000000000235e-01 4.311025031584955514e+01
3.400000000000000244e-01 4.312675780532684655e+01
3.410000000000000253e-01 4.314284231317994056e+01
3.420000000000000262e-01 4.315850457415103847e+01
3.430000000000000271e-01 4.317374531916735947e+01
3.440000000000000280e-01 4.318856527537322876e+01
3.450000000000000289e-01 4.320296516616090798e+01
3.460000000000000298e-01 4.321694571120210071e+01
3.470000000000000306e-01 4.323050762647807943e+01
3.480000000000000315e-01 4.324365162431027443e+01
3.490000000000000324e-01 4.325637841339012368e+01
3.500000000000000333e-01 4.326868869880861723e+01
3.510000000000000342e-01 4.328058318208567812e+01
3.519999999999999796e-01 4.329206256119910989e+01
3.529999999999999805e-01 4.330312753061295439e+01
3.539999999999999813e-01 4.331377878130628289e+01
3.549999999999999822e-01 4.332401700080085050e+01
3.559999999999999831e-01 4.333384287318885697e+01
3.569999999999999840e-01 4.334325707916037373e+01
3.579999999999999849e-01 4.335226029603047948e+01
3.589999999999999858e-01 4.336085319776597657e+01
3.599999999999999867e-01 4.336903645501199378e+01
3.609999999999999876e-01 4.337681073511814134e+01
3.619999999999999885e-01 4.338417670216441024e+01
3.629999999999999893e-01 4.339113501698697917e+01
3.639999999999999902e-01 4.339768633720356661e+01
3.649999999999999911e-01 4.340383131723842070e+01
3.659999999999999920e-01 4.340957060834720949e+01
3.669999999999999929e-01 4.341490485864183313e+01
3.679999999999999938e-01 4.341983471311442599e+01
3.689999999999999947e-01 4.342436081366157907e+01
3.699999999999999956e-01 4.342848379910824264e+01
3.709999999999999964e-01 4.343220430523113862e+01
3.719999999999999973e-01 4.343552296478213037e+01
3.729999999999999982e-01 4.343844040751131530e+01
3.739999999999999991e-01 4.344095726018988302e+01
3.750000000000000000e-01 4.344307414663272482e+01
3.760000000000000009e-01 4.344479168772065236e+01
3.770000000000000018e-01 4.344611050142273001e+01
3.780000000000000027e-01 4.344703120281801034e+01
3.790000000000000036e-01 4.344755440411742597e+01
3.800000000000000044e-01 4.344768071468497794e+01
3.810000000000000053e-01 4.344741074105920120e+01
3.820000000000000062e-01 4.344674508697409010e+01
3.830000000000000071e-01 4.344568435337988177e+01
3.840000000000000080e-01 4.344422913846376844e+01
3.850000000000000089e-01 4.344238003767019052e+01
3.860000000000000098e-01 4.344013764372096631e+01
3.870000000000000107e-01 4.343750254663545718e+01
3.880000000000000115e-01 4.343447533375027092e+01
3.890000000000000124e-01 4.343105658973863115e+01
3.900000000000000133e-01 4.342724689663026538e+01
3.910000000000000142e-01 4.342304683383004260e+01
3.920000000000000151e-01 4.341845697813731420e+01
3.930000000000000160e-01 4.341347790376467231e+01
3.940000000000000169e-01 4.340811018235658025e+01
3.950000000000000178e-01 4.340235438300780402e+01
3.960000000000000187e-01 4.339621107228159502e+01
3.970000000000000195e-01 4.338968081422792977e+01
3.980000000000000204e-01 4.338276417040141553e+01
3.990000000000000213e-01 4.337546169987888334e+01
4.000000000000000222e-01 4.336777395927708056e+01
4.010000000000000231e-01 4.335970150277001522e+01
4.020000000000000240e-01 4.335124488210620797e+01
4.030000000000000249e-01 4.334240464662583037e+01
4.040000000000000258e-01 4.333318134327736004e+01
4.050000000000000266e-01 4.332357551663463369e+01
4.060000000000000275e-01 4.331358770891313981e+01
4.070000000000000284e-01 4.330321845998659569e+01
4.080000000000000293e-01 4.329246830740330410e+01
4.090000000000000302e-01 4.328133778640194151e+01
4.100000000000000311e-01 4.326982742992777986e+01
4.110000000000000320e-01 4.325793776864853157e+01
4.120000000000000329e-01 4.324566933096966181e+01
4.130000000000000338e-01 4.323302264305034726e+01
4.140000000000000346e-01 4.321999822881851827e+01
4.150000000000000355e-01 4.320659660998619955e+01
4.160000000000000364e-01 4.319281830606451678e+01
4.169999999999999818e-01 4.317866383437873168e+01
4.179999999999999827e-01 4.316413371008298583e+01
4.189999999999999836e-01 4.314922844617498754e+01
4.199999999999999845e-01 4.313394855351047852e+01
4.209999999999999853e-01 4.311829454081771473e+01
4.219999999999999862e-01 4.310226691471164884e+01
4.229999999999999871e-01 4.308586617970811261e+01
4.239999999999999880e-01 4.306909283823780754e+01
4.249999999999999889e-01 4.305194739066009646e+01
4.259999999999999898e-01 4.303443033527695860e+01
4.269999999999999907e-01 4.301654216834629096e+01
4.279999999999999916e-01 4.299828338409583495e+01
4.289999999999999925e-01 4.297965447473608691e+01
4.299999999999999933e-01 4.296065593047386955e+01
4.309999999999999942e-01 4.294128823952536322e+01
4.319999999999999951e-01 4.292155188812915156e+01
4.329999999999999960e-01 4.290144736055910357e+01
4.339999999999999969e-01 4.288097513913716341e+01
4.349999999999999978e-01 4.286013570424606911e+01
4.359999999999999987e-01 4.283892953434182971e+01
4.369999999999999996e-01 4.281735710596622368e+01
4.380000000000000004e-01 4.279541889375916952e+01
4.390000000000000013e-01 4.277311537047085466e+01
4.400000000000000022e-01 4.275044700697402789e+01
4.410000000000000031e-01 4.272741427227584410e+01
4.420000000000000040e-01 4.270401763352985824e+01
4.430000000000000049e-01 4.268025755604782745e+01
4.440000000000000058e-01 4.265613450331138523e+01
4.450000000000000067e-01 4.263164893698376545e+01
4.460000000000000075e-01 4.260680131692114259e+01
4.470000000000000084e-01 4.258159210118405014e+01
4.480000000000000093e-01 4.255602174604886301e+01
4.490000000000000102e-01 4.253009070601874697e+01
4.500000000000000111e-01 4.250379943383499892e+01
4.510000000000000120e-01 4.247714838048792529e+01
4.520000000000000129e-01 4.245013799522779152e+01
4.530000000000000138e-01 4.242276872557568623e+01
4.540000000000000147e-01 4.239504101733416519e+01
4.550000000000000155e-01 4.236695531459810127e+01
4.560000000000000164e-01 4.233851205976499443e+01
4.570000000000000173e-01 4.230971169354555883e+01
4.580000000000000182e-01 4.228055465497407539e+01
4.590000000000000191e-01 4.225104138141865917e+01
4.600000000000000200e-01 4.222117230859161907e+01
4.610000000000000209e-01 4.219094787055930595e+01
4.620000000000000218e-01 4.216036849975231604e+01
4.630000000000000226e-01 4.212943462697547403e+01
4.640000000000000235e-01 4.209814668141757465e+01
4.650000000000000244e-01 4.206650509066125920e+01
4.660000000000000253e-01 4.203451028069267181e+01
4.670000000000000262e-01 4.200216267591110153e+01
4.680000000000000271e-01 4.196946269913851069e+01
4.690000000000000280e-01 4.193641077162898512e+01
4.700000000000000289e-01 4.190300731307824122e+01
4.710000000000000298e-01 4.186925274163273514e+01
4.720000000000000306e-01 4.183514747389903476e+01
4.730000000000000315e-01 4.180069192495300712e+01
4.740000000000000324e-01 4.176588650834864325e+01
4.750000000000000333e-01 4.173073163612760084e+01
4.760000000000000342e-01 4.169522771882747492e+01
4.770000000000000351e-01 4.165937516549119124e+01
4.780000000000000360e-01 4.162317438367552569e+01
4.790000000000000369e-01 4.158662577945989369e+01
4.799999999999999822e-01 4.154972975745507568e+01
4.809999999999999831e-01 4.151248672081162994e+01
4.819999999999999840e-01 4.147489707122857538e+01
4.829999999999999849e-01 4.143696120896179735e+01
4.839999999999999858e-01 4.139867953283236091e+01
4.849999999999999867e-01 4.136005244023488814e+01
4.859999999999999876e-01 4.132108032714569390e+01
4.869999999999999885e-01 4.128176358813120572e+01
4.879999999999999893e-01 4.124210261635581531e+01
4.889999999999999902e-01 4.120209780359004270e+01
4.899999999999999911e-01 4.116174954021853694e+01
4.909999999999999920e-01 4.112105821524806970e+01
4.919999999999999929e-01 4.108002421631514522e+01
4.929999999999999938e-01 4.103864792969409336e+01
4.939999999999999947e-01 4.099692974030473636e+01
4.949999999999999956e-01 4.095487003171994900e+01
4.959999999999999964e-01 4.091246918617324013e+01
4.969999999999999973e-01 4.086972758456673915e+01
4.979999999999999982e-01 4.082664560647815222e+01
4.989999999999999991e-01 4.078322363016845031e+01
5.000000000000000000e-01 4.073946203258937260e+01
5.010000000000000009e-01 4.069536118939055314e+01
5.020000000000000018e-01 4.065092147492696029e+01
5.030000000000000027e-01 4.060614326226590975e+01
5.040000000000000036e-01 4.056102692319449687e+01
5.050000000000000044e-01 4.051557282822644623e+01
5.060000000000000053e-01 4.046978134660942317e+01
5.070000000000000062e-01 4.042365284633180522e+01
5.080000000000000071e-01 4.037718769412978759e+01
5.090000000000000080e-01 4.033038625549407641e+01
5.100000000000000089e-01 4.028324889467713632e+01
5.110000000000000098e-01 4.023577597469944322e+01
5.120000000000000107e-01 4.018796785735671051e+01
5.130000000000000115e-01 4.013982490322624130e+01
5.140000000000000124e-01 4.009134747167379231e+01
5.150000000000000133e-01 4.004253592085998292e+01
5.160000000000000142e-01 3.999339060774709509e+01
5.170000000000000151e-01 3.994391188810523374e+01
5.180000000000000160e-01 3.989410011651897747e+01
5.190000000000000169e-01 3.984395564639378051e+01
5.200000000000000178e-01 3.979347882996233210e+01
5.210000000000000187e-01 3.974267001829061741e+01
5.220000000000000195e-01 3.969152956128458243e+01
5.230000000000000204e-01 3.964005780769594622e+01
5.240000000000000213e-01 3.958825510512869528e+01
5.250000000000000222e-01 3.953612180004490284e+01
5.260000000000000231e-01 3.948365823777114514e+01
5.270000000000000240e-01 3.943086476250422123e+01
5.280000000000000249e-01 3.937774171731722106e+01
5.290000000000000258e-01 3.932428944416555794e+01
5.300000000000000266e-01 3.927050828389288739e+01
5.310000000000000275e-01 3.921639857623684833e+01
5.320000000000000284e-01 3.916196065983481844e+01
5.330000000000000293e-01 3.910719487222996094e+01
5.340000000000000302e-01 3.905210154987669569e+01
5.350000000000000311e-01 3.899668102814650439e+01
5.360000000000000320e-01 3.894093364133357937e+01
5.370000000000000329e-01 3.888485972266040847e+01
5.380000000000000338e-01 3.882845960428332432e+01
5.390000000000000346e-01 3.877173361729809642e+01
5.400000000000000355e-01 3.871468209174532404e+01
5.410000000000000364e-01 3.865730535661597855e+01
5.420000000000000373e-01 3.859960373985683191e+01
5.430000000000000382e-01 3.854157756837570048e+01
5.440000000000000391e-01 3.848322716804689492e+01
5.450000000000000400e-01 3.842455286371650658e+01
5.460000000000000409e-01 3.836555497920761582e+01
5.470000000000000417e-01 3.830623383732563525e+01
5.480000000000000426e-01 3.824658975986329779e+01
5.490000000000000435e-01 3.818662306760590042e+01
5.500000000000000444e-01 3.812633408033663329e+01
5.510000000000000453e-01 3.806572311684124799e+01
5.520000000000000462e-01 3.800479049491342209e+01
5.530000000000000471e-01 3.794353653135971882e+01
5.540000000000000480e-01 3.788196154200437604e+01
5.550000000000000488e-01 3.782006584169453589e+01
5.560000000000000497e-01 3.775784974430484908e+01
5.570000000000000506e-01 3.769531356274257661e+01
5.580000000000000515e-01 3.763245760895233616e+01
5.590000000000000524e-01 3.756928219392091961e+01
5.600000000000000533e-01 3.750578762768198970e+01
5.610000000000000542e-01 3.744197421932103254e+01
5.620000000000000551e-01 3.737784227697978423e+01
5.630000000000000560e-01 3.731339210786116922e+01
5.640000000000000568e-01 3.724862401823369140e+01
5.650000000000000577e-01 3.718353831343636529e+01
5.660000000000000586e-01 3.711813529788292954e+01
5.670000000000000595e-01 3.705241527506661470e+01
5.680000000000000604e-01 3.698637854756465515e+01
5.690000000000000613e-01 3.692002541704282947e+01
5.700000000000000622e-01 3.685335618425966686e+01
5.710000000000000631e-01 3.678637114907116512e+01
5.720000000000000639e-01 3.671907061043502551e+01
5.730000000000000648e-01 3.665145486641506523e+01
5.740000000000000657e-01 3.658352421418555167e+01
5.750000000000000666e-01 3.651527895003564339e+01
5.760000000000000675e-01 3.644671936937327672e+01
5.769999999999999574e-01 3.637784576673004722e+01
5.779999999999999583e-01 3.630865843576470553e+01
5.789999999999999591e-01 3.623915766926801041e+01
5.799999999999999600e-01 3.616934375916660827e+01
5.809999999999999609e-01 3.609921699652697669e+01
5.819999999999999618e-01 3.602877767155995059e+01
5.829999999999999627e-01 3.595802607362452363e+01
5.839999999999999636e-01 3.588696249123201909e+01
5.849999999999999645e-01 3.581558721205004758e+01
5.859999999999999654e-01 3.574390052290670639e+01
5.869999999999999662e-01 3.567190270979430267e+01
5.879999999999999671e-01 3.559959405787346043e+01
5.889999999999999680e-01 3.552697485147702139e+01
5.899999999999999689e-01 3.545404537411401691e+01
5.909999999999999698e-01 3.538080590847333440e+01
5.919999999999999707e-01 3.530725673642791662e+01
5.929999999999999716e-01 3.523339813903824336e+01
5.939999999999999725e-01 3.515923039655632465e+01
5.949999999999999734e-01 3.508475378842942405e+01
5.959999999999999742e-01 3.500996859330398081e+01
5.969999999999999751e-01 3.493487508902899208e+01
5.979999999999999760e-01 3.485947355266010561e+01
5.989999999999999769e-01 3.478376426046293091e+01
5.999999999999999778e-01 3.470774748791710351e+01
6.009999999999999787e-01 3.463142350971963879e+01
6.019999999999999796e-01 3.455479259978847040e+01
6.029999999999999805e-01 3.447785503126640094e+01
6.039999999999999813e-01 3.440061107652439887e+01
6.049999999999999822e-01 3.432306100716520803e+01
6.059999999999999831e-01 3.424520509402680091e+01
6.069999999999999840e-01 3.416704360718607347e+01
6.079999999999999849e-01 3.408857681596201417e+01
6.089999999999999858e-01 3.400980498891971138e+01
6.099999999999999867e-01 3.393072839387298245e+01
6.109999999999999876e-01 3.385134729788856589e+01
6.119999999999999885e-01 3.377166196728902037e+01
6.129999999999999893e-01 3.369167266765639113e+01
6.139999999999999902e-01 3.361137966383523690e+01
6.149999999999999911e-01 3.353078321993628208e+01
6.159999999999999920e-01 3.344988359933967104e+01
6.169999999999999929e-01 3.336868106469810868e+01
6.179999999999999938e-01 3.328717587794001531e+01
6.189999999999999947e-01 3.320536830027332087e+01
6.199999999999999956e-01 3.312325859218810820e+01
6.209999999999999964e-01 3.304084701346005204e+01
6.219999999999999973e-01 3.295813382315373019e+01
6.229999999999999982e-01 3.287511927962547986e+01
6.239999999999999991e-01 3.279180364052696461e+01
6.250000000000000000e-01 3.270818716280793126e+01
6.260000000000000009e-01 3.262427010271952099e+01
6.270000000000000018e-01 3.254005271581719683e+01
6.280000000000000027e-01 3.245553525696408315e+01
6.290000000000000036e-01 3.237071798033372261e+01
6.300000000000000044e-01 3.228560113941348675e+01
6.310000000000000053e-01 3.220018498700714815e+01
6.320000000000000062e-01 3.211446977523807789e+01
6.330000000000000071e-01 3.202845575555234348e+01
6.340000000000000080e-01 3.194214317872159370e+01
6.350000000000000089e-01 3.185553229484597182e+01
6.360000000000000098e-01 3.176862335335692933e+01
6.370000000000000107e-01 3.168141660302043761e+01
6.380000000000000115e-01 3.159391229193967376e+01
6.390000000000000124e-01 3.150611066755770651e+01
6.400000000000000133e-01 3.141801197666099199e+01
6.410000000000000142e-01 3.132961646538143441e+01
6.420000000000000151e-01 3.124092437919971132e+01
6.430000000000000160e-01 3.115193596294805900e+01
6.440000000000000169e-01 3.106265146081270245e+01
6.450000000000000178e-01 3.097307111633710974e+01
6.460000000000000187e-01 3.088319517242443624e+01
6.470000000000000195e-01 3.079302387134032415e+01
6.480000000000000204e-01 3.070255745471560260e+01
6.490000000000000213e-01 3.061179616354938560e+01
6.500000000000000222e-01 3.052074023821096205e+01
6.510000000000000231e-01 3.042938991844323482e+01
6.520000000000000240e-01 3.033774544336503709e+01
6.530000000000000249e-01 3.024580705147380399e+01
6.540000000000000258e-01 3.015357498064825847e+01
6.550000000000000266e-01 3.006104946815095502e+01
6.560000000000000275e-01 2.996823075063103659e+01
6.570000000000000284e-01 2.987511906412655094e+01
6.580000000000000293e-01 2.978171464406742075e+01
6.590000000000000302e-01 2.968801772527748994e+01
6.600000000000000311e-01 2.959402854197765009e+01
6.610000000000000320e-01 2.949974732778767361e+01
6.620000000000000329e-01 2.940517431572938278e+01
6.630000000000000338e-01 2.931030973822893770e+01
6.640000000000000346e-01 2.921515382711889686e+01
6.650000000000000355e-01 2.911970681364145719e+01
6.660000000000000364e-01 2.902396892845008836e+01
6.670000000000000373e-01 2.892794040161282965e+01
6.680000000000000382e-01 2.883162146261381054e+01
6.690000000000000391e-01 2.873501234035649077e+01
6.700000000000000400e-01 2.863811326316539407e+01
6.710000000000000409e-01 2.854092445878910667e+01
6.720000000000000417e-01 2.844344615440199675e+01
6.730000000000000426e-01 2.834567857660704249e+01
6.740000000000000435e-01 2.824762195143821941e+01
6.750000000000000444e-01 2.814927650436241890e+01
6.760000000000000453e-01 2.805064246028209141e+01
6.770000000000000462e-01 2.795172004353734962e+01
6.780000000000000471e-01 2.785250947790864018e+01
6.790000000000000480e-01 2.775301098661849153e+01
6.800000000000000488e-01 2.765322479233424247e+01
6.810000000000000497e-01 2.755315111716984688e+01
6.820000000000000506e-01 2.745279018268880122e+01
6.830000000000000515e-01 2.735214220990543765e+01
6.840000000000000524e-01 2.725120741928803625e+01
6.850000000000000533e-01 2.714998603076054451e+01
6.860000000000000542e-01 2.704847826370470898e+01
6.870000000000000551e-01 2.694668433696249110e+01
6.880000000000000560e-01 2.684460446883832674e+01
6.890000000000000568e-01 2.674223887710088832e+01
6.900000000000000577e-01 2.663958777898555752e+01
6.910000000000000586e-01 2.653665139119644323e+01
6.920000000000000595e-01 2.643342992990855578e+01
6.930000000000000604e-01 2.632992361076976806e+01
6.940000000000000613e-01 2.622613264890308926e+01
6.950000000000000622e-01 2.612205725890869701e+01
6.960000000000000631e-01 2.601769765486598374e+01
6.970000000000000639e-01 2.591305405033544673e+01
6.980000000000000648e-01 2.580812665836134556e+01
6.990000000000000657e-01 2.570291569147282473e+01
7.000000000000000666e-01 2.559742136168689797e+01
7.010000000000000675e-01 2.549164388050957086e+01
7.020000000000000684e-01 2.538558345893865464e+01
7.030000000000000693e-01 2.527924030746527251e+01
7.039999999999999591e-01 2.517261463607584915e+01
7.049999999999999600e-01 2.506570665425419975e+01
7.059999999999999609e-01 2.495851657098381793e+01
7.069999999999999618e-01 2.485104459474922578e+01
7.079999999999999627e-01 2.474329093353819076e+01
7.089999999999999636e-01 2.463525579484384309e+01
7.099999999999999645e-01 2.452693938566625320e+01
7.109999999999999654e-01 2.441834191251470543e+01
7.119999999999999662e-01 2.430946358140910490e+01
7.129999999999999671e-01 2.420030459788262078e+01
7.139999999999999680e-01 2.409086516698268099e+01
7.149999999999999689e-01 2.398114549327370071e+01
7.159999999999999698e-01 2.387114578083809135e+01
7.169999999999999707e-01 2.376086623327893221e+01
7.179999999999999716e-01 2.365030705372126363e+01
7.189999999999999725e-01 2.353946844481407652e+01
7.199999999999999734e-01 2.342835060873225927e+01
7.209999999999999742e-01 2.331695374717806146e+01
7.219999999999999751e-01 2.320527806138349547e+01
7.229999999999999760e-01 2.309332375211147337e+01
7.239999999999999769e-01 2.298109101965799539e+01
7.249999999999999778e-01 2.286858006385381259e+01
7.259999999999999787e-01 2.275579108406621742e+01
7.269999999999999796e-01 2.264272427920083430e+01
7.279999999999999805e-01 2.252937984770315438e+01
7.289999999999999813e-01 2.241575798756061033e+01
7.299999999999999822e-01 2.230185889630405427e+01
7.309999999999999831e-01 2.218768277100957675e+01
7.319999999999999840e-01 2.207322980830005577e+01
7.329999999999999849e-01 2.195850020434734517e+01
7.339999999999999858e-01 2.184349415487319845e+01
7.349999999999999867e-01 2.172821185515181241e+01
7.359999999999999876e-01 2.161265350001060881e+01
7.369999999999999885e-01 2.149681928383273544e+01
7.379999999999999893e-01 2.138070940055831670e+01
7.389999999999999902e-01 2.126432404368590312e+01
7.399999999999999911e-01 2.114766340627468821e+01
7.409999999999999920e-01 2.103072768094536116e+01
7.419999999999999929e-01 2.091351705988269316e+01
7.429999999999999938e-01 2.079603173483626222e+01
7.439999999999999947e-01 2.067827189712267000e+01
7.449999999999999956e-01 2.056023773762669293e+01
7.459999999999999964e-01 2.044192944680322910e+01
7.469999999999999973e-01 2.032334721467881877e+01
7.479999999999999982e-01 2.020449123085300869e+01
7.489999999999999991e-01 2.008536168450008574e+01
7.500000000000000000e-01 1.996595876437073969e+01
7.510000000000000009e-01 1.984628265879331366e+01
7.520000000000000018e-01 1.972633355567553792e+01
7.530000000000000027e-01 1.960611164250634886e+01
7.540000000000000036e-01 1.948561710635662791e+01
7.550000000000000044e-01 1.936485013388160326e+01
7.560000000000000053e-01 1.924381091132195820e+01
7.570000000000000062e-01 1.912249962450508178e+01
7.580000000000000071e-01 1.900091645884715774e+01
7.590000000000000080e-01 1.887906159935404560e+01
7.600000000000000089e-01 1.875693523062338386e+01
7.610000000000000098e-01 1.863453753684545688e+01
7.620000000000000107e-01 1.851186870180511335e+01
7.630000000000000115e-01 1.838892890888300258e+01
7.640000000000000124e-01 1.826571834105716619e+01
7.650000000000000133e-01 1.814223718090423176e+01
7.660000000000000142e-01 1.801848561060124609e+01
7.670000000000000151e-01 1.789446381192672675e+01
7.680000000000000160e-01 1.777017196626232476e+01
7.690000000000000169e-01 1.764561025459423149e+01
7.700000000000000178e-01 1.752077885751438657e+01
7.710000000000000187e-01 1.739567795522222582e+01
7.720000000000000195e-01 1.727030772752553389e+01
7.730000000000000204e-01 1.714466835384264698e+01
7.740000000000000213e-01 1.701876001320303544e+01
7.750000000000000222e-01 1.689258288424900911e+01
7.760000000000000231e-01 1.676613714523746523e+01
7.770000000000000240e-01 1.663942297404041426e+01
7.780000000000000249e-01 1.651244054814705464e+01
7.790000000000000258e-01 1.638519004466485285e+01
7.800000000000000266e-01 1.625767164032102130e+01
7.810000000000000275e-01 1.612988551146334260e+01
7.820000000000000284e-01 1.600183183406240062e+01
7.830000000000000293e-01 1.587351078371209212e+01
7.840000000000000302e-01 1.574492253563141730e+01
7.850000000000000311e-01 1.561606726466550299e+01
7.860000000000000320e-01 1.548694514528713739e+01
7.870000000000000329e-01 1.535755635159803489e+01
7.880000000000000338e-01 1.522790105732984500e+01
7.890000000000000346e-01 1.509797943584594293e+01
7.900000000000000355e-01 1.496779166014214013e+01
7.910000000000000364e-01 1.483733790284847487e+01
7.920000000000000373e-01 1.470661833623012171e+01
7.930000000000000382e-01 1.457563313218881262e+01
7.940000000000000391e-01 1.444438246226413014e+01
7.950000000000000400e-01 1.431286649763461583e+01
7.960000000000000409e-01 1.418108540911926241e+01
7.970000000000000417e-01 1.404903936717821011e+01
7.980000000000000426e-01 1.391672854191480724e+01
7.990000000000000435e-01 1.378415310307600805e+01
8.000000000000000444e-01 1.365131322005420600e+01
8.010000000000000453e-01 1.351820906188804372e+01
8.020000000000000462e-01 1.338484079726400466e+01
8.030000000000000471e-01 1.325120859451705257e+01
8.040000000000000480e-01 1.311731262163254996e+01
8.050000000000000488e-01 1.298315304624689759e+01
8.060000000000000497e-01 1.284873003564891292e+01
8.070000000000000506e-01 1.271404375678098120e+01
8.080000000000000515e-01 1.257909437624024918e+01
8.090000000000000524e-01 1.244388206027991828e+01
8.100000000000000533e-01 1.230840697481012569e+01
8.110000000000000542e-01 1.217266928539940807e+01
8.120000000000000551e-01 1.203666915727549735e+01
8.130000000000000560e-01 1.190040675532694081e+01
8.140000000000000568e-01 1.176388224410379735e+01
8.150000000000000577e-01 1.162709578781910125e+01
8.160000000000000586e-01 1.149004755034980008e+01
8.170000000000000595e-01 1.135273769523790577e+01
8.180000000000000604e-01 1.121516638569175939e+01
8.190000000000000613e-01 1.107733378458684115e+01
8.200000000000000622e-01 1.093924005446734782e+01
8.210000000000000631e-01 1.080088535754664747e+01
8.220000000000000639e-01 1.066226985570935426e+01
8.230000000000000648e-01 1.052339371051127159e+01
8.240000000000000657e-01 1.038425708318131058e+01
8.250000000000000666e-01 1.024486013462234268e+01
8.260000000000000675e-01 1.010520302541212345e+01
8.270000000000000684e-01 9.965285915804571459e+00
8.280000000000000693e-01 9.825108965730791510e+00
8.290000000000000702e-01 9.684672334800069393e+00
8.300000000000000711e-01 9.543976182300994537e+00
8.310000000000000719e-01 9.403020667202525829e+00
8.320000000000000728e-01 9.261805948154915313e+00
8.329999999999999627e-01 9.120332183491086653e+00
8.339999999999999636e-01 8.978599531227246189e+00
8.349999999999999645e-01 8.836608149064218765e+00
8.359999999999999654e-01 8.694358194388343009e+00
8.369999999999999662e-01 8.551849824272608203e+00
8.379999999999999671e-01 8.409083195477521144e+00
8.389999999999999680e-01 8.266058464452285648e+00
8.399999999999999689e-01 8.122775787335882569e+00
8.409999999999999698e-01 7.979235319957709294e+00
8.419999999999999707e-01 7.835437217838929769e+00
8.429999999999999716e-01 7.691381636193312943e+00
8.439999999999999725e-01 7.547068729928554376e+00
8.449999999999999734e-01 7.402498653646517823e+00
8.459999999999999742e-01 7.257671561645238967e+00
8.469999999999999751e-01 7.112587607918925414e+00
8.479999999999999760e-01 6.967246946159761478e+00
8.489999999999999769e-01 6.821649729758149761e+00
8.499999999999999778e-01 6.675796111804373822e+00
8.509999999999999787e-01 6.529686245089024510e+00
8.519999999999999796e-01 6.383320282104108401e+00
8.529999999999999805e-01 6.236698375044397835e+00
8.539999999999999813e-01 6.089820675807601447e+00
8.549999999999999822e-01 5.942687335996112097e+00
8.559999999999999831e-01 5.795298506917418990e+00
8.569999999999999840e-01 5.647654339585415073e+00
8.579999999999999849e-01 5.499754984720723883e+00
8.589999999999999858e-01 5.351600592752589591e+00
8.599999999999999867e-01 5.203191313819019115e+00
8.609999999999999876e-01 5.054527297767876348e+00
8.619999999999999885e-01 4.905608694158047456e+00
8.629999999999999893e-01 4.756435652260037728e+00
8.639999999999999902e-01 4.607008321057222133e+00
8.649999999999999911e-01 4.457326849246356915e+00
8.659999999999999920e-01 4.307391385238958037e+00
8.669999999999999929e-01 4.157202077161670672e+00
8.679999999999999938e-01 4.006759072857505544e+00
8.689999999999999947e-01 3.856062519886961582e+00
8.699999999999999956e-01 3.705112565528111190e+00
8.709999999999999964e-01 3.553909356778419237e+00
8.719999999999999973e-01 3.402453040354856739e+00
8.729999999999999982e-01 3.250743762695378791e+00
8.739999999999999991e-01 3.098781669959365104e+00
8.750000000000000000e-01 2.946566908028785292e+00
8.760000000000000009e-01 2.794099622508738889e+00
8.770000000000000018e-01 2.641379958728762745e+00
8.780000000000000027e-01 2.488408061743200506e+00
8.790000000000000036e-01 2.335184076332410541e+00
8.800000000000000044e-01 2.181708147003604381e+00
8.810000000000000053e-01 2.027980417991358308e+00
8.820000000000000062e-01 1.874001033258977600e+00
8.830000000000000071e-01 1.719770136498695479e+00
8.840000000000000080e-01 1.565287871133207886e+00
8.850000000000000089e-01 1.410554380315829803e+00
8.860000000000000098e-01 1.255569806932058441e+00
8.870000000000000107e-01 1.100334293599559032e+00
8.880000000000000115e-01 9.448479826697280259e-01
8.890000000000000124e-01 7.891110162281478324e-01
8.900000000000000133e-01 6.331235360954394764e-01
8.910000000000000142e-01 4.768856838279589283e-01
8.920000000000000151e-01 3.203976007189339725e-01
8.930000000000000160e-01 1.636594277990894852e-01
8.940000000000000169e-01 6.671305837201657596e-03
8.950000000000000178e-01 -1.505666246584951296e-01
8.960000000000000187e-01 -3.080542234403509383e-01
8.970000000000000195e-01 -4.657913505195807602e-01
8.980000000000000204e-01 -6.237778661661934620e-01
8.990000000000000213e-01 -7.820136309081107129e-01
9.000000000000000222e-01 -9.404985055297743202e-01
9.010000000000000231e-01 -1.099232351072174652e+00
9.020000000000000240e-01 -1.258215028831699556e+00
9.030000000000000249e-01 -1.417446400359153813e+00
9.040000000000000258e-01 -1.576926327459602817e+00
9.050000000000000266e-01 -1.736654672190923066e+00
9.060000000000000275e-01 -1.896631296863290572e+00
9.070000000000000284e-01 -2.056856064038811382e+00
9.080000000000000293e-01 -2.217328836530157332e+00
9.090000000000000302e-01 -2.378049477400224987e+00
9.100000000000000311e-01 -2.539017849961084039e+00
9.110000000000000320e-01 -2.700233817773522560e+00
9.120000000000000329e-01 -2.861697244646308036e+00
9.130000000000000338e-01 -3.023407994634936813e+00
9.140000000000000346e-01 -3.185365932041776205e+00
9.150000000000000355e-01 -3.347570921414302347e+00
9.160000000000000364e-01 -3.510022827545242308e+00
9.170000000000000373e-01 -3.672721515471550902e+00
9.180000000000000382e-01 -3.835666850473160139e+00
9.190000000000000391e-01 -3.998858698073405549e+00
9.200000000000000400e-01 -4.162296924037093504e+00
9.210000000000000409e-01 -4.325981394370614908e+00
9.220000000000000417e-01 -4.489911975320808324e+00
9.230000000000000426e-01 -4.654088533374419967e+00
9.240000000000000435e-01 -4.818510935257450001e+00
9.250000000000000444e-01 -4.983179047934214623e+00
9.260000000000000453e-01 -5.148092738606749208e+00
9.270000000000000462e-01 -5.313251874714410405e+00
9.280000000000000471e-01 -5.478656323932710848e+00
9.290000000000000480e-01 -5.644305954172779138e+00
9.300000000000000488e-01 -5.810200633580819840e+00
9.310000000000000497e-01 -5.976340230537402931e+00
9.320000000000000506e-01 -6.142724613656639576e+00
9.330000000000000515e-01 -6.309353651785500006e+00
9.340000000000000524e-01 -6.476227214003387189e+00
9.350000000000000533e-01 -6.643345169620744173e+00
9.360000000000000542e-01 -6.810707388179764621e+00
9.370000000000000551e-01 -6.978313739452232767e+00
9.380000000000000560e-01 -7.146164093439523413e+00
9.390000000000000568e-01 -7.314258320372289290e+00
9.400000000000000577e-01 -7.482596290708841025e+00
9.410000000000000586e-01 -7.651177875135687145e+00
9.420000000000000595e-01 -7.820002944565715097e+00
9.430000000000000604e-01 -7.989071370138333350e+00
9.440000000000000613e-01 -8.158383023218448216e+00
9.450000000000000622e-01 -8.327937775396094366e+00
9.460000000000000631e-01 -8.497735498485354810e+00
9.470000000000000639e-01 -8.667776064524218782e+00
9.480000000000000648e-01 -8.838059345773416453e+00
9.490000000000000657e-01 -9.008585214716362088e+00
9.500000000000000666e-01 -9.179353544057818226e+00
9.510000000000000675e-01 -9.350364206724151472e+00
9.520000000000000684e-01 -9.521617075861797730e+00
9.530000000000000693e-01 -9.693112024837205354e+00
9.540000000000000702e-01 -9.864848927236010923e+00
9.550000000000000711e-01 -1.003682765686235712e+01
9.560000000000000719e-01 -1.020904808773866534e+01
9.570000000000000728e-01 -1.038151009410421466e+01
9.580000000000000737e-01 -1.055421355041548281e+01
9.590000000000000746e-01 -1.072715833134475361e+01
9.599999999999999645e-01 -1.090034431177994634e+01
9.609999999999999654e-01 -1.107377136682393370e+01
9.619999999999999662e-01 -1.124743937179363229e+01
9.629999999999999671e-01 -1.142134820222003100e+01
9.639999999999999680e-01 -1.159549773384676996e+01
9.649999999999999689e-01 -1.176988784263039634e+01
9.659999999999999698e-01 -1.194451840473894322e+01
9.669999999999999707e-01 -1.211938929655192965e+01
9.679999999999999716e-01 -1.229450039465953637e+01
9.689999999999999725e-01 -1.246985157586215109e+01
9.699999999999999734e-01 -1.264544271716940216e+01
9.709999999999999742e-01 -1.282127369580015852e+01
9.719999999999999751e-01 -1.299734438918142132e+01
9.729999999999999760e-01 -1.317365467494786913e+01
9.739999999999999769e-01 -1.335020443094182951e+01
9.749999999999999778e-01 -1.352699353521160219e+01
9.759999999999999787e-01 -1.370402186601188532e+01
9.769999999999999796e-01 -1.388128930180275233e+01
9.779999999999999805e-01 -1.405879572124919719e+01
9.789999999999999813e-01 -1.423654100322045224e+01
9.799999999999999822e-01 -1.441452502678967562e+01
9.809999999999999831e-01 -1.459274767123281435e+01
9.819999999999999840e-01 -1.477120881602874647e+01
9.829999999999999849e-01 -1.494990834085845677e+01
9.839999999999999858e-01 -1.512884612560418418e+01
9.849999999999999867e-01 -1.530802205034933650e+01
9.859999999999999876e-01 -1.548743599537746718e+01
9.869999999999999885e-01 -1.566708784117238906e+01
9.879999999999999893e-01 -1.584697746841666799e+01
9.889999999999999902e-01 -1.602710475799210599e+01
9.899999999999999911e-01 -1.620746959097823492e+01
9.909999999999999920e-01 -1.638807184865274280e+01
9.919999999999999929e-01 -1.656891141249005273e+01
9.929999999999999938e-01 -1.674998816416115233e+01
9.939999999999999947e-01 -1.693130198553336641e+01
9.949999999999999956e-01 -1.711285275866924849e+01
9.959999999999999964e-01 -1.729464036582652398e+01
9.969999999999999973e-01 -1.747666468945715224e+01
9.979999999999999982e-01 -1.765892561220709922e+01
9.989999999999999991e-01 -1.784142301691565535e+01
1.000000000000000000e+00 -1.802415678661529341e+01
