0.000000000000000000e+00 0.000000000000000000e+00
1.000000000000000021e-03 8.075662746124517843e-01
2.000000000000000042e-03 1.396289422836505922e+00
3.000000000000000062e-03 1.922358050775219818e+00
4.000000000000000083e-03 2.409788358140288800e+00
5.000000000000000104e-03 2.869248456781576362e+00
6.000000000000000125e-03 3.306781012981431456e+00
7.000000000000000146e-03 3.726274883261785575e+00
8.000000000000000167e-03 4.130441680079842470e+00
9.000000000000001055e-03 4.521279723079612900e+00
1.000000000000000021e-02 4.900322684641032822e+00
1.099999999999999936e-02 5.268784794890385648e+00
1.200000000000000025e-02 5.627651299946926144e+00
1.300000000000000114e-02 5.977737735768836380e+00
1.400000000000000029e-02 6.319730380355712107e+00
1.499999999999999944e-02 6.654214800660476214e+00
1.600000000000000033e-02 6.981696571097010917e+00
1.700000000000000122e-02 7.302616673476426179e+00
1.800000000000000211e-02 7.617363181288681950e+00
1.899999999999999953e-02 7.926280284782624364e+00
2.000000000000000042e-02 8.229675372406822120e+00
2.100000000000000130e-02 8.527824665010829364e+00
2.199999999999999872e-02 8.820977754521900138e+00
2.299999999999999961e-02 9.109361301029226254e+00
2.400000000000000050e-02 9.393182074725320518e+00
2.500000000000000139e-02 9.672629481699782872e+00
2.600000000000000228e-02 9.947877678639722276e+00
2.699999999999999969e-02 1.021908735683855340e+01
2.800000000000000058e-02 1.048640725775618243e+01
2.900000000000000147e-02 1.074997546882481458e+01
2.999999999999999889e-02 1.100992053796577252e+01
3.099999999999999978e-02 1.126636243747546473e+01
3.200000000000000067e-02 1.151941340191942054e+01
3.300000000000000155e-02 1.176917865998912660e+01
3.400000000000000244e-02 1.201575707659921299e+01
3.500000000000000333e-02 1.225924171859231571e+01
3.600000000000000422e-02 1.249972035509819079e+01
3.699999999999999817e-02 1.273727590172998703e+01
3.799999999999999906e-02 1.297198681629334516e+01
3.899999999999999994e-02 1.320392745245827015e+01
4.000000000000000083e-02 1.343316837683989107e+01
4.100000000000000172e-02 1.365977665410868092e+01
4.200000000000000261e-02 1.388381610406704425e+01
4.300000000000000350e-02 1.410534753406116693e+01
4.399999999999999745e-02 1.432442894962214552e+01
4.499999999999999833e-02 1.454111574583196109e+01
4.599999999999999922e-02 1.475546088157392610e+01
4.700000000000000011e-02 1.496751503854311593e+01
4.800000000000000100e-02 1.517732676665053759e+01
4.900000000000000189e-02 1.538494261724902046e+01
5.000000000000000278e-02 1.559040726543225652e+01
5.100000000000000366e-02 1.579376362250737209e+01
5.200000000000000455e-02 1.599505293961049546e+01
5.299999999999999850e-02 1.619431490332252110e+01
5.399999999999999939e-02 1.639158772404424269e+01
5.500000000000000028e-02 1.658690821780506042e+01
5.600000000000000117e-02 1.678031188210557190e+01
5.700000000000000205e-02 1.697183296632956839e+01
5.800000000000000294e-02 1.716150453720403490e+01
5.900000000000000383e-02 1.734935853973622599e+01
5.999999999999999778e-02 1.753542585401270770e+01
6.099999999999999867e-02 1.771973634820682619e+01
6.199999999999999956e-02 1.790231892810645675e+01
6.300000000000000044e-02 1.808320158344392325e+01
6.400000000000000133e-02 1.826241143128262934e+01
6.500000000000000222e-02 1.843997475669125308e+01
6.600000000000000311e-02 1.861591705091468896e+01
6.700000000000000400e-02 1.879026304723211638e+01
6.800000000000000488e-02 1.896303675467503069e+01
6.900000000000000577e-02 1.913426148976326147e+01
7.000000000000000666e-02 1.930395990640270298e+01
7.100000000000000755e-02 1.947215402407654139e+01
7.200000000000000844e-02 1.963886525445026265e+01
7.299999999999999545e-02 1.980411442650086329e+01
7.399999999999999634e-02 1.996792181027143442e+01
7.499999999999999722e-02 2.013030713934428562e+01
7.599999999999999811e-02 2.029128963211795877e+01
7.699999999999999900e-02 2.045088801196704509e+01
7.799999999999999989e-02 2.060912052635733716e+01
7.900000000000000078e-02 2.076600496498340220e+01
8.000000000000000167e-02 2.092155867699042204e+01
8.100000000000000255e-02 2.107579858733760148e+01
8.200000000000000344e-02 2.122874121235615519e+01
8.300000000000000433e-02 2.138040267455087928e+01
8.400000000000000522e-02 2.153079871669108414e+01
8.500000000000000611e-02 2.167994471523297761e+01
8.600000000000000699e-02 2.182785569311293727e+01
8.700000000000000788e-02 2.197454633194810469e+01
8.799999999999999489e-02 2.212003098367856424e+01
8.899999999999999578e-02 2.226432368168256559e+01
8.999999999999999667e-02 2.240743815139447292e+01
9.099999999999999756e-02 2.254938782045308088e+01
9.199999999999999845e-02 2.269018582840603671e+01
9.299999999999999933e-02 2.282984503599443116e+01
9.400000000000000022e-02 2.296837803404006451e+01
9.500000000000000111e-02 2.310579715195665429e+01
9.600000000000000200e-02 2.324211446590455310e+01
9.700000000000000289e-02 2.337734180660764238e+01
9.800000000000000377e-02 2.351149076684968620e+01
9.900000000000000466e-02 2.364457270866650163e+01
1.000000000000000056e-01 2.377659877024937529e+01
1.010000000000000064e-01 2.390757987257389772e+01
1.020000000000000073e-01 2.403752672576805338e+01
1.030000000000000082e-01 2.416644983523208268e+01
1.040000000000000091e-01 2.429435950752224116e+01
1.049999999999999961e-01 2.442126585600985322e+01
1.059999999999999970e-01 2.454717880632610161e+01
1.069999999999999979e-01 2.467210810160290890e+01
1.079999999999999988e-01 2.479606330751912679e+01
1.089999999999999997e-01 2.491905381716127010e+01
1.100000000000000006e-01 2.504108885570721199e+01
1.110000000000000014e-01 2.516217748494059236e+01
1.120000000000000023e-01 2.528232860760396505e+01
1.130000000000000032e-01 2.540155097159763287e+01
1.140000000000000041e-01 2.551985317403089937e+01
1.150000000000000050e-01 2.563724366513233832e+01
1.160000000000000059e-01 2.575373075202507067e+01
1.170000000000000068e-01 2.586932260237304959e+01
1.180000000000000077e-01 2.598402724790352281e+01
1.190000000000000085e-01 2.609785258781111494e+01
1.199999999999999956e-01 2.621080639204848239e+01
1.209999999999999964e-01 2.632289630450824802e+01
1.219999999999999973e-01 2.643412984610044703e+01
1.229999999999999982e-01 2.654451441773015574e+01
1.239999999999999991e-01 2.665405730317898048e+01
1.250000000000000000e-01 2.676276567189450972e+01
1.260000000000000009e-01 2.687064658169123277e+01
1.270000000000000018e-01 2.697770698136646672e+01
1.280000000000000027e-01 2.708395371323474876e+01
1.290000000000000036e-01 2.718939351558358553e+01
1.300000000000000044e-01 2.729403302505396667e+01
1.310000000000000053e-01 2.739787877894806201e+01
1.320000000000000062e-01 2.750093721746732811e+01
1.330000000000000071e-01 2.760321468588336558e+01
1.340000000000000080e-01 2.770471743664407427e+01
1.350000000000000089e-01 2.780545163141760412e+01
1.360000000000000098e-01 2.790542334307626504e+01
1.370000000000000107e-01 2.800463855762271237e+01
1.380000000000000115e-01 2.810310317606048613e+01
1.390000000000000124e-01 2.820082301621071963e+01
1.400000000000000133e-01 2.829780381447728743e+01
1.410000000000000142e-01 2.839405122756192412e+01
1.420000000000000151e-01 2.848957083413112201e+01
1.430000000000000160e-01 2.858436813643673702e+01
1.440000000000000169e-01 2.867844856189156388e+01
1.449999999999999900e-01 2.877181746460161804e+01
1.459999999999999909e-01 2.886448012685680098e+01
1.469999999999999918e-01 2.895644176058075203e+01
1.479999999999999927e-01 2.904770750874210705e+01
1.489999999999999936e-01 2.913828244672774304e+01
1.499999999999999944e-01 2.922817158367959678e+01
1.509999999999999953e-01 2.931737986379634009e+01
1.519999999999999962e-01 2.940591216760078908e+01
1.529999999999999971e-01 2.949377331317442952e+01
1.539999999999999980e-01 2.958096805736001755e+01
1.549999999999999989e-01 2.966750109693325044e+01
1.559999999999999998e-01 2.975337706974449503e+01
1.570000000000000007e-01 2.983860055583176418e+01
1.580000000000000016e-01 2.992317607850539218e+01
1.590000000000000024e-01 3.000710810540575579e+01
1.600000000000000033e-01 3.009040104953463768e+01
1.610000000000000042e-01 3.017305927026101386e+01
1.620000000000000051e-01 3.025508707430232391e+01
1.630000000000000060e-01 3.033648871668154356e+01
1.640000000000000069e-01 3.041726840166127843e+01
1.650000000000000078e-01 3.049743028365527664e+01
1.660000000000000087e-01 3.057697846811799280e+01
1.670000000000000095e-01 3.065591701241307732e+01
1.680000000000000104e-01 3.073424992666129185e+01
1.690000000000000113e-01 3.081198117456846575e+01
1.700000000000000122e-01 3.088911467423404389e+01
1.710000000000000131e-01 3.096565429894101129e+01
1.720000000000000140e-01 3.104160387792728670e+01
1.730000000000000149e-01 3.111696719713965820e+01
1.740000000000000158e-01 3.119174799997028202e+01
1.750000000000000167e-01 3.126594998797672531e+01
1.759999999999999898e-01 3.133957682158538915e+01
1.769999999999999907e-01 3.141263212077949518e+01
1.779999999999999916e-01 3.148511946577146858e+01
1.789999999999999925e-01 3.155704239766057384e+01
1.799999999999999933e-01 3.162840441907589906e+01
1.809999999999999942e-01 3.169920899480528931e+01
1.819999999999999951e-01 3.176945955241056652e+01
1.829999999999999960e-01 3.183915948282941244e+01
1.839999999999999969e-01 3.190831214096421320e+01
1.849999999999999978e-01 3.197692084625831654e+01
1.859999999999999987e-01 3.204498888325984751e+01
1.869999999999999996e-01 3.211251950217386764e+01
1.880000000000000004e-01 3.217951591940252598e+01
1.890000000000000013e-01 3.224598131807398715e+01
1.900000000000000022e-01 3.231191884856047380e+01
1.910000000000000031e-01 3.237733162898533124e+01
1.920000000000000040e-01 3.244222274571965414e+01
1.930000000000000049e-01 3.250659525386877391e+01
1.940000000000000058e-01 3.257045217774879831e+01
1.950000000000000067e-01 3.263379651135333148e+01
1.960000000000000075e-01 3.269663121881086454e+01
1.970000000000000084e-01 3.275895923483292904e+01
1.980000000000000093e-01 3.282078346515322664e+01
1.990000000000000102e-01 3.288210678695807587e+01
2.000000000000000111e-01 3.294293204930826846e+01
2.010000000000000120e-01 3.300326207355259100e+01
2.020000000000000129e-01 3.306309965373334592e+01
2.030000000000000138e-01 3.312244755698372245e+01
2.040000000000000147e-01 3.318130852391765728e+01
2.050000000000000155e-01 3.323968526901217047e+01
2.060000000000000164e-01 3.329758048098194223e+01
2.070000000000000173e-01 3.335499682314745939e+01
2.080000000000000182e-01 3.341193693379526053e+01
2.089999999999999913e-01 3.346840342653220546e+01
2.099999999999999922e-01 3.352439889063226985e+01
2.109999999999999931e-01 3.357992589137747075e+01
2.119999999999999940e-01 3.363498697039204899e+01
2.129999999999999949e-01 3.368958464597054103e+01
2.139999999999999958e-01 3.374372141339968323e+01
2.149999999999999967e-01 3.379739974527458912e+01
2.159999999999999976e-01 3.385062209180900794e+01
2.169999999999999984e-01 3.390339088113982768e+01
2.179999999999999993e-01 3.395570851962610703e+01
2.190000000000000002e-01 3.400757739214287056e+01
2.200000000000000011e-01 3.405899986236919119e+01
2.210000000000000020e-01 3.410997827307180330e+01
2.220000000000000029e-01 3.416051494638271180e+01
2.230000000000000038e-01 3.421061218407283633e+01
2.240000000000000047e-01 3.426027226782007062e+01
2.250000000000000056e-01 3.430949745947306440e+01
2.260000000000000064e-01 3.435829000131023747e+01
2.270000000000000073e-01 3.440665211629419673e+01
2.280000000000000082e-01 3.445458600832179741e+01
2.290000000000000091e-01 3.450209386247010457e+01
2.300000000000000100e-01 3.454917784523762947e+01
2.310000000000000109e-01 3.459584010478185689e+01
2.320000000000000118e-01 3.464208277115255896e+01
2.330000000000000127e-01 3.468790795652121517e+01
2.340000000000000135e-01 3.473331775540633259e+01
2.350000000000000144e-01 3.477831424489531997e+01
2.360000000000000153e-01 3.482289948486226194e+01
2.370000000000000162e-01 3.486707551818247453e+01
2.380000000000000171e-01 3.491084437094302473e+01
2.390000000000000180e-01 3.495420805265007402e+01
2.399999999999999911e-01 3.499716855643287516e+01
2.409999999999999920e-01 3.503972785924415945e+01
2.419999999999999929e-01 3.508188792205720574e+01
2.429999999999999938e-01 3.512365069006016682e+01
2.439999999999999947e-01 3.516501809284667246e+01
2.449999999999999956e-01 3.520599204460383191e+01
2.459999999999999964e-01 3.524657444429674058e+01
2.469999999999999973e-01 3.528676717585048550e+01
2.479999999999999982e-01 3.532657210832893213e+01
2.489999999999999991e-01 3.536599109611087499e+01
2.500000000000000000e-01 3.540502597906321114e+01
2.510000000000000009e-01 3.544367858271161253e+01
2.520000000000000018e-01 3.548195071840815729e+01
2.530000000000000027e-01 3.551984418349684347e+01
2.540000000000000036e-01 3.555736076147604052e+01
2.550000000000000044e-01 3.559450222215874504e+01
2.560000000000000053e-01 3.563127032183020049e+01
2.570000000000000062e-01 3.566766680340320050e+01
2.580000000000000071e-01 3.570369339657082719e+01
2.590000000000000080e-01 3.573935181795713589e+01
2.600000000000000089e-01 3.577464377126511863e+01
2.610000000000000098e-01 3.580957094742306168e+01
2.620000000000000107e-01 3.584413502472809654e+01
2.630000000000000115e-01 3.587833766898785370e+01
2.640000000000000124e-01 3.591218053366000618e+01
2.650000000000000133e-01 3.594566525998958895e+01
2.660000000000000142e-01 3.597879347714455633e+01
2.670000000000000151e-01 3.601156680234900875e+01
2.680000000000000160e-01 3.604398684101465733e+01
2.690000000000000169e-01 3.607605518687023505e+01
2.700000000000000178e-01 3.610777342208921681e+01
2.710000000000000187e-01 3.613914311741528707e+01
2.720000000000000195e-01 3.617016583228654270e+01
2.730000000000000204e-01 3.620084311495736529e+01
2.740000000000000213e-01 3.623117650261880129e+01
2.750000000000000222e-01 3.626116752151718714e+01
2.760000000000000231e-01 3.629081768707104061e+01
2.770000000000000240e-01 3.632012850398631798e+01
2.780000000000000249e-01 3.634910146636997297e+01
2.790000000000000258e-01 3.637773805784205194e+01
2.800000000000000266e-01 3.640603975164593464e+01
2.810000000000000275e-01 3.643400801075729589e+01
2.820000000000000284e-01 3.646164428799144730e+01
2.830000000000000293e-01 3.648895002610909444e+01
2.840000000000000302e-01 3.651592665792074399e+01
2.850000000000000311e-01 3.654257560638962588e+01
2.860000000000000320e-01 3.656889828473319426e+01
2.870000000000000329e-01 3.659489609652304409e+01
2.880000000000000338e-01 3.662057043578396787e+01
2.889999999999999791e-01 3.664592268709097311e+01
2.899999999999999800e-01 3.667095422566555385e+01
2.909999999999999809e-01 3.669566641747033486e+01
2.919999999999999818e-01 3.672006061930252940e+01
2.929999999999999827e-01 3.674413817888616052e+01
2.939999999999999836e-01 3.676790043496299631e+01
2.949999999999999845e-01 3.679134871738233414e+01
2.959999999999999853e-01 3.681448434718940632e+01
2.969999999999999862e-01 3.683730863671297584e+01
2.979999999999999871e-01 3.685982288965131204e+01
2.989999999999999880e-01 3.688202840115738468e+01
2.999999999999999889e-01 3.690392645792272219e+01
3.009999999999999898e-01 3.692551833826038887e+01
3.019999999999999907e-01 3.694680531218661201e+01
3.029999999999999916e-01 3.696778864150151378e+01
3.039999999999999925e-01 3.698846957986880568e+01
3.049999999999999933e-01 3.700884937289427512e+01
3.059999999999999942e-01 3.702892925820366088e+01
3.069999999999999951e-01 3.704871046551889435e+01
3.079999999999999960e-01 3.706819421673392867e+01
3.089999999999999969e-01 3.708738172598943095e+01
3.099999999999999978e-01 3.710627419974623820e+01
3.109999999999999987e-01 3.712487283685851480e+01
3.119999999999999996e-01 3.714317882864517628e+01
3.130000000000000004e-01 3.716119335896118514e+01
3.140000000000000013e-01 3.717891760426727643e+01
3.150000000000000022e-01 3.719635273369937778e+01
3.160000000000000031e-01 3.721349990913680017e+01
3.170000000000000040e-01 3.723036028526968266e+01
3.180000000000000049e-01 3.724693500966569104e+01
3.190000000000000058e-01 3.726322522283567196e+01
3.200000000000000067e-01 3.727923205829870312e+01
3.210000000000000075e-01 3.729495664264634058e+01
3.220000000000000084e-01 3.731040009560589965e+01
3.230000000000000093e-01 3.732556353010314609e+01
3.240000000000000102e-01 3.734044805232407782e+01
3.250000000000000111e-01 3.735505476177604578e+01
3.260000000000000120e-01 3.736938475134824245e+01
3.270000000000000129e-01 3.738343910737107478e+01
3.280000000000000138e-01 3.739721890967541640e+01
3.290000000000000147e-01 3.741072523165050256e+01
3.300000000000000155e-01 3.742395914030169024e+01
3.310000000000000164e-01 3.743692169630699595e+01
3.320000000000000173e-01 3.744961395407361238e+01
3.330000000000000182e-01 3.746203696179306064e+01
3.340000000000000191e-01 3.747419176149624320e+01
3.350000000000000200e-01 3.748607938910751614e+01
3.360000000000000209e-01 3.749770087449822142e+01
3.370000000000000218e-01 3.750905724153976450e+01
3.380000000000000226e-01 3.752014950815566152e+01
3.390000000000000235e-01 3.753097868637345158e+01
3.400000000000000244e-01 3.754154578237565687e+01
3.410000000000000253e-01 3.755185179655041594e+01
3.420000000000000262e-01 3.756189772354126433e+01
3.430000000000000271e-01 3.757168455229641779e+01
3.440000000000000280e-01 3.758121326611795610e+01
3.450000000000000289e-01 3.759048484270937251e+01
3.460000000000000298e-01 3.759950025422396891e+01
3.470000000000000306e-01 3.760826046731142469e+01
3.480000000000000315e-01 3.761676644316467844e+01
3.490000000000000324e-01 3.762501913756585736e+01
3.500000000000000333e-01 3.763301950093194392e+01
3.510000000000000342e-01 3.764076847835973183e+01
3.519999999999999796e-01 3.764826700967033446e+01
3.529999999999999805e-01 3.765551602945326692e+01
3.539999999999999813e-01 3.766251646710998102e+01
3.549999999999999822e-01 3.766926924689693834e+01
3.559999999999999831e-01 3.767577528796808650e+01
3.569999999999999840e-01 3.768203550441707961e+01
3.579999999999999849e-01 3.768805080531897289e+01
3.589999999999999858e-01 3.769382209477121393e+01
3.599999999999999867e-01 3.769935027193446331e+01
3.609999999999999876e-01 3.770463623107297479e+01
3.619999999999999885e-01 3.770968086159445676e+01
3.629999999999999893e-01 3.771448504808925151e+01
3.639999999999999902e-01 3.771904967036955725e+01
3.649999999999999911e-01 3.772337560350792529e+01
3.659999999999999920e-01 3.772746371787552278e+01
3.669999999999999929e-01 3.773131487917954985e+01
3.679999999999999938e-01 3.773492994850091975e+01
3.689999999999999947e-01 3.773830978233107203e+01
3.699999999999999956e-01 3.774145523260853707e+01
3.709999999999999964e-01 3.774436714675501037e+01
3.719999999999999973e-01 3.774704636771123489e+01
3.729999999999999982e-01 3.774949373397232932e+01
3.739999999999999991e-01 3.775171007962280356e+01
3.750000000000000000e-01 3.775369623437133981e+01
3.760000000000000009e-01 3.775545302358483468e+01
3.770000000000000018e-01 3.775698126832252655e+01
3.780000000000000027e-01 3.775828178536955448e+01
3.790000000000000036e-01 3.775935538727014773e+01
3.800000000000000044e-01 3.776020288236045985e+01
3.810000000000000053e-01 3.776082507480118977e+01
3.820000000000000062e-01 3.776122276460977645e+01
3.830000000000000071e-01 3.776139674769216015e+01
3.840000000000000080e-01 3.776134781587453659e+01
3.850000000000000089e-01 3.776107675693442189e+01
3.860000000000000098e-01 3.776058435463144747e+01
3.870000000000000107e-01 3.775987138873836102e+01
3.880000000000000115e-01 3.775893863507086934e+01
3.890000000000000124e-01 3.775778686551777952e+01
3.900000000000000133e-01 3.775641684807077070e+01
3.910000000000000142e-01 3.775482934685353342e+01
3.920000000000000151e-01 3.775302512215110795e+01
3.930000000000000160e-01 3.775100493043829886e+01
3.940000000000000169e-01 3.774876952440861544e+01
3.950000000000000178e-01 3.774631965300213210e+01
3.960000000000000187e-01 3.774365606143364005e+01
3.970000000000000195e-01 3.774077949122009557e+01
3.980000000000000204e-01 3.773769068020812512e+01
3.990000000000000213e-01 3.773439036260114676e+01
4.000000000000000222e-01 3.773087926898611499e+01
4.010000000000000231e-01 3.772715812636015897e+01
4.020000000000000240e-01 3.772322765815686552e+01
4.030000000000000249e-01 3.771908858427244127e+01
4.040000000000000258e-01 3.771474162109119277e+01
4.050000000000000266e-01 3.771018748151156075e+01
4.060000000000000275e-01 3.770542687497102463e+01
4.070000000000000284e-01 3.770046050747126998e+01
4.080000000000000293e-01 3.769528908160324221e+01
4.090000000000000302e-01 3.768991329657126954e+01
4.100000000000000311e-01 3.768433384821764776e+01
4.110000000000000320e-01 3.767855142904695498e+01
4.120000000000000329e-01 3.767256672824948538e+01
4.130000000000000338e-01 3.766638043172531525e+01
4.140000000000000346e-01 3.765999322210737432e+01
4.150000000000000355e-01 3.765340577878486528e+01
4.160000000000000364e-01 3.764661877792619293e+01
4.169999999999999818e-01 3.763963289250168742e+01
4.179999999999999827e-01 3.763244879230614970e+01
4.189999999999999836e-01 3.762506714398121943e+01
4.199999999999999845e-01 3.761748861103752262e+01
4.209999999999999853e-01 3.760971385387652077e+01
4.219999999999999862e-01 3.760174352981226775e+01
4.229999999999999871e-01 3.759357829309298182e+01
4.239999999999999880e-01 3.758521879492207773e+01
4.249999999999999889e-01 3.757666568347972458e+01
4.259999999999999898e-01 3.756791960394337337e+01
4.269999999999999907e-01 3.755898119850865413e+01
4.279999999999999916e-01 3.754985110640988921e+01
4.289999999999999925e-01 3.754052996394045039e+01
4.299999999999999933e-01 3.753101840447292403e+01
4.309999999999999942e-01 3.752131705847895660e+01
4.319999999999999951e-01 3.751142655354925637e+01
4.329999999999999960e-01 3.750134751441298420e+01
4.339999999999999969e-01 3.749108056295747105e+01
4.349999999999999978e-01 3.748062631824706159e+01
4.359999999999999987e-01 3.746998539654249782e+01
4.369999999999999996e-01 3.745915841132005397e+01
4.380000000000000004e-01 3.744814597328947769e+01
4.390000000000000013e-01 3.743694869041346607e+01
4.400000000000000022e-01 3.742556716792552152e+01
4.410000000000000031e-01 3.741400200834837619e+01
4.420000000000000040e-01 3.740225381151198292e+01
4.430000000000000049e-01 3.739032317457149190e+01
4.440000000000000058e-01 3.737821069202505697e+01
4.450000000000000067e-01 3.736591695573126515e+01
4.460000000000000075e-01 3.735344255492697130e+01
4.470000000000000084e-01 3.734078807624387508e+01
4.480000000000000093e-01 3.732795410372649059e+01
4.490000000000000102e-01 3.731494121884854565e+01
4.500000000000000111e-01 3.730175000052999934e+01
4.510000000000000120e-01 3.728838102515378949e+01
4.520000000000000129e-01 3.727483486658240253e+01
4.530000000000000138e-01 3.726111209617409514e+01
4.540000000000000147e-01 3.724721328279945709e+01
4.550000000000000155e-01 3.723313899285703599e+01
4.560000000000000164e-01 3.721888979028980771e+01
4.570000000000000173e-01 3.720446623660100016e+01
4.580000000000000182e-01 3.718986889086919945e+01
4.590000000000000191e-01 3.717509830976477048e+01
4.600000000000000200e-01 3.716015504756462917e+01
4.610000000000000209e-01 3.714503965616786729e+01
4.620000000000000218e-01 3.712975268511088700e+01
4.630000000000000226e-01 3.711429468158223699e+01
4.640000000000000235e-01 3.709866619043803837e+01
4.650000000000000244e-01 3.708286775421609605e+01
4.660000000000000253e-01 3.706689991315110433e+01
4.670000000000000262e-01 3.705076320518893596e+01
4.680000000000000271e-01 3.703445816600096663e+01
4.690000000000000280e-01 3.701798532899884719e+01
4.700000000000000289e-01 3.700134522534808212e+01
4.710000000000000298e-01 3.698453838398251037e+01
4.720000000000000306e-01 3.696756533161791936e+01
4.730000000000000315e-01 3.695042659276634112e+01
4.740000000000000324e-01 3.693312268974914048e+01
4.750000000000000333e-01 3.691565414271128986e+01
4.760000000000000342e-01 3.689802146963407381e+01
4.770000000000000351e-01 3.688022518634934244e+01
4.780000000000000360e-01 3.686226580655205964e+01
4.790000000000000369e-01 3.684414384181373237e+01
4.799999999999999822e-01 3.682585980159561956e+01
4.809999999999999831e-01 3.680741419326122355e+01
4.819999999999999840e-01 3.678880752208958427e+01
4.829999999999999849e-01 3.677004029128793405e+01
4.839999999999999858e-01 3.675111300200379816e+01
4.849999999999999867e-01 3.673202615333838850e+01
4.859999999999999876e-01 3.671278024235819970e+01
4.869999999999999885e-01 3.669337576410786284e+01
4.879999999999999893e-01 3.667381321162216068e+01
4.889999999999999902e-01 3.665409307593807853e+01
4.899999999999999911e-01 3.663421584610721027e+01
4.909999999999999920e-01 3.661418200920704180e+01
4.919999999999999929e-01 3.659399205035330738e+01
4.929999999999999938e-01 3.657364645271153591e+01
4.939999999999999947e-01 3.655314569750889575e+01
4.949999999999999956e-01 3.653249026404510857e+01
4.959999999999999964e-01 3.651168062970491235e+01
4.969999999999999973e-01 3.649071726996852760e+01
4.979999999999999982e-01 3.646960065842338850e+01
4.989999999999999991e-01 3.644833126677519175e+01
5.000000000000000000e-01 3.642690956485923692e+01
5.010000000000000009e-01 3.640533602065093532e+01
5.020000000000000018e-01 3.638361110027717160e+01
5.030000000000000027e-01 3.636173526802718925e+01
5.040000000000000036e-01 3.633970898636287927e+01
5.050000000000000044e-01 3.631753271592993570e+01
5.060000000000000053e-01 3.629520691556827217e+01
5.070000000000000062e-01 3.627273204232226789e+01
5.080000000000000071e-01 3.625010855145173849e+01
5.090000000000000080e-01 3.622733689644176991e+01
5.100000000000000089e-01 3.620441752901329835e+01
5.110000000000000098e-01 3.618135089913307922e+01
5.120000000000000107e-01 3.615813745502409660e+01
5.130000000000000115e-01 3.613477764317513419e+01
5.140000000000000124e-01 3.611127190835122036e+01
5.150000000000000133e-01 3.608762069360308544e+01
5.160000000000000142e-01 3.606382444027737222e+01
5.170000000000000151e-01 3.603988358802587300e+01
5.180000000000000160e-01 3.601579857481566194e+01
5.190000000000000169e-01 3.599156983693828238e+01
5.200000000000000178e-01 3.596719780901955232e+01
5.210000000000000187e-01 3.594268292402889386e+01
5.220000000000000195e-01 3.591802561328860577e+01
5.230000000000000204e-01 3.589322630648334211e+01
5.240000000000000213e-01 3.586828543166884486e+01
5.250000000000000222e-01 3.584320341528196963e+01
5.260000000000000231e-01 3.581798068214899189e+01
5.270000000000000240e-01 3.579261765549499330e+01
5.280000000000000249e-01 3.576711475695253739e+01
5.290000000000000258e-01 3.574147240657109847e+01
5.300000000000000266e-01 3.571569102282513342e+01
5.310000000000000275e-01 3.568977102262326184e+01
5.320000000000000284e-01 3.566371282131732556e+01
5.330000000000000293e-01 3.563751683270986348e+01
5.340000000000000302e-01 3.561118346906416576e+01
5.350000000000000311e-01 3.558471314111132244e+01
5.360000000000000320e-01 3.555810625805978020e+01
5.370000000000000329e-01 3.553136322760305177e+01
5.380000000000000338e-01 3.550448445592833480e+01
5.390000000000000346e-01 3.547747034772451968e+01
5.400000000000000355e-01 3.545032130619063082e+01
5.410000000000000364e-01 3.542303773304382730e+01
5.420000000000000373e-01 3.539562002852746048e+01
5.430000000000000382e-01 3.536806859141904624e+01
5.440000000000000391e-01 3.534038381903849313e+01
5.450000000000000400e-01 3.531256610725550615e+01
5.460000000000000409e-01 3.528461585049795701e+01
5.470000000000000417e-01 3.525653344175923110e+01
5.480000000000000426e-01 3.522831927260615714e+01
5.490000000000000435e-01 3.519997373318675216e+01
5.500000000000000444e-01 3.517149721223763947e+01
5.510000000000000453e-01 3.514289009709173683e+01
5.520000000000000462e-01 3.511415277368577392e+01
5.530000000000000471e-01 3.508528562656769623e+01
5.540000000000000480e-01 3.505628903890395520e+01
5.550000000000000488e-01 3.502716339248725319e+01
5.560000000000000497e-01 3.499790906774313726e+01
5.570000000000000506e-01 3.496852644373812780e+01
5.580000000000000515e-01 3.493901589818611342e+01
5.590000000000000524e-01 3.490937780745588270e+01
5.600000000000000533e-01 3.487961254657849963e+01
5.610000000000000542e-01 3.484972048925337162e+01
5.620000000000000551e-01 3.481970200785644920e+01
5.630000000000000560e-01 3.478955747344642191e+01
5.640000000000000568e-01 3.475928725577159639e+01
5.650000000000000577e-01 3.472889172327721496e+01
5.660000000000000586e-01 3.469837124311172261e+01
5.670000000000000595e-01 3.466772618113414239e+01
5.680000000000000604e-01 3.463695690191984511e+01
5.690000000000000613e-01 3.460606376876837942e+01
5.700000000000000622e-01 3.457504714370894305e+01
5.710000000000000631e-01 3.454390738750792877e+01
5.720000000000000639e-01 3.451264485967462292e+01
5.730000000000000648e-01 3.448125991846836769e+01
5.740000000000000657e-01 3.444975292090450125e+01
5.750000000000000666e-01 3.441812422276098005e+01
5.760000000000000675e-01 3.438637417858458889e+01
5.769999999999999574e-01 3.435450314169743535e+01
5.779999999999999583e-01 3.432251146420317411e+01
5.789999999999999591e-01 3.429039949699284762e+01
5.799999999999999600e-01 3.425816758975165044e+01
5.809999999999999609e-01 3.422581609096458521e+01
5.819999999999999618e-01 3.419334534792281488e+01
5.829999999999999627e-01 3.416075570672963124e+01
5.839999999999999636e-01 3.412804751230642353e+01
5.849999999999999645e-01 3.409522110839867537e+01
5.859999999999999654e-01 3.406227683758190494e+01
5.869999999999999662e-01 3.402921504126760510e+01
5.879999999999999671e-01 3.399603605970892772e+01
5.889999999999999680e-01 3.396274023200655279e+01
5.899999999999999689e-01 3.392932789611479905e+01
5.909999999999999698e-01 3.389579938884664045e+01
5.919999999999999707e-01 3.386215504588022895e+01
5.929999999999999716e-01 3.382839520176371195e+01
5.939999999999999725e-01 3.379452018992155615e+01
5.949999999999999734e-01 3.376053034265989083e+01
5.959999999999999742e-01 3.372642599117175166e+01
5.969999999999999751e-01 3.369220746554286450e+01
5.979999999999999760e-01 3.365787509475745765e+01
5.989999999999999769e-01 3.362342920670292301e+01
5.999999999999999778e-01 3.358887012817584150e+01
6.009999999999999787e-01 3.355419818488698525e+01
6.019999999999999796e-01 3.351941370146685983e+01
6.029999999999999805e-01 3.348451700147090548e+01
6.039999999999999813e-01 3.344950840738489717e+01
6.049999999999999822e-01 3.341438824062973367e+01
6.059999999999999831e-01 3.337915682156743458e+01
6.069999999999999840e-01 3.334381446950524719e+01
6.079999999999999849e-01 3.330836150270170037e+01
6.089999999999999858e-01 3.327279823837125150e+01
6.099999999999999867e-01 3.323712499268928866e+01
6.109999999999999876e-01 3.320134208079733185e+01
6.119999999999999885e-01 3.316544981680812043e+01
6.129999999999999893e-01 3.312944851381035960e+01
6.139999999999999902e-01 3.309333848387353783e+01
6.149999999999999911e-01 3.305712003805305699e+01
6.159999999999999920e-01 3.302079348639516354e+01
6.169999999999999929e-01 3.298435913794178020e+01
6.179999999999999938e-01 3.294781730073475501e+01
6.189999999999999947e-01 3.291116828182148879e+01
6.199999999999999956e-01 3.287441238725895687e+01
6.209999999999999964e-01 3.283754992211889601e+01
6.219999999999999973e-01 3.280058119049238030e+01
6.229999999999999982e-01 3.276350649549414129e+01
6.239999999999999991e-01 3.272632613926766965e+01
6.250000000000000000e-01 3.268904042298947843e+01
6.260000000000000009e-01 3.265164964687402005e+01
6.270000000000000018e-01 3.261415411017756583e+01
6.280000000000000027e-01 3.257655411120344979e+01
6.290000000000000036e-01 3.253884994730607616e+01
6.300000000000000044e-01 3.250104191489579364e+01
6.310000000000000053e-01 3.246313030944276079e+01
6.320000000000000062e-01 3.242511542548176351e+01
6.330000000000000071e-01 3.238699755661636459e+01
6.340000000000000080e-01 3.234877699552339436e+01
6.350000000000000089e-01 3.231045403395732762e+01
6.360000000000000098e-01 3.227202896275429111e+01
6.370000000000000107e-01 3.223350207183648308e+01
6.380000000000000115e-01 3.219487365021653602e+01
6.390000000000000124e-01 3.215614398600143886e+01
6.400000000000000133e-01 3.211731336639711287e+01
6.410000000000000142e-01 3.207838207771203543e+01
6.420000000000000151e-01 3.203935040536187273e+01
6.430000000000000160e-01 3.200021863387334520e+01
6.440000000000000169e-01 3.196098704688849068e+01
6.450000000000000178e-01 3.192165592716816036e+01
6.460000000000000187e-01 3.188222555659693569e+01
6.470000000000000195e-01 3.184269621618646795e+01
6.480000000000000204e-01 3.180306818607967045e+01
6.490000000000000213e-01 3.176334174555458389e+01
6.500000000000000222e-01 3.172351717302866803e+01
6.510000000000000231e-01 3.168359474606202753e+01
6.520000000000000240e-01 3.164357474136201631e+01
6.530000000000000249e-01 3.160345743478683289e+01
6.540000000000000258e-01 3.156324310134914413e+01
6.550000000000000266e-01 3.152293201522007848e+01
6.560000000000000275e-01 3.148252444973316244e+01
6.570000000000000284e-01 3.144202067738780215e+01
6.580000000000000293e-01 3.140142096985340459e+01
6.590000000000000302e-01 3.136072559797250392e+01
6.600000000000000311e-01 3.131993483176536586e+01
6.610000000000000320e-01 3.127904894043257400e+01
6.620000000000000329e-01 3.123806819235974785e+01
6.630000000000000338e-01 3.119699285512038500e+01
6.640000000000000346e-01 3.115582319547979750e+01
6.650000000000000355e-01 3.111455947939894884e+01
6.660000000000000364e-01 3.107320197203753764e+01
6.670000000000000373e-01 3.103175093775786308e+01
6.680000000000000382e-01 3.099020664012827808e+01
6.690000000000000391e-01 3.094856934192657150e+01
6.700000000000000400e-01 3.090683930514394717e+01
6.710000000000000409e-01 3.086501679098785189e+01
6.720000000000000417e-01 3.082310205988558494e+01
6.730000000000000426e-01 3.078109537148824870e+01
6.740000000000000435e-01 3.073899698467339192e+01
6.750000000000000444e-01 3.069680715754894607e+01
6.760000000000000453e-01 3.065452614745638016e+01
6.770000000000000462e-01 3.061215421097413980e+01
6.780000000000000471e-01 3.056969160392074514e+01
6.790000000000000480e-01 3.052713858135859937e+01
6.800000000000000488e-01 3.048449539759654670e+01
6.810000000000000497e-01 3.044176230619382295e+01
6.820000000000000506e-01 3.039893955996306829e+01
6.830000000000000515e-01 3.035602741097348201e+01
6.840000000000000524e-01 3.031302611055394891e+01
6.850000000000000533e-01 3.026993590929657785e+01
6.860000000000000542e-01 3.022675705705955806e+01
6.870000000000000551e-01 3.018348980297054140e+01
6.880000000000000560e-01 3.014013439542964079e+01
6.890000000000000568e-01 3.009669108211249977e+01
6.900000000000000577e-01 3.005316010997378839e+01
6.910000000000000586e-01 3.000954172524974695e+01
6.920000000000000595e-01 2.996583617346165340e+01
6.930000000000000604e-01 2.992204369941865139e+01
6.940000000000000613e-01 2.987816454722089077e+01
6.950000000000000622e-01 2.983419896026261142e+01
6.960000000000000631e-01 2.979014718123502803e+01
6.970000000000000639e-01 2.974600945212927172e+01
6.980000000000000648e-01 2.970178601423964437e+01
6.990000000000000657e-01 2.965747710816617655e+01
7.000000000000000666e-01 2.961308297381779653e+01
7.010000000000000675e-01 2.956860385041528616e+01
7.020000000000000684e-01 2.952403997649419409e+01
7.030000000000000693e-01 2.947939158990712372e+01
7.039999999999999591e-01 2.943465892782776905e+01
7.049999999999999600e-01 2.938984222675276214e+01
7.059999999999999609e-01 2.934494172250487054e+01
7.069999999999999618e-01 2.929995765023586785e+01
7.079999999999999627e-01 2.925489024442926222e+01
7.089999999999999636e-01 2.920973973890320963e+01
7.099999999999999645e-01 2.916450636681287278e+01
7.109999999999999654e-01 2.911919036065391708e+01
7.119999999999999662e-01 2.907379195226437218e+01
7.129999999999999671e-01 2.902831137282827001e+01
7.139999999999999680e-01 2.898274885287754898e+01
7.149999999999999689e-01 2.893710462229527991e+01
7.159999999999999698e-01 2.889137891031825234e+01
7.169999999999999707e-01 2.884557194553950410e+01
7.179999999999999716e-01 2.879968395591075137e+01
7.189999999999999725e-01 2.875371516874582767e+01
7.199999999999999734e-01 2.870766581072241763e+01
7.209999999999999742e-01 2.866153610788539652e+01
7.219999999999999751e-01 2.861532628564864922e+01
7.229999999999999760e-01 2.856903656879850928e+01
7.239999999999999769e-01 2.852266718149563474e+01
7.249999999999999778e-01 2.847621834727797818e+01
7.259999999999999787e-01 2.842969028906307472e+01
7.269999999999999796e-01 2.838308322915078463e+01
7.279999999999999805e-01 2.833639738922569506e+01
7.289999999999999813e-01 2.828963299035962109e+01
7.299999999999999822e-01 2.824279025301387946e+01
7.309999999999999831e-01 2.819586939704237238e+01
7.319999999999999840e-01 2.814887064169323594e+01
7.329999999999999849e-01 2.810179420561225072e+01
7.339999999999999858e-01 2.805464030684407817e+01
7.349999999999999867e-01 2.800740916283568538e+01
7.359999999999999876e-01 2.796010099043856201e+01
7.369999999999999885e-01 2.791271600591059610e+01
7.379999999999999893e-01 2.786525442491914362e+01
7.389999999999999902e-01 2.781771646254266273e+01
7.399999999999999911e-01 2.777010233327386857e+01
7.409999999999999920e-01 2.772241225102132489e+01
7.419999999999999929e-01 2.767464642911241413e+01
7.429999999999999938e-01 2.762680508029536952e+01
7.439999999999999947e-01 2.757888841674140679e+01
7.449999999999999956e-01 2.753089665004728204e+01
7.459999999999999964e-01 2.748282999123746606e+01
7.469999999999999973e-01 2.743468865076640384e+01
7.479999999999999982e-01 2.738647283852091618e+01
7.489999999999999991e-01 2.733818276382230295e+01
7.500000000000000000e-01 2.728981863542848885e+01
7.510000000000000009e-01 2.724138066153652460e+01
7.520000000000000018e-01 2.719286904978444852e+01
7.530000000000000027e-01 2.714428400725385870e+01
7.540000000000000036e-01 2.709562574047185990e+01
7.550000000000000044e-01 2.704689445541335147e+01
7.560000000000000053e-01 2.699809035750283215e+01
7.570000000000000062e-01 2.694921365161734172e+01
7.580000000000000071e-01 2.690026454208789630e+01
7.590000000000000080e-01 2.685124323270167679e+01
7.600000000000000089e-01 2.680214992670437368e+01
7.610000000000000098e-01 2.675298482680267398e+01
7.620000000000000107e-01 2.670374813516541224e+01
7.630000000000000115e-01 2.665444005342629907e+01
7.640000000000000124e-01 2.660506078268599595e+01
7.650000000000000133e-01 2.655561052351394835e+01
7.660000000000000142e-01 2.650608947595057430e+01
7.670000000000000151e-01 2.645649783950925382e+01
7.680000000000000160e-01 2.640683581317850326e+01
7.690000000000000169e-01 2.635710359542376580e+01
7.700000000000000178e-01 2.630730138418969943e+01
7.710000000000000187e-01 2.625742937690179701e+01
7.720000000000000195e-01 2.620748777046868838e+01
7.730000000000000204e-01 2.615747676128432886e+01
7.740000000000000213e-01 2.610739654522923558e+01
7.750000000000000222e-01 2.605724731767307389e+01
7.760000000000000231e-01 2.600702927347680316e+01
7.770000000000000240e-01 2.595674260699358626e+01
7.780000000000000249e-01 2.590638751207184498e+01
7.790000000000000258e-01 2.585596418205670943e+01
7.800000000000000266e-01 2.580547280979189395e+01
7.810000000000000275e-01 2.575491358762134553e+01
7.820000000000000284e-01 2.570428670739204335e+01
7.830000000000000293e-01 2.565359236045493674e+01
7.840000000000000302e-01 2.560283073766707673e+01
7.850000000000000311e-01 2.555200202939369092e+01
7.860000000000000320e-01 2.550110642551003082e+01
7.870000000000000329e-01 2.545014411540309140e+01
7.880000000000000338e-01 2.539911528797337326e+01
7.890000000000000346e-01 2.534802013163665890e+01
7.900000000000000355e-01 2.529685883432642868e+01
7.910000000000000364e-01 2.524563158349502601e+01
7.920000000000000373e-01 2.519433856611517797e+01
7.930000000000000382e-01 2.514297996868306484e+01
7.940000000000000391e-01 2.509155597721877484e+01
7.950000000000000400e-01 2.504006677726881946e+01
7.960000000000000409e-01 2.498851255390754034e+01
7.970000000000000417e-01 2.493689349173914138e+01
7.980000000000000426e-01 2.488520977489925201e+01
7.990000000000000435e-01 2.483346158705688822e+01
8.000000000000000444e-01 2.478164911141574578e+01
8.010000000000000453e-01 2.472977253071624659e+01
8.020000000000000462e-01 2.467783202723731506e+01
8.030000000000000471e-01 2.462582778279804074e+01
8.040000000000000480e-01 2.457375997875915630e+01
8.050000000000000488e-01 2.452162879602474277e+01
8.060000000000000497e-01 2.446943441504448913e+01
8.070000000000000506e-01 2.441717701581448807e+01
8.080000000000000515e-01 2.436485677787953819e+01
8.090000000000000524e-01 2.431247388033433765e+01
8.100000000000000533e-01 2.426002850182607062e+01
8.110000000000000542e-01 2.420752082055429355e+01
8.120000000000000551e-01 2.415495101427470104e+01
8.130000000000000560e-01 2.410231926029885585e+01
8.140000000000000568e-01 2.404962573549715898e+01
8.150000000000000577e-01 2.399687061629984441e+01
8.160000000000000586e-01 2.394405407869842861e+01
8.170000000000000595e-01 2.389117629824775690e+01
8.180000000000000604e-01 2.383823745006728245e+01
8.190000000000000613e-01 2.378523770884277155e+01
8.200000000000000622e-01 2.373217724882789526e+01
8.210000000000000631e-01 2.367905624384559360e+01
8.220000000000000639e-01 2.362587486728992303e+01
8.230000000000000648e-01 2.357263329212739222e+01
8.240000000000000657e-01 2.351933169089849684e+01
8.250000000000000666e-01 2.346597023571939644e+01
8.260000000000000675e-01 2.341254909828330710e+01
8.270000000000000684e-01 2.335906844986209308e+01
8.280000000000000693e-01 2.330552846130782996e+01
8.290000000000000702e-01 2.325192930305414052e+01
8.300000000000000711e-01 2.319827114511775790e+01
8.310000000000000719e-01 2.314455415710011721e+01
8.320000000000000728e-01 2.309077850818886191e+01
8.329999999999999627e-01 2.303694436715892380e+01
8.339999999999999636e-01 2.298305190237454099e+01
8.349999999999999645e-01 2.292910128179036633e+01
8.359999999999999654e-01 2.287509267295300219e+01
8.369999999999999662e-01 2.282102624300259208e+01
8.379999999999999671e-01 2.276690215867404277e+01
8.389999999999999680e-01 2.271272058629853063e+01
8.399999999999999689e-01 2.265848169180495120e+01
8.409999999999999698e-01 2.260418564072139702e+01
8.419999999999999707e-01 2.254983259817649355e+01
8.429999999999999716e-01 2.249542272890070649e+01
8.439999999999999725e-01 2.244095619722804713e+01
8.449999999999999734e-01 2.238643316709712394e+01
8.459999999999999742e-01 2.233185380205276260e+01
8.469999999999999751e-01 2.227721826524734183e+01
8.479999999999999760e-01 2.222252671944210078e+01
8.489999999999999769e-01 2.216777932700841802e+01
8.499999999999999778e-01 2.211297624992951683e+01
8.509999999999999787e-01 2.205811764980154521e+01
8.519999999999999796e-01 2.200320368783482650e+01
8.529999999999999805e-01 2.194823452485545090e+01
8.539999999999999813e-01 2.189321032130658296e+01
8.549999999999999822e-01 2.183813123724968364e+01
8.559999999999999831e-01 2.178299743236578934e+01
8.569999999999999840e-01 2.172780906595698980e+01
8.579999999999999849e-01 2.167256629694787762e+01
8.589999999999999858e-01 2.161726928388614510e+01
8.599999999999999867e-01 2.156191818494494328e+01
8.609999999999999876e-01 2.150651315792322293e+01
8.619999999999999885e-01 2.145105436024766732e+01
8.629999999999999893e-01 2.139554194897337425e+01
8.639999999999999902e-01 2.133997608078595931e+01
8.649999999999999911e-01 2.128435691200212432e+01
8.659999999999999920e-01 2.122868459857093626e+01
8.669999999999999929e-01 2.117295929607570315e+01
8.679999999999999938e-01 2.111718115973448562e+01
8.689999999999999947e-01 2.106135034440188747e+01
8.699999999999999956e-01 2.100546700457005045e+01
8.709999999999999964e-01 2.094953129436987638e+01
8.719999999999999973e-01 2.089354336757241981e+01
8.729999999999999982e-01 2.083750337758976912e+01
8.739999999999999991e-01 2.078141147747683704e+01
8.750000000000000000e-01 2.072526781993201439e+01
8.760000000000000009e-01 2.066907255729870485e+01
8.770000000000000018e-01 2.061282584156637654e+01
8.780000000000000027e-01 2.055652782437169890e+01
8.790000000000000036e-01 2.050017865700024799e+01
8.800000000000000044e-01 2.044377849038673389e+01
8.810000000000000053e-01 2.038732747511733123e+01
8.820000000000000062e-01 2.033082576142990661e+01
8.830000000000000071e-01 2.027427349921552491e+01
8.840000000000000080e-01 2.021767083801995568e+01
8.850000000000000089e-01 2.016101792704398576e+01
8.860000000000000098e-01 2.010431491514566460e+01
8.870000000000000107e-01 2.004756195084061687e+01
8.880000000000000115e-01 1.999075918230360571e+01
8.890000000000000124e-01 1.993390675736921480e+01
8.900000000000000133e-01 1.987700482353389475e+01
8.910000000000000142e-01 1.982005352795587783e+01
8.920000000000000151e-01 1.976305301745736642e+01
8.930000000000000160e-01 1.970600343852493097e+01
8.940000000000000169e-01 1.964890493731124366e+01
8.950000000000000178e-01 1.959175765963553317e+01
8.960000000000000187e-01 1.953456175098514791e+01
8.970000000000000195e-01 1.947731735651652230e+01
8.980000000000000204e-01 1.942002462105617155e+01
8.990000000000000213e-01 1.936268368910225490e+01
9.000000000000000222e-01 1.930529470482463239e+01
9.010000000000000231e-01 1.924785781206736601e+01
9.020000000000000240e-01 1.919037315434829338e+01
9.030000000000000249e-01 1.913284087486150042e+01
9.040000000000000258e-01 1.907526111647737821e+01
9.050000000000000266e-01 1.901763402174375983e+01
9.060000000000000275e-01 1.895995973288799519e+01
9.070000000000000284e-01 1.890223839181663834e+01
9.080000000000000293e-01 1.884447014011735178e+01
9.090000000000000302e-01 1.878665511905975904e+01
9.100000000000000311e-01 1.872879346959626901e+01
9.110000000000000320e-01 1.867088533236352532e+01
9.120000000000000329e-01 1.861293084768308859e+01
9.130000000000000338e-01 1.855493015556234582e+01
9.140000000000000346e-01 1.849688339569632944e+01
9.150000000000000355e-01 1.843879070746751836e+01
9.160000000000000364e-01 1.838065222994782744e+01
9.170000000000000373e-01 1.832246810189920438e+01
9.180000000000000382e-01 1.826423846177502242e+01
9.190000000000000391e-01 1.820596344772030761e+01
9.200000000000000400e-01 1.814764319757330213e+01
9.210000000000000409e-01 1.808927784886660106e+01
9.220000000000000417e-01 1.803086753882772086e+01
9.230000000000000426e-01 1.797241240438034993e+01
9.240000000000000435e-01 1.791391258214497384e+01
9.250000000000000444e-01 1.785536820844038175e+01
9.260000000000000453e-01 1.779677941928417795e+01
9.270000000000000462e-01 1.773814635039403242e+01
9.280000000000000471e-01 1.767946913718861879e+01
9.290000000000000480e-01 1.762074791478832481e+01
9.300000000000000488e-01 1.756198281801658823e+01
9.310000000000000497e-01 1.750317398140018099e+01
9.320000000000000506e-01 1.744432153917125561e+01
9.330000000000000515e-01 1.738542562526703250e+01
9.340000000000000524e-01 1.732648637333190322e+01
9.350000000000000533e-01 1.726750391671720308e+01
9.360000000000000542e-01 1.720847838848334277e+01
9.370000000000000551e-01 1.714940992139972309e+01
9.380000000000000560e-01 1.709029864794598552e+01
9.390000000000000568e-01 1.703114470031385963e+01
9.400000000000000577e-01 1.697194821040585566e+01
9.410000000000000586e-01 1.691270930983878884e+01
9.420000000000000595e-01 1.685342812994281303e+01
9.430000000000000604e-01 1.679410480176304077e+01
9.440000000000000613e-01 1.673473945606045277e+01
9.450000000000000622e-01 1.667533222331266529e+01
9.460000000000000631e-01 1.661588323371501019e+01
9.470000000000000639e-01 1.655639261718087596e+01
9.480000000000000648e-01 1.649686050334349829e+01
9.490000000000000657e-01 1.643728702155570431e+01
9.500000000000000666e-01 1.637767230089212944e+01
9.510000000000000675e-01 1.631801647014890477e+01
9.520000000000000684e-01 1.625831965784493605e+01
9.530000000000000693e-01 1.619858199222315420e+01
9.540000000000000702e-01 1.613880360125091329e+01
9.550000000000000711e-01 1.607898461262089995e+01
9.560000000000000719e-01 1.601912515375221346e+01
9.570000000000000728e-01 1.595922535179082047e+01
9.580000000000000737e-01 1.589928533361117502e+01
9.590000000000000746e-01 1.583930522581599121e+01
9.599999999999999645e-01 1.577928515473797688e+01
9.609999999999999654e-01 1.571922524644025998e+01
9.619999999999999662e-01 1.565912562671735486e+01
9.629999999999999671e-01 1.559898642109578759e+01
9.639999999999999680e-01 1.553880775483520438e+01
9.649999999999999689e-01 1.547858975292902528e+01
9.659999999999999698e-01 1.541833254010524001e+01
9.669999999999999707e-01 1.535803624082757324e+01
9.679999999999999716e-01 1.529770097929551298e+01
9.689999999999999725e-01 1.523732687944630015e+01
9.699999999999999734e-01 1.517691406495438855e+01
9.709999999999999742e-01 1.511646265923334909e+01
9.719999999999999751e-01 1.505597278543604034e+01
9.729999999999999760e-01 1.499544456645580226e+01
9.739999999999999769e-01 1.493487812492676881e+01
9.749999999999999778e-01 1.487427358322537430e+01
9.759999999999999787e-01 1.481363106347026815e+01
9.769999999999999796e-01 1.475295068752376437e+01
9.779999999999999805e-01 1.469223257699229634e+01
9.789999999999999813e-01 1.463147685322755365e+01
9.799999999999999822e-01 1.457068363732668104e+01
9.809999999999999831e-01 1.450985305013367110e+01
9.819999999999999840e-01 1.444898521223970533e+01
9.829999999999999849e-01 1.438808024398403518e+01
9.839999999999999858e-01 1.432713826545449365e+01
9.849999999999999867e-01 1.426615939648920062e+01
9.859999999999999876e-01 1.420514375667602280e+01
9.869999999999999885e-01 1.414409146535427908e+01
9.879999999999999893e-01 1.408300264161505311e+01
9.889999999999999902e-01 1.402187740430187546e+01
9.899999999999999911e-01 1.396071587201205944e+01
9.909999999999999920e-01 1.389951816309655896e+01
9.919999999999999929e-01 1.383828439566167390e+01
9.929999999999999938e-01 1.377701468756868053e+01
9.939999999999999947e-01 1.371570915643587796e+01
9.949999999999999956e-01 1.365436791963776386e+01
9.959999999999999964e-01 1.359299109430733665e+01
9.969999999999999973e-01 1.353157879733572599e+01
9.979999999999999982e-01 1.347013114537332967e+01
9.989999999999999991e-01 1.340864825483066625e+01
1.000000000000000000e+00 1.334713024187868768e+01
