0.000000000000000000e+00 0.000000000000000000e+00
1.000000000000000021e-03 7.027690619184636667e-01
2.000000000000000042e-03 1.206838624918507019e+00
3.000000000000000062e-03 1.658622179327407409e+00
4.000000000000000083e-03 2.079185849677164910e+00
5.000000000000000104e-03 2.477625681748735875e+00
6.000000000000000125e-03 2.858985114582248244e+00
7.000000000000000146e-03 3.226453980195911786e+00
8.000000000000000167e-03 3.582223958435049038e+00
9.000000000000001055e-03 3.927889706977174988e+00
1.000000000000000021e-02 4.264661393410967172e+00
1.099999999999999936e-02 4.593487548198044834e+00
1.200000000000000025e-02 4.915130892349503178e+00
1.300000000000000114e-02 5.230217604472673365e+00
1.400000000000000029e-02 5.539270681252351558e+00
1.499999999999999944e-02 5.842733308984144891e+00
1.600000000000000033e-02 6.140985710992865165e+00
1.700000000000000122e-02 6.434357590593711151e+00
1.800000000000000211e-02 6.723137515328251546e+00
1.899999999999999953e-02 7.007580124467907012e+00
2.000000000000000042e-02 7.287911754014885446e+00
2.100000000000000130e-02 7.564334889350754487e+00
2.199999999999999872e-02 7.837031734739431599e+00
2.299999999999999961e-02 8.106167107526671245e+00
2.400000000000000050e-02 8.371890808971937048e+00
2.500000000000000139e-02 8.634339584499826969e+00
2.600000000000000228e-02 8.893638758270629552e+00
2.699999999999999969e-02 9.149903606792701538e+00
2.800000000000000058e-02 9.403240521492953974e+00
2.900000000000000147e-02 9.653747999154246529e+00
2.999999999999999889e-02 9.901517490847290048e+00
3.099999999999999978e-02 1.014663413368530165e+01
3.200000000000000067e-02 1.038917738488901854e+01
3.300000000000000155e-02 1.062922157389457212e+01
3.400000000000000244e-02 1.086683638529788531e+01
3.500000000000000333e-02 1.110208728311063631e+01
3.600000000000000422e-02 1.133503588495889147e+01
3.699999999999999817e-02 1.156574029337908271e+01
3.799999999999999906e-02 1.179425539017544722e+01
3.899999999999999994e-02 1.202063309883689080e+01
4.000000000000000083e-02 1.224492261922281777e+01
4.100000000000000172e-02 1.246717063807990300e+01
4.200000000000000261e-02 1.268742151841769150e+01
4.300000000000000350e-02 1.290571747032736738e+01
4.399999999999999745e-02 1.312209870545889956e+01
4.499999999999999833e-02 1.333660357706219202e+01
4.599999999999999922e-02 1.354926870723774002e+01
4.700000000000000011e-02 1.376012910282267221e+01
4.800000000000000100e-02 1.396921826115152498e+01
4.900000000000000189e-02 1.417656826677297310e+01
5.000000000000000278e-02 1.438220988006784218e+01
5.100000000000000366e-02 1.458617261859811620e+01
5.200000000000000455e-02 1.478848483191657337e+01
5.299999999999999850e-02 1.498917377048082322e+01
5.399999999999999939e-02 1.518826564924082057e+01
5.500000000000000028e-02 1.538578570640455112e+01
5.600000000000000117e-02 1.558175825783016499e+01
5.700000000000000205e-02 1.577620674744386875e+01
5.800000000000000294e-02 1.596915379403993995e+01
5.900000000000000383e-02 1.616062123478158341e+01
5.999999999999999778e-02 1.635063016568830463e+01
6.099999999999999867e-02 1.653920097936628508e+01
6.199999999999999956e-02 1.672635340021248140e+01
6.300000000000000044e-02 1.691210651730052561e+01
6.400000000000000133e-02 1.709647881513607359e+01
6.500000000000000222e-02 1.727948820245157080e+01
6.600000000000000311e-02 1.746115203919412551e+01
6.700000000000000400e-02 1.764148716184627474e+01
6.800000000000000488e-02 1.782050990720631134e+01
6.900000000000000577e-02 1.799823613474370632e+01
7.000000000000000666e-02 1.817468124763493620e+01
7.100000000000000755e-02 1.834986021257553190e+01
7.200000000000000844e-02 1.852378757845636059e+01
7.299999999999999545e-02 1.869647749398429326e+01
7.399999999999999634e-02 1.886794372432101596e+01
7.499999999999999722e-02 1.903819966680734765e+01
7.599999999999999811e-02 1.920725836583522650e+01
7.699999999999999900e-02 1.937513252692440346e+01
7.799999999999999989e-02 1.954183453005633808e+01
7.900000000000000078e-02 1.970737644231369856e+01
8.000000000000000167e-02 1.987177002987021268e+01
8.100000000000000255e-02 2.003502676937214844e+01
8.200000000000000344e-02 2.019715785874948821e+01
8.300000000000000433e-02 2.035817422749223482e+01
8.400000000000000522e-02 2.051808654642452368e+01
8.500000000000000611e-02 2.067690523700700211e+01
8.600000000000000699e-02 2.083464048019541792e+01
8.700000000000000788e-02 2.099130222488193454e+01
8.799999999999999489e-02 2.114690019594320347e+01
8.899999999999999578e-02 2.130144390191815518e+01
8.999999999999999667e-02 2.145494264233631299e+01
9.099999999999999756e-02 2.160740551471659643e+01
9.199999999999999845e-02 2.175884142125486775e+01
9.299999999999999933e-02 2.190925907521724270e+01
9.400000000000000022e-02 2.205866700705546890e+01
9.500000000000000111e-02 2.220707357025916195e+01
9.600000000000000200e-02 2.235448694695897487e+01
9.700000000000000289e-02 2.250091515329385317e+01
9.800000000000000377e-02 2.264636604455478164e+01
9.900000000000000466e-02 2.279084732011635595e+01
1.000000000000000056e-01 2.293436652816727062e+01
1.010000000000000064e-01 2.307693107024977763e+01
1.020000000000000073e-01 2.321854820561766175e+01
1.030000000000000082e-01 2.335922505542185945e+01
1.040000000000000091e-01 2.349896860673203491e+01
1.049999999999999961e-01 2.363778571640221315e+01
1.059999999999999970e-01 2.377568311478792396e+01
1.069999999999999979e-01 2.391266740932196555e+01
1.079999999999999988e-01 2.404874508795543164e+01
1.089999999999999997e-01 2.418392252247036467e+01
1.100000000000000006e-01 2.431820597166993636e+01
1.110000000000000014e-01 2.445160158445180087e+01
1.120000000000000023e-01 2.458411540276993179e+01
1.130000000000000032e-01 2.471575336449001625e+01
1.140000000000000041e-01 2.484652130614310295e+01
1.150000000000000050e-01 2.497642496558199454e+01
1.160000000000000059e-01 2.510546998454478285e+01
1.170000000000000068e-01 2.523366191112940982e+01
1.180000000000000077e-01 2.536100620218321211e+01
1.190000000000000085e-01 2.548750822561094509e+01
1.199999999999999956e-01 2.561317326260498106e+01
1.209999999999999964e-01 2.573800650980068028e+01
1.219999999999999973e-01 2.586201308136021737e+01
1.229999999999999982e-01 2.598519801098780135e+01
1.239999999999999991e-01 2.610756625387910290e+01
1.250000000000000000e-01 2.622912268860746821e+01
1.260000000000000009e-01 2.634987211894959813e+01
1.270000000000000018e-01 2.646981927565306236e+01
1.280000000000000027e-01 2.658896881814796131e+01
1.290000000000000036e-01 2.670732533620491722e+01
1.300000000000000044e-01 2.682489335154144783e+01
1.310000000000000053e-01 2.694167731937888277e+01
1.320000000000000062e-01 2.705768162995152437e+01
1.330000000000000071e-01 2.717291060997004237e+01
1.340000000000000080e-01 2.728736852404068003e+01
1.350000000000000089e-01 2.740105957604209763e+01
1.360000000000000098e-01 2.751398791046125325e+01
1.370000000000000107e-01 2.762615761369004730e+01
1.380000000000000115e-01 2.773757271528391755e+01
1.390000000000000124e-01 2.784823718918403657e+01
1.400000000000000133e-01 2.795815495490422364e+01
1.410000000000000142e-01 2.806732987868394957e+01
1.420000000000000151e-01 2.817576577460859610e+01
1.430000000000000160e-01 2.828346640569814952e+01
1.440000000000000169e-01 2.839043548496540126e+01
1.449999999999999900e-01 2.849667667644486002e+01
1.459999999999999909e-01 2.860219359619314972e+01
1.469999999999999918e-01 2.870698981326204091e+01
1.479999999999999927e-01 2.881106885064509981e+01
1.489999999999999936e-01 2.891443418619868666e+01
1.499999999999999944e-01 2.901708925353824853e+01
1.509999999999999953e-01 2.911903744291078056e+01
1.519999999999999962e-01 2.922028210204415899e+01
1.529999999999999971e-01 2.932082653697421648e+01
1.539999999999999980e-01 2.942067401285011741e+01
1.549999999999999989e-01 2.951982775471900311e+01
1.559999999999999998e-01 2.961829094829026587e+01
1.570000000000000007e-01 2.971606674068036114e+01
1.580000000000000016e-01 2.981315824113870860e+01
1.590000000000000024e-01 2.990956852175516545e+01
1.600000000000000033e-01 3.000530061814980343e+01
1.610000000000000042e-01 3.010035753014554771e+01
1.620000000000000051e-01 3.019474222242398298e+01
1.630000000000000060e-01 3.028845762516520068e+01
1.640000000000000069e-01 3.038150663467192203e+01
1.650000000000000078e-01 3.047389211397834430e+01
1.660000000000000087e-01 3.056561689344457733e+01
1.670000000000000095e-01 3.065668377133637534e+01
1.680000000000000104e-01 3.074709551439143951e+01
1.690000000000000113e-01 3.083685485837208162e+01
1.700000000000000122e-01 3.092596450860488844e+01
1.710000000000000131e-01 3.101442714050778449e+01
1.720000000000000140e-01 3.110224540010479899e+01
1.730000000000000149e-01 3.118942190452890628e+01
1.740000000000000158e-01 3.127595924251326664e+01
1.750000000000000167e-01 3.136185997487138621e+01
1.759999999999999898e-01 3.144712663496617466e+01
1.769999999999999907e-01 3.153176172916842290e+01
1.779999999999999916e-01 3.161576773730508449e+01
1.789999999999999925e-01 3.169914711309748512e+01
1.799999999999999933e-01 3.178190228458976563e+01
1.809999999999999942e-01 3.186403565456787135e+01
1.819999999999999951e-01 3.194554960096935048e+01
1.829999999999999960e-01 3.202644647728425298e+01
1.839999999999999969e-01 3.210672861294722225e+01
1.849999999999999978e-01 3.218639831372119176e+01
1.859999999999999987e-01 3.226545786207277899e+01
1.869999999999999996e-01 3.234390951753977106e+01
1.880000000000000004e-01 3.242175551709064507e+01
1.890000000000000013e-01 3.249899807547667052e+01
1.900000000000000022e-01 3.257563938557649408e+01
1.910000000000000031e-01 3.265168161873350527e+01
1.920000000000000040e-01 3.272712692508632415e+01
1.930000000000000049e-01 3.280197743389228293e+01
1.940000000000000058e-01 3.287623525384444179e+01
1.950000000000000067e-01 3.294990247338201073e+01
1.960000000000000075e-01 3.302298116099431979e+01
1.970000000000000084e-01 3.309547336551902674e+01
1.980000000000000093e-01 3.316738111643388009e+01
1.990000000000000102e-01 3.323870642414297549e+01
2.000000000000000111e-01 3.330945128025710034e+01
2.010000000000000120e-01 3.337961765786858592e+01
2.020000000000000129e-01 3.344920751182080210e+01
2.030000000000000138e-01 3.351822277897225177e+01
2.040000000000000147e-01 3.358666537845559219e+01
2.050000000000000155e-01 3.365453721193164682e+01
2.060000000000000164e-01 3.372184016383833693e+01
2.070000000000000173e-01 3.378857610163505854e+01
2.080000000000000182e-01 3.385474687604225608e+01
2.089999999999999913e-01 3.392035432127643446e+01
2.099999999999999922e-01 3.398540025528068043e+01
2.109999999999999931e-01 3.404988647995105566e+01
2.119999999999999940e-01 3.411381478135835721e+01
2.129999999999999949e-01 3.417718692996619723e+01
2.139999999999999958e-01 3.424000468084460636e+01
2.149999999999999967e-01 3.430226977387996357e+01
2.159999999999999976e-01 3.436398393398100382e+01
2.169999999999999984e-01 3.442514887128091772e+01
2.179999999999999993e-01 3.448576628133601218e+01
2.190000000000000002e-01 3.454583784532044888e+01
2.200000000000000011e-01 3.460536523021787048e+01
2.210000000000000020e-01 3.466435008900916159e+01
2.220000000000000029e-01 3.472279406085713305e+01
2.230000000000000038e-01 3.478069877128785947e+01
2.240000000000000047e-01 3.483806583236867027e+01
2.250000000000000056e-01 3.489489684288324867e+01
2.260000000000000064e-01 3.495119338850341251e+01
2.270000000000000073e-01 3.500695704195796054e+01
2.280000000000000082e-01 3.506218936319875468e+01
2.290000000000000091e-01 3.511689189956362611e+01
2.300000000000000100e-01 3.517106618593673772e+01
2.310000000000000109e-01 3.522471374490601193e+01
2.320000000000000118e-01 3.527783608691799344e+01
2.330000000000000127e-01 3.533043471042995520e+01
2.340000000000000135e-01 3.538251110205958128e+01
2.350000000000000144e-01 3.543406673673199236e+01
2.360000000000000153e-01 3.548510307782424889e+01
2.370000000000000162e-01 3.553562157730775084e+01
2.380000000000000171e-01 3.558562367588791631e+01
2.390000000000000180e-01 3.563511080314161461e+01
2.399999999999999911e-01 3.568408437765258867e+01
2.409999999999999920e-01 3.573254580714425543e+01
2.419999999999999929e-01 3.578049648861073706e+01
2.429999999999999938e-01 3.582793780844535547e+01
2.439999999999999947e-01 3.587487114256743581e+01
2.449999999999999956e-01 3.592129785654670115e+01
2.459999999999999964e-01 3.596721930572597614e+01
2.469999999999999973e-01 3.601263683534170923e+01
2.479999999999999982e-01 3.605755178064262623e+01
2.489999999999999991e-01 3.610196546700658615e+01
2.500000000000000000e-01 3.614587921005546178e+01
2.510000000000000009e-01 3.618929431576829359e+01
2.520000000000000018e-01 3.623221208059267440e+01
2.530000000000000027e-01 3.627463379155427958e+01
2.540000000000000036e-01 3.631656072636486954e+01
2.550000000000000044e-01 3.635799415352843056e+01
2.560000000000000053e-01 3.639893533244579515e+01
2.570000000000000062e-01 3.643938551351774180e+01
2.580000000000000071e-01 3.647934593824620464e+01
2.590000000000000080e-01 3.651881783933428238e+01
2.600000000000000089e-01 3.655780244078449215e+01
2.610000000000000098e-01 3.659630095799577276e+01
2.620000000000000107e-01 3.663431459785861222e+01
2.630000000000000115e-01 3.667184455884928695e+01
2.640000000000000124e-01 3.670889203112226795e+01
2.650000000000000133e-01 3.674545819660139756e+01
2.660000000000000142e-01 3.678154422906982290e+01
2.670000000000000151e-01 3.681715129425830213e+01
2.680000000000000160e-01 3.685228054993261537e+01
2.690000000000000169e-01 3.688693314597935569e+01
2.700000000000000178e-01 3.692111022449054758e+01
2.710000000000000187e-01 3.695481291984719263e+01
2.720000000000000195e-01 3.698804235880142244e+01
2.730000000000000204e-01 3.702079966055746496e+01
2.740000000000000213e-01 3.705308593685167295e+01
2.750000000000000222e-01 3.708490229203103894e+01
2.760000000000000231e-01 3.711624982313097121e+01
2.770000000000000240e-01 3.714712961995164164e+01
2.780000000000000249e-01 3.717754276513346667e+01
2.790000000000000258e-01 3.720749033423142293e+01
2.800000000000000266e-01 3.723697339578831134e+01
2.810000000000000275e-01 3.726599301140713294e+01
2.820000000000000284e-01 3.729455023582212903e+01
2.830000000000000293e-01 3.732264611696932377e+01
2.840000000000000302e-01 3.735028169605553217e+01
2.850000000000000311e-01 3.737745800762687054e+01
2.860000000000000320e-01 3.740417607963615865e+01
2.870000000000000329e-01 3.743043693350917778e+01
2.880000000000000338e-01 3.745624158421053096e+01
2.889999999999999791e-01 3.748159104030797550e+01
2.899999999999999800e-01 3.750648630403654948e+01
2.909999999999999809e-01 3.753092837136119186e+01
2.919999999999999818e-01 3.755491823203902868e+01
2.929999999999999827e-01 3.757845686968042997e+01
2.939999999999999836e-01 3.760154526180969725e+01
2.949999999999999845e-01 3.762418437992431564e+01
2.959999999999999853e-01 3.764637518955413498e+01
2.969999999999999862e-01 3.766811865031920092e+01
2.979999999999999871e-01 3.768941571598703888e+01
2.989999999999999880e-01 3.771026733452923452e+01
2.999999999999999889e-01 3.773067444817732508e+01
3.009999999999999898e-01 3.775063799347755378e+01
3.019999999999999907e-01 3.777015890134556741e+01
3.029999999999999916e-01 3.778923809711970705e+01
3.039999999999999925e-01 3.780787650061427030e+01
3.049999999999999933e-01 3.782607502617148043e+01
3.059999999999999942e-01 3.784383458271327072e+01
3.069999999999999951e-01 3.786115607379216641e+01
3.079999999999999960e-01 3.787804039764147035e+01
3.089999999999999969e-01 3.789448844722510046e+01
3.099999999999999978e-01 3.791050111028627612e+01
3.109999999999999987e-01 3.792607926939628271e+01
3.119999999999999996e-01 3.794122380200195721e+01
3.130000000000000004e-01 3.795593558047298188e+01
3.140000000000000013e-01 3.797021547214859538e+01
3.150000000000000022e-01 3.798406433938333748e+01
3.160000000000000031e-01 3.799748303959275120e+01
3.170000000000000040e-01 3.801047242529801906e+01
3.180000000000000049e-01 3.802303334417058522e+01
3.190000000000000058e-01 3.803516663907556961e+01
3.200000000000000067e-01 3.804687314811533838e+01
3.210000000000000075e-01 3.805815370467200864e+01
3.220000000000000084e-01 3.806900913744969728e+01
3.230000000000000093e-01 3.807944027051625824e+01
3.240000000000000102e-01 3.808944792334439455e+01
3.250000000000000111e-01 3.809903291085225874e+01
3.260000000000000120e-01 3.810819604344391109e+01
3.270000000000000129e-01 3.811693812704869799e+01
3.280000000000000138e-01 3.812525996316074384e+01
3.290000000000000147e-01 3.813316234887746248e+01
3.300000000000000155e-01 3.814064607693813969e+01
3.310000000000000164e-01 3.814771193576163455e+01
3.320000000000000173e-01 3.815436070948374692e+01
3.330000000000000182e-01 3.816059317799420114e+01
3.340000000000000191e-01 3.816641011697336694e+01
3.350000000000000200e-01 3.817181229792803521e+01
3.360000000000000209e-01 3.817680048822730043e+01
3.370000000000000218e-01 3.818137545113793863e+01
3.380000000000000226e-01 3.818553794585893968e+01
3.390000000000000235e-01 3.818928872755623871e+01
3.400000000000000244e-01 3.819262854739662316e+01
3.410000000000000253e-01 3.819555815258158304e+01
3.420000000000000262e-01 3.819807828638037961e+01
3.430000000000000271e-01 3.820018968816295057e+01
3.440000000000000280e-01 3.820189309343280115e+01
3.450000000000000289e-01 3.820318923385856635e+01
3.460000000000000298e-01 3.820407883730639043e+01
3.470000000000000306e-01 3.820456262787089941e+01
3.480000000000000315e-01 3.820464132590667816e+01
3.490000000000000324e-01 3.820431564805866742e+01
3.500000000000000333e-01 3.820358630729271709e+01
3.510000000000000342e-01 3.820245401292577014e+01
3.519999999999999796e-01 3.820091947065526483e+01
3.529999999999999805e-01 3.819898338258873594e+01
3.539999999999999813e-01 3.819664644727289726e+01
3.549999999999999822e-01 3.819390935972232626e+01
3.559999999999999831e-01 3.819077281144782887e+01
3.569999999999999840e-01 3.818723749048464100e+01
3.579999999999999849e-01 3.818330408142024623e+01
3.589999999999999858e-01 3.817897326542189518e+01
3.599999999999999867e-01 3.817424572026365581e+01
3.609999999999999876e-01 3.816912212035356333e+01
3.619999999999999885e-01 3.816360313676008076e+01
3.629999999999999893e-01 3.815768943723852402e+01
3.639999999999999902e-01 3.815138168625701098e+01
3.649999999999999911e-01 3.814468054502239625e+01
3.659999999999999920e-01 3.813758667150555937e+01
3.669999999999999929e-01 3.813010072046691334e+01
3.679999999999999938e-01 3.812222334348102493e+01
3.689999999999999947e-01 3.811395518896165413e+01
3.699999999999999956e-01 3.810529690218595533e+01
3.709999999999999964e-01 3.809624912531872098e+01
3.719999999999999973e-01 3.808681249743636954e+01
3.729999999999999982e-01 3.807698765455053547e+01
3.739999999999999991e-01 3.806677522963150295e+01
3.750000000000000000e-01 3.805617585263149039e+01
3.760000000000000009e-01 3.804519015050750852e+01
3.770000000000000018e-01 3.803381874724403389e+01
3.780000000000000027e-01 3.802206226387550458e+01
3.790000000000000036e-01 3.800992131850873079e+01
3.800000000000000044e-01 3.799739652634460185e+01
3.810000000000000053e-01 3.798448849970005625e+01
3.820000000000000062e-01 3.797119784802975317e+01
3.830000000000000071e-01 3.795752517794711878e+01
3.840000000000000080e-01 3.794347109324569800e+01
3.850000000000000089e-01 3.792903619492003031e+01
3.860000000000000098e-01 3.791422108118629097e+01
3.870000000000000107e-01 3.789902634750288257e+01
3.880000000000000115e-01 3.788345258659060732e+01
3.890000000000000124e-01 3.786750038845285360e+01
3.900000000000000133e-01 3.785117034039545558e+01
3.910000000000000142e-01 3.783446302704621189e+01
3.920000000000000151e-01 3.781737903037465998e+01
3.930000000000000160e-01 3.779991892971123946e+01
3.940000000000000169e-01 3.778208330176633467e+01
3.950000000000000178e-01 3.776387272064926748e+01
3.960000000000000187e-01 3.774528775788702717e+01
3.970000000000000195e-01 3.772632898244273747e+01
3.980000000000000204e-01 3.770699696073413776e+01
3.990000000000000213e-01 3.768729225665181559e+01
4.000000000000000222e-01 3.766721543157692054e+01
4.010000000000000231e-01 3.764676704439932564e+01
4.020000000000000240e-01 3.762594765153507126e+01
4.030000000000000249e-01 3.760475780694410730e+01
4.040000000000000258e-01 3.758319806214726100e+01
4.050000000000000266e-01 3.756126896624365941e+01
4.060000000000000275e-01 3.753897106592773270e+01
4.070000000000000284e-01 3.751630490550577690e+01
4.080000000000000293e-01 3.749327102691299274e+01
4.090000000000000302e-01 3.746986996972961492e+01
4.100000000000000311e-01 3.744610227119765256e+01
4.110000000000000320e-01 3.742196846623672002e+01
4.120000000000000329e-01 3.739746908746030840e+01
4.130000000000000338e-01 3.737260466519165192e+01
4.140000000000000346e-01 3.734737572747942380e+01
4.150000000000000355e-01 3.732178280011331850e+01
4.160000000000000364e-01 3.729582640663959126e+01
4.169999999999999818e-01 3.726950706837627081e+01
4.179999999999999827e-01 3.724282530442835082e+01
4.189999999999999836e-01 3.721578163170288178e+01
4.199999999999999845e-01 3.718837656492367216e+01
4.209999999999999853e-01 3.716061061664636611e+01
4.219999999999999862e-01 3.713248429727267563e+01
4.229999999999999871e-01 3.710399811506511014e+01
4.239999999999999880e-01 3.707515257616124416e+01
4.249999999999999889e-01 3.704594818458790684e+01
4.259999999999999898e-01 3.701638544227524363e+01
4.269999999999999907e-01 3.698646484907079213e+01
4.279999999999999916e-01 3.695618690275328788e+01
4.289999999999999925e-01 3.692555209904616476e+01
4.299999999999999933e-01 3.689456093163133943e+01
4.309999999999999942e-01 3.686321389216264777e+01
4.319999999999999951e-01 3.683151147027918881e+01
4.329999999999999960e-01 3.679945415361833483e+01
4.339999999999999969e-01 3.676704242782916765e+01
4.349999999999999978e-01 3.673427677658520452e+01
4.359999999999999987e-01 3.670115768159732283e+01
4.369999999999999996e-01 3.666768562262652864e+01
4.380000000000000004e-01 3.663386107749670373e+01
4.390000000000000013e-01 3.659968452210689804e+01
4.400000000000000022e-01 3.656515643044394182e+01
4.410000000000000031e-01 3.653027727459467400e+01
4.420000000000000040e-01 3.649504752475814939e+01
4.430000000000000049e-01 3.645946764925768946e+01
4.440000000000000058e-01 3.642353811455291890e+01
4.450000000000000067e-01 3.638725938525173120e+01
4.460000000000000075e-01 3.635063192412190602e+01
4.470000000000000084e-01 3.631365619210273366e+01
4.480000000000000093e-01 3.627633264831695215e+01
4.490000000000000102e-01 3.623866175008176782e+01
4.500000000000000111e-01 3.620064395292050818e+01
4.510000000000000120e-01 3.616227971057389823e+01
4.520000000000000129e-01 3.612356947501103122e+01
4.530000000000000138e-01 3.608451369644073026e+01
4.540000000000000147e-01 3.604511282332223487e+01
4.550000000000000155e-01 3.600536730237651284e+01
4.560000000000000164e-01 3.596527757859659857e+01
4.570000000000000173e-01 3.592484409525862077e+01
4.580000000000000182e-01 3.588406729393236105e+01
4.590000000000000191e-01 3.584294761449159950e+01
4.600000000000000200e-01 3.580148549512492906e+01
4.610000000000000209e-01 3.575968137234567479e+01
4.620000000000000218e-01 3.571753568100250931e+01
4.630000000000000226e-01 3.567504885428952832e+01
4.640000000000000235e-01 3.563222132375618401e+01
4.650000000000000244e-01 3.558905351931758787e+01
4.660000000000000253e-01 3.554554586926420257e+01
4.670000000000000262e-01 3.550169880027181790e+01
4.680000000000000271e-01 3.545751273741125686e+01
4.690000000000000280e-01 3.541298810415807452e+01
4.700000000000000289e-01 3.536812532240218587e+01
4.710000000000000298e-01 3.532292481245737292e+01
4.720000000000000306e-01 3.527738699307073489e+01
4.730000000000000315e-01 3.523151228143207447e+01
4.740000000000000324e-01 3.518530109318311361e+01
4.750000000000000333e-01 3.513875384242690103e+01
4.760000000000000342e-01 3.509187094173670118e+01
4.770000000000000351e-01 3.504465280216522416e+01
4.780000000000000360e-01 3.499709983325363538e+01
4.790000000000000369e-01 3.494921244304043029e+01
4.799999999999999822e-01 3.490099103807028058e+01
4.809999999999999831e-01 3.485243602340275970e+01
4.819999999999999840e-01 3.480354780262113934e+01
4.829999999999999849e-01 3.475432677784107227e+01
4.839999999999999858e-01 3.470477334971906913e+01
4.849999999999999867e-01 3.465488791746091835e+01
4.859999999999999876e-01 3.460467087883040449e+01
4.869999999999999885e-01 3.455412263015740848e+01
4.879999999999999893e-01 3.450324356634622802e+01
4.889999999999999902e-01 3.445203408088394781e+01
4.899999999999999911e-01 3.440049456584858234e+01
4.909999999999999920e-01 3.434862541191719032e+01
4.919999999999999929e-01 3.429642700837358404e+01
4.929999999999999938e-01 3.424389974311700513e+01
4.939999999999999947e-01 3.419104400266932942e+01
4.949999999999999956e-01 3.413786017218337321e+01
4.959999999999999964e-01 3.408434863545041082e+01
4.969999999999999973e-01 3.403050977490816820e+01
4.979999999999999982e-01 3.397634397164834752e+01
4.989999999999999991e-01 3.392185160542402400e+01
5.000000000000000000e-01 3.386703305465778868e+01
5.010000000000000009e-01 3.381188869644866912e+01
5.020000000000000018e-01 3.375641890657971800e+01
5.030000000000000027e-01 3.370062405952575091e+01
5.040000000000000036e-01 3.364450452846003969e+01
5.050000000000000044e-01 3.358806068526212130e+01
5.060000000000000053e-01 3.353129290052475397e+01
5.070000000000000062e-01 3.347420154356120037e+01
5.080000000000000071e-01 3.341678698241214107e+01
5.090000000000000080e-01 3.335904958385290087e+01
5.100000000000000089e-01 3.330098971340051861e+01
5.110000000000000098e-01 3.324260773532030555e+01
5.120000000000000107e-01 3.318390401263314970e+01
5.130000000000000115e-01 3.312487890712226601e+01
5.140000000000000124e-01 3.306553277933976176e+01
5.150000000000000133e-01 3.300586598861358567e+01
5.160000000000000142e-01 3.294587889305415729e+01
5.170000000000000151e-01 3.288557184956107449e+01
5.180000000000000160e-01 3.282494521382950126e+01
5.190000000000000169e-01 3.276399934035685391e+01
5.200000000000000178e-01 3.270273458244939491e+01
5.210000000000000187e-01 3.264115129222842171e+01
5.220000000000000195e-01 3.257924982063679664e+01
5.230000000000000204e-01 3.251703051744526363e+01
5.240000000000000213e-01 3.245449373125895676e+01
5.250000000000000222e-01 3.239163980952314148e+01
5.260000000000000231e-01 3.232846909852997186e+01
5.270000000000000240e-01 3.226498194342444492e+01
5.280000000000000249e-01 3.220117868821031948e+01
5.290000000000000258e-01 3.213705967575648259e+01
5.300000000000000266e-01 3.207262524780288970e+01
5.310000000000000275e-01 3.200787574496646215e+01
5.320000000000000284e-01 3.194281150674702729e+01
5.330000000000000293e-01 3.187743287153339367e+01
5.340000000000000302e-01 3.181174017660903530e+01
5.350000000000000311e-01 3.174573375815798215e+01
5.360000000000000320e-01 3.167941395127045467e+01
5.370000000000000329e-01 3.161278108994884661e+01
5.380000000000000338e-01 3.154583550711318907e+01
5.390000000000000346e-01 3.147857753460692010e+01
5.400000000000000355e-01 3.141100750320241275e+01
5.410000000000000364e-01 3.134312574260662387e+01
5.420000000000000373e-01 3.127493258146652977e+01
5.430000000000000382e-01 3.120642834737466842e+01
5.440000000000000391e-01 3.113761336687464620e+01
5.450000000000000400e-01 3.106848796546653091e+01
5.460000000000000409e-01 3.099905246761191790e+01
5.470000000000000417e-01 3.092930719673990581e+01
5.480000000000000426e-01 3.085925247525167947e+01
5.490000000000000435e-01 3.078888862452635067e+01
5.500000000000000444e-01 3.071821596492583950e+01
5.510000000000000453e-01 3.064723481580010400e+01
5.520000000000000462e-01 3.057594549549246210e+01
5.530000000000000471e-01 3.050434832134452989e+01
5.540000000000000480e-01 3.043244360970140150e+01
5.550000000000000488e-01 3.036023167591660865e+01
5.560000000000000497e-01 3.028771283435719397e+01
5.570000000000000506e-01 3.021488739840869187e+01
5.580000000000000515e-01 3.014175568047999576e+01
5.590000000000000524e-01 3.006831799200841004e+01
5.600000000000000533e-01 2.999457464346425439e+01
5.610000000000000542e-01 2.992052594435608626e+01
5.620000000000000551e-01 2.984617220323512043e+01
5.630000000000000560e-01 2.977151372770023130e+01
5.640000000000000568e-01 2.969655082440269211e+01
5.650000000000000577e-01 2.962128379905079356e+01
5.660000000000000586e-01 2.954571295641451201e+01
5.670000000000000595e-01 2.946983860033018487e+01
5.680000000000000604e-01 2.939366103370518601e+01
5.690000000000000613e-01 2.931718055852248739e+01
5.700000000000000622e-01 2.924039747584510707e+01
5.710000000000000631e-01 2.916331208582077039e+01
5.720000000000000639e-01 2.908592468768618033e+01
5.730000000000000648e-01 2.900823557977181366e+01
5.740000000000000657e-01 2.893024505950597103e+01
5.750000000000000666e-01 2.885195342341962288e+01
5.760000000000000675e-01 2.877336096715020375e+01
5.769999999999999574e-01 2.869446798544652921e+01
5.779999999999999583e-01 2.861527477217271809e+01
5.789999999999999591e-01 2.853578162031258358e+01
5.799999999999999600e-01 2.845598882197414525e+01
5.809999999999999609e-01 2.837589666839333802e+01
5.819999999999999618e-01 2.829550544993862360e+01
5.829999999999999627e-01 2.821481545611501218e+01
5.839999999999999636e-01 2.813382697556836831e+01
5.849999999999999645e-01 2.805254029608906308e+01
5.859999999999999654e-01 2.797095570461670633e+01
5.869999999999999662e-01 2.788907348724387703e+01
5.879999999999999671e-01 2.780689392921991043e+01
5.889999999999999680e-01 2.772441731495538164e+01
5.899999999999999689e-01 2.764164392802583592e+01
5.909999999999999698e-01 2.755857405117585301e+01
5.919999999999999707e-01 2.747520796632281304e+01
5.929999999999999716e-01 2.739154595456096075e+01
5.939999999999999725e-01 2.730758829616522121e+01
5.949999999999999734e-01 2.722333527059504377e+01
5.959999999999999742e-01 2.713878715649821771e+01
5.969999999999999751e-01 2.705394423171489393e+01
5.979999999999999760e-01 2.696880677328107367e+01
5.989999999999999769e-01 2.688337505743240285e+01
5.999999999999999778e-01 2.679764935960811556e+01
6.009999999999999787e-01 2.671162995445462229e+01
6.019999999999999796e-01 2.662531711582904137e+01
6.029999999999999805e-01 2.653871111680314954e+01
6.039999999999999813e-01 2.645181222966688495e+01
6.049999999999999822e-01 2.636462072593187145e+01
6.059999999999999831e-01 2.627713687633509210e+01
6.069999999999999840e-01 2.618936095084263371e+01
6.079999999999999849e-01 2.610129321865285590e+01
6.089999999999999858e-01 2.601293394820029192e+01
6.099999999999999867e-01 2.592428340715887458e+01
6.109999999999999876e-01 2.583534186244558839e+01
6.119999999999999885e-01 2.574610958022392992e+01
6.129999999999999893e-01 2.565658682590709105e+01
6.139999999999999902e-01 2.556677386416198772e+01
6.149999999999999911e-01 2.547667095891169708e+01
6.159999999999999920e-01 2.538627837333978476e+01
6.169999999999999929e-01 2.529559636989311855e+01
6.179999999999999938e-01 2.520462521028527192e+01
6.189999999999999947e-01 2.511336515549997728e+01
6.199999999999999956e-01 2.502181646579425944e+01
6.209999999999999964e-01 2.492997940070189600e+01
6.219999999999999973e-01 2.483785421903652946e+01
6.229999999999999982e-01 2.474544117889473682e+01
6.239999999999999991e-01 2.465274053765965334e+01
6.250000000000000000e-01 2.455975255200387153e+01
6.260000000000000009e-01 2.446647747789261018e+01
6.270000000000000018e-01 2.437291557058689762e+01
6.280000000000000027e-01 2.427906708464697516e+01
6.290000000000000036e-01 2.418493227393484801e+01
6.300000000000000044e-01 2.409051139161798005e+01
6.310000000000000053e-01 2.399580469017192996e+01
6.320000000000000062e-01 2.390081242138364814e+01
6.330000000000000071e-01 2.380553483635436862e+01
6.340000000000000080e-01 2.370997218550276386e+01
6.350000000000000089e-01 2.361412471856792195e+01
6.360000000000000098e-01 2.351799268461213188e+01
6.370000000000000107e-01 2.342157633202414502e+01
6.380000000000000115e-01 2.332487590852197457e+01
6.390000000000000124e-01 2.322789166115582304e+01
6.400000000000000133e-01 2.313062383631100261e+01
6.410000000000000142e-01 2.303307267971074168e+01
6.420000000000000151e-01 2.293523843641941085e+01
6.430000000000000160e-01 2.283712135084483918e+01
6.440000000000000169e-01 2.273872166674162543e+01
6.450000000000000178e-01 2.264003962721375274e+01
6.460000000000000187e-01 2.254107547471743089e+01
6.470000000000000195e-01 2.244182945106381055e+01
6.480000000000000204e-01 2.234230179742205280e+01
6.490000000000000213e-01 2.224249275432173079e+01
6.500000000000000222e-01 2.214240256165565768e+01
6.510000000000000231e-01 2.204203145868284253e+01
6.520000000000000240e-01 2.194137968403090611e+01
6.530000000000000249e-01 2.184044747569905098e+01
6.540000000000000258e-01 2.173923507106046316e+01
6.550000000000000266e-01 2.163774270686516843e+01
6.560000000000000275e-01 2.153597061924264722e+01
6.570000000000000284e-01 2.143391904370440670e+01
6.580000000000000293e-01 2.133158821514673775e+01
6.590000000000000302e-01 2.122897836785308812e+01
6.600000000000000311e-01 2.112608973549690461e+01
6.610000000000000320e-01 2.102292255114397790e+01
6.620000000000000329e-01 2.091947704725509993e+01
6.630000000000000338e-01 2.081575345568880664e+01
6.640000000000000346e-01 2.071175200770356639e+01
6.650000000000000355e-01 2.060747293396036639e+01
6.660000000000000364e-01 2.050291646452538430e+01
6.670000000000000373e-01 2.039808282887250357e+01
6.680000000000000382e-01 2.029297225588535980e+01
6.690000000000000391e-01 2.018758497386035344e+01
6.700000000000000400e-01 2.008192121050876722e+01
6.710000000000000409e-01 1.997598119295918195e+01
6.720000000000000417e-01 1.986976514775999192e+01
6.730000000000000426e-01 1.976327330088199119e+01
6.740000000000000435e-01 1.965650587772015001e+01
6.750000000000000444e-01 1.954946310309691171e+01
6.760000000000000453e-01 1.944214520126345747e+01
6.770000000000000462e-01 1.933455239590308850e+01
6.780000000000000471e-01 1.922668491013297398e+01
6.790000000000000480e-01 1.911854296650653851e+01
6.800000000000000488e-01 1.901012678701580683e+01
6.810000000000000497e-01 1.890143659309390500e+01
6.820000000000000506e-01 1.879247260561692201e+01
6.830000000000000515e-01 1.868323504490665243e+01
6.840000000000000524e-01 1.857372413073248651e+01
6.850000000000000533e-01 1.846394008231376915e+01
6.860000000000000542e-01 1.835388311832210206e+01
6.870000000000000551e-01 1.824355345688346119e+01
6.880000000000000560e-01 1.813295131558054152e+01
6.890000000000000568e-01 1.802207691145471813e+01
6.900000000000000577e-01 1.791093046100864683e+01
6.910000000000000586e-01 1.779951218020771364e+01
6.920000000000000595e-01 1.768782228448316118e+01
6.930000000000000604e-01 1.757586098873323976e+01
6.940000000000000613e-01 1.746362850732602112e+01
6.950000000000000622e-01 1.735112505410155848e+01
6.960000000000000631e-01 1.723835084237322235e+01
6.970000000000000639e-01 1.712530608493071327e+01
6.980000000000000648e-01 1.701199099404166759e+01
6.990000000000000657e-01 1.689840578145378913e+01
7.000000000000000666e-01 1.678455065839708027e+01
7.010000000000000675e-01 1.667042583558566093e+01
7.020000000000000684e-01 1.655603152321987181e+01
7.030000000000000693e-01 1.644136793098853389e+01
7.039999999999999591e-01 1.632643526807066792e+01
7.049999999999999600e-01 1.621123374313752663e+01
7.059999999999999609e-01 1.609576356435503897e+01
7.069999999999999618e-01 1.598002493938510327e+01
7.079999999999999627e-01 1.586401807538801734e+01
7.089999999999999636e-01 1.574774317902445375e+01
7.099999999999999645e-01 1.563120045645715095e+01
7.109999999999999654e-01 1.551439011335310170e+01
7.119999999999999662e-01 1.539731235488535788e+01
7.129999999999999671e-01 1.527996738573502000e+01
7.139999999999999680e-01 1.516235541009315568e+01
7.149999999999999689e-01 1.504447663166257598e+01
7.159999999999999698e-01 1.492633125365983915e+01
7.169999999999999707e-01 1.480791947881735382e+01
7.179999999999999716e-01 1.468924150938460116e+01
7.189999999999999725e-01 1.457029754713076386e+01
7.199999999999999734e-01 1.445108779334616145e+01
7.209999999999999742e-01 1.433161244884402663e+01
7.219999999999999751e-01 1.421187171396258009e+01
7.229999999999999760e-01 1.409186578856687788e+01
7.239999999999999769e-01 1.397159487205024675e+01
7.249999999999999778e-01 1.385105916333651521e+01
7.259999999999999787e-01 1.373025886088163361e+01
7.269999999999999796e-01 1.360919416267535098e+01
7.279999999999999805e-01 1.348786526624324722e+01
7.289999999999999813e-01 1.336627236864832469e+01
7.299999999999999822e-01 1.324441566649274193e+01
7.309999999999999831e-01 1.312229535591970375e+01
7.319999999999999840e-01 1.299991163261493909e+01
7.329999999999999849e-01 1.287726469180894640e+01
7.339999999999999858e-01 1.275435472827817307e+01
7.349999999999999867e-01 1.263118193634680608e+01
7.359999999999999876e-01 1.250774650988893200e+01
7.369999999999999885e-01 1.238404864232970226e+01
7.379999999999999893e-01 1.226008852664725168e+01
7.389999999999999902e-01 1.213586635537424741e+01
7.399999999999999911e-01 1.201138232060002053e+01
7.409999999999999920e-01 1.188663661397150406e+01
7.419999999999999929e-01 1.176162942669536449e+01
7.429999999999999938e-01 1.163636094953965028e+01
7.439999999999999947e-01 1.151083137283511348e+01
7.449999999999999956e-01 1.138504088647714241e+01
7.459999999999999964e-01 1.125898967992728217e+01
7.469999999999999973e-01 1.113267794221474105e+01
7.479999999999999982e-01 1.100610586193825213e+01
7.489999999999999991e-01 1.087927362726719593e+01
7.500000000000000000e-01 1.075218142594388837e+01
7.510000000000000009e-01 1.062482944528446183e+01
7.520000000000000018e-01 1.049721787218072677e+01
7.530000000000000027e-01 1.036934689310200497e+01
7.540000000000000036e-01 1.024121669409619528e+01
7.550000000000000044e-01 1.011282746079150741e+01
7.560000000000000053e-01 9.984179378398167160e+00
7.570000000000000062e-01 9.855272631709837583e+00
7.580000000000000071e-01 9.726107405104926329e+00
7.590000000000000080e-01 9.596683882548390443e+00
7.600000000000000089e-01 9.467002247593327979e+00
7.610000000000000098e-01 9.337062683381944339e+00
7.620000000000000107e-01 9.206865372647641266e+00
7.630000000000000115e-01 9.076410497716324244e+00
7.640000000000000124e-01 8.945698240507468313e+00
7.650000000000000133e-01 8.814728782536377594e+00
7.660000000000000142e-01 8.683502304914782144e+00
7.670000000000000151e-01 8.552018988352855899e+00
7.680000000000000160e-01 8.420279013160808290e+00
7.690000000000000169e-01 8.288282559249580572e+00
7.700000000000000178e-01 8.156029806133076931e+00
7.710000000000000187e-01 8.023520932929201877e+00
7.720000000000000195e-01 7.890756118361068161e+00
7.730000000000000204e-01 7.757735540758943671e+00
7.740000000000000213e-01 7.624459378061516190e+00
7.750000000000000222e-01 7.490927807816646578e+00
7.760000000000000231e-01 7.357141007183813031e+00
7.770000000000000240e-01 7.223099152934651102e+00
7.780000000000000249e-01 7.088802421454730052e+00
7.790000000000000258e-01 6.954250988744888673e+00
7.800000000000000266e-01 6.819445030422585319e+00
7.810000000000000275e-01 6.684384721722892664e+00
7.820000000000000284e-01 6.549070237500586700e+00
7.830000000000000293e-01 6.413501752230871489e+00
7.840000000000000302e-01 6.277679440010970779e+00
7.850000000000000311e-01 6.141603474561520670e+00
7.860000000000000320e-01 6.005274029227422261e+00
7.870000000000000329e-01 5.868691276980058547e+00
7.880000000000000338e-01 5.731855390417777585e+00
7.890000000000000346e-01 5.594766541767398849e+00
7.900000000000000355e-01 5.457424902885904316e+00
7.910000000000000364e-01 5.319830645261248492e+00
7.920000000000000373e-01 5.181983940013864753e+00
7.930000000000000382e-01 5.043884957897859067e+00
7.940000000000000391e-01 4.905533869302715289e+00
7.950000000000000400e-01 4.766930844253664645e+00
7.960000000000000409e-01 4.628076052413902630e+00
7.970000000000000417e-01 4.488969663085214279e+00
7.980000000000000426e-01 4.349611845209480521e+00
7.990000000000000435e-01 4.210002767369957155e+00
8.000000000000000444e-01 4.070142597792312245e+00
8.010000000000000453e-01 3.930031504345990356e+00
8.020000000000000462e-01 3.789669654545718913e+00
8.030000000000000471e-01 3.649057215551962940e+00
8.040000000000000480e-01 3.508194354173056695e+00
8.050000000000000488e-01 3.367081236865885785e+00
8.060000000000000497e-01 3.225718029736782455e+00
8.070000000000000506e-01 3.084104898543870377e+00
8.080000000000000515e-01 2.942242008696894118e+00
8.090000000000000524e-01 2.800129525259251295e+00
8.100000000000000533e-01 2.657767612949015756e+00
8.110000000000000542e-01 2.515156436140017604e+00
8.120000000000000551e-01 2.372296158862866378e+00
8.130000000000000560e-01 2.229186944806542670e+00
8.140000000000000568e-01 2.085828957319279198e+00
8.150000000000000577e-01 1.942222359409669252e+00
8.160000000000000586e-01 1.798367313747874618e+00
8.170000000000000595e-01 1.654263982666861921e+00
8.180000000000000604e-01 1.509912528163411594e+00
8.190000000000000613e-01 1.365313111899496334e+00
8.200000000000000622e-01 1.220465895202849538e+00
8.210000000000000631e-01 1.075371039068855339e+00
8.220000000000000639e-01 9.300287041611312588e-01
8.230000000000000648e-01 7.844390508126366512e-01
8.240000000000000657e-01 6.386022390270795768e-01
8.250000000000000666e-01 4.925184284799115630e-01
8.260000000000000675e-01 3.461877785191944668e-01
8.270000000000000684e-01 1.996104481670215591e-01
8.280000000000000693e-01 5.278659612054070749e-02
8.290000000000000702e-01 -9.428361924742034716e-02
8.300000000000000711e-01 -2.416000398864355247e-01
8.310000000000000719e-01 -3.891625080681251347e-01
8.320000000000000728e-01 -5.369708663848911101e-01
8.329999999999999627e-01 -6.850249577486096086e-01
8.339999999999999636e-01 -8.333246253899346812e-01
8.349999999999999645e-01 -9.818697128568913968e-01
8.359999999999999654e-01 -1.130660064014264776e+00
8.369999999999999662e-01 -1.279695523042107652e+00
8.379999999999999671e-01 -1.428975934434916439e+00
8.389999999999999680e-01 -1.578501143000693219e+00
8.399999999999999689e-01 -1.728270993859680971e+00
8.409999999999999698e-01 -1.878285332443397238e+00
8.419999999999999707e-01 -2.028544004494108322e+00
8.429999999999999716e-01 -2.179046856062825555e+00
8.439999999999999725e-01 -2.329793733509006870e+00
8.449999999999999734e-01 -2.480784483499732573e+00
8.459999999999999742e-01 -2.632018953008000040e+00
8.469999999999999751e-01 -2.783496989312169489e+00
8.479999999999999760e-01 -2.935218439995054496e+00
8.489999999999999769e-01 -3.087183152942628794e+00
8.499999999999999778e-01 -3.239390976343102579e+00
8.509999999999999787e-01 -3.391841758686325647e+00
8.519999999999999796e-01 -3.544535348762252625e+00
8.529999999999999805e-01 -3.697471595660346111e+00
8.539999999999999813e-01 -3.850650348768567710e+00
8.549999999999999822e-01 -4.004071457772155895e+00
8.559999999999999831e-01 -4.157734772652986521e+00
8.569999999999999840e-01 -4.311640143688535431e+00
8.579999999999999849e-01 -4.465787421450826855e+00
8.589999999999999858e-01 -4.620176456805580756e+00
8.599999999999999867e-01 -4.774807100911104385e+00
8.609999999999999876e-01 -4.929679205217709637e+00
8.619999999999999885e-01 -5.084792621466490914e+00
8.629999999999999893e-01 -5.240147201688344580e+00
8.639999999999999902e-01 -5.395742798203329471e+00
8.649999999999999911e-01 -5.551579263619501603e+00
8.659999999999999920e-01 -5.707656450832118367e+00
8.669999999999999929e-01 -5.863974213022572712e+00
8.679999999999999938e-01 -6.020532403657909981e+00
8.689999999999999947e-01 -6.177330876489222078e+00
8.699999999999999956e-01 -6.334369485551505363e+00
8.709999999999999964e-01 -6.491648085161983772e+00
8.719999999999999973e-01 -6.649166529919995128e+00
8.729999999999999982e-01 -6.806924674705712164e+00
8.739999999999999991e-01 -6.964922374679090922e+00
8.750000000000000000e-01 -7.123159485279117575e+00
8.760000000000000009e-01 -7.281635862223467370e+00
8.770000000000000018e-01 -7.440351361506685635e+00
8.780000000000000027e-01 -7.599305839399988827e+00
8.790000000000000036e-01 -7.758499152450170300e+00
8.800000000000000044e-01 -7.917931157478832915e+00
8.810000000000000053e-01 -8.077601711581266386e+00
8.820000000000000062e-01 -8.237510672126006739e+00
8.830000000000000071e-01 -8.397657896753827345e+00
8.840000000000000080e-01 -8.558043243376545206e+00
8.850000000000000089e-01 -8.718666570176836217e+00
8.860000000000000098e-01 -8.879527735606629335e+00
8.870000000000000107e-01 -9.040626598387063950e+00
8.880000000000000115e-01 -9.201963017507011955e+00
8.890000000000000124e-01 -9.363536852222495099e+00
8.900000000000000133e-01 -9.525347962056017082e+00
8.910000000000000142e-01 -9.687396206795483522e+00
8.920000000000000151e-01 -9.849681446493420367e+00
8.930000000000000160e-01 -1.001220354146654756e+01
8.940000000000000169e-01 -1.017496235229417323e+01
8.950000000000000178e-01 -1.033795773981806576e+01
8.960000000000000187e-01 -1.050118956514171487e+01
8.970000000000000195e-01 -1.066465768962882521e+01
8.980000000000000204e-01 -1.082836197490304642e+01
8.990000000000000213e-01 -1.099230228284739042e+01
9.000000000000000222e-01 -1.115647847560273931e+01
9.010000000000000231e-01 -1.132089041556751852e+01
9.020000000000000240e-01 -1.148553796539719940e+01
9.030000000000000249e-01 -1.165042098800265080e+01
9.040000000000000258e-01 -1.181553934655028115e+01
9.050000000000000266e-01 -1.198089290446050370e+01
9.060000000000000275e-01 -1.214648152540753756e+01
9.070000000000000284e-01 -1.231230507331841295e+01
9.080000000000000293e-01 -1.247836341237213276e+01
9.090000000000000302e-01 -1.264465640699889093e+01
9.100000000000000311e-01 -1.281118392187967459e+01
9.110000000000000320e-01 -1.297794582194494240e+01
9.120000000000000329e-01 -1.314494197237438300e+01
9.130000000000000338e-01 -1.331217223859582077e+01
9.140000000000000346e-01 -1.347963648628477529e+01
9.150000000000000355e-01 -1.364733458136321076e+01
9.160000000000000364e-01 -1.381526638999953605e+01
9.170000000000000373e-01 -1.398343177860719777e+01
9.180000000000000382e-01 -1.415183061384409768e+01
9.190000000000000391e-01 -1.432046276261246476e+01
9.200000000000000400e-01 -1.448932809205709304e+01
9.210000000000000409e-01 -1.465842646956542694e+01
9.220000000000000417e-01 -1.482775776276658064e+01
9.230000000000000426e-01 -1.499732183953035758e+01
9.240000000000000435e-01 -1.516711856796725044e+01
9.250000000000000444e-01 -1.533714781642673586e+01
9.260000000000000453e-01 -1.550740945349747335e+01
9.270000000000000462e-01 -1.567790334800608321e+01
9.280000000000000471e-01 -1.584862936901643593e+01
9.290000000000000480e-01 -1.601958738582941066e+01
9.300000000000000488e-01 -1.619077726798150252e+01
9.310000000000000497e-01 -1.636219888524480837e+01
9.320000000000000506e-01 -1.653385210762576207e+01
9.330000000000000515e-01 -1.670573680536494976e+01
9.340000000000000524e-01 -1.687785284893607241e+01
9.350000000000000533e-01 -1.705020010904512162e+01
9.360000000000000542e-01 -1.722277845663049334e+01
9.370000000000000551e-01 -1.739558776286115460e+01
9.380000000000000560e-01 -1.756862789913709832e+01
9.390000000000000568e-01 -1.774189873708772325e+01
9.400000000000000577e-01 -1.791540014857170604e+01
9.410000000000000586e-01 -1.808913200567648971e+01
9.420000000000000595e-01 -1.826309418071680568e+01
9.430000000000000604e-01 -1.843728654623501484e+01
9.440000000000000613e-01 -1.861170897499974330e+01
9.450000000000000622e-01 -1.878636134000545610e+01
9.460000000000000631e-01 -1.896124351447180345e+01
9.470000000000000639e-01 -1.913635537184316604e+01
9.480000000000000648e-01 -1.931169678578747551e+01
9.490000000000000657e-01 -1.948726763019608654e+01
9.500000000000000666e-01 -1.966306777918292426e+01
9.510000000000000675e-01 -1.983909710708395835e+01
9.520000000000000684e-01 -2.001535548845610890e+01
9.530000000000000693e-01 -2.019184279807747373e+01
9.540000000000000702e-01 -2.036855891094575099e+01
9.550000000000000711e-01 -2.054550370227826761e+01
9.560000000000000719e-01 -2.072267704751111239e+01
9.570000000000000728e-01 -2.090007882229824077e+01
9.580000000000000737e-01 -2.107770890251177320e+01
9.590000000000000746e-01 -2.125556716423990622e+01
9.599999999999999645e-01 -2.143365348378766555e+01
9.609999999999999654e-01 -2.161196773767576929e+01
9.619999999999999662e-01 -2.179050980263949100e+01
9.629999999999999671e-01 -2.196927955562918555e+01
9.639999999999999680e-01 -2.214827687380859800e+01
9.649999999999999689e-01 -2.232750163455467884e+01
9.659999999999999698e-01 -2.250695371545728563e+01
9.669999999999999707e-01 -2.268663299431798919e+01
9.679999999999999716e-01 -2.286653934914988895e+01
9.689999999999999725e-01 -2.304667265817710131e+01
9.699999999999999734e-01 -2.322703279983358016e+01
9.709999999999999742e-01 -2.340761965276306000e+01
9.719999999999999751e-01 -2.358843309581845915e+01
9.729999999999999760e-01 -2.376947300806088492e+01
9.739999999999999769e-01 -2.395073926875954839e+01
9.749999999999999778e-01 -2.413223175739079807e+01
9.759999999999999787e-01 -2.431395035363746615e+01
9.769999999999999796e-01 -2.449589493738895385e+01
9.779999999999999805e-01 -2.467806538873989552e+01
9.789999999999999813e-01 -2.486046158798990291e+01
9.799999999999999822e-01 -2.504308341564316720e+01
9.809999999999999831e-01 -2.522593075240729377e+01
9.819999999999999840e-01 -2.540900347919341584e+01
9.829999999999999849e-01 -2.559230147711551240e+01
9.839999999999999858e-01 -2.577582462748918601e+01
9.849999999999999867e-01 -2.595957281183208920e+01
9.859999999999999876e-01 -2.614354591186258858e+01
9.869999999999999885e-01 -2.632774380949953752e+01
9.879999999999999893e-01 -2.651216638686165084e+01
9.889999999999999902e-01 -2.669681352626705007e+01
9.899999999999999911e-01 -2.688168511023260976e+01
9.909999999999999920e-01 -2.706678102147330378e+01
9.919999999999999929e-01 -2.725210114290197794e+01
9.929999999999999938e-01 -2.743764535762844048e+01
9.939999999999999947e-01 -2.762341354895920631e+01
9.949999999999999956e-01 -2.780940560039678644e+01
9.959999999999999964e-01 -2.799562139563917640e+01
9.969999999999999973e-01 -2.818206081857940148e+01
9.979999999999999982e-01 -2.836872375330489149e+01
9.989999999999999991e-01 -2.855561008409691226e+01
1.000000000000000000e+00 -2.874271969543039518e+01
