0.000000000000000000e+00 0.000000000000000000e+00
1.000000000000000021e-03 9.075420045601501062e-01
2.000000000000000042e-03 1.567051796027268740e+00
3.000000000000000062e-03 2.152619996212220776e+00
4.000000000000000083e-03 2.692316298166296917e+00
5.000000000000000104e-03 3.198752452220348541e+00
6.000000000000000125e-03 3.679119342480175359e+00
7.000000000000000146e-03 4.138064610049682734e+00
8.000000000000000167e-03 4.578838366641656776e+00
9.000000000000001055e-03 5.003840578229889147e+00
1.000000000000000021e-02 5.414915709727127435e+00
1.099999999999999936e-02 5.813525396853410854e+00
1.200000000000000025e-02 6.200856324517141971e+00
1.300000000000000114e-02 6.577891084168551394e+00
1.400000000000000029e-02 6.945456628249549347e+00
1.499999999999999944e-02 7.304258522250857588e+00
1.600000000000000033e-02 7.654905839726729333e+00
1.700000000000000122e-02 7.997929689416621635e+00
1.800000000000000211e-02 8.333797287031176282e+00
1.899999999999999953e-02 8.662922834300749386e+00
2.000000000000000042e-02 8.985676061728058883e+00
2.100000000000000130e-02 9.302389029954104771e+00
2.199999999999999872e-02 9.613361611746633173e+00
2.299999999999999961e-02 9.918865959617873429e+00
2.400000000000000050e-02 1.021915018323765878e+01
2.500000000000000139e-02 1.051444140389921955e+01
2.600000000000000228e-02 1.080494831255194832e+01
2.699999999999999969e-02 1.109086332829603094e+01
2.800000000000000058e-02 1.137236443239852868e+01
2.900000000000000147e-02 1.164961673658631547e+01
2.999999999999999889e-02 1.192277383205365382e+01
3.099999999999999978e-02 1.219197895621444339e+01
3.200000000000000067e-02 1.245736600697224716e+01
3.300000000000000155e-02 1.271906042863010988e+01
3.400000000000000244e-02 1.297717998912436954e+01
3.500000000000000333e-02 1.323183546475235595e+01
3.600000000000000422e-02 1.348313124576060851e+01
3.699999999999999817e-02 1.373116587390783927e+01
3.799999999999999906e-02 1.397603252129499118e+01
3.899999999999999994e-02 1.421781941827220663e+01
4.000000000000000083e-02 1.445661023701860870e+01
4.100000000000000172e-02 1.469248443639135004e+01
4.200000000000000261e-02 1.492551757281349012e+01
4.300000000000000350e-02 1.515578158128241348e+01
4.399999999999999745e-02 1.538334503000514175e+01
4.499999999999999833e-02 1.560827335168523078e+01
4.599999999999999922e-02 1.583062905407790133e+01
4.700000000000000011e-02 1.605047191208693036e+01
4.800000000000000100e-02 1.626785914338311656e+01
4.900000000000000189e-02 1.648284556927508504e+01
5.000000000000000278e-02 1.669548376234952869e+01
5.100000000000000366e-02 1.690582418221413974e+01
5.200000000000000455e-02 1.711391530051869125e+01
5.299999999999999850e-02 1.731980371629297366e+01
5.399999999999999939e-02 1.752353426252168944e+01
5.500000000000000028e-02 1.772515010477358288e+01
5.600000000000000117e-02 1.792469283261208801e+01
5.700000000000000205e-02 1.812220254443663237e+01
5.800000000000000294e-02 1.831771792633432128e+01
5.900000000000000383e-02 1.851127632546216617e+01
5.999999999999999778e-02 1.870291381842595513e+01
6.099999999999999867e-02 1.889266527507549398e+01
6.199999999999999956e-02 1.908056441809419823e+01
6.300000000000000044e-02 1.926664387872420292e+01
6.400000000000000133e-02 1.945093524893541215e+01
6.500000000000000222e-02 1.963346913031802998e+01
6.600000000000000311e-02 1.981427517995187415e+01
6.700000000000000400e-02 1.999338215348286241e+01
6.800000000000000488e-02 2.017081794561611474e+01
6.900000000000000577e-02 2.034660962821663688e+01
7.000000000000000666e-02 2.052078348619187764e+01
7.100000000000000755e-02 2.069336505131534309e+01
7.200000000000000844e-02 2.086437913413693579e+01
7.299999999999999545e-02 2.103384985411356922e+01
7.399999999999999634e-02 2.120180066808255859e+01
7.499999999999999722e-02 2.136825439719016373e+01
7.599999999999999811e-02 2.153323325237874997e+01
7.699999999999999900e-02 2.169675885852798203e+01
7.799999999999999989e-02 2.185885227733755798e+01
7.900000000000000078e-02 2.201953402903258805e+01
8.000000000000000167e-02 2.217882411296670853e+01
8.100000000000000255e-02 2.233674202719143409e+01
8.200000000000000344e-02 2.249330678705666386e+01
8.300000000000000433e-02 2.264853694290089692e+01
8.400000000000000522e-02 2.280245059688662224e+01
8.500000000000000611e-02 2.295506541903178999e+01
8.600000000000000699e-02 2.310639866248498109e+01
8.700000000000000788e-02 2.325646717808795216e+01
8.799999999999999489e-02 2.340528742826742459e+01
8.899999999999999578e-02 2.355287550029359522e+01
8.999999999999999667e-02 2.369924711894136493e+01
9.099999999999999756e-02 2.384441765858774431e+01
9.199999999999999845e-02 2.398840215477624582e+01
9.299999999999999933e-02 2.413121531527735542e+01
9.400000000000000022e-02 2.427287153067246450e+01
9.500000000000000111e-02 2.441338488448639410e+01
9.600000000000000200e-02 2.455276916289254530e+01
9.700000000000000289e-02 2.469103786401283784e+01
9.800000000000000377e-02 2.482820420683366081e+01
9.900000000000000466e-02 2.496428113975704477e+01
1.000000000000000056e-01 2.509928134880589568e+01
1.010000000000000064e-01 2.523321726550049249e+01
1.020000000000000073e-01 2.536610107442250950e+01
1.030000000000000082e-01 2.549794472048203886e+01
1.040000000000000091e-01 2.562875991590192370e+01
1.049999999999999961e-01 2.575855814693321122e+01
1.059999999999999970e-01 2.588735068031433428e+01
1.069999999999999979e-01 2.601514856948623944e+01
1.079999999999999988e-01 2.614196266057505014e+01
1.089999999999999997e-01 2.626780359815263566e+01
1.100000000000000006e-01 2.639268183078585750e+01
1.110000000000000014e-01 2.651660761638353847e+01
1.120000000000000023e-01 2.663959102735069706e+01
1.130000000000000032e-01 2.676164195555852032e+01
1.140000000000000041e-01 2.688277011713823939e+01
1.150000000000000050e-01 2.700298505710651398e+01
1.160000000000000059e-01 2.712229615383015258e+01
1.170000000000000068e-01 2.724071262333629306e+01
1.180000000000000077e-01 2.735824352347550459e+01
1.190000000000000085e-01 2.747489775794346301e+01
1.199999999999999956e-01 2.759068408016746687e+01
1.209999999999999964e-01 2.770561109706311598e+01
1.219999999999999973e-01 2.781968727266708186e+01
1.229999999999999982e-01 2.793292093165037926e+01
1.239999999999999991e-01 2.804532026271748890e+01
1.250000000000000000e-01 2.815689332189570493e+01
1.260000000000000009e-01 2.826764803571928297e+01
1.270000000000000018e-01 2.837759220431236074e+01
1.280000000000000027e-01 2.848673350437475449e+01
1.290000000000000036e-01 2.859507949207446131e+01
1.300000000000000044e-01 2.870263760585048729e+01
1.310000000000000053e-01 2.880941516912930211e+01
1.320000000000000062e-01 2.891541939295827035e+01
1.330000000000000071e-01 2.902065737855958005e+01
1.340000000000000080e-01 2.912513611980701000e+01
1.350000000000000089e-01 2.922886250562890709e+01
1.360000000000000098e-01 2.933184332233987845e+01
1.370000000000000107e-01 2.943408525590409397e+01
1.380000000000000115e-01 2.953559489413222039e+01
1.390000000000000124e-01 2.963637872881486146e+01
1.400000000000000133e-01 2.973644315779451475e+01
1.410000000000000142e-01 2.983579448697851788e+01
1.420000000000000151e-01 2.993443893229454389e+01
1.430000000000000160e-01 3.003238262159133143e+01
1.440000000000000169e-01 3.012963159648611366e+01
1.449999999999999900e-01 3.022619181416078504e+01
1.459999999999999909e-01 3.032206914910840823e+01
1.469999999999999918e-01 3.041726939483208270e+01
1.479999999999999927e-01 3.051179826549740781e+01
1.489999999999999936e-01 3.060566139754033088e+01
1.499999999999999944e-01 3.069886435123206780e+01
1.509999999999999953e-01 3.079141261220183168e+01
1.519999999999999962e-01 3.088331159291967509e+01
1.529999999999999971e-01 3.097456663414016731e+01
1.539999999999999980e-01 3.106518300630824925e+01
1.549999999999999989e-01 3.115516591092875487e+01
1.559999999999999998e-01 3.124452048190040188e+01
1.570000000000000007e-01 3.133325178681578649e+01
1.580000000000000016e-01 3.142136482822815680e+01
1.590000000000000024e-01 3.150886454488616550e+01
1.600000000000000033e-01 3.159575581293749735e+01
1.610000000000000042e-01 3.168204344710250808e+01
1.620000000000000051e-01 3.176773220181875956e+01
1.630000000000000060e-01 3.185282677235711191e+01
1.640000000000000069e-01 3.193733179591074389e+01
1.650000000000000078e-01 3.202125185265712304e+01
1.660000000000000087e-01 3.210459146679490772e+01
1.670000000000000095e-01 3.218735510755536922e+01
1.680000000000000104e-01 3.226954719018976903e+01
1.690000000000000113e-01 3.235117207693324559e+01
1.700000000000000122e-01 3.243223407794577895e+01
1.710000000000000131e-01 3.251273745223147671e+01
1.720000000000000140e-01 3.259268640853551346e+01
1.730000000000000149e-01 3.267208510622118922e+01
1.740000000000000158e-01 3.275093765612596997e+01
1.750000000000000167e-01 3.282924812139835780e+01
1.759999999999999898e-01 3.290702051831524955e+01
1.769999999999999907e-01 3.298425881708115526e+01
1.779999999999999916e-01 3.306096694260884306e+01
1.789999999999999925e-01 3.313714877528300917e+01
1.799999999999999933e-01 3.321280815170644019e+01
1.809999999999999942e-01 3.328794886543003884e+01
1.819999999999999951e-01 3.336257466766603841e+01
1.829999999999999960e-01 3.343668926798648044e+01
1.839999999999999969e-01 3.351029633500569105e+01
1.849999999999999978e-01 3.358339949704809868e+01
1.859999999999999987e-01 3.365600234280193348e+01
1.869999999999999996e-01 3.372810842195853809e+01
1.880000000000000004e-01 3.379972124583822080e+01
1.890000000000000013e-01 3.387084428800248048e+01
1.900000000000000022e-01 3.394148098485381837e+01
1.910000000000000031e-01 3.401163473622239053e+01
1.920000000000000040e-01 3.408130890594074458e+01
1.930000000000000049e-01 3.415050682240635638e+01
1.940000000000000058e-01 3.421923177913275538e+01
1.950000000000000067e-01 3.428748703528903263e+01
1.960000000000000075e-01 3.435527581622863380e+01
1.970000000000000084e-01 3.442260131400678347e+01
1.980000000000000093e-01 3.448946668788825320e+01
1.990000000000000102e-01 3.455587506484396698e+01
2.000000000000000111e-01 3.462182954003829849e+01
2.010000000000000120e-01 3.468733317730649901e+01
2.020000000000000129e-01 3.475238900962220612e+01
2.030000000000000138e-01 3.481700003955641165e+01
2.040000000000000147e-01 3.488116923972678762e+01
2.050000000000000155e-01 3.494489955323844299e+01
2.060000000000000164e-01 3.500819389411615390e+01
2.070000000000000173e-01 3.507105514772808874e+01
2.080000000000000182e-01 3.513348617120131934e+01
2.089999999999999913e-01 3.519548979382954457e+01
2.099999999999999922e-01 3.525706881747302646e+01
2.109999999999999931e-01 3.531822601695027686e+01
2.119999999999999940e-01 3.537896414042339188e+01
2.129999999999999949e-01 3.543928590977520088e+01
2.139999999999999958e-01 3.549919402097982868e+01
2.149999999999999967e-01 3.555869114446619506e+01
2.159999999999999976e-01 3.561777992547477822e+01
2.169999999999999984e-01 3.567646298440769215e+01
2.179999999999999993e-01 3.573474291717241158e+01
2.190000000000000002e-01 3.579262229551927277e+01
2.200000000000000011e-01 3.585010366737246557e+01
2.210000000000000020e-01 3.590718955715554728e+01
2.220000000000000029e-01 3.596388246611056161e+01
2.230000000000000038e-01 3.602018487261175039e+01
2.240000000000000047e-01 3.607609923247348149e+01
2.250000000000000056e-01 3.613162797925267000e+01
2.260000000000000064e-01 3.618677352454592011e+01
2.270000000000000073e-01 3.624153825828145870e+01
2.280000000000000082e-01 3.629592454900558351e+01
2.290000000000000091e-01 3.634993474416469184e+01
2.300000000000000100e-01 3.640357117038170998e+01
2.310000000000000109e-01 3.645683613372828802e+01
2.320000000000000118e-01 3.650973191999194256e+01
2.330000000000000127e-01 3.656226079493862358e+01
2.340000000000000135e-01 3.661442500457108196e+01
2.350000000000000144e-01 3.666622677538219932e+01
2.360000000000000153e-01 3.671766831460490010e+01
2.370000000000000162e-01 3.676875181045699037e+01
2.380000000000000171e-01 3.681947943238215259e+01
2.390000000000000180e-01 3.686985333128731668e+01
2.399999999999999911e-01 3.691987563977539111e+01
2.409999999999999920e-01 3.696954847237441300e+01
2.419999999999999929e-01 3.701887392576309566e+01
2.429999999999999938e-01 3.706785407899231188e+01
2.439999999999999947e-01 3.711649099370312399e+01
2.449999999999999956e-01 3.716478671434119718e+01
2.459999999999999964e-01 3.721274326836771706e+01
2.469999999999999973e-01 3.726036266646694628e+01
2.479999999999999982e-01 3.730764690275019291e+01
2.489999999999999991e-01 3.735459795495671642e+01
2.500000000000000000e-01 3.740121778465154989e+01
2.510000000000000009e-01 3.744750833741957763e+01
2.520000000000000018e-01 3.749347154305728225e+01
2.530000000000000027e-01 3.753910931576075427e+01
2.540000000000000036e-01 3.758442355431122905e+01
2.550000000000000044e-01 3.762941614225735520e+01
2.560000000000000053e-01 3.767408894809502584e+01
2.570000000000000062e-01 3.771844382544386320e+01
2.580000000000000071e-01 3.776248261322140820e+01
2.590000000000000080e-01 3.780620713581440384e+01
2.600000000000000089e-01 3.784961920324739992e+01
2.610000000000000098e-01 3.789272061134893477e+01
2.620000000000000107e-01 3.793551314191500978e+01
2.630000000000000115e-01 3.797799856287014109e+01
2.640000000000000124e-01 3.802017862842598106e+01
2.650000000000000133e-01 3.806205507923749565e+01
2.660000000000000142e-01 3.810362964255674001e+01
2.670000000000000151e-01 3.814490403238448835e+01
2.680000000000000160e-01 3.818587994961945498e+01
2.690000000000000169e-01 3.822655908220529142e+01
2.700000000000000178e-01 3.826694310527533816e+01
2.710000000000000187e-01 3.830703368129556452e+01
2.720000000000000195e-01 3.834683246020498615e+01
2.730000000000000204e-01 3.838634107955415686e+01
2.740000000000000213e-01 3.842556116464179183e+01
2.750000000000000222e-01 3.846449432864918094e+01
2.760000000000000231e-01 3.850314217277286843e+01
2.770000000000000240e-01 3.854150628635498776e+01
2.780000000000000249e-01 3.857958824701240985e+01
2.790000000000000258e-01 3.861738962076323389e+01
2.800000000000000266e-01 3.865491196215221237e+01
2.810000000000000275e-01 3.869215681437369625e+01
2.820000000000000284e-01 3.872912570939359966e+01
2.830000000000000293e-01 3.876582016806868580e+01
2.840000000000000302e-01 3.880224170026515651e+01
2.850000000000000311e-01 3.883839180497468391e+01
2.860000000000000320e-01 3.887427197042966043e+01
2.870000000000000329e-01 3.890988367421606142e+01
2.880000000000000338e-01 3.894522838338522774e+01
2.889999999999999791e-01 3.898030755456400698e+01
2.899999999999999800e-01 3.901512263406314673e+01
2.909999999999999809e-01 3.904967505798450134e+01
2.919999999999999818e-01 3.908396625232659716e+01
2.929999999999999827e-01 3.911799763308873423e+01
2.939999999999999836e-01 3.915177060637378759e+01
2.949999999999999845e-01 3.918528656848948089e+01
2.959999999999999853e-01 3.921854690604823190e+01
2.969999999999999862e-01 3.925155299606603165e+01
2.979999999999999871e-01 3.928430620605943346e+01
2.989999999999999880e-01 3.931680789414175337e+01
2.999999999999999889e-01 3.934905940911772859e+01
3.009999999999999898e-01 3.938106209057661999e+01
3.019999999999999907e-01 3.941281726898479576e+01
3.029999999999999916e-01 3.944432626577658141e+01
3.039999999999999925e-01 3.947559039344393739e+01
3.049999999999999933e-01 3.950661095562507086e+01
3.059999999999999942e-01 3.953738924719184666e+01
3.069999999999999951e-01 3.956792655433612538e+01
3.079999999999999960e-01 3.959822415465492895e+01
3.089999999999999969e-01 3.962828331723430608e+01
3.099999999999999978e-01 3.965810530273235202e+01
3.109999999999999987e-01 3.968769136346156046e+01
3.119999999999999996e-01 3.971704274346885910e+01
3.130000000000000004e-01 3.974616067861586544e+01
3.140000000000000013e-01 3.977504639665768593e+01
3.150000000000000022e-01 3.980370111732063521e+01
3.160000000000000031e-01 3.983212605237892490e+01
3.170000000000000040e-01 3.986032240573069885e+01
3.180000000000000049e-01 3.988829137347239850e+01
3.190000000000000058e-01 3.991603414397336280e+01
3.200000000000000067e-01 3.994355189794839589e+01
3.210000000000000075e-01 3.997084580852982327e+01
3.220000000000000084e-01 3.999791704133885162e+01
3.230000000000000093e-01 4.002476675455581301e+01
3.240000000000000102e-01 4.005139609898942865e+01
3.250000000000000111e-01 4.007780621814568178e+01
3.260000000000000120e-01 4.010399824829508475e+01
3.270000000000000129e-01 4.012997331854034400e+01
3.280000000000000138e-01 4.015573255088131788e+01
3.290000000000000147e-01 4.018127706028126056e+01
3.300000000000000155e-01 4.020660795473091298e+01
3.310000000000000164e-01 4.023172633531212483e+01
3.320000000000000173e-01 4.025663329626097209e+01
3.330000000000000182e-01 4.028132992502961685e+01
3.340000000000000191e-01 4.030581730234822402e+01
3.350000000000000200e-01 4.033009650228495957e+01
3.360000000000000209e-01 4.035416859230664244e+01
3.370000000000000218e-01 4.037803463333737852e+01
3.380000000000000226e-01 4.040169567981767784e+01
3.390000000000000235e-01 4.042515277976180244e+01
3.400000000000000244e-01 4.044840697481515690e+01
3.410000000000000253e-01 4.047145930031084760e+01
3.420000000000000262e-01 4.049431078532516892e+01
3.430000000000000271e-01 4.051696245273327435e+01
3.440000000000000280e-01 4.053941531926342634e+01
3.450000000000000289e-01 4.056167039555062104e+01
3.460000000000000298e-01 4.058372868619052554e+01
3.470000000000000306e-01 4.060559118979154647e+01
3.480000000000000315e-01 4.062725889902708332e+01
3.490000000000000324e-01 4.064873280068695038e+01
3.500000000000000333e-01 4.067001387572840798e+01
3.510000000000000342e-01 4.069110309932608516e+01
3.519999999999999796e-01 4.071200144092202322e+01
3.529999999999999805e-01 4.073270986427473161e+01
3.539999999999999813e-01 4.075322932750749061e+01
3.549999999999999822e-01 4.077356078315659005e+01
3.559999999999999831e-01 4.079370517821914888e+01
3.569999999999999840e-01 4.081366345419948516e+01
3.579999999999999849e-01 4.083343654715588400e+01
3.589999999999999858e-01 4.085302538774639203e+01
3.599999999999999867e-01 4.087243090127428502e+01
3.609999999999999876e-01 4.089165400773296710e+01
3.619999999999999885e-01 4.091069562185015940e+01
3.629999999999999893e-01 4.092955665313218105e+01
3.639999999999999902e-01 4.094823800590700102e+01
3.649999999999999911e-01 4.096674057936757407e+01
3.659999999999999920e-01 4.098506526761369173e+01
3.669999999999999929e-01 4.100321295969481383e+01
3.679999999999999938e-01 4.102118453965075417e+01
3.689999999999999947e-01 4.103898088655351017e+01
3.699999999999999956e-01 4.105660287454738722e+01
3.709999999999999964e-01 4.107405137288957064e+01
3.719999999999999973e-01 4.109132724598974562e+01
3.729999999999999982e-01 4.110843135344936172e+01
3.739999999999999991e-01 4.112536455010068437e+01
3.750000000000000000e-01 4.114212768604538439e+01
3.760000000000000009e-01 4.115872160669246682e+01
3.770000000000000018e-01 4.117514715279582305e+01
3.780000000000000027e-01 4.119140516049191092e+01
3.790000000000000036e-01 4.120749646133653954e+01
3.800000000000000044e-01 4.122342188234095772e+01
3.810000000000000053e-01 4.123918224600883775e+01
3.820000000000000062e-01 4.125477837037097828e+01
3.830000000000000071e-01 4.127021106902152781e+01
3.840000000000000080e-01 4.128548115115248152e+01
3.850000000000000089e-01 4.130058942158842683e+01
3.860000000000000098e-01 4.131553668082108288e+01
3.870000000000000107e-01 4.133032372504286656e+01
3.880000000000000115e-01 4.134495134618060774e+01
3.890000000000000124e-01 4.135942033192865352e+01
3.900000000000000133e-01 4.137373146578211447e+01
3.910000000000000142e-01 4.138788552706883905e+01
3.920000000000000151e-01 4.140188329098194941e+01
3.930000000000000160e-01 4.141572552861212841e+01
3.940000000000000169e-01 4.142941300697800955e+01
3.950000000000000178e-01 4.144294648905881928e+01
3.960000000000000187e-01 4.145632673382408484e+01
3.970000000000000195e-01 4.146955449626511836e+01
3.980000000000000204e-01 4.148263052742473178e+01
3.990000000000000213e-01 4.149555557442749887e+01
4.000000000000000222e-01 4.150833038050950563e+01
4.010000000000000231e-01 4.152095568504737599e+01
4.020000000000000240e-01 4.153343222358790143e+01
4.030000000000000249e-01 4.154576072787631347e+01
4.040000000000000258e-01 4.155794192588524538e+01
4.050000000000000266e-01 4.156997654184265656e+01
4.060000000000000275e-01 4.158186529625997707e+01
4.070000000000000284e-01 4.159360890595964122e+01
4.080000000000000293e-01 4.160520808410255000e+01
4.090000000000000302e-01 4.161666354021559755e+01
4.100000000000000311e-01 4.162797598021771250e+01
4.110000000000000320e-01 4.163914610644732051e+01
4.120000000000000329e-01 4.165017461768796636e+01
4.130000000000000338e-01 4.166106220919512992e+01
4.140000000000000346e-01 4.167180957272154984e+01
4.150000000000000355e-01 4.168241739654280309e+01
4.160000000000000364e-01 4.169288636548325400e+01
4.169999999999999818e-01 4.170321716094031217e+01
4.179999999999999827e-01 4.171341046090989124e+01
4.189999999999999836e-01 4.172346694001097944e+01
4.199999999999999845e-01 4.173338726950959909e+01
4.209999999999999853e-01 4.174317211734341271e+01
4.219999999999999862e-01 4.175282214814548354e+01
4.229999999999999871e-01 4.176233802326809297e+01
4.239999999999999880e-01 4.177172040080593973e+01
4.249999999999999889e-01 4.178096993561958072e+01
4.259999999999999898e-01 4.179008727935850231e+01
4.269999999999999907e-01 4.179907308048382930e+01
4.279999999999999916e-01 4.180792798429101254e+01
4.289999999999999925e-01 4.181665263293197654e+01
4.299999999999999933e-01 4.182524766543786399e+01
4.309999999999999942e-01 4.183371371774025249e+01
4.319999999999999951e-01 4.184205142269346567e+01
4.329999999999999960e-01 4.185026141009608125e+01
4.339999999999999969e-01 4.185834430671212658e+01
4.349999999999999978e-01 4.186630073629213911e+01
4.359999999999999987e-01 4.187413131959465318e+01
4.369999999999999996e-01 4.188183667440649316e+01
4.380000000000000004e-01 4.188941741556344311e+01
4.390000000000000013e-01 4.189687415497078149e+01
4.400000000000000022e-01 4.190420750162356001e+01
4.410000000000000031e-01 4.191141806162636385e+01
4.420000000000000040e-01 4.191850643821344846e+01
4.430000000000000049e-01 4.192547323176824392e+01
4.440000000000000058e-01 4.193231903984291620e+01
4.450000000000000067e-01 4.193904445717743812e+01
4.460000000000000075e-01 4.194565007571929272e+01
4.470000000000000084e-01 4.195213648464171285e+01
4.480000000000000093e-01 4.195850427036324959e+01
4.490000000000000102e-01 4.196475401656589099e+01
4.500000000000000111e-01 4.197088630421340838e+01
4.510000000000000120e-01 4.197690171157022121e+01
4.520000000000000129e-01 4.198280081421903986e+01
4.530000000000000138e-01 4.198858418507916213e+01
4.540000000000000147e-01 4.199425239442404489e+01
4.550000000000000155e-01 4.199980600989902513e+01
4.560000000000000164e-01 4.200524559653888446e+01
4.570000000000000173e-01 4.201057171678539959e+01
4.580000000000000182e-01 4.201578493050404717e+01
4.590000000000000191e-01 4.202088579500141918e+01
4.600000000000000200e-01 4.202587486504222625e+01
4.610000000000000209e-01 4.203075269286552640e+01
4.620000000000000218e-01 4.203551982820182786e+01
4.630000000000000226e-01 4.204017681828947417e+01
4.640000000000000235e-01 4.204472420789062426e+01
4.650000000000000244e-01 4.204916253930807102e+01
4.660000000000000253e-01 4.205349235240037586e+01
4.670000000000000262e-01 4.205771418459881517e+01
4.680000000000000271e-01 4.206182857092228033e+01
4.690000000000000280e-01 4.206583604399317977e+01
4.700000000000000289e-01 4.206973713405328397e+01
4.710000000000000298e-01 4.207353236897843374e+01
4.720000000000000306e-01 4.207722227429475481e+01
4.730000000000000315e-01 4.208080737319226472e+01
4.740000000000000324e-01 4.208428818654152082e+01
4.750000000000000333e-01 4.208766523290719164e+01
4.760000000000000342e-01 4.209093902856336200e+01
4.770000000000000351e-01 4.209411008750826966e+01
4.780000000000000360e-01 4.209717892147813956e+01
4.790000000000000369e-01 4.210014603996229710e+01
4.799999999999999822e-01 4.210301195021682474e+01
4.809999999999999831e-01 4.210577715727897896e+01
4.819999999999999840e-01 4.210844216398107420e+01
4.829999999999999849e-01 4.211100747096433139e+01
4.839999999999999858e-01 4.211347357669296798e+01
4.849999999999999867e-01 4.211584097746725064e+01
4.859999999999999876e-01 4.211811016743757108e+01
4.869999999999999885e-01 4.212028163861761243e+01
4.879999999999999893e-01 4.212235588089772875e+01
4.889999999999999902e-01 4.212433338205817535e+01
4.899999999999999911e-01 4.212621462778209036e+01
4.909999999999999920e-01 4.212800010166859721e+01
4.919999999999999929e-01 4.212969028524590698e+01
4.929999999999999938e-01 4.213128565798342606e+01
4.939999999999999947e-01 4.213278669730534176e+01
4.949999999999999956e-01 4.213419387860209753e+01
4.959999999999999964e-01 4.213550767524405671e+01
4.969999999999999973e-01 4.213672855859307731e+01
4.979999999999999982e-01 4.213785699801502460e+01
4.989999999999999991e-01 4.213889346089180776e+01
5.000000000000000000e-01 4.213983841263377883e+01
5.010000000000000009e-01 4.214069231669127191e+01
5.020000000000000018e-01 4.214145563456662558e+01
5.030000000000000027e-01 4.214212882582651787e+01
5.040000000000000036e-01 4.214271234811275235e+01
5.050000000000000044e-01 4.214320665715435155e+01
5.060000000000000053e-01 4.214361220677926667e+01
5.070000000000000062e-01 4.214392944892513526e+01
5.080000000000000071e-01 4.214415883365131776e+01
5.090000000000000080e-01 4.214430080914958410e+01
5.100000000000000089e-01 4.214435582175558181e+01
5.110000000000000098e-01 4.214432431595979267e+01
5.120000000000000107e-01 4.214420673441863130e+01
5.130000000000000115e-01 4.214400351796498967e+01
5.140000000000000124e-01 4.214371510561936418e+01
5.150000000000000133e-01 4.214334193460049960e+01
5.160000000000000142e-01 4.214288444033589087e+01
5.170000000000000151e-01 4.214234305647256917e+01
5.180000000000000160e-01 4.214171821488722003e+01
5.190000000000000169e-01 4.214101034569704041e+01
5.200000000000000178e-01 4.214021987726940210e+01
5.210000000000000187e-01 4.213934723623293621e+01
5.220000000000000195e-01 4.213839284748681280e+01
5.230000000000000204e-01 4.213735713421147011e+01
5.240000000000000213e-01 4.213624051787799374e+01
5.250000000000000222e-01 4.213504341825867527e+01
5.260000000000000231e-01 4.213376625343659043e+01
5.270000000000000240e-01 4.213240943981504927e+01
5.280000000000000249e-01 4.213097339212785641e+01
5.290000000000000258e-01 4.212945852344824971e+01
5.300000000000000266e-01 4.212786524519930254e+01
5.310000000000000275e-01 4.212619396716254982e+01
5.320000000000000284e-01 4.212444509748794985e+01
5.330000000000000293e-01 4.212261904270286550e+01
5.340000000000000302e-01 4.212071620772165659e+01
5.350000000000000311e-01 4.211873699585468955e+01
5.360000000000000320e-01 4.211668180881714818e+01
5.370000000000000329e-01 4.211455104673883909e+01
5.380000000000000338e-01 4.211234510817243404e+01
5.390000000000000346e-01 4.211006439010269276e+01
5.400000000000000355e-01 4.210770928795531631e+01
5.410000000000000364e-01 4.210528019560598523e+01
5.420000000000000373e-01 4.210277750538841701e+01
5.430000000000000382e-01 4.210020160810361745e+01
5.440000000000000391e-01 4.209755289302833603e+01
5.450000000000000400e-01 4.209483174792343618e+01
5.460000000000000409e-01 4.209203855904223701e+01
5.470000000000000417e-01 4.208917371113956563e+01
5.480000000000000426e-01 4.208623758747937416e+01
5.490000000000000435e-01 4.208323056984326627e+01
5.500000000000000444e-01 4.208015303853892419e+01
5.510000000000000453e-01 4.207700537240802419e+01
5.520000000000000462e-01 4.207378794883433670e+01
5.530000000000000471e-01 4.207050114375189764e+01
5.540000000000000480e-01 4.206714533165302328e+01
5.550000000000000488e-01 4.206372088559582778e+01
5.560000000000000497e-01 4.206022817721273555e+01
5.570000000000000506e-01 4.205666757671782818e+01
5.580000000000000515e-01 4.205303945291491630e+01
5.590000000000000524e-01 4.204934417320450279e+01
5.600000000000000533e-01 4.204558210359239467e+01
5.610000000000000542e-01 4.204175360869697897e+01
5.620000000000000551e-01 4.203785905175615767e+01
5.630000000000000560e-01 4.203389879463587420e+01
5.640000000000000568e-01 4.202987319783633779e+01
5.650000000000000577e-01 4.202578262050082003e+01
5.660000000000000586e-01 4.202162742042141019e+01
5.670000000000000595e-01 4.201740795404751339e+01
5.680000000000000604e-01 4.201312457649243015e+01
5.690000000000000613e-01 4.200877764154074612e+01
5.700000000000000622e-01 4.200436750165539479e+01
5.710000000000000631e-01 4.199989450798490509e+01
5.720000000000000639e-01 4.199535901036986729e+01
5.730000000000000648e-01 4.199076135735066373e+01
5.740000000000000657e-01 4.198610189617356525e+01
5.750000000000000666e-01 4.198138097279853298e+01
5.760000000000000675e-01 4.197659893190522951e+01
5.769999999999999574e-01 4.197175611690005326e+01
5.779999999999999583e-01 4.196685286992318709e+01
5.789999999999999591e-01 4.196188953185453840e+01
5.799999999999999600e-01 4.195686644232132778e+01
5.809999999999999609e-01 4.195178393970371644e+01
5.819999999999999618e-01 4.194664236114232381e+01
5.829999999999999627e-01 4.194144204254362762e+01
5.839999999999999636e-01 4.193618331858745307e+01
5.849999999999999645e-01 4.193086652273288450e+01
5.859999999999999654e-01 4.192549198722433346e+01
5.869999999999999662e-01 4.192006004309835987e+01
5.879999999999999671e-01 4.191457102018996750e+01
5.889999999999999680e-01 4.190902524713823141e+01
5.899999999999999689e-01 4.190342305139343182e+01
5.909999999999999698e-01 4.189776475922209897e+01
5.919999999999999707e-01 4.189205069571424644e+01
5.929999999999999716e-01 4.188628118478831652e+01
5.939999999999999725e-01 4.188045654919827143e+01
5.949999999999999734e-01 4.187457711053860976e+01
5.959999999999999742e-01 4.186864318925131556e+01
5.969999999999999751e-01 4.186265510463057637e+01
5.979999999999999760e-01 4.185661317482993127e+01
5.989999999999999769e-01 4.185051771686673305e+01
5.999999999999999778e-01 4.184436904662922529e+01
6.009999999999999787e-01 4.183816747888164400e+01
6.019999999999999796e-01 4.183191332726946143e+01
6.029999999999999805e-01 4.182560690432646311e+01
6.039999999999999813e-01 4.181924852147848526e+01
6.049999999999999822e-01 4.181283848905094658e+01
6.059999999999999831e-01 4.180637711627269937e+01
6.069999999999999840e-01 4.179986471128259495e+01
6.079999999999999849e-01 4.179330158113528171e+01
6.089999999999999858e-01 4.178668803180499935e+01
6.099999999999999867e-01 4.178002436819305387e+01
6.109999999999999876e-01 4.177331089413129916e+01
6.119999999999999885e-01 4.176654791238892983e+01
6.129999999999999893e-01 4.175973572467707129e+01
6.139999999999999902e-01 4.175287463165429358e+01
6.149999999999999911e-01 4.174596493293148569e+01
6.159999999999999920e-01 4.173900692707779569e+01
6.169999999999999929e-01 4.173200091162468084e+01
6.179999999999999938e-01 4.172494718307227402e+01
6.189999999999999947e-01 4.171784603689337700e+01
6.199999999999999956e-01 4.171069776753958536e+01
6.209999999999999964e-01 4.170350266844528164e+01
6.219999999999999973e-01 4.169626103203333400e+01
6.229999999999999982e-01 4.168897314971988521e+01
6.239999999999999991e-01 4.168163931191939753e+01
6.250000000000000000e-01 4.167425980804922858e+01
6.260000000000000009e-01 4.166683492653446308e+01
6.270000000000000018e-01 4.165936495481352608e+01
6.280000000000000027e-01 4.165185017934179257e+01
6.290000000000000036e-01 4.164429088559791126e+01
6.300000000000000044e-01 4.163668735808701626e+01
6.310000000000000053e-01 4.162903988034618408e+01
6.320000000000000062e-01 4.162134873494909471e+01
6.330000000000000071e-01 4.161361420351074969e+01
6.340000000000000080e-01 4.160583656669182062e+01
6.350000000000000089e-01 4.159801610420349505e+01
6.360000000000000098e-01 4.159015309481220868e+01
6.370000000000000107e-01 4.158224781634322653e+01
6.380000000000000115e-01 4.157430054568665412e+01
6.390000000000000124e-01 4.156631155880100437e+01
6.400000000000000133e-01 4.155828113071702035e+01
6.410000000000000142e-01 4.155020953554385699e+01
6.420000000000000151e-01 4.154209704647222168e+01
6.430000000000000160e-01 4.153394393577862331e+01
6.440000000000000169e-01 4.152575047483047399e+01
6.450000000000000178e-01 4.151751693408981225e+01
6.460000000000000187e-01 4.150924358311824847e+01
6.470000000000000195e-01 4.150093069058060280e+01
6.480000000000000204e-01 4.149257852424882742e+01
6.490000000000000213e-01 4.148418735100771926e+01
6.500000000000000222e-01 4.147575743685727900e+01
6.510000000000000231e-01 4.146728904691805440e+01
6.520000000000000240e-01 4.145878244543511926e+01
6.530000000000000249e-01 4.145023789578173989e+01
6.540000000000000258e-01 4.144165566046385152e+01
6.550000000000000266e-01 4.143303600112359675e+01
6.560000000000000275e-01 4.142437917854464047e+01
6.570000000000000284e-01 4.141568545265391776e+01
6.580000000000000293e-01 4.140695508252859725e+01
6.590000000000000302e-01 4.139818832639704738e+01
6.600000000000000311e-01 4.138938544164500399e+01
6.610000000000000320e-01 4.138054668481801457e+01
6.620000000000000329e-01 4.137167231162632675e+01
6.630000000000000338e-01 4.136276257694854053e+01
6.640000000000000346e-01 4.135381773483462098e+01
6.650000000000000355e-01 4.134483803851084360e+01
6.660000000000000364e-01 4.133582374038304863e+01
6.670000000000000373e-01 4.132677509204060584e+01
6.680000000000000382e-01 4.131769234425925674e+01
6.690000000000000391e-01 4.130857574700675627e+01
6.700000000000000400e-01 4.129942554944445021e+01
6.710000000000000409e-01 4.129024199993232003e+01
6.720000000000000417e-01 4.128102534603243612e+01
6.730000000000000426e-01 4.127177583451225473e+01
6.740000000000000435e-01 4.126249371134822752e+01
6.750000000000000444e-01 4.125317922172959584e+01
6.760000000000000453e-01 4.124383261006214241e+01
6.770000000000000462e-01 4.123445411997140297e+01
6.780000000000000471e-01 4.122504399430616218e+01
6.790000000000000480e-01 4.121560247514209152e+01
6.800000000000000488e-01 4.120612980378584211e+01
6.810000000000000497e-01 4.119662622077711944e+01
6.820000000000000506e-01 4.118709196589327348e+01
6.830000000000000515e-01 4.117752727815255298e+01
6.840000000000000524e-01 4.116793239581743080e+01
6.850000000000000533e-01 4.115830755639706240e+01
6.860000000000000542e-01 4.114865299665252962e+01
6.870000000000000551e-01 4.113896895259864550e+01
6.880000000000000560e-01 4.112925565950783380e+01
6.890000000000000568e-01 4.111951335191326962e+01
6.900000000000000577e-01 4.110974226361238948e+01
6.910000000000000586e-01 4.109994262767018824e+01
6.920000000000000595e-01 4.109011467642226023e+01
6.930000000000000604e-01 4.108025864147792561e+01
6.940000000000000613e-01 4.107037475372379731e+01
6.950000000000000622e-01 4.106046324332675113e+01
6.960000000000000631e-01 4.105052433973696679e+01
6.970000000000000639e-01 4.104055827169149495e+01
6.980000000000000648e-01 4.103056526721722719e+01
6.990000000000000657e-01 4.102054555363352506e+01
7.000000000000000666e-01 4.101049935755611386e+01
7.010000000000000675e-01 4.100042690489965480e+01
7.020000000000000684e-01 4.099032842088126927e+01
7.030000000000000693e-01 4.098020413002237206e+01
7.039999999999999591e-01 4.097005425615382990e+01
7.049999999999999600e-01 4.095987902241665779e+01
7.059999999999999609e-01 4.094967865126666595e+01
7.069999999999999618e-01 4.093945336447679040e+01
7.079999999999999627e-01 4.092920338314030460e+01
7.089999999999999636e-01 4.091892892767305057e+01
7.099999999999999645e-01 4.090863021781734687e+01
7.109999999999999654e-01 4.089830747264453237e+01
7.119999999999999662e-01 4.088796091055749571e+01
7.129999999999999671e-01 4.087759074929405756e+01
7.139999999999999680e-01 4.086719720592937222e+01
7.149999999999999689e-01 4.085678049687957980e+01
7.159999999999999698e-01 4.084634083790338366e+01
7.169999999999999707e-01 4.083587844410615730e+01
7.179999999999999716e-01 4.082539352994166393e+01
7.189999999999999725e-01 4.081488630921568017e+01
7.199999999999999734e-01 4.080435699508829828e+01
7.209999999999999742e-01 4.079380580007692458e+01
7.219999999999999751e-01 4.078323293605862432e+01
7.229999999999999760e-01 4.077263861427321956e+01
7.239999999999999769e-01 4.076202304532597509e+01
7.249999999999999778e-01 4.075138643918990056e+01
7.259999999999999787e-01 4.074072900520918949e+01
7.269999999999999796e-01 4.073005095210099569e+01
7.279999999999999805e-01 4.071935248795855955e+01
7.289999999999999813e-01 4.070863382025399346e+01
7.299999999999999822e-01 4.069789515584031392e+01
7.309999999999999831e-01 4.068713670095480950e+01
7.319999999999999840e-01 4.067635866122084565e+01
7.329999999999999849e-01 4.066556124165133213e+01
7.339999999999999858e-01 4.065474464664993093e+01
7.349999999999999867e-01 4.064390908001506375e+01
7.359999999999999876e-01 4.063305474494208624e+01
7.369999999999999885e-01 4.062218184402480858e+01
7.379999999999999893e-01 4.061129057925900554e+01
7.389999999999999902e-01 4.060038115204477549e+01
7.399999999999999911e-01 4.058945376318898468e+01
7.409999999999999920e-01 4.057850861290698674e+01
7.419999999999999929e-01 4.056754590082654488e+01
7.429999999999999938e-01 4.055656582598882665e+01
7.439999999999999947e-01 4.054556858685148768e+01
7.449999999999999956e-01 4.053455438129111599e+01
7.459999999999999964e-01 4.052352340660590357e+01
7.469999999999999973e-01 4.051247585951709596e+01
7.479999999999999982e-01 4.050141193617209012e+01
7.489999999999999991e-01 4.049033183214680776e+01
7.500000000000000000e-01 4.047923574244740053e+01
7.510000000000000009e-01 4.046812386151387386e+01
7.520000000000000018e-01 4.045699638322065539e+01
7.530000000000000027e-01 4.044585350088038922e+01
7.540000000000000036e-01 4.043469540724586864e+01
7.550000000000000044e-01 4.042352229451122980e+01
7.560000000000000053e-01 4.041233435431598764e+01
7.570000000000000062e-01 4.040113177774594533e+01
7.580000000000000071e-01 4.038991475533623543e+01
7.590000000000000080e-01 4.037868347707282624e+01
7.600000000000000089e-01 4.036743813239561973e+01
7.610000000000000098e-01 4.035617891019975900e+01
7.620000000000000107e-01 4.034490599883872619e+01
7.630000000000000115e-01 4.033361958612550779e+01
7.640000000000000124e-01 4.032231985933577789e+01
7.650000000000000133e-01 4.031100700520943292e+01
7.660000000000000142e-01 4.029968120995297909e+01
7.670000000000000151e-01 4.028834265924169244e+01
7.680000000000000160e-01 4.027699153822163680e+01
7.690000000000000169e-01 4.026562803151159642e+01
7.700000000000000178e-01 4.025425232320554869e+01
7.710000000000000187e-01 4.024286459687482420e+01
7.720000000000000195e-01 4.023146503557006781e+01
7.730000000000000204e-01 4.022005382182265976e+01
7.740000000000000213e-01 4.020863113764784202e+01
7.750000000000000222e-01 4.019719716454642366e+01
7.760000000000000231e-01 4.018575208350608818e+01
7.770000000000000240e-01 4.017429607500471889e+01
7.780000000000000249e-01 4.016282931901116626e+01
7.790000000000000258e-01 4.015135199498834595e+01
7.800000000000000266e-01 4.013986428189420508e+01
7.810000000000000275e-01 4.012836635818459285e+01
7.820000000000000284e-01 4.011685840181471008e+01
7.830000000000000293e-01 4.010534059024121234e+01
7.840000000000000302e-01 4.009381310042448376e+01
7.850000000000000311e-01 4.008227610883005809e+01
7.860000000000000320e-01 4.007072979143066505e+01
7.870000000000000329e-01 4.005917432370850406e+01
7.880000000000000338e-01 4.004760988065700644e+01
7.890000000000000346e-01 4.003603663678285329e+01
7.900000000000000355e-01 4.002445476610714081e+01
7.910000000000000364e-01 4.001286444216825089e+01
7.920000000000000373e-01 4.000126583802358482e+01
7.930000000000000382e-01 3.998965912625072860e+01
7.940000000000000391e-01 3.997804447894998248e+01
7.950000000000000400e-01 3.996642206774563988e+01
7.960000000000000409e-01 3.995479206378905701e+01
7.970000000000000417e-01 3.994315463775853914e+01
7.980000000000000426e-01 3.993150995986306384e+01
7.990000000000000435e-01 3.991985819984273576e+01
8.000000000000000444e-01 3.990819952697174244e+01
8.010000000000000453e-01 3.989653411005900807e+01
8.020000000000000462e-01 3.988486211745046717e+01
8.030000000000000471e-01 3.987318371703150888e+01
8.040000000000000480e-01 3.986149907622740329e+01
8.050000000000000488e-01 3.984980836200628573e+01
8.060000000000000497e-01 3.983811174088029361e+01
8.070000000000000506e-01 3.982640937890727173e+01
8.080000000000000515e-01 3.981470144169279024e+01
8.090000000000000524e-01 3.980298809439150887e+01
8.100000000000000533e-01 3.979126950170967802e+01
8.110000000000000542e-01 3.977954582790590621e+01
8.120000000000000551e-01 3.976781723679297897e+01
8.130000000000000560e-01 3.975608389174038848e+01
8.140000000000000568e-01 3.974434595567535666e+01
8.150000000000000577e-01 3.973260359108408579e+01
8.160000000000000586e-01 3.972085696001437327e+01
8.170000000000000595e-01 3.970910622407728852e+01
8.180000000000000604e-01 3.969735154444688874e+01
8.190000000000000613e-01 3.968559308186519274e+01
8.200000000000000622e-01 3.967383099664053248e+01
8.210000000000000631e-01 3.966206544865144679e+01
8.220000000000000639e-01 3.965029659734710776e+01
8.230000000000000648e-01 3.963852460174925341e+01
8.240000000000000657e-01 3.962674962045412030e+01
8.250000000000000666e-01 3.961497181163343839e+01
8.260000000000000675e-01 3.960319133303647732e+01
8.270000000000000684e-01 3.959140834199135384e+01
8.280000000000000693e-01 3.957962299540670870e+01
8.290000000000000702e-01 3.956783544977358247e+01
8.300000000000000711e-01 3.955604586116635346e+01
8.310000000000000719e-01 3.954425438524467040e+01
8.320000000000000728e-01 3.953246117725484510e+01
8.329999999999999627e-01 3.952066639203152931e+01
8.339999999999999636e-01 3.950887018399944850e+01
8.349999999999999645e-01 3.949707270717402707e+01
8.359999999999999654e-01 3.948527411516406005e+01
8.369999999999999662e-01 3.947347456117233833e+01
8.379999999999999671e-01 3.946167419799792242e+01
8.389999999999999680e-01 3.944987317803656879e+01
8.399999999999999689e-01 3.943807165328328779e+01
8.409999999999999698e-01 3.942626977533308263e+01
8.419999999999999707e-01 3.941446769538291051e+01
8.429999999999999716e-01 3.940266556423264888e+01
8.439999999999999725e-01 3.939086353228725557e+01
8.449999999999999734e-01 3.937906174955733718e+01
8.459999999999999742e-01 3.936726036566111020e+01
8.469999999999999751e-01 3.935545952982619156e+01
8.479999999999999760e-01 3.934365939089022390e+01
8.489999999999999769e-01 3.933186009730263777e+01
8.499999999999999778e-01 3.932006179712587368e+01
8.509999999999999787e-01 3.930826463803765591e+01
8.519999999999999796e-01 3.929646876733139038e+01
8.529999999999999805e-01 3.928467433191738678e+01
8.539999999999999813e-01 3.927288147832595655e+01
8.549999999999999822e-01 3.926109035270641812e+01
8.559999999999999831e-01 3.924930110083008117e+01
8.569999999999999840e-01 3.923751386809144037e+01
8.579999999999999849e-01 3.922572879950902802e+01
8.589999999999999858e-01 3.921394603972697723e+01
8.599999999999999867e-01 3.920216573301630092e+01
8.609999999999999876e-01 3.919038802327656867e+01
8.619999999999999885e-01 3.917861305403718575e+01
8.629999999999999893e-01 3.916684096845790464e+01
8.639999999999999902e-01 3.915507190933126935e+01
8.649999999999999911e-01 3.914330601908332596e+01
8.659999999999999920e-01 3.913154343977532790e+01
8.669999999999999929e-01 3.911978431310410542e+01
8.679999999999999938e-01 3.910802878040442465e+01
8.689999999999999947e-01 3.909627698265026652e+01
8.699999999999999956e-01 3.908452906045465625e+01
8.709999999999999964e-01 3.907278515407315922e+01
8.719999999999999973e-01 3.906104540340297149e+01
8.729999999999999982e-01 3.904930994798655775e+01
8.739999999999999991e-01 3.903757892700974708e+01
8.750000000000000000e-01 3.902585247930636569e+01
8.760000000000000009e-01 3.901413074335744113e+01
8.770000000000000018e-01 3.900241385729245280e+01
8.780000000000000027e-01 3.899070195889152046e+01
8.790000000000000036e-01 3.897899518558642740e+01
8.800000000000000044e-01 3.896729367446096148e+01
8.810000000000000053e-01 3.895559756225318893e+01
8.820000000000000062e-01 3.894390698535582374e+01
8.830000000000000071e-01 3.893222207981855831e+01
8.840000000000000080e-01 3.892054298134789292e+01
8.850000000000000089e-01 3.890886982530915361e+01
8.860000000000000098e-01 3.889720274672782807e+01
8.870000000000000107e-01 3.888554188029053194e+01
8.880000000000000115e-01 3.887388736034537828e+01
8.890000000000000124e-01 3.886223932090459243e+01
8.900000000000000133e-01 3.885059789564496668e+01
8.910000000000000142e-01 3.883896321790862771e+01
8.920000000000000151e-01 3.882733542070482713e+01
8.930000000000000160e-01 3.881571463671113520e+01
8.940000000000000169e-01 3.880410099827426507e+01
8.950000000000000178e-01 3.879249463741072645e+01
8.960000000000000187e-01 3.878089568580946889e+01
8.970000000000000195e-01 3.876930427483148378e+01
8.980000000000000204e-01 3.875772053551128238e+01
8.990000000000000213e-01 3.874614459855914106e+01
9.000000000000000222e-01 3.873457659436053291e+01
9.010000000000000231e-01 3.872301665297868567e+01
9.020000000000000240e-01 3.871146490415461017e+01
9.030000000000000249e-01 3.869992147730877718e+01
9.040000000000000258e-01 3.868838650154245329e+01
9.050000000000000266e-01 3.867686010563789978e+01
9.060000000000000275e-01 3.866534241806033378e+01
9.070000000000000284e-01 3.865383356695855355e+01
9.080000000000000293e-01 3.864233368016644476e+01
9.090000000000000302e-01 3.863084288520340692e+01
9.100000000000000311e-01 3.861936130927571753e+01
9.110000000000000320e-01 3.860788907927820901e+01
9.120000000000000329e-01 3.859642632179429711e+01
9.130000000000000338e-01 3.858497316309754410e+01
9.140000000000000346e-01 3.857352972915305145e+01
9.150000000000000355e-01 3.856209614561780086e+01
9.160000000000000364e-01 3.855067253784179115e+01
9.170000000000000373e-01 3.853925903087031202e+01
9.180000000000000382e-01 3.852785574944269342e+01
9.190000000000000391e-01 3.851646281799597205e+01
9.200000000000000400e-01 3.850508036066332807e+01
9.210000000000000409e-01 3.849370850127706944e+01
9.220000000000000417e-01 3.848234736336911510e+01
9.230000000000000426e-01 3.847099707017076753e+01
9.240000000000000435e-01 3.845965774461586761e+01
9.250000000000000444e-01 3.844832950934053883e+01
9.260000000000000453e-01 3.843701248668381254e+01
9.270000000000000462e-01 3.842570679868927641e+01
9.280000000000000471e-01 3.841441256710641028e+01
9.290000000000000480e-01 3.840312991339078508e+01
9.300000000000000488e-01 3.839185895870519971e+01
9.310000000000000497e-01 3.838059982392081793e+01
9.320000000000000506e-01 3.836935262961861781e+01
9.330000000000000515e-01 3.835811749608973287e+01
9.340000000000000524e-01 3.834689454333570779e+01
9.350000000000000533e-01 3.833568389107151120e+01
9.360000000000000542e-01 3.832448565872465451e+01
9.370000000000000551e-01 3.831329996543672678e+01
9.380000000000000560e-01 3.830212693006455993e+01
9.390000000000000568e-01 3.829096667118088249e+01
9.400000000000000577e-01 3.827981930707605329e+01
9.410000000000000586e-01 3.826868495575683937e+01
9.420000000000000595e-01 3.825756373495019602e+01
9.430000000000000604e-01 3.824645576210232889e+01
9.440000000000000613e-01 3.823536115438005822e+01
9.450000000000000622e-01 3.822428002867172836e+01
9.460000000000000631e-01 3.821321250158837302e+01
9.470000000000000639e-01 3.820215868946445426e+01
9.480000000000000648e-01 3.819111870835860145e+01
9.490000000000000657e-01 3.818009267405463447e+01
9.500000000000000666e-01 3.816908070206272896e+01
9.510000000000000675e-01 3.815808290761967214e+01
9.520000000000000684e-01 3.814709940569042601e+01
9.530000000000000693e-01 3.813613031096886630e+01
9.540000000000000702e-01 3.812517573787823721e+01
9.550000000000000711e-01 3.811423580057251570e+01
9.560000000000000719e-01 3.810331061293683774e+01
9.570000000000000728e-01 3.809240028858920368e+01
9.580000000000000737e-01 3.808150494088033611e+01
9.590000000000000746e-01 3.807062468289490198e+01
9.599999999999999645e-01 3.805975962745293373e+01
9.609999999999999654e-01 3.804890988710957345e+01
9.619999999999999662e-01 3.803807557415734664e+01
9.629999999999999671e-01 3.802725680062533797e+01
9.639999999999999680e-01 3.801645367828209032e+01
9.649999999999999689e-01 3.800566631863378575e+01
9.659999999999999698e-01 3.799489483292802561e+01
9.669999999999999707e-01 3.798413933215266525e+01
9.679999999999999716e-01 3.797339992703669509e+01
9.689999999999999725e-01 3.796267672805237225e+01
9.699999999999999734e-01 3.795196984541507845e+01
9.709999999999999742e-01 3.794127938908394526e+01
9.719999999999999751e-01 3.793060546876344574e+01
9.729999999999999760e-01 3.791994819390350813e+01
9.739999999999999769e-01 3.790930767370136323e+01
9.749999999999999778e-01 3.789868401710046442e+01
9.759999999999999787e-01 3.788807733279344347e+01
9.769999999999999796e-01 3.787748772922128637e+01
9.779999999999999805e-01 3.786691531457549331e+01
9.789999999999999813e-01 3.785636019679719766e+01
9.799999999999999822e-01 3.784582248357989442e+01
9.809999999999999831e-01 3.783530228236841708e+01
9.819999999999999840e-01 3.782479970036106920e+01
9.829999999999999849e-01 3.781431484450945391e+01
9.839999999999999858e-01 3.780384782152029288e+01
9.849999999999999867e-01 3.779339873785539794e+01
9.859999999999999876e-01 3.778296769973186997e+01
9.869999999999999885e-01 3.777255481312485585e+01
9.879999999999999893e-01 3.776216018376644001e+01
9.889999999999999902e-01 3.775178391714675286e+01
9.899999999999999911e-01 3.774142611851590345e+01
9.909999999999999920e-01 3.773108689288326900e+01
9.919999999999999929e-01 3.772076634501911485e+01
9.929999999999999938e-01 3.771046457945453767e+01
9.939999999999999947e-01 3.770018170048385286e+01
9.949999999999999956e-01 3.768991781216320192e+01
9.959999999999999964e-01 3.767967301831259874e+01
9.969999999999999973e-01 3.766944742251681078e+01
9.979999999999999982e-01 3.765924112812535896e+01
9.989999999999999991e-01 3.764905423825393882e+01
1.000000000000000000e+00 3.763888685578405102e+01
