0.000000000000000000e+00 0.000000000000000000e+00
1.000000000000000021e-03 8.925765626194429592e-01
2.000000000000000042e-03 1.535274263474911915e+00
3.000000000000000062e-03 2.104835024889772033e+00
4.000000000000000083e-03 2.629305258029859260e+00
5.000000000000000104e-03 3.121193862747563941e+00
6.000000000000000125e-03 3.587596472310290885e+00
7.000000000000000146e-03 4.033081413507082935e+00
8.000000000000000167e-03 4.460833672409330042e+00
9.000000000000001055e-03 4.873199454575516398e+00
1.000000000000000021e-02 5.271978400749246951e+00
1.099999999999999936e-02 5.658594373426009128e+00
1.200000000000000025e-02 6.034201903811942991e+00
1.300000000000000114e-02 6.399755961141202931e+00
1.400000000000000029e-02 6.756059572653176026e+00
1.499999999999999944e-02 7.103797428223997734e+00
1.600000000000000033e-02 7.443560266987720553e+00
1.700000000000000122e-02 7.775863000532730496e+00
1.800000000000000211e-02 8.101158460194241684e+00
1.899999999999999953e-02 8.419848012724216346e+00
2.000000000000000042e-02 8.732289887227015157e+00
2.100000000000000130e-02 9.038805798123638269e+00
2.199999999999999872e-02 9.339686278471143410e+00
2.299999999999999961e-02 9.635195022762344408e+00
2.400000000000000050e-02 9.925572458822204069e+00
2.500000000000000139e-02 1.021103871250429762e+01
2.600000000000000228e-02 1.049179608889983939e+01
2.699999999999999969e-02 1.076803116472629540e+01
2.800000000000000058e-02 1.103991656516924280e+01
2.900000000000000147e-02 1.130761248249070050e+01
2.999999999999999889e-02 1.157126798166823001e+01
3.099999999999999978e-02 1.183102212913440532e+01
3.200000000000000067e-02 1.208700497359809845e+01
3.300000000000000155e-02 1.233933840241364344e+01
3.400000000000000244e-02 1.258813689263526214e+01
3.500000000000000333e-02 1.283350817246876474e+01
3.600000000000000422e-02 1.307555380610149420e+01
3.699999999999999817e-02 1.331436971269853942e+01
3.799999999999999906e-02 1.355004662858062758e+01
3.899999999999999994e-02 1.378267052015695171e+01
4.000000000000000083e-02 1.401232295400658145e+01
4.100000000000000172e-02 1.423908142953061073e+01
4.200000000000000261e-02 1.446301967879463390e+01
4.300000000000000350e-02 1.468420793751299414e+01
4.399999999999999745e-02 1.490271319056844312e+01
4.499999999999999833e-02 1.511859939499320404e+01
4.599999999999999922e-02 1.533192768294234121e+01
4.700000000000000011e-02 1.554275654685732633e+01
4.800000000000000100e-02 1.575114200873350256e+01
4.900000000000000189e-02 1.595713777516390763e+01
5.000000000000000278e-02 1.616079537962460222e+01
5.100000000000000366e-02 1.636216431328967147e+01
5.200000000000000455e-02 1.656129214551031481e+01
5.299999999999999850e-02 1.675822463496091785e+01
5.399999999999999939e-02 1.695300583234010361e+01
5.500000000000000028e-02 1.714567817541522743e+01
5.600000000000000117e-02 1.733628257711192333e+01
5.700000000000000205e-02 1.752485850727494920e+01
5.800000000000000294e-02 1.771144406865909815e+01
5.900000000000000383e-02 1.789607606765199321e+01
5.999999999999999778e-02 1.807879008017783917e+01
6.099999999999999867e-02 1.825962051318688850e+01
6.199999999999999956e-02 1.843860066209478532e+01
6.300000000000000044e-02 1.861576276450039558e+01
6.400000000000000133e-02 1.879113805047973784e+01
6.500000000000000222e-02 1.896475678972471712e+01
6.600000000000000311e-02 1.913664833577114166e+01
6.700000000000000400e-02 1.930684116753750601e+01
6.800000000000000488e-02 1.947536292837665783e+01
6.900000000000000577e-02 1.964224046282396330e+01
7.000000000000000666e-02 1.980749985120991497e+01
7.100000000000000755e-02 1.997116644229021531e+01
7.200000000000000844e-02 2.013326488403403047e+01
7.299999999999999545e-02 2.029381915269848591e+01
7.399999999999999634e-02 2.045285258030775566e+01
7.499999999999999722e-02 2.061038788064433191e+01
7.599999999999999811e-02 2.076644717385292793e+01
7.699999999999999900e-02 2.092105200974789980e+01
7.799999999999999989e-02 2.107422338990915378e+01
7.900000000000000078e-02 2.122598178864420504e+01
8.000000000000000167e-02 2.137634717288845820e+01
8.100000000000000255e-02 2.152533902111056108e+01
8.200000000000000344e-02 2.167297634128397377e+01
8.300000000000000433e-02 2.181927768798211176e+01
8.400000000000000522e-02 2.196426117865017247e+01
8.500000000000000611e-02 2.210794450910228193e+01
8.600000000000000699e-02 2.225034496829029251e+01
8.700000000000000788e-02 2.239147945238604009e+01
8.799999999999999489e-02 2.253136447821706767e+01
8.899999999999999578e-02 2.267001619609245111e+01
8.999999999999999667e-02 2.280745040205293250e+01
9.099999999999999756e-02 2.294368254957765174e+01
9.199999999999999845e-02 2.307872776077719124e+01
9.299999999999999933e-02 2.321260083710105349e+01
9.400000000000000022e-02 2.334531626958538908e+01
9.500000000000000111e-02 2.347688824866592938e+01
9.600000000000000200e-02 2.360733067357868009e+01
9.700000000000000289e-02 2.373665716136996906e+01
9.800000000000000377e-02 2.386488105553590344e+01
9.900000000000000466e-02 2.399201543431058070e+01
1.000000000000000056e-01 2.411807311861997150e+01
1.010000000000000064e-01 2.424306667971928420e+01
1.020000000000000073e-01 2.436700844652836651e+01
1.030000000000000082e-01 2.448991051268088981e+01
1.040000000000000091e-01 2.461178474330047905e+01
1.049999999999999961e-01 2.473264278151757267e+01
1.059999999999999970e-01 2.485249605473876144e+01
1.069999999999999979e-01 2.497135578068060013e+01
1.079999999999999988e-01 2.508923297317898715e+01
1.089999999999999997e-01 2.520613844778412727e+01
1.100000000000000006e-01 2.532208282715123460e+01
1.110000000000000014e-01 2.543707654623612058e+01
1.120000000000000023e-01 2.555112985730454156e+01
1.130000000000000032e-01 2.566425283476340979e+01
1.140000000000000041e-01 2.577645537982185431e+01
1.150000000000000050e-01 2.588774722498986236e+01
1.160000000000000059e-01 2.599813793842088216e+01
1.170000000000000068e-01 2.610763692810597547e+01
1.180000000000000077e-01 2.621625344592487394e+01
1.190000000000000085e-01 2.632399659156101990e+01
1.199999999999999956e-01 2.643087531628539821e+01
1.209999999999999964e-01 2.653689842661522746e+01
1.219999999999999973e-01 2.664207458785229932e+01
1.229999999999999982e-01 2.674641232750618869e+01
1.239999999999999991e-01 2.684992003860682885e+01
1.250000000000000000e-01 2.695260598291055842e+01
1.260000000000000009e-01 2.705447829400502613e+01
1.270000000000000018e-01 2.715554498031526620e+01
1.280000000000000027e-01 2.725581392801657898e+01
1.290000000000000036e-01 2.735529290385644074e+01
1.300000000000000044e-01 2.745398955788986939e+01
1.310000000000000053e-01 2.755191142613091060e+01
1.320000000000000062e-01 2.764906593312416661e+01
1.330000000000000071e-01 2.774546039443868040e+01
1.340000000000000080e-01 2.784110201908730886e+01
1.350000000000000089e-01 2.793599791187486758e+01
1.360000000000000098e-01 2.803015507567668863e+01
1.370000000000000107e-01 2.812358041365105521e+01
1.380000000000000115e-01 2.821628073138756321e+01
1.390000000000000124e-01 2.830826273899332435e+01
1.400000000000000133e-01 2.839953305312007359e+01
1.410000000000000142e-01 2.849009819893372963e+01
1.420000000000000151e-01 2.857996461202829153e+01
1.430000000000000160e-01 2.866913864028654046e+01
1.440000000000000169e-01 2.875762654568916687e+01
1.449999999999999900e-01 2.884543450607383619e+01
1.459999999999999909e-01 2.893256861684637826e+01
1.469999999999999918e-01 2.901903489264536162e+01
1.479999999999999927e-01 2.910483926896191065e+01
1.489999999999999936e-01 2.918998760371606949e+01
1.499999999999999944e-01 2.927448567879105923e+01
1.509999999999999953e-01 2.935833920152752086e+01
1.519999999999999962e-01 2.944155380617783990e+01
1.529999999999999971e-01 2.952413505532314986e+01
1.539999999999999980e-01 2.960608844125338379e+01
1.549999999999999989e-01 2.968741938731173491e+01
1.559999999999999998e-01 2.976813324920488668e+01
1.570000000000000007e-01 2.984823531628007487e+01
1.580000000000000016e-01 2.992773081276988734e+01
1.590000000000000024e-01 3.000662489900544472e+01
1.600000000000000033e-01 3.008492267260007935e+01
1.610000000000000042e-01 3.016262916960315721e+01
1.620000000000000051e-01 3.023974936562584048e+01
1.630000000000000060e-01 3.031628817693921718e+01
1.640000000000000069e-01 3.039225046154560772e+01
1.650000000000000078e-01 3.046764102022437015e+01
1.660000000000000087e-01 3.054246459755232479e+01
1.670000000000000095e-01 3.061672588290011277e+01
1.680000000000000104e-01 3.069042951140455955e+01
1.690000000000000113e-01 3.076358006491837216e+01
1.700000000000000122e-01 3.083618207293787350e+01
1.710000000000000131e-01 3.090824001350860328e+01
1.720000000000000140e-01 3.097975831411026348e+01
1.730000000000000149e-01 3.105074135252135648e+01
1.740000000000000158e-01 3.112119345766396350e+01
1.750000000000000167e-01 3.119111891042921059e+01
1.759999999999999898e-01 3.126052194448435984e+01
1.769999999999999907e-01 3.132940674706166817e+01
1.779999999999999916e-01 3.139777745972924095e+01
1.789999999999999925e-01 3.146563817914542227e+01
1.799999999999999933e-01 3.153299295779599021e+01
1.809999999999999942e-01 3.159984580471549265e+01
1.819999999999999951e-01 3.166620068619253914e+01
1.829999999999999960e-01 3.173206152646013578e+01
1.839999999999999969e-01 3.179743220837067952e+01
1.849999999999999978e-01 3.186231657405684103e+01
1.859999999999999987e-01 3.192671842557806627e+01
1.869999999999999996e-01 3.199064152555354212e+01
1.880000000000000004e-01 3.205408959778168310e+01
1.890000000000000013e-01 3.211706632784641613e+01
1.900000000000000022e-01 3.217957536371135774e+01
1.910000000000000031e-01 3.224162031630079639e+01
1.920000000000000040e-01 3.230320476006936303e+01
1.930000000000000049e-01 3.236433223356004873e+01
1.940000000000000058e-01 3.242500623994989439e+01
1.950000000000000067e-01 3.248523024758549127e+01
1.960000000000000075e-01 3.254500769050745390e+01
1.970000000000000084e-01 3.260434196896382275e+01
1.980000000000000093e-01 3.266323644991392428e+01
1.990000000000000102e-01 3.272169446752153732e+01
2.000000000000000111e-01 3.277971932363868746e+01
2.010000000000000120e-01 3.283731428827950083e+01
2.020000000000000129e-01 3.289448260008558123e+01
2.030000000000000138e-01 3.295122746678089243e+01
2.040000000000000147e-01 3.300755206561927935e+01
2.050000000000000155e-01 3.306345954382220498e+01
2.060000000000000164e-01 3.311895301900895561e+01
2.070000000000000173e-01 3.317403557961776528e+01
2.080000000000000182e-01 3.322871028531946536e+01
2.089999999999999913e-01 3.328298016742326126e+01
2.099999999999999922e-01 3.333684822927448010e+01
2.109999999999999931e-01 3.339031744664524126e+01
2.119999999999999940e-01 3.344339076811768052e+01
2.129999999999999949e-01 3.349607111545982718e+01
2.139999999999999958e-01 3.354836138399504364e+01
2.149999999999999967e-01 3.360026444296406112e+01
2.159999999999999976e-01 3.365178313588076264e+01
2.169999999999999984e-01 3.370292028088130110e+01
2.179999999999999993e-01 3.375367867106700714e+01
2.190000000000000002e-01 3.380406107484091649e+01
2.200000000000000011e-01 3.385407023623837119e+01
2.210000000000000020e-01 3.390370887525163823e+01
2.220000000000000029e-01 3.395297968814877265e+01
2.230000000000000038e-01 3.400188534778672533e+01
2.240000000000000047e-01 3.405042850391913589e+01
2.250000000000000056e-01 3.409861178349846966e+01
2.260000000000000064e-01 3.414643779097296772e+01
2.270000000000000073e-01 3.419390910857816834e+01
2.280000000000000082e-01 3.424102829662416525e+01
2.290000000000000091e-01 3.428779789377668408e+01
2.300000000000000100e-01 3.433422041733435037e+01
2.310000000000000109e-01 3.438029836350072799e+01
2.320000000000000118e-01 3.442603420765193789e+01
2.330000000000000127e-01 3.447143040459940266e+01
2.340000000000000135e-01 3.451648938884851248e+01
2.350000000000000144e-01 3.456121357485237411e+01
2.360000000000000153e-01 3.460560535726241937e+01
2.370000000000000162e-01 3.464966711117381237e+01
2.380000000000000171e-01 3.469340119236652242e+01
2.390000000000000180e-01 3.473680993754385327e+01
2.399999999999999911e-01 3.477989566456552950e+01
2.409999999999999920e-01 3.482266067267792664e+01
2.419999999999999929e-01 3.486510724274003792e+01
2.429999999999999938e-01 3.490723763744558994e+01
2.439999999999999947e-01 3.494905410154282777e+01
2.449999999999999956e-01 3.499055886204888566e+01
2.459999999999999964e-01 3.503175412846185566e+01
2.469999999999999973e-01 3.507264209296958768e+01
2.479999999999999982e-01 3.511322493065434003e+01
2.489999999999999991e-01 3.515350479969509934e+01
2.500000000000000000e-01 3.519348384156589304e+01
2.510000000000000009e-01 3.523316418123144445e+01
2.520000000000000018e-01 3.527254792734009925e+01
2.530000000000000027e-01 3.531163717241231836e+01
2.540000000000000036e-01 3.535043399302823275e+01
2.550000000000000044e-01 3.538894045001059396e+01
2.560000000000000053e-01 3.542715858860600520e+01
2.570000000000000062e-01 3.546509043866258537e+01
2.580000000000000071e-01 3.550273801480545899e+01
2.590000000000000080e-01 3.554010331660947486e+01
2.600000000000000089e-01 3.557718832876898318e+01
2.610000000000000098e-01 3.561399502126540995e+01
2.620000000000000107e-01 3.565052534953196073e+01
2.630000000000000115e-01 3.568678125461639183e+01
2.640000000000000124e-01 3.572276466334055556e+01
2.650000000000000133e-01 3.575847748845859542e+01
2.660000000000000142e-01 3.579392162881136130e+01
2.670000000000000151e-01 3.582909896948035566e+01
2.680000000000000160e-01 3.586401138193778593e+01
2.690000000000000169e-01 3.589866072419509635e+01
2.700000000000000178e-01 3.593304884094987983e+01
2.710000000000000187e-01 3.596717756372912334e+01
2.720000000000000195e-01 3.600104871103226856e+01
2.730000000000000204e-01 3.603466408847069147e+01
2.740000000000000213e-01 3.606802548890581761e+01
2.750000000000000222e-01 3.610113469258547525e+01
2.760000000000000231e-01 3.613399346727744899e+01
2.770000000000000240e-01 3.616660356840222335e+01
2.780000000000000249e-01 3.619896673916289842e+01
2.790000000000000258e-01 3.623108471067419600e+01
2.800000000000000266e-01 3.626295920208821144e+01
2.810000000000000275e-01 3.629459192072030760e+01
2.820000000000000284e-01 3.632598456217144189e+01
2.830000000000000293e-01 3.635713881045029439e+01
2.840000000000000302e-01 3.638805633809252527e+01
2.850000000000000311e-01 3.641873880627869653e+01
2.860000000000000320e-01 3.644918786495134100e+01
2.870000000000000329e-01 3.647940515292910391e+01
2.880000000000000338e-01 3.650939229802082764e+01
2.889999999999999791e-01 3.653915091713619745e+01
2.899999999999999800e-01 3.656868261639721140e+01
2.909999999999999809e-01 3.659798899124578497e+01
2.919999999999999818e-01 3.662707162655163984e+01
2.929999999999999827e-01 3.665593209671780528e+01
2.939999999999999836e-01 3.668457196578521007e+01
2.949999999999999845e-01 3.671299278753545536e+01
2.959999999999999853e-01 3.674119610559267812e+01
2.969999999999999862e-01 3.676918345352353867e+01
2.979999999999999871e-01 3.679695635493624195e+01
2.989999999999999880e-01 3.682451632357856397e+01
2.999999999999999889e-01 3.685186486343346246e+01
3.009999999999999898e-01 3.687900346881460223e+01
3.019999999999999907e-01 3.690593362446026049e+01
3.029999999999999916e-01 3.693265680562586795e+01
3.039999999999999925e-01 3.695917447817529933e+01
3.049999999999999933e-01 3.698548809867131126e+01
3.059999999999999942e-01 3.701159911446441697e+01
3.069999999999999951e-01 3.703750896378102198e+01
3.079999999999999960e-01 3.706321907581008190e+01
3.089999999999999969e-01 3.708873087078896447e+01
3.099999999999999978e-01 3.711404576008783351e+01
3.109999999999999987e-01 3.713916514629340782e+01
3.119999999999999996e-01 3.716409042329121348e+01
3.130000000000000004e-01 3.718882297634735323e+01
3.140000000000000013e-01 3.721336418218868403e+01
3.150000000000000022e-01 3.723771540908228417e+01
3.160000000000000031e-01 3.726187801691389723e+01
3.170000000000000040e-01 3.728585335726543804e+01
3.180000000000000049e-01 3.730964277349133340e+01
3.190000000000000058e-01 3.733324760079406701e+01
3.200000000000000067e-01 3.735666916629935486e+01
3.210000000000000075e-01 3.737990878912879111e+01
3.220000000000000084e-01 3.740296778047374460e+01
3.230000000000000093e-01 3.742584744366649829e+01
3.240000000000000102e-01 3.744854907425147417e+01
3.250000000000000111e-01 3.747107396005611690e+01
3.260000000000000120e-01 3.749342338125876495e+01
3.270000000000000129e-01 3.751559861045856792e+01
3.280000000000000138e-01 3.753760091274224919e+01
3.290000000000000147e-01 3.755943154575163589e+01
3.300000000000000155e-01 3.758109175974911409e+01
3.310000000000000164e-01 3.760258279768322609e+01
3.320000000000000173e-01 3.762390589525341511e+01
3.330000000000000182e-01 3.764506228097289409e+01
3.340000000000000191e-01 3.766605317623270821e+01
3.350000000000000200e-01 3.768687979536341004e+01
3.360000000000000209e-01 3.770754334569653565e+01
3.370000000000000218e-01 3.772804502762545553e+01
3.380000000000000226e-01 3.774838603466594122e+01
3.390000000000000235e-01 3.776856755351477091e+01
3.400000000000000244e-01 3.778859076410898865e+01
3.410000000000000253e-01 3.780845683968379944e+01
3.420000000000000262e-01 3.782816694682972525e+01
3.430000000000000271e-01 3.784772224554993159e+01
3.440000000000000280e-01 3.786712388931519513e+01
3.450000000000000289e-01 3.788637302512043448e+01
3.460000000000000298e-01 3.790547079353902404e+01
3.470000000000000306e-01 3.792441832877659635e+01
3.480000000000000315e-01 3.794321675872552646e+01
3.490000000000000324e-01 3.796186720501646050e+01
3.500000000000000333e-01 3.798037078307248748e+01
3.510000000000000342e-01 3.799872860215899095e+01
3.519999999999999796e-01 3.801694176543671233e+01
3.529999999999999805e-01 3.803501137001069310e+01
3.539999999999999813e-01 3.805293850698120650e+01
3.549999999999999822e-01 3.807072426149335342e+01
3.559999999999999831e-01 3.808836971278543615e+01
3.569999999999999840e-01 3.810587593423809949e+01
3.579999999999999849e-01 3.812324399342151082e+01
3.589999999999999858e-01 3.814047495214293804e+01
3.599999999999999867e-01 3.815756986649392957e+01
3.609999999999999876e-01 3.817452978689613019e+01
3.619999999999999885e-01 3.819135575814772210e+01
3.629999999999999893e-01 3.820804881946787646e+01
3.639999999999999902e-01 3.822461000454225655e+01
3.649999999999999911e-01 3.824104034156744092e+01
3.659999999999999920e-01 3.825734085329426648e+01
3.669999999999999929e-01 3.827351255707176847e+01
3.679999999999999938e-01 3.828955646488944353e+01
3.689999999999999947e-01 3.830547358342087705e+01
3.699999999999999956e-01 3.832126491406452828e+01
3.709999999999999964e-01 3.833693145298596505e+01
3.719999999999999973e-01 3.835247419115887624e+01
3.729999999999999982e-01 3.836789411440599906e+01
3.739999999999999991e-01 3.838319220343910843e+01
3.750000000000000000e-01 3.839836943389889257e+01
3.760000000000000009e-01 3.841342677639485714e+01
3.770000000000000018e-01 3.842836519654349559e+01
3.780000000000000027e-01 3.844318565500782370e+01
3.790000000000000036e-01 3.845788910753501000e+01
3.800000000000000044e-01 3.847247650499446081e+01
3.810000000000000053e-01 3.848694879341516639e+01
3.820000000000000062e-01 3.850130691402299021e+01
3.830000000000000071e-01 3.851555180327690664e+01
3.840000000000000080e-01 3.852968439290580704e+01
3.850000000000000089e-01 3.854370560994391326e+01
3.860000000000000098e-01 3.855761637676656051e+01
3.870000000000000107e-01 3.857141761112598033e+01
3.880000000000000115e-01 3.858511022618500874e+01
3.890000000000000124e-01 3.859869513055224388e+01
3.900000000000000133e-01 3.861217322831669208e+01
3.910000000000000142e-01 3.862554541908014016e+01
3.920000000000000151e-01 3.863881259799228474e+01
3.930000000000000160e-01 3.865197565578256444e+01
3.940000000000000169e-01 3.866503547879375446e+01
3.950000000000000178e-01 3.867799294901385565e+01
3.960000000000000187e-01 3.869084894410895004e+01
3.970000000000000195e-01 3.870360433745400996e+01
3.980000000000000204e-01 3.871625999816563990e+01
3.990000000000000213e-01 3.872881679113220343e+01
4.000000000000000222e-01 3.874127557704559877e+01
4.010000000000000231e-01 3.875363721243110149e+01
4.020000000000000240e-01 3.876590254967811688e+01
4.030000000000000249e-01 3.877807243707019325e+01
4.040000000000000258e-01 3.879014771881429624e+01
4.050000000000000266e-01 3.880212923507093592e+01
4.060000000000000275e-01 3.881401782198264527e+01
4.070000000000000284e-01 3.882581431170331143e+01
4.080000000000000293e-01 3.883751953242642685e+01
4.090000000000000302e-01 3.884913430841351101e+01
4.100000000000000311e-01 3.886065946002224791e+01
4.110000000000000320e-01 3.887209580373394147e+01
4.120000000000000329e-01 3.888344415218159611e+01
4.130000000000000338e-01 3.889470531417646271e+01
4.140000000000000346e-01 3.890588009473560760e+01
4.150000000000000355e-01 3.891696929510806058e+01
4.160000000000000364e-01 3.892797371280181551e+01
4.169999999999999818e-01 3.893889414161003515e+01
4.179999999999999827e-01 3.894973137163634647e+01
4.189999999999999836e-01 3.896048618932172758e+01
4.199999999999999845e-01 3.897115937746855252e+01
4.209999999999999853e-01 3.898175171526742133e+01
4.219999999999999862e-01 3.899226397832063640e+01
4.229999999999999871e-01 3.900269693866829357e+01
4.239999999999999880e-01 3.901305136481227009e+01
4.249999999999999889e-01 3.902332802174015569e+01
4.259999999999999898e-01 3.903352767095037734e+01
4.269999999999999907e-01 3.904365107047493666e+01
4.279999999999999916e-01 3.905369897490390940e+01
4.289999999999999925e-01 3.906367213540852390e+01
4.299999999999999933e-01 3.907357129976463739e+01
4.309999999999999942e-01 3.908339721237553022e+01
4.319999999999999951e-01 3.909315061429452953e+01
4.329999999999999960e-01 3.910283224324842877e+01
4.339999999999999969e-01 3.911244283365874708e+01
4.349999999999999978e-01 3.912198311666514883e+01
4.359999999999999987e-01 3.913145382014619145e+01
4.369999999999999996e-01 3.914085566874229016e+01
4.380000000000000004e-01 3.915018938387646585e+01
4.390000000000000013e-01 3.915945568377611608e+01
4.400000000000000022e-01 3.916865528349444503e+01
4.410000000000000031e-01 3.917778889493109773e+01
4.420000000000000040e-01 3.918685722685307837e+01
4.430000000000000049e-01 3.919586098491578241e+01
4.440000000000000058e-01 3.920480087168289174e+01
4.450000000000000067e-01 3.921367758664700887e+01
4.460000000000000075e-01 3.922249182625029107e+01
4.470000000000000084e-01 3.923124428390320872e+01
4.480000000000000093e-01 3.923993565000506578e+01
4.490000000000000102e-01 3.924856661196378127e+01
4.500000000000000111e-01 3.925713785421476132e+01
4.510000000000000120e-01 3.926565005824062382e+01
4.520000000000000129e-01 3.927410390258967254e+01
4.530000000000000138e-01 3.928250006289624707e+01
4.540000000000000147e-01 3.929083921189680950e+01
4.550000000000000155e-01 3.929912201945177230e+01
4.560000000000000164e-01 3.930734915256152817e+01
4.570000000000000173e-01 3.931552127538583363e+01
4.580000000000000182e-01 3.932363904926143050e+01
4.590000000000000191e-01 3.933170313272046315e+01
4.600000000000000200e-01 3.933971418150838417e+01
4.610000000000000209e-01 3.934767284860021164e+01
4.620000000000000218e-01 3.935557978422042424e+01
4.630000000000000226e-01 3.936343563585836591e+01
4.640000000000000235e-01 3.937124104828620830e+01
4.650000000000000244e-01 3.937899666357600381e+01
4.660000000000000253e-01 3.938670312111656813e+01
4.670000000000000262e-01 3.939436105763007845e+01
4.680000000000000271e-01 3.940197110718935392e+01
4.690000000000000280e-01 3.940953390123343070e+01
4.700000000000000289e-01 3.941705006858467186e+01
4.710000000000000298e-01 3.942452023546474038e+01
4.720000000000000306e-01 3.943194502551028791e+01
4.730000000000000315e-01 3.943932505979012149e+01
4.740000000000000324e-01 3.944666095681935758e+01
4.750000000000000333e-01 3.945395333257664561e+01
4.760000000000000342e-01 3.946120280051877671e+01
4.770000000000000351e-01 3.946840997159654307e+01
4.780000000000000360e-01 3.947557545426985826e+01
4.790000000000000369e-01 3.948269985452299125e+01
4.799999999999999822e-01 3.948978377588031208e+01
4.809999999999999831e-01 3.949682781941947951e+01
4.819999999999999840e-01 3.950383258378860774e+01
4.829999999999999849e-01 3.951079866521882877e+01
4.839999999999999858e-01 3.951772665754026548e+01
4.849999999999999867e-01 3.952461715219567395e+01
4.859999999999999876e-01 3.953147073825567759e+01
4.869999999999999885e-01 3.953828800243223895e+01
4.879999999999999893e-01 3.954506952909252959e+01
4.889999999999999902e-01 3.955181590027410721e+01
4.899999999999999911e-01 3.955852769569804650e+01
4.909999999999999920e-01 3.956520549278229737e+01
4.919999999999999929e-01 3.957184986665583892e+01
4.929999999999999938e-01 3.957846139017317455e+01
4.939999999999999947e-01 3.958504063392581429e+01
4.949999999999999956e-01 3.959158816625722466e+01
4.959999999999999964e-01 3.959810455327527734e+01
4.969999999999999973e-01 3.960459035886600532e+01
4.979999999999999982e-01 3.961104614470565366e+01
4.989999999999999991e-01 3.961747247027471985e+01
5.000000000000000000e-01 3.962386989287023198e+01
5.010000000000000009e-01 3.963023896761819742e+01
5.020000000000000018e-01 3.963658024748696107e+01
5.030000000000000027e-01 3.964289428329914244e+01
5.040000000000000036e-01 3.964918162374431176e+01
5.050000000000000044e-01 3.965544281539126814e+01
5.060000000000000053e-01 3.966167840270003353e+01
5.070000000000000062e-01 3.966788892803526778e+01
5.080000000000000071e-01 3.967407493167598886e+01
5.090000000000000080e-01 3.968023695182984056e+01
5.100000000000000089e-01 3.968637552464343798e+01
5.110000000000000098e-01 3.969249118421515732e+01
5.120000000000000107e-01 3.969858446260616347e+01
5.130000000000000115e-01 3.970465588985172189e+01
5.140000000000000124e-01 3.971070599397421574e+01
5.150000000000000133e-01 3.971673530099269556e+01
5.160000000000000142e-01 3.972274433493532797e+01
5.170000000000000151e-01 3.972873361785070756e+01
5.180000000000000160e-01 3.973470366981837287e+01
5.190000000000000169e-01 3.974065500896017511e+01
5.200000000000000178e-01 3.974658815145141944e+01
5.210000000000000187e-01 3.975250361153166523e+01
5.220000000000000195e-01 3.975840190151586739e+01
5.230000000000000204e-01 3.976428353180432396e+01
5.240000000000000213e-01 3.977014901089415844e+01
5.250000000000000222e-01 3.977599884538932429e+01
5.260000000000000231e-01 3.978183354001180305e+01
5.270000000000000240e-01 3.978765359761155196e+01
5.280000000000000249e-01 3.979345951917656521e+01
5.290000000000000258e-01 3.979925180384384475e+01
5.300000000000000266e-01 3.980503094890951843e+01
5.310000000000000275e-01 3.981079744983787805e+01
5.320000000000000284e-01 3.981655180027343022e+01
5.330000000000000293e-01 3.982229449204879757e+01
5.340000000000000302e-01 3.982802601519603058e+01
5.350000000000000311e-01 3.983374685795592995e+01
5.360000000000000320e-01 3.983945750678788045e+01
5.370000000000000329e-01 3.984515844637900273e+01
5.380000000000000338e-01 3.985085015965495359e+01
5.390000000000000346e-01 3.985653312778902091e+01
5.400000000000000355e-01 3.986220783021030911e+01
5.410000000000000364e-01 3.986787474461493730e+01
5.420000000000000373e-01 3.987353434697479315e+01
5.430000000000000382e-01 3.987918711154634366e+01
5.440000000000000391e-01 3.988483351088052586e+01
5.450000000000000400e-01 3.989047401583076180e+01
5.460000000000000409e-01 3.989610909556415663e+01
5.470000000000000417e-01 3.990173921756803566e+01
5.480000000000000426e-01 3.990736484766063086e+01
5.490000000000000435e-01 3.991298644999892531e+01
5.500000000000000444e-01 3.991860448708871445e+01
5.510000000000000453e-01 3.992421941979159783e+01
5.520000000000000462e-01 3.992983170733521092e+01
5.530000000000000471e-01 3.993544180732124005e+01
5.540000000000000480e-01 3.994105017573406258e+01
5.550000000000000488e-01 3.994665726694898922e+01
5.560000000000000497e-01 3.995226353374135897e+01
5.570000000000000506e-01 3.995786942729432667e+01
5.580000000000000515e-01 3.996347539720773057e+01
5.590000000000000524e-01 3.996908189150508406e+01
5.600000000000000533e-01 3.997468935664392120e+01
5.610000000000000542e-01 3.998029823752256107e+01
5.620000000000000551e-01 3.998590897748795214e+01
5.630000000000000560e-01 3.999152201834442621e+01
5.640000000000000568e-01 3.999713780036188382e+01
5.650000000000000577e-01 4.000275676228272914e+01
5.660000000000000586e-01 4.000837934133085128e+01
5.670000000000000595e-01 4.001400597321844543e+01
5.680000000000000604e-01 4.001963709215476683e+01
5.690000000000000613e-01 4.002527313085317928e+01
5.700000000000000622e-01 4.003091452053877219e+01
5.710000000000000631e-01 4.003656169095677342e+01
5.720000000000000639e-01 4.004221507037902938e+01
5.730000000000000648e-01 4.004787508561230425e+01
5.740000000000000657e-01 4.005354216200498740e+01
5.750000000000000666e-01 4.005921672345607476e+01
5.760000000000000675e-01 4.006489919242039832e+01
5.769999999999999574e-01 4.007058998991726639e+01
5.779999999999999583e-01 4.007628953553728479e+01
5.789999999999999591e-01 4.008199824745020123e+01
5.799999999999999600e-01 4.008771654241104443e+01
5.809999999999999609e-01 4.009344483576785478e+01
5.819999999999999618e-01 4.009918354146918773e+01
5.829999999999999627e-01 4.010493307206945701e+01
5.839999999999999636e-01 4.011069383873802963e+01
5.849999999999999645e-01 4.011646625126502386e+01
5.859999999999999654e-01 4.012225071806778942e+01
5.869999999999999662e-01 4.012804764619875186e+01
5.879999999999999671e-01 4.013385744135132427e+01
5.889999999999999680e-01 4.013968050786729691e+01
5.899999999999999689e-01 4.014551724874377214e+01
5.909999999999999698e-01 4.015136806563782557e+01
5.919999999999999707e-01 4.015723335887594203e+01
5.929999999999999716e-01 4.016311352745867680e+01
5.939999999999999725e-01 4.016900896906804519e+01
5.949999999999999734e-01 4.017492008007320692e+01
5.959999999999999742e-01 4.018084725553762837e+01
5.969999999999999751e-01 4.018679088922544906e+01
5.979999999999999760e-01 4.019275137360693861e+01
5.989999999999999769e-01 4.019872909986588638e+01
5.999999999999999778e-01 4.020472445790596794e+01
6.009999999999999787e-01 4.021073783635540622e+01
6.019999999999999796e-01 4.021676962257424748e+01
6.029999999999999805e-01 4.022282020266186464e+01
6.039999999999999813e-01 4.022888996146025420e+01
6.049999999999999822e-01 4.023497928256165324e+01
6.059999999999999831e-01 4.024108854831490589e+01
6.069999999999999840e-01 4.024721813983080665e+01
6.079999999999999849e-01 4.025336843698812572e+01
6.089999999999999858e-01 4.025953981843929341e+01
6.099999999999999867e-01 4.026573266161722131e+01
6.109999999999999876e-01 4.027194734273984977e+01
6.119999999999999885e-01 4.027818423681685545e+01
6.129999999999999893e-01 4.028444371765544929e+01
6.139999999999999902e-01 4.029072615786537881e+01
6.149999999999999911e-01 4.029703192886495344e+01
6.159999999999999920e-01 4.030336140088706998e+01
6.169999999999999929e-01 4.030971494298444213e+01
6.179999999999999938e-01 4.031609292303517122e+01
6.189999999999999947e-01 4.032249570774831682e+01
6.199999999999999956e-01 4.032892366267003581e+01
6.209999999999999964e-01 4.033537715218778885e+01
6.219999999999999973e-01 4.034185653953670680e+01
6.229999999999999982e-01 4.034836218680459297e+01
6.239999999999999991e-01 4.035489445493851690e+01
6.250000000000000000e-01 4.036145370374754293e+01
6.260000000000000009e-01 4.036804029191068821e+01
6.270000000000000018e-01 4.037465457698067439e+01
6.280000000000000027e-01 4.038129691538995303e+01
6.290000000000000036e-01 4.038796766245502567e+01
6.300000000000000044e-01 4.039466717238281035e+01
6.310000000000000053e-01 4.040139579827484795e+01
6.320000000000000062e-01 4.040815389213196340e+01
6.330000000000000071e-01 4.041494180486131427e+01
6.340000000000000080e-01 4.042175988627980132e+01
6.350000000000000089e-01 4.042860848511861604e+01
6.360000000000000098e-01 4.043548794903028920e+01
6.370000000000000107e-01 4.044239862459164669e+01
6.380000000000000115e-01 4.044934085731006235e+01
6.390000000000000124e-01 4.045631499162755063e+01
6.400000000000000133e-01 4.046332137092588255e+01
6.410000000000000142e-01 4.047036033753101947e+01
6.420000000000000151e-01 4.047743223271925217e+01
6.430000000000000160e-01 4.048453739672072516e+01
6.440000000000000169e-01 4.049167616872409781e+01
6.450000000000000178e-01 4.049884888688177398e+01
6.460000000000000187e-01 4.050605588831490422e+01
6.470000000000000195e-01 4.051329750911759220e+01
6.480000000000000204e-01 4.052057408436110109e+01
6.490000000000000213e-01 4.052788594809942424e+01
6.500000000000000222e-01 4.053523343337292317e+01
6.510000000000000231e-01 4.054261687221344346e+01
6.520000000000000240e-01 4.055003659564931695e+01
6.530000000000000249e-01 4.055749293370854502e+01
6.540000000000000258e-01 4.056498621542402816e+01
6.550000000000000266e-01 4.057251676883822711e+01
6.560000000000000275e-01 4.058008492100714193e+01
6.570000000000000284e-01 4.058769099800485947e+01
6.580000000000000293e-01 4.059533532492798713e+01
6.590000000000000302e-01 4.060301822589997300e+01
6.600000000000000311e-01 4.061074002407508488e+01
6.610000000000000320e-01 4.061850104164295772e+01
6.620000000000000329e-01 4.062630159983348221e+01
6.630000000000000338e-01 4.063414201891964694e+01
6.640000000000000346e-01 4.064202261822322271e+01
6.650000000000000355e-01 4.064994371611737733e+01
6.660000000000000364e-01 4.065790563003292846e+01
6.670000000000000373e-01 4.066590867645982144e+01
6.680000000000000382e-01 4.067395317095372320e+01
6.690000000000000391e-01 4.068203942813840968e+01
6.700000000000000400e-01 4.069016776171088168e+01
6.710000000000000409e-01 4.069833848444523028e+01
6.720000000000000417e-01 4.070655190819604741e+01
6.730000000000000426e-01 4.071480834390206383e+01
6.740000000000000435e-01 4.072310810159262928e+01
6.750000000000000444e-01 4.073145149038816726e+01
6.760000000000000453e-01 4.073983881850688249e+01
6.770000000000000462e-01 4.074827039326703471e+01
6.780000000000000471e-01 4.075674652109171348e+01
6.790000000000000480e-01 4.076526750751202144e+01
6.800000000000000488e-01 4.077383365717105335e+01
6.810000000000000497e-01 4.078244527382901197e+01
6.820000000000000506e-01 4.079110266036434496e+01
6.830000000000000515e-01 4.079980611877999763e+01
6.840000000000000524e-01 4.080855595020625515e+01
6.850000000000000533e-01 4.081735245490381203e+01
6.860000000000000542e-01 4.082619593226888810e+01
6.870000000000000551e-01 4.083508668083493376e+01
6.880000000000000560e-01 4.084402499827899646e+01
6.890000000000000568e-01 4.085301118142228916e+01
6.900000000000000577e-01 4.086204552623610198e+01
6.910000000000000586e-01 4.087112832784498551e+01
6.920000000000000595e-01 4.088025988052925186e+01
6.930000000000000604e-01 4.088944047773009061e+01
6.940000000000000613e-01 4.089867041205116038e+01
6.950000000000000622e-01 4.090794997526450061e+01
6.960000000000000631e-01 4.091727945831166835e+01
6.970000000000000639e-01 4.092665915130896792e+01
6.980000000000000648e-01 4.093608934355029305e+01
6.990000000000000657e-01 4.094557032351031012e+01
7.000000000000000666e-01 4.095510237884786875e+01
7.010000000000000675e-01 4.096468579640986718e+01
7.020000000000000684e-01 4.097432086223477654e+01
7.030000000000000693e-01 4.098400786155525566e+01
7.039999999999999591e-01 4.099374707880178903e+01
7.049999999999999600e-01 4.100353879760609743e+01
7.059999999999999609e-01 4.101338330080511696e+01
7.069999999999999618e-01 4.102328087044236327e+01
7.079999999999999627e-01 4.103323178777350222e+01
7.089999999999999636e-01 4.104323633326839627e+01
7.099999999999999645e-01 4.105329478661428766e+01
7.109999999999999654e-01 4.106340742671920907e+01
7.119999999999999662e-01 4.107357453171539419e+01
7.129999999999999671e-01 4.108379637896200620e+01
7.139999999999999680e-01 4.109407324504900316e+01
7.149999999999999689e-01 4.110440540579986646e+01
7.159999999999999698e-01 4.111479313627376087e+01
7.169999999999999707e-01 4.112523671077110521e+01
7.179999999999999716e-01 4.113573640283379973e+01
7.189999999999999725e-01 4.114629248525022831e+01
7.199999999999999734e-01 4.115690523005855539e+01
7.209999999999999742e-01 4.116757490854752177e+01
7.219999999999999751e-01 4.117830179126212897e+01
7.229999999999999760e-01 4.118908614800488976e+01
7.239999999999999769e-01 4.119992824783946617e+01
7.249999999999999778e-01 4.121082835909373898e+01
7.259999999999999787e-01 4.122178674936264997e+01
7.269999999999999796e-01 4.123280368551070296e+01
7.279999999999999805e-01 4.124387943367617027e+01
7.289999999999999813e-01 4.125501425927211585e+01
7.299999999999999822e-01 4.126620842699082914e+01
7.309999999999999831e-01 4.127746220080666717e+01
7.319999999999999840e-01 4.128877584397787359e+01
7.329999999999999849e-01 4.130014961904987558e+01
7.339999999999999858e-01 4.131158378785903551e+01
7.349999999999999867e-01 4.132307861153435624e+01
7.359999999999999876e-01 4.133463435050043699e+01
7.369999999999999885e-01 4.134625126448077026e+01
7.379999999999999893e-01 4.135792961250001554e+01
7.389999999999999902e-01 4.136966965288729625e+01
7.399999999999999911e-01 4.138147164327835981e+01
7.409999999999999920e-01 4.139333584061876081e+01
7.419999999999999929e-01 4.140526250116658957e+01
7.429999999999999938e-01 4.141725188049463213e+01
7.439999999999999947e-01 4.142930423349400826e+01
7.449999999999999956e-01 4.144141981437542199e+01
7.459999999999999964e-01 4.145359887667370913e+01
7.469999999999999973e-01 4.146584167324840564e+01
7.479999999999999982e-01 4.147814845628863623e+01
7.489999999999999991e-01 4.149051947731391010e+01
7.500000000000000000e-01 4.150295498717684950e+01
7.510000000000000009e-01 4.151545523606739607e+01
7.520000000000000018e-01 4.152802047351337933e+01
7.530000000000000027e-01 4.154065094838483674e+01
7.540000000000000036e-01 4.155334690889503690e+01
7.550000000000000044e-01 4.156610860260434492e+01
7.560000000000000053e-01 4.157893627642158663e+01
7.570000000000000062e-01 4.159183017660768655e+01
7.580000000000000071e-01 4.160479054877657745e+01
7.590000000000000080e-01 4.161781763790008881e+01
7.600000000000000089e-01 4.163091168830851529e+01
7.610000000000000098e-01 4.164407294369300416e+01
7.620000000000000107e-01 4.165730164710919325e+01
7.630000000000000115e-01 4.167059804097959841e+01
7.640000000000000124e-01 4.168396236709452296e+01
7.650000000000000133e-01 4.169739486661524097e+01
7.660000000000000142e-01 4.171089578007843102e+01
7.670000000000000151e-01 4.172446534739469826e+01
7.680000000000000160e-01 4.173810380785471352e+01
7.690000000000000169e-01 4.175181140012875858e+01
7.700000000000000178e-01 4.176558836227025040e+01
7.710000000000000187e-01 4.177943493171892442e+01
7.720000000000000195e-01 4.179335134530094820e+01
7.730000000000000204e-01 4.180733783923426472e+01
7.740000000000000213e-01 4.182139464912779658e+01
7.750000000000000222e-01 4.183552200998519766e+01
7.760000000000000231e-01 4.184972015620837738e+01
7.770000000000000240e-01 4.186398932159738706e+01
7.780000000000000249e-01 4.187832973935360314e+01
7.790000000000000258e-01 4.189274164208268303e+01
7.800000000000000266e-01 4.190722526179604301e+01
7.810000000000000275e-01 4.192178082991426891e+01
7.820000000000000284e-01 4.193640857726643389e+01
7.830000000000000293e-01 4.195110873409612395e+01
7.840000000000000302e-01 4.196588153006018729e+01
7.850000000000000311e-01 4.198072719423396393e+01
7.860000000000000320e-01 4.199564595511083098e+01
7.870000000000000329e-01 4.201063804060618168e+01
7.880000000000000338e-01 4.202570367805822116e+01
7.890000000000000346e-01 4.204084309423171817e+01
7.900000000000000355e-01 4.205605651531834610e+01
7.910000000000000364e-01 4.207134416693997991e+01
7.920000000000000373e-01 4.208670627415085619e+01
7.930000000000000382e-01 4.210214306143848262e+01
7.940000000000000391e-01 4.211765475272727599e+01
7.950000000000000400e-01 4.213324157137947168e+01
7.960000000000000409e-01 4.214890374019751107e+01
7.970000000000000417e-01 4.216464148142642898e+01
7.980000000000000426e-01 4.218045501675612741e+01
7.990000000000000435e-01 4.219634456732183025e+01
8.000000000000000444e-01 4.221231035370828977e+01
8.010000000000000453e-01 4.222835259595035495e+01
8.020000000000000462e-01 4.224447151353547270e+01
8.030000000000000471e-01 4.226066732540482462e+01
8.040000000000000480e-01 4.227694024995707878e+01
8.050000000000000488e-01 4.229329050504941279e+01
8.060000000000000497e-01 4.230971830799808231e+01
8.070000000000000506e-01 4.232622387558342325e+01
8.080000000000000515e-01 4.234280742404916964e+01
8.090000000000000524e-01 4.235946916910518212e+01
8.100000000000000533e-01 4.237620932592960799e+01
8.110000000000000542e-01 4.239302810917149600e+01
8.120000000000000551e-01 4.240992573295102375e+01
8.130000000000000560e-01 4.242690241086302194e+01
8.140000000000000568e-01 4.244395835597651967e+01
8.150000000000000577e-01 4.246109378084111086e+01
8.160000000000000586e-01 4.247830889748274785e+01
8.170000000000000595e-01 4.249560391741147214e+01
8.180000000000000604e-01 4.251297905161914059e+01
8.190000000000000613e-01 4.253043451058351820e+01
8.200000000000000622e-01 4.254797050426850547e+01
8.210000000000000631e-01 4.256558724212754896e+01
8.220000000000000639e-01 4.258328493310455087e+01
8.230000000000000648e-01 4.260106378563568796e+01
8.240000000000000657e-01 4.261892400765191269e+01
8.250000000000000666e-01 4.263686580657940794e+01
8.260000000000000675e-01 4.265488938934345242e+01
8.270000000000000684e-01 4.267299496236682899e+01
8.280000000000000693e-01 4.269118273157596377e+01
8.290000000000000702e-01 4.270945290239933456e+01
8.300000000000000711e-01 4.272780567977088140e+01
8.310000000000000719e-01 4.274624126812955183e+01
8.320000000000000728e-01 4.276475987142544000e+01
8.329999999999999627e-01 4.278336169311614867e+01
8.339999999999999636e-01 4.280204693617292833e+01
8.349999999999999645e-01 4.282081580307931290e+01
8.359999999999999654e-01 4.283966849583498515e+01
8.369999999999999662e-01 4.285860521595577666e+01
8.379999999999999671e-01 4.287762616447753317e+01
8.389999999999999680e-01 4.289673154195429561e+01
8.399999999999999689e-01 4.291592154846466656e+01
8.409999999999999698e-01 4.293519638360839963e+01
8.419999999999999707e-01 4.295455624651208382e+01
8.429999999999999716e-01 4.297400133582914350e+01
8.439999999999999725e-01 4.299353184974143005e+01
8.449999999999999734e-01 4.301314798596035871e+01
8.459999999999999742e-01 4.303284994173031919e+01
8.469999999999999751e-01 4.305263791382913041e+01
8.479999999999999760e-01 4.307251209856826790e+01
8.489999999999999769e-01 4.309247269179786599e+01
8.499999999999999778e-01 4.311251988890467146e+01
8.509999999999999787e-01 4.313265388481681839e+01
8.519999999999999796e-01 4.315287487400269129e+01
8.529999999999999805e-01 4.317318305047456306e+01
8.539999999999999813e-01 4.319357860778882241e+01
8.549999999999999822e-01 4.321406173904779280e+01
8.559999999999999831e-01 4.323463263690314307e+01
8.569999999999999840e-01 4.325529149355293157e+01
8.579999999999999849e-01 4.327603850074956426e+01
8.589999999999999858e-01 4.329687384979411036e+01
8.599999999999999867e-01 4.331779773154494251e+01
8.609999999999999876e-01 4.333881033641318936e+01
8.619999999999999885e-01 4.335991185436864725e+01
8.629999999999999893e-01 4.338110247493796123e+01
8.639999999999999902e-01 4.340238238720985464e+01
8.649999999999999911e-01 4.342375177983240064e+01
8.659999999999999920e-01 4.344521084101711494e+01
8.669999999999999929e-01 4.346675975854032004e+01
8.679999999999999938e-01 4.348839871974405469e+01
8.689999999999999947e-01 4.351012791153721082e+01
8.699999999999999956e-01 4.353194752039826199e+01
8.709999999999999964e-01 4.355385773237480862e+01
8.719999999999999973e-01 4.357585873308721602e+01
8.729999999999999982e-01 4.359795070772815961e+01
8.739999999999999991e-01 4.362013384106512603e+01
8.750000000000000000e-01 4.364240831744155003e+01
8.760000000000000009e-01 4.366477432077817866e+01
8.770000000000000018e-01 4.368723203457466298e+01
8.780000000000000027e-01 4.370978164191069482e+01
8.790000000000000036e-01 4.373242332544714372e+01
8.800000000000000044e-01 4.375515726742924016e+01
8.810000000000000053e-01 4.377798364968498390e+01
8.820000000000000062e-01 4.380090265362923674e+01
8.830000000000000071e-01 4.382391446026349513e+01
8.840000000000000080e-01 4.384701925017725443e+01
8.850000000000000089e-01 4.387021720355096477e+01
8.860000000000000098e-01 4.389350850015580363e+01
8.870000000000000107e-01 4.391689331935549490e+01
8.880000000000000115e-01 4.394037184010744568e+01
8.890000000000000124e-01 4.396394424096456532e+01
8.900000000000000133e-01 4.398761070007640228e+01
8.910000000000000142e-01 4.401137139519028096e+01
8.920000000000000151e-01 4.403522650365266600e+01
8.930000000000000160e-01 4.405917620241098120e+01
8.940000000000000169e-01 4.408322066801497385e+01
8.950000000000000178e-01 4.410736007661535041e+01
8.960000000000000187e-01 4.413159460396946088e+01
8.970000000000000195e-01 4.415592442543993457e+01
8.980000000000000204e-01 4.418034971599649907e+01
8.990000000000000213e-01 4.420487065021552553e+01
9.000000000000000222e-01 4.422948740228639508e+01
9.010000000000000231e-01 4.425420014600604190e+01
9.020000000000000240e-01 4.427900905478577442e+01
9.030000000000000249e-01 4.430391430164854683e+01
9.040000000000000258e-01 4.432891605923327916e+01
9.050000000000000266e-01 4.435401449979394783e+01
9.060000000000000275e-01 4.437920979520345099e+01
9.070000000000000284e-01 4.440450211694974314e+01
9.080000000000000293e-01 4.442989163614424797e+01
9.090000000000000302e-01 4.445537852351571928e+01
9.100000000000000311e-01 4.448096294941774431e+01
9.110000000000000320e-01 4.450664508382556050e+01
9.120000000000000329e-01 4.453242509633969348e+01
9.130000000000000338e-01 4.455830315618572968e+01
9.140000000000000346e-01 4.458427943221681744e+01
9.150000000000000355e-01 4.461035409291412179e+01
9.160000000000000364e-01 4.463652730638682442e+01
9.170000000000000373e-01 4.466279924037689852e+01
9.180000000000000382e-01 4.468917006225592559e+01
9.190000000000000391e-01 4.471563993902987022e+01
9.200000000000000400e-01 4.474220903733726118e+01
9.210000000000000409e-01 4.476887752345305671e+01
9.220000000000000417e-01 4.479564556328728031e+01
9.230000000000000426e-01 4.482251332238888608e+01
9.240000000000000435e-01 4.484948096594439448e+01
9.250000000000000444e-01 4.487654865877971133e+01
9.260000000000000453e-01 4.490371656536399314e+01
9.270000000000000462e-01 4.493098484980578178e+01
9.280000000000000471e-01 4.495835367585777931e+01
9.290000000000000480e-01 4.498582320691798486e+01
9.300000000000000488e-01 4.501339360602855777e+01
9.310000000000000497e-01 4.504106503587831867e+01
9.320000000000000506e-01 4.506883765880456849e+01
9.330000000000000515e-01 4.509671163679286110e+01
9.340000000000000524e-01 4.512468713147882227e+01
9.350000000000000533e-01 4.515276430414860442e+01
9.360000000000000542e-01 4.518094331574093303e+01
9.370000000000000551e-01 4.520922432684778869e+01
9.380000000000000560e-01 4.523760749771440715e+01
9.390000000000000568e-01 4.526609298824337202e+01
9.400000000000000577e-01 4.529468095799143157e+01
9.410000000000000586e-01 4.532337156617427354e+01
9.420000000000000595e-01 4.535216497166561567e+01
9.430000000000000604e-01 4.538106133299902467e+01
9.440000000000000613e-01 4.541006080836814363e+01
9.450000000000000622e-01 4.543916355562896570e+01
9.460000000000000631e-01 4.546836973230051626e+01
9.470000000000000639e-01 4.549767949556485291e+01
9.480000000000000648e-01 4.552709300226911182e+01
9.490000000000000657e-01 4.555661040892687197e+01
9.500000000000000666e-01 4.558623187171792779e+01
9.510000000000000675e-01 4.561595754648965340e+01
9.520000000000000684e-01 4.564578758876018583e+01
9.530000000000000693e-01 4.567572215371660604e+01
9.540000000000000702e-01 4.570576139621607581e+01
9.550000000000000711e-01 4.573590547078970303e+01
9.560000000000000719e-01 4.576615453164026803e+01
9.570000000000000728e-01 4.579650873264404254e+01
9.580000000000000737e-01 4.582696822735397291e+01
9.590000000000000746e-01 4.585753316899899801e+01
9.599999999999999645e-01 4.588820371048359448e+01
9.609999999999999654e-01 4.591898000439118732e+01
9.619999999999999662e-01 4.594986220298392254e+01
9.629999999999999671e-01 4.598085045820448613e+01
9.639999999999999680e-01 4.601194492167542194e+01
9.649999999999999689e-01 4.604314574470208754e+01
9.659999999999999698e-01 4.607445307827379111e+01
9.669999999999999707e-01 4.610586707305969867e+01
9.679999999999999716e-01 4.613738787941929331e+01
9.689999999999999725e-01 4.616901564739350761e+01
9.699999999999999734e-01 4.620075052671154481e+01
9.709999999999999742e-01 4.623259266679065149e+01
9.719999999999999751e-01 4.626454221673520806e+01
9.729999999999999760e-01 4.629659932534218569e+01
9.739999999999999769e-01 4.632876414109500729e+01
9.749999999999999778e-01 4.636103681217173289e+01
9.759999999999999787e-01 4.639341748644096697e+01
9.769999999999999796e-01 4.642590631146595115e+01
9.779999999999999805e-01 4.645850343450274522e+01
9.789999999999999813e-01 4.649120900250295563e+01
9.799999999999999822e-01 4.652402316211419020e+01
9.809999999999999831e-01 4.655694605968210453e+01
9.819999999999999840e-01 4.658997784124926511e+01
9.829999999999999849e-01 4.662311865255583143e+01
9.839999999999999858e-01 4.665636863904342135e+01
9.849999999999999867e-01 4.668972794585329211e+01
9.859999999999999876e-01 4.672319671782906880e+01
9.869999999999999885e-01 4.675677509951492539e+01
9.879999999999999893e-01 4.679046323516035955e+01
9.889999999999999902e-01 4.682426126871723682e+01
9.899999999999999911e-01 4.685816934384274646e+01
9.909999999999999920e-01 4.689218760390076568e+01
9.919999999999999929e-01 4.692631619196095016e+01
9.929999999999999938e-01 4.696055525080100779e+01
9.939999999999999947e-01 4.699490492290715338e+01
9.949999999999999956e-01 4.702936535047456346e+01
9.959999999999999964e-01 4.706393667540896786e+01
9.969999999999999973e-01 4.709861903932619498e+01
9.979999999999999982e-01 4.713341258355512764e+01
9.989999999999999991e-01 4.716831744913702096e+01
1.000000000000000000e+00 4.720333377682595710e+01
