0.000000000000000000e+00 0.000000000000000000e+00
1.000000000000000021e-03 8.001927749619701657e-01
2.000000000000000042e-03 1.401540946306682134e+00
3.000000000000000062e-03 1.947663037638569961e+00
4.000000000000000083e-03 2.459533143418404677e+00
5.000000000000000104e-03 2.946343286572284281e+00
6.000000000000000125e-03 3.413261528563955594e+00
7.000000000000000146e-03 3.863599588274843732e+00
8.000000000000000167e-03 4.299661195277780124e+00
9.000000000000001055e-03 4.723142282305982320e+00
1.000000000000000021e-02 5.135344277601057605e+00
1.099999999999999936e-02 5.537298115133387988e+00
1.200000000000000025e-02 5.929841213312446513e+00
1.300000000000000114e-02 6.313667769297169663e+00
1.400000000000000029e-02 6.689363001249553520e+00
1.499999999999999944e-02 7.057427265921909054e+00
1.600000000000000033e-02 7.418293534843333425e+00
1.700000000000000122e-02 7.772340367759320579e+00
1.800000000000000211e-02 8.119901745978127749e+00
1.899999999999999953e-02 8.461274661865036961e+00
2.000000000000000042e-02 8.796725070422192871e+00
2.100000000000000130e-02 9.126492622626187767e+00
2.199999999999999872e-02 9.450794477450470410e+00
2.299999999999999961e-02 9.769828406678904287e+00
2.400000000000000050e-02 1.008377534954365728e+01
2.500000000000000139e-02 1.039280153413921326e+01
2.600000000000000228e-02 1.069706025393060855e+01
2.699999999999999969e-02 1.099669336689883536e+01
2.800000000000000058e-02 1.129183256957809789e+01
2.900000000000000147e-02 1.158260048684267574e+01
2.999999999999999889e-02 1.186911160970339196e+01
3.099999999999999978e-02 1.215147310681591719e+01
3.200000000000000067e-02 1.242978553035041500e+01
3.300000000000000155e-02 1.270414343294200066e+01
3.400000000000000244e-02 1.297463590935796240e+01
3.500000000000000333e-02 1.324134707407815448e+01
3.600000000000000422e-02 1.350435648404043754e+01
3.699999999999999817e-02 1.376373951424169917e+01
3.799999999999999906e-02 1.401956769262312896e+01
3.899999999999999994e-02 1.427190899964159598e+01
4.000000000000000083e-02 1.452082813708921627e+01
4.100000000000000172e-02 1.476638677003171018e+01
4.200000000000000261e-02 1.500864374516429756e+01
4.300000000000000350e-02 1.524765528840825191e+01
4.399999999999999745e-02 1.548347518417404345e+01
4.499999999999999833e-02 1.571615493838329769e+01
4.599999999999999922e-02 1.594574392706092070e+01
4.700000000000000011e-02 1.617228953207062148e+01
4.800000000000000100e-02 1.639583726536497821e+01
4.900000000000000189e-02 1.661643088294875881e+01
5.000000000000000278e-02 1.683411248960649331e+01
5.100000000000000366e-02 1.704892263531860408e+01
5.200000000000000455e-02 1.726090040418113958e+01
5.299999999999999850e-02 1.747008349654957371e+01
5.399999999999999939e-02 1.767650830504547343e+01
5.500000000000000028e-02 1.788020998499335690e+01
5.600000000000000117e-02 1.808122251979323991e+01
5.700000000000000205e-02 1.827957878167983807e+01
5.800000000000000294e-02 1.847531058827194528e+01
5.900000000000000383e-02 1.866844875527372238e+01
5.999999999999999778e-02 1.885902314565259275e+01
6.099999999999999867e-02 1.904706271558622532e+01
6.199999999999999956e-02 1.923259555744203197e+01
6.300000000000000044e-02 1.941564894002727470e+01
6.400000000000000133e-02 1.959624934632511284e+01
6.500000000000000222e-02 1.977442250891179043e+01
6.600000000000000311e-02 1.995019344323220878e+01
6.700000000000000400e-02 2.012358647889484331e+01
6.800000000000000488e-02 2.029462528913281716e+01
6.900000000000000577e-02 2.046333291856484848e+01
7.000000000000000666e-02 2.062973180937826712e+01
7.100000000000000755e-02 2.079384382604570902e+01
7.200000000000000844e-02 2.095569027867807321e+01
7.299999999999999545e-02 2.111529194510709928e+01
7.399999999999999634e-02 2.127266909178424115e+01
7.499999999999999722e-02 2.142784149357446211e+01
7.599999999999999811e-02 2.158082845251821169e+01
7.699999999999999900e-02 2.173164881562859563e+01
7.799999999999999989e-02 2.188032099178556678e+01
7.900000000000000078e-02 2.202686296778443165e+01
8.000000000000000167e-02 2.217129232359158664e+01
8.100000000000000255e-02 2.231362624685624851e+01
8.200000000000000344e-02 2.245388154672371073e+01
8.300000000000000433e-02 2.259207466699196587e+01
8.400000000000000522e-02 2.272822169865079545e+01
8.500000000000000611e-02 2.286233839183964278e+01
8.600000000000000699e-02 2.299444016725776763e+01
8.700000000000000788e-02 2.312454212705829093e+01
8.799999999999999489e-02 2.325265906525516257e+01
8.899999999999999578e-02 2.337880547767043993e+01
8.999999999999999667e-02 2.350299557144715834e+01
9.099999999999999756e-02 2.362524327415169623e+01
9.199999999999999845e-02 2.374556224248771841e+01
9.299999999999999933e-02 2.386396587064245978e+01
9.400000000000000022e-02 2.398046729828483237e+01
9.500000000000000111e-02 2.409507941823356347e+01
9.600000000000000200e-02 2.420781488381229707e+01
9.700000000000000289e-02 2.431868611590793705e+01
9.800000000000000377e-02 2.442770530974689080e+01
9.900000000000000466e-02 2.453488444140371527e+01
1.000000000000000056e-01 2.464023527405513647e+01
1.010000000000000064e-01 2.474376936399209370e+01
1.020000000000000073e-01 2.484549806640151104e+01
1.030000000000000082e-01 2.494543254092886997e+01
1.040000000000000091e-01 2.504358375703196060e+01
1.049999999999999961e-01 2.513996249913576975e+01
1.059999999999999970e-01 2.523457937159765407e+01
1.069999999999999979e-01 2.532744480349164107e+01
1.079999999999999988e-01 2.541856905322010718e+01
1.089999999999999997e-01 2.550796221296067046e+01
1.100000000000000006e-01 2.559563421295565178e+01
1.110000000000000014e-01 2.568159482565119589e+01
1.120000000000000023e-01 2.576585366969255020e+01
1.130000000000000032e-01 2.584842021378194232e+01
1.140000000000000041e-01 2.592930378040479766e+01
1.150000000000000050e-01 2.600851354943011984e+01
1.160000000000000059e-01 2.608605856159031333e+01
1.170000000000000068e-01 2.616194772184551454e+01
1.180000000000000077e-01 2.623618980263719891e+01
1.190000000000000085e-01 2.630879344703582490e+01
1.199999999999999956e-01 2.637976717178666064e+01
1.209999999999999964e-01 2.644911937025798920e+01
1.219999999999999973e-01 2.651685831529574955e+01
1.229999999999999982e-01 2.658299216198816595e+01
1.239999999999999991e-01 2.664752895034409264e+01
1.250000000000000000e-01 2.671047660788836708e+01
1.260000000000000009e-01 2.677184295217742971e+01
1.270000000000000018e-01 2.683163569323837550e+01
1.280000000000000027e-01 2.688986243593416603e+01
1.290000000000000036e-01 2.694653068225813541e+01
1.300000000000000044e-01 2.700164783356012066e+01
1.310000000000000053e-01 2.705522119270698056e+01
1.320000000000000062e-01 2.710725796617996508e+01
1.330000000000000071e-01 2.715776526611099584e+01
1.340000000000000080e-01 2.720675011226055062e+01
1.350000000000000089e-01 2.725421943393880753e+01
1.360000000000000098e-01 2.730018007187231888e+01
1.370000000000000107e-01 2.734463878001827197e+01
1.380000000000000115e-01 2.738760222732785365e+01
1.390000000000000124e-01 2.742907699946090716e+01
1.400000000000000133e-01 2.746906960045327750e+01
1.410000000000000142e-01 2.750758645433865013e+01
1.420000000000000151e-01 2.754463390672643897e+01
1.430000000000000160e-01 2.758021822633711650e+01
1.440000000000000169e-01 2.761434560649652781e+01
1.449999999999999900e-01 2.764702216659063438e+01
1.459999999999999909e-01 2.767825395348183548e+01
1.469999999999999918e-01 2.770804694288825942e+01
1.479999999999999927e-01 2.773640704072728624e+01
1.489999999999999936e-01 2.776334008442429280e+01
1.499999999999999944e-01 2.778885184418806631e+01
1.509999999999999953e-01 2.781294802425352586e+01
1.519999999999999962e-01 2.783563426409321906e+01
1.529999999999999971e-01 2.785691613959846791e+01
1.539999999999999980e-01 2.787679916423083171e+01
1.549999999999999989e-01 2.789528879014531526e+01
1.559999999999999998e-01 2.791239040928584103e+01
1.570000000000000007e-01 2.792810935445394094e+01
1.580000000000000016e-01 2.794245090035159862e+01
1.590000000000000024e-01 2.795542026459881413e+01
1.600000000000000033e-01 2.796702260872699952e+01
1.610000000000000042e-01 2.797726303914850021e+01
1.620000000000000051e-01 2.798614660810337185e+01
1.630000000000000060e-01 2.799367831458380351e+01
1.640000000000000069e-01 2.799986310523703636e+01
1.650000000000000078e-01 2.800470587524728217e+01
1.660000000000000087e-01 2.800821146919736293e+01
1.670000000000000095e-01 2.801038468191052289e+01
1.680000000000000104e-01 2.801123025927314814e+01
1.690000000000000113e-01 2.801075289903887011e+01
1.700000000000000122e-01 2.800895725161455019e+01
1.710000000000000131e-01 2.800584792082871388e+01
1.720000000000000140e-01 2.800142946468289296e+01
1.730000000000000149e-01 2.799570639608639766e+01
1.740000000000000158e-01 2.798868318357494545e+01
1.750000000000000167e-01 2.798036425201360444e+01
1.759999999999999898e-01 2.797075398328450291e+01
1.769999999999999907e-01 2.795985671695971320e+01
1.779999999999999916e-01 2.794767675095961579e+01
1.789999999999999925e-01 2.793421834219741129e+01
1.799999999999999933e-01 2.791948570720977685e+01
1.809999999999999942e-01 2.790348302277437398e+01
1.819999999999999951e-01 2.788621442651433924e+01
1.829999999999999960e-01 2.786768401749020541e+01
1.839999999999999969e-01 2.784789585677960844e+01
1.849999999999999978e-01 2.782685396804495781e+01
1.859999999999999987e-01 2.780456233808950373e+01
1.869999999999999996e-01 2.778102491740219193e+01
1.880000000000000004e-01 2.775624562069134527e+01
1.890000000000000013e-01 2.773022832740753785e+01
1.900000000000000022e-01 2.770297688225627297e+01
1.910000000000000031e-01 2.767449509570013078e+01
1.920000000000000040e-01 2.764478674445113526e+01
1.930000000000000049e-01 2.761385557195335139e+01
1.940000000000000058e-01 2.758170528885609230e+01
1.950000000000000067e-01 2.754833957347776874e+01
1.960000000000000075e-01 2.751376207226087445e+01
1.970000000000000084e-01 2.747797640021811816e+01
1.980000000000000093e-01 2.744098614136997583e+01
1.990000000000000102e-01 2.740279484917393304e+01
2.000000000000000111e-01 2.736340604694557399e+01
2.010000000000000120e-01 2.732282322827162702e+01
2.020000000000000129e-01 2.728104985741538968e+01
2.030000000000000138e-01 2.723808936971441597e+01
2.040000000000000147e-01 2.719394517197086714e+01
2.050000000000000155e-01 2.714862064283473586e+01
2.060000000000000164e-01 2.710211913317972687e+01
2.070000000000000173e-01 2.705444396647266103e+01
2.080000000000000182e-01 2.700559843913566738e+01
2.089999999999999913e-01 2.695558582090225030e+01
2.099999999999999922e-01 2.690440935516653553e+01
2.109999999999999931e-01 2.685207225932657593e+01
2.119999999999999940e-01 2.679857772512126246e+01
2.129999999999999949e-01 2.674392891896133051e+01
2.139999999999999958e-01 2.668812898225458241e+01
2.149999999999999967e-01 2.663118103172526929e+01
2.159999999999999976e-01 2.657308815972783478e+01
2.169999999999999984e-01 2.651385343455535448e+01
2.179999999999999993e-01 2.645347990074245459e+01
2.190000000000000002e-01 2.639197057936305058e+01
2.200000000000000011e-01 2.632932846832296647e+01
2.210000000000000020e-01 2.626555654264754125e+01
2.220000000000000029e-01 2.620065775476429693e+01
2.230000000000000038e-01 2.613463503478087802e+01
2.240000000000000047e-01 2.606749129075814508e+01
2.250000000000000056e-01 2.599922940897899792e+01
2.260000000000000064e-01 2.592985225421220008e+01
2.270000000000000073e-01 2.585936266997229183e+01
2.280000000000000082e-01 2.578776347877494857e+01
2.290000000000000091e-01 2.571505748238809730e+01
2.300000000000000100e-01 2.564124746207905048e+01
2.310000000000000109e-01 2.556633617885752230e+01
2.320000000000000118e-01 2.549032637371452381e+01
2.330000000000000127e-01 2.541322076785773731e+01
2.340000000000000135e-01 2.533502206294276959e+01
2.350000000000000144e-01 2.525573294130091284e+01
2.360000000000000153e-01 2.517535606616299049e+01
2.370000000000000162e-01 2.509389408187993808e+01
2.380000000000000171e-01 2.501134961413977464e+01
2.390000000000000180e-01 2.492772527018091822e+01
2.399999999999999911e-01 2.484302363900258825e+01
2.409999999999999920e-01 2.475724729157147408e+01
2.419999999999999929e-01 2.467039878102557182e+01
2.429999999999999938e-01 2.458248064287442602e+01
2.439999999999999947e-01 2.449349539519670671e+01
2.449999999999999956e-01 2.440344553883443623e+01
2.459999999999999964e-01 2.431233355758441306e+01
2.469999999999999973e-01 2.422016191838656951e+01
2.479999999999999982e-01 2.412693307150962241e+01
2.489999999999999991e-01 2.403264945073378556e+01
2.500000000000000000e-01 2.393731347353076089e+01
2.510000000000000009e-01 2.384092754124114677e+01
2.520000000000000018e-01 2.374349403924888691e+01
2.530000000000000027e-01 2.364501533715353077e+01
2.540000000000000036e-01 2.354549378893955236e+01
2.550000000000000044e-01 2.344493173314349121e+01
2.560000000000000053e-01 2.334333149301837196e+01
2.570000000000000062e-01 2.324069537669586794e+01
2.580000000000000071e-01 2.313702567734605964e+01
2.590000000000000080e-01 2.303232467333486255e+01
2.600000000000000089e-01 2.292659462837920614e+01
2.610000000000000098e-01 2.281983779169985027e+01
2.620000000000000107e-01 2.271205639817226540e+01
2.630000000000000115e-01 2.260325266847506853e+01
2.640000000000000124e-01 2.249342880923646604e+01
2.650000000000000133e-01 2.238258701317866439e+01
2.660000000000000142e-01 2.227072945926022385e+01
2.670000000000000151e-01 2.215785831281625917e+01
2.680000000000000160e-01 2.204397572569691022e+01
2.690000000000000169e-01 2.192908383640370573e+01
2.700000000000000178e-01 2.181318477022400160e+01
2.710000000000000187e-01 2.169628063936382034e+01
2.720000000000000195e-01 2.157837354307842404e+01
2.730000000000000204e-01 2.145946556780150161e+01
2.740000000000000213e-01 2.133955878727234179e+01
2.750000000000000222e-01 2.121865526266131852e+01
2.760000000000000231e-01 2.109675704269379182e+01
2.770000000000000240e-01 2.097386616377212221e+01
2.780000000000000249e-01 2.084998465009608282e+01
2.790000000000000258e-01 2.072511451378179714e+01
2.800000000000000266e-01 2.059925775497914202e+01
2.810000000000000275e-01 2.047241636198699410e+01
2.820000000000000284e-01 2.034459231136784041e+01
2.830000000000000293e-01 2.021578756806011512e+01
2.840000000000000302e-01 2.008600408548939242e+01
2.850000000000000311e-01 1.995524380567818312e+01
2.860000000000000320e-01 1.982350865935400108e+01
2.870000000000000329e-01 1.969080056605629991e+01
2.880000000000000338e-01 1.955712143424185712e+01
2.889999999999999791e-01 1.942247316138875846e+01
2.899999999999999800e-01 1.928685763409929876e+01
2.909999999999999809e-01 1.915027672820124494e+01
2.919999999999999818e-01 1.901273230884787324e+01
2.929999999999999827e-01 1.887422623061687332e+01
2.939999999999999836e-01 1.873476033760788084e+01
2.949999999999999845e-01 1.859433646353870628e+01
2.959999999999999853e-01 1.845295643184054768e+01
2.969999999999999862e-01 1.831062205575170410e+01
2.979999999999999871e-01 1.816733513841050041e+01
2.989999999999999880e-01 1.802309747294658138e+01
2.999999999999999889e-01 1.787791084257153429e+01
3.009999999999999898e-01 1.773177702066796257e+01
3.019999999999999907e-01 1.758469777087785957e+01
3.029999999999999916e-01 1.743667484718947591e+01
3.039999999999999925e-01 1.728770999402349773e+01
3.049999999999999933e-01 1.713780494631782858e+01
3.059999999999999942e-01 1.698696142961169286e+01
3.069999999999999951e-01 1.683518116012829324e+01
3.079999999999999960e-01 1.668246584485686057e+01
3.089999999999999969e-01 1.652881718163349944e+01
3.099999999999999978e-01 1.637423685922093952e+01
3.109999999999999987e-01 1.621872655738781788e+01
3.119999999999999996e-01 1.606228794698625251e+01
3.130000000000000004e-01 1.590492269002929504e+01
3.140000000000000013e-01 1.574663243976676341e+01
3.150000000000000022e-01 1.558741884076075834e+01
3.160000000000000031e-01 1.542728352895970900e+01
3.170000000000000040e-01 1.526622813177221616e+01
3.180000000000000049e-01 1.510425426813932503e+01
3.190000000000000058e-01 1.494136354860639315e+01
3.200000000000000067e-01 1.477755757539412684e+01
3.210000000000000075e-01 1.461283794246855905e+01
3.220000000000000084e-01 1.444720623561030592e+01
3.230000000000000093e-01 1.428066403248309868e+01
3.240000000000000102e-01 1.411321290270146989e+01
3.250000000000000111e-01 1.394485440789763686e+01
3.260000000000000120e-01 1.377559010178764964e+01
3.270000000000000129e-01 1.360542153023681777e+01
3.280000000000000138e-01 1.343435023132423822e+01
3.290000000000000147e-01 1.326237773540678688e+01
3.300000000000000155e-01 1.308950556518234265e+01
3.310000000000000164e-01 1.291573523575217308e+01
3.320000000000000173e-01 1.274106825468267346e+01
3.330000000000000182e-01 1.256550612206650186e+01
3.340000000000000191e-01 1.238905033058305349e+01
3.350000000000000200e-01 1.221170236555796151e+01
3.360000000000000209e-01 1.203346370502231366e+01
3.370000000000000218e-01 1.185433581977103046e+01
3.380000000000000226e-01 1.167432017342051154e+01
3.390000000000000235e-01 1.149341822246593381e+01
3.400000000000000244e-01 1.131163141633757618e+01
3.410000000000000253e-01 1.112896119745678192e+01
3.420000000000000262e-01 1.094540900129118910e+01
3.430000000000000271e-01 1.076097625640933586e+01
3.440000000000000280e-01 1.057566438453490321e+01
3.450000000000000289e-01 1.038947480059993467e+01
3.460000000000000298e-01 1.020240891279808437e+01
3.470000000000000306e-01 1.001446812263655772e+01
3.480000000000000315e-01 9.825653824988165752e+00
3.490000000000000324e-01 9.635967408142484203e+00
3.500000000000000333e-01 9.445410253856522331e+00
3.510000000000000342e-01 9.253983737404837484e+00
3.519999999999999796e-01 9.061689227629116772e+00
3.529999999999999805e-01 8.868528086987318204e+00
3.539999999999999813e-01 8.674501671602271813e+00
3.549999999999999822e-01 8.479611331309627076e+00
3.559999999999999831e-01 8.283858409705494807e+00
3.569999999999999840e-01 8.087244244193378506e+00
3.579999999999999849e-01 7.889770166030977805e+00
3.589999999999999858e-01 7.691437500375997161e+00
3.599999999999999867e-01 7.492247566331862174e+00
3.609999999999999876e-01 7.292201676993009585e+00
3.619999999999999885e-01 7.091301139489281979e+00
3.629999999999999893e-01 6.889547255030336714e+00
3.639999999999999902e-01 6.686941318949322977e+00
3.649999999999999911e-01 6.483484620746168048e+00
3.659999999999999920e-01 6.279178444130529613e+00
3.669999999999999929e-01 6.074024067064272003e+00
3.679999999999999938e-01 5.868022761803295850e+00
3.689999999999999947e-01 5.661175794939161676e+00
3.699999999999999956e-01 5.453484427440486115e+00
3.709999999999999964e-01 5.244949914693357584e+00
3.719999999999999973e-01 5.035573506541979327e+00
3.729999999999999982e-01 4.825356447328388754e+00
3.739999999999999991e-01 4.614299975932048881e+00
3.750000000000000000e-01 4.402405325809198189e+00
3.760000000000000009e-01 4.189673725031198614e+00
3.770000000000000018e-01 3.976106396323338288e+00
3.780000000000000027e-01 3.761704557102639512e+00
3.790000000000000036e-01 3.546469419515538846e+00
3.800000000000000044e-01 3.330402190475027169e+00
3.810000000000000053e-01 3.113504071697640541e+00
3.820000000000000062e-01 2.895776259740131309e+00
3.830000000000000071e-01 2.677219946035393150e+00
3.840000000000000080e-01 2.457836316928435849e+00
3.850000000000000089e-01 2.237626553711841382e+00
3.860000000000000098e-01 2.016591832660978412e+00
3.870000000000000107e-01 1.794733325068619934e+00
3.880000000000000115e-01 1.572052197279667496e+00
3.890000000000000124e-01 1.348549610725207515e+00
3.900000000000000133e-01 1.124226721956091524e+00
3.910000000000000142e-01 8.990846826767722177e-01
3.920000000000000151e-01 6.731246397783792190e-01
3.930000000000000160e-01 4.463477353713898310e-01
3.940000000000000169e-01 2.187551068184987457e-01
3.950000000000000178e-01 -9.652113233414638671e-03
3.960000000000000187e-01 -2.388727968211483699e-01
3.970000000000000195e-01 -4.689058206336653711e-01
3.980000000000000204e-01 -6.997500659805666601e-01
3.990000000000000213e-01 -9.314044187612751102e-01
4.000000000000000222e-01 -1.163867769434098420e+00
4.010000000000000231e-01 -1.397139012985761042e+00
4.020000000000000240e-01 -1.631217048901206113e+00
4.030000000000000249e-01 -1.866100781133710029e+00
4.040000000000000258e-01 -2.101789118075302554e+00
4.050000000000000266e-01 -2.338280972527080337e+00
4.060000000000000275e-01 -2.575575261670508098e+00
4.070000000000000284e-01 -2.813670907038286373e+00
4.080000000000000293e-01 -3.052566834485944014e+00
4.090000000000000302e-01 -3.292261974163302796e+00
4.100000000000000311e-01 -3.532755260486638349e+00
4.110000000000000320e-01 -3.774045632110798465e+00
4.120000000000000329e-01 -4.016132031901506139e+00
4.130000000000000338e-01 -4.259013406908344734e+00
4.140000000000000346e-01 -4.502688708337323931e+00
4.150000000000000355e-01 -4.747156891524234368e+00
4.160000000000000364e-01 -4.992416915908272301e+00
4.169999999999999818e-01 -5.238467745005301879e+00
4.179999999999999827e-01 -5.485308346381891909e+00
4.189999999999999836e-01 -5.732937691629501842e+00
4.199999999999999845e-01 -5.981354756338866707e+00
4.209999999999999853e-01 -6.230558520074318096e+00
4.219999999999999862e-01 -6.480547966348879640e+00
4.229999999999999871e-01 -6.731322082598985901e+00
4.239999999999999880e-01 -6.982879860160032592e+00
4.249999999999999889e-01 -7.235220294241564432e+00
4.259999999999999898e-01 -7.488342383903074051e+00
4.269999999999999907e-01 -7.742245132029687227e+00
4.279999999999999916e-01 -7.996927545308693652e+00
4.289999999999999925e-01 -8.252388634205274798e+00
4.299999999999999933e-01 -8.508627412939368639e+00
4.309999999999999942e-01 -8.765642899462321225e+00
4.319999999999999951e-01 -9.023434115433538238e+00
4.329999999999999960e-01 -9.282000086197911060e+00
4.339999999999999969e-01 -9.541339840762987023e+00
4.349999999999999978e-01 -9.801452411776288898e+00
4.359999999999999987e-01 -1.006233683550322411e+01
4.369999999999999996e-01 -1.032399215180490870e+01
4.380000000000000004e-01 -1.058641740411594157e+01
4.390000000000000013e-01 -1.084961163942315210e+01
4.400000000000000022e-01 -1.111357390824349523e+01
4.410000000000000031e-01 -1.137830326460306196e+01
4.420000000000000040e-01 -1.164379876601550023e+01
4.430000000000000049e-01 -1.191005947346138072e+01
4.440000000000000058e-01 -1.217708445136696582e+01
4.450000000000000067e-01 -1.244487276758369632e+01
4.460000000000000075e-01 -1.271342349336761401e+01
4.470000000000000084e-01 -1.298273570335910421e+01
4.480000000000000093e-01 -1.325280847556263097e+01
4.490000000000000102e-01 -1.352364089132666436e+01
4.500000000000000111e-01 -1.379523203532400544e+01
4.510000000000000120e-01 -1.406758099553184849e+01
4.520000000000000129e-01 -1.434068686321258923e+01
4.530000000000000138e-01 -1.461454873289413570e+01
4.540000000000000147e-01 -1.488916570235092252e+01
4.550000000000000155e-01 -1.516453687258465521e+01
4.560000000000000164e-01 -1.544066134780563004e+01
4.570000000000000173e-01 -1.571753823541382644e+01
4.580000000000000182e-01 -1.599516664598039739e+01
4.590000000000000191e-01 -1.627354569322925926e+01
4.600000000000000200e-01 -1.655267449401859636e+01
4.610000000000000209e-01 -1.683255216832298373e+01
4.620000000000000218e-01 -1.711317783921527536e+01
4.630000000000000226e-01 -1.739455063284856351e+01
4.640000000000000235e-01 -1.767666967843879888e+01
4.650000000000000244e-01 -1.795953410824694174e+01
4.660000000000000253e-01 -1.824314305756172416e+01
4.670000000000000262e-01 -1.852749566468212095e+01
4.680000000000000271e-01 -1.881259107090042448e+01
4.690000000000000280e-01 -1.909842842048511358e+01
4.700000000000000289e-01 -1.938500686066394252e+01
4.710000000000000298e-01 -1.967232554160717228e+01
4.720000000000000306e-01 -1.996038361641099357e+01
4.730000000000000315e-01 -2.024918024108107062e+01
4.740000000000000324e-01 -2.053871457451609217e+01
4.750000000000000333e-01 -2.082898577849148580e+01
4.760000000000000342e-01 -2.111999301764344494e+01
4.770000000000000351e-01 -2.141173545945289192e+01
4.780000000000000360e-01 -2.170421227422939836e+01
4.790000000000000369e-01 -2.199742263509587303e+01
4.799999999999999822e-01 -2.229136571797253197e+01
4.809999999999999831e-01 -2.258604070156157917e+01
4.819999999999999840e-01 -2.288144676733183758e+01
4.829999999999999849e-01 -2.317758309950342266e+01
4.839999999999999858e-01 -2.347444888503262206e+01
4.849999999999999867e-01 -2.377204331359690315e+01
4.859999999999999876e-01 -2.407036557757978557e+01
4.869999999999999885e-01 -2.436941487205633905e+01
4.879999999999999893e-01 -2.466919039477834019e+01
4.889999999999999902e-01 -2.496969134615960684e+01
4.899999999999999911e-01 -2.527091692926170197e+01
4.909999999999999920e-01 -2.557286634977940309e+01
4.919999999999999929e-01 -2.587553881602659089e+01
4.929999999999999938e-01 -2.617893353892198149e+01
4.939999999999999947e-01 -2.648304973197515721e+01
4.949999999999999956e-01 -2.678788661127249782e+01
4.959999999999999964e-01 -2.709344339546366598e+01
4.969999999999999973e-01 -2.739971930574749592e+01
4.979999999999999982e-01 -2.770671356585850731e+01
4.989999999999999991e-01 -2.801442540205347598e+01
5.000000000000000000e-01 -2.832285404309786259e+01
5.010000000000000009e-01 -2.863199872025265336e+01
5.020000000000000018e-01 -2.894185866726081713e+01
5.030000000000000027e-01 -2.925243312033454401e+01
5.040000000000000036e-01 -2.956372131814197246e+01
5.050000000000000044e-01 -2.987572250179420053e+01
5.060000000000000053e-01 -3.018843591483278033e+01
5.070000000000000062e-01 -3.050186080321647353e+01
5.080000000000000071e-01 -3.081599641530893052e+01
5.090000000000000080e-01 -3.113084200186605699e+01
5.100000000000000089e-01 -3.144639681602342307e+01
5.110000000000000098e-01 -3.176266011328409888e+01
5.120000000000000107e-01 -3.207963115150599265e+01
5.130000000000000115e-01 -3.239730919089001304e+01
5.140000000000000124e-01 -3.271569349396767734e+01
5.150000000000000133e-01 -3.303478332558930219e+01
5.160000000000000142e-01 -3.335457795291182492e+01
5.170000000000000151e-01 -3.367507664538702272e+01
5.180000000000000160e-01 -3.399627867474987397e+01
5.190000000000000169e-01 -3.431818331500662111e+01
5.200000000000000178e-01 -3.464078984242327408e+01
5.210000000000000187e-01 -3.496409753551411370e+01
5.220000000000000195e-01 -3.528810567503023776e+01
5.230000000000000204e-01 -3.561281354394800758e+01
5.240000000000000213e-01 -3.593822042745804879e+01
5.250000000000000222e-01 -3.626432561295391110e+01
5.260000000000000231e-01 -3.659112839002069961e+01
5.270000000000000240e-01 -3.691862805042445927e+01
5.280000000000000249e-01 -3.724682388810090572e+01
5.290000000000000258e-01 -3.757571519914458236e+01
5.300000000000000266e-01 -3.790530128179803171e+01
5.310000000000000275e-01 -3.823558143644108043e+01
5.320000000000000284e-01 -3.856655496558023799e+01
5.330000000000000293e-01 -3.889822117383778277e+01
5.340000000000000302e-01 -3.923057936794170075e+01
5.350000000000000311e-01 -3.956362885671480001e+01
5.360000000000000320e-01 -3.989736895106452153e+01
5.370000000000000329e-01 -4.023179896397276423e+01
5.380000000000000338e-01 -4.056691821048539737e+01
5.390000000000000346e-01 -4.090272600770209976e+01
5.400000000000000355e-01 -4.123922167476654010e+01
5.410000000000000364e-01 -4.157640453285588933e+01
5.420000000000000373e-01 -4.191427390517135620e+01
5.430000000000000382e-01 -4.225282911692792709e+01
5.440000000000000391e-01 -4.259206949534461728e+01
5.450000000000000400e-01 -4.293199436963492133e+01
5.460000000000000409e-01 -4.327260307099665226e+01
5.470000000000000417e-01 -4.361389493260278982e+01
5.480000000000000426e-01 -4.395586928959173179e+01
5.490000000000000435e-01 -4.429852547905768745e+01
5.500000000000000444e-01 -4.464186284004136951e+01
5.510000000000000453e-01 -4.498588071352045858e+01
5.520000000000000462e-01 -4.533057844240057932e+01
5.530000000000000471e-01 -4.567595537150576490e+01
5.540000000000000480e-01 -4.602201084756936211e+01
5.550000000000000488e-01 -4.636874421922490797e+01
5.560000000000000497e-01 -4.671615483699724791e+01
5.570000000000000506e-01 -4.706424205329294352e+01
5.580000000000000515e-01 -4.741300522239217230e+01
5.590000000000000524e-01 -4.776244370043909271e+01
5.600000000000000533e-01 -4.811255684543326083e+01
5.610000000000000542e-01 -4.846334401722111807e+01
5.620000000000000551e-01 -4.881480457748693880e+01
5.630000000000000560e-01 -4.916693788974431811e+01
5.640000000000000568e-01 -4.951974331932744633e+01
5.650000000000000577e-01 -4.987322023338275301e+01
5.660000000000000586e-01 -5.022736800086025255e+01
5.670000000000000595e-01 -5.058218599250518821e+01
5.680000000000000604e-01 -5.093767358084964769e+01
5.690000000000000613e-01 -5.129383014020412190e+01
5.700000000000000622e-01 -5.165065504664946161e+01
5.710000000000000631e-01 -5.200814767802840777e+01
5.720000000000000639e-01 -5.236630741393759081e+01
5.730000000000000648e-01 -5.272513363571935940e+01
5.740000000000000657e-01 -5.308462572645373712e+01
5.750000000000000666e-01 -5.344478307095026537e+01
5.760000000000000675e-01 -5.380560505574038643e+01
5.769999999999999574e-01 -5.416709106906907323e+01
5.779999999999999583e-01 -5.452924050088742547e+01
5.789999999999999591e-01 -5.489205274284451264e+01
5.799999999999999600e-01 -5.525552718827981380e+01
5.809999999999999609e-01 -5.561966323221543007e+01
5.819999999999999618e-01 -5.598446027134841074e+01
5.829999999999999627e-01 -5.634991770404316469e+01
5.839999999999999636e-01 -5.671603493032387178e+01
5.849999999999999645e-01 -5.708281135186709321e+01
5.859999999999999654e-01 -5.745024637199409767e+01
5.869999999999999662e-01 -5.781833939566355696e+01
5.879999999999999671e-01 -5.818708982946409947e+01
5.889999999999999680e-01 -5.855649708160710532e+01
5.899999999999999689e-01 -5.892656056191927405e+01
5.909999999999999698e-01 -5.929727968183557607e+01
5.919999999999999707e-01 -5.966865385439167824e+01
5.929999999999999716e-01 -6.004068249421729320e+01
5.939999999999999725e-01 -6.041336501752870447e+01
5.949999999999999734e-01 -6.078670084212176050e+01
5.959999999999999742e-01 -6.116068938736515292e+01
5.969999999999999751e-01 -6.153533007419295586e+01
5.979999999999999760e-01 -6.191062232509808894e+01
5.989999999999999769e-01 -6.228656556412528289e+01
5.999999999999999778e-01 -6.266315921686398838e+01
6.009999999999999787e-01 -6.304040271044218002e+01
6.019999999999999796e-01 -6.341829547351899521e+01
6.029999999999999805e-01 -6.379683693627833918e+01
6.039999999999999813e-01 -6.417602653042183647e+01
6.049999999999999822e-01 -6.455586368916297602e+01
6.059999999999999831e-01 -6.493634784721939468e+01
6.069999999999999840e-01 -6.531747844080733501e+01
6.079999999999999849e-01 -6.569925490763456821e+01
6.089999999999999858e-01 -6.608167668689387142e+01
6.099999999999999867e-01 -6.646474321925705908e+01
6.109999999999999876e-01 -6.684845394686803388e+01
6.119999999999999885e-01 -6.723280831333669028e+01
6.129999999999999893e-01 -6.761780576373264751e+01
6.139999999999999902e-01 -6.800344574457871261e+01
6.149999999999999911e-01 -6.838972770384506816e+01
6.159999999999999920e-01 -6.877665109094238005e+01
6.169999999999999929e-01 -6.916421535671631204e+01
6.179999999999999938e-01 -6.955241995344081829e+01
6.189999999999999947e-01 -6.994126433481267213e+01
6.199999999999999956e-01 -7.033074795594453121e+01
6.209999999999999964e-01 -7.072087027335993525e+01
6.219999999999999973e-01 -7.111163074498622905e+01
6.229999999999999982e-01 -7.150302883014948918e+01
6.239999999999999991e-01 -7.189506398956821442e+01
6.250000000000000000e-01 -7.228773568534752769e+01
6.260000000000000009e-01 -7.268104338097279538e+01
6.270000000000000018e-01 -7.307498654130493776e+01
6.280000000000000027e-01 -7.346956463257347991e+01
6.290000000000000036e-01 -7.386477712237144999e+01
6.300000000000000044e-01 -7.426062347964945332e+01
6.310000000000000053e-01 -7.465710317471024382e+01
6.320000000000000062e-01 -7.505421567920240022e+01
6.330000000000000071e-01 -7.545196046611563645e+01
6.340000000000000080e-01 -7.585033700977425042e+01
6.350000000000000089e-01 -7.624934478583256237e+01
6.360000000000000098e-01 -7.664898327126829258e+01
6.370000000000000107e-01 -7.704925194437805658e+01
6.380000000000000115e-01 -7.745015028477133967e+01
6.390000000000000124e-01 -7.785167777336536687e+01
6.400000000000000133e-01 -7.825383389237910592e+01
6.410000000000000142e-01 -7.865661812532893293e+01
6.420000000000000151e-01 -7.906002995702228020e+01
6.430000000000000160e-01 -7.946406887355296078e+01
6.440000000000000169e-01 -7.986873436229545575e+01
6.450000000000000178e-01 -8.027402591190026726e+01
6.460000000000000187e-01 -8.067994301228786469e+01
6.470000000000000195e-01 -8.108648515464435036e+01
6.480000000000000204e-01 -8.149365183141570412e+01
6.490000000000000213e-01 -8.190144253630278115e+01
6.500000000000000222e-01 -8.230985676425657971e+01
6.510000000000000231e-01 -8.271889401147269893e+01
6.520000000000000240e-01 -8.312855377538627977e+01
6.530000000000000249e-01 -8.353883555466771327e+01
6.540000000000000258e-01 -8.394973884921640206e+01
6.550000000000000266e-01 -8.436126316015712234e+01
6.560000000000000275e-01 -8.477340798983429693e+01
6.570000000000000284e-01 -8.518617284180720617e+01
6.580000000000000293e-01 -8.559955722084531260e+01
6.590000000000000302e-01 -8.601356063292323029e+01
6.600000000000000311e-01 -8.642818258521586472e+01
6.610000000000000320e-01 -8.684342258609405008e+01
6.620000000000000329e-01 -8.725928014511902120e+01
6.630000000000000338e-01 -8.767575477303839193e+01
6.640000000000000346e-01 -8.809284598178108183e+01
6.650000000000000355e-01 -8.851055328445261239e+01
6.660000000000000364e-01 -8.892887619533053112e+01
6.670000000000000373e-01 -8.934781422985999200e+01
6.680000000000000382e-01 -8.976736690464844060e+01
6.690000000000000391e-01 -9.018753373746204716e+01
6.700000000000000400e-01 -9.060831424722012173e+01
6.710000000000000409e-01 -9.102970795399136250e+01
6.720000000000000417e-01 -9.145171437898878253e+01
6.730000000000000426e-01 -9.187433304456578753e+01
6.740000000000000435e-01 -9.229756347421104579e+01
6.750000000000000444e-01 -9.272140519254460855e+01
6.760000000000000453e-01 -9.314585772531319208e+01
6.770000000000000462e-01 -9.357092059938594275e+01
6.780000000000000471e-01 -9.399659334274981859e+01
6.790000000000000480e-01 -9.442287548450570966e+01
6.800000000000000488e-01 -9.484976655486357799e+01
6.810000000000000497e-01 -9.527726608513862061e+01
6.820000000000000506e-01 -9.570537360774652313e+01
6.830000000000000515e-01 -9.613408865619965127e+01
6.840000000000000524e-01 -9.656341076510280175e+01
6.850000000000000533e-01 -9.699333947014842749e+01
6.860000000000000542e-01 -9.742387430811317017e+01
6.870000000000000551e-01 -9.785501481685331271e+01
6.880000000000000560e-01 -9.828676053530071499e+01
6.890000000000000568e-01 -9.871911100345866430e+01
6.900000000000000577e-01 -9.915206576239793890e+01
6.910000000000000586e-01 -9.958562435425236004e+01
6.920000000000000595e-01 -1.000197863222151824e+02
6.930000000000000604e-01 -1.004545512105348735e+02
6.940000000000000613e-01 -1.008899185645111061e+02
6.950000000000000622e-01 -1.013258879304906372e+02
6.960000000000000631e-01 -1.017624588558635423e+02
6.970000000000000639e-01 -1.021996308890592502e+02
6.980000000000000648e-01 -1.026374035795424220e+02
6.990000000000000657e-01 -1.030757764778092564e+02
7.000000000000000666e-01 -1.035147491353836813e+02
7.010000000000000675e-01 -1.039543211048131184e+02
7.020000000000000684e-01 -1.043944919396649880e+02
7.030000000000000693e-01 -1.048352611945225874e+02
7.039999999999999591e-01 -1.052766284249817517e+02
7.049999999999999600e-01 -1.057185931876464906e+02
7.059999999999999609e-01 -1.061611550401257205e+02
7.069999999999999618e-01 -1.066043135410290716e+02
7.079999999999999627e-01 -1.070480682499636629e+02
7.089999999999999636e-01 -1.074924187275298664e+02
7.099999999999999645e-01 -1.079373645353181672e+02
7.109999999999999654e-01 -1.083829052359048859e+02
7.119999999999999662e-01 -1.088290403928492083e+02
7.129999999999999671e-01 -1.092757695706887660e+02
7.139999999999999680e-01 -1.097230923349368510e+02
7.149999999999999689e-01 -1.101710082520781100e+02
7.159999999999999698e-01 -1.106195168895656877e+02
7.169999999999999707e-01 -1.110686178158166939e+02
7.179999999999999716e-01 -1.115183106002098441e+02
7.189999999999999725e-01 -1.119685948130808129e+02
7.199999999999999734e-01 -1.124194700257196189e+02
7.209999999999999742e-01 -1.128709358103665750e+02
7.219999999999999751e-01 -1.133229917402090194e+02
7.229999999999999760e-01 -1.137756373893779482e+02
7.239999999999999769e-01 -1.142288723329444053e+02
7.249999999999999778e-01 -1.146826961469161574e+02
7.259999999999999787e-01 -1.151371084082344112e+02
7.269999999999999796e-01 -1.155921086947701326e+02
7.279999999999999805e-01 -1.160476965853210345e+02
7.289999999999999813e-01 -1.165038716596078245e+02
7.299999999999999822e-01 -1.169606334982715197e+02
7.309999999999999831e-01 -1.174179816828692111e+02
7.319999999999999840e-01 -1.178759157958717054e+02
7.329999999999999849e-01 -1.183344354206595312e+02
7.339999999999999858e-01 -1.187935401415200261e+02
7.349999999999999867e-01 -1.192532295436441387e+02
7.359999999999999876e-01 -1.197135032131230048e+02
7.369999999999999885e-01 -1.201743607369447204e+02
7.379999999999999893e-01 -1.206358017029914436e+02
7.389999999999999902e-01 -1.210978257000356280e+02
7.399999999999999911e-01 -1.215604323177375932e+02
7.409999999999999920e-01 -1.220236211466418155e+02
7.419999999999999929e-01 -1.224873917781739721e+02
7.429999999999999938e-01 -1.229517438046378004e+02
7.439999999999999947e-01 -1.234166768192121424e+02
7.449999999999999956e-01 -1.238821904159476617e+02
7.459999999999999964e-01 -1.243482841897636604e+02
7.469999999999999973e-01 -1.248149577364454217e+02
7.479999999999999982e-01 -1.252822106526409414e+02
7.489999999999999991e-01 -1.257500425358575171e+02
7.500000000000000000e-01 -1.262184529844594465e+02
7.510000000000000009e-01 -1.266874415976646162e+02
7.520000000000000018e-01 -1.271570079755415463e+02
7.530000000000000027e-01 -1.276271517190064628e+02
7.540000000000000036e-01 -1.280978724298201428e+02
7.550000000000000044e-01 -1.285691697105854416e+02
7.560000000000000053e-01 -1.290410431647438827e+02
7.570000000000000062e-01 -1.295134923965729854e+02
7.580000000000000071e-01 -1.299865170111832526e+02
7.590000000000000080e-01 -1.304601166145155275e+02
7.600000000000000089e-01 -1.309342908133375829e+02
7.610000000000000098e-01 -1.314090392152420748e+02
7.620000000000000107e-01 -1.318843614286427339e+02
7.630000000000000115e-01 -1.323602570627724901e+02
7.640000000000000124e-01 -1.328367257276797773e+02
7.650000000000000133e-01 -1.333137670342265153e+02
7.660000000000000142e-01 -1.337913805940846714e+02
7.670000000000000151e-01 -1.342695660197340430e+02
7.680000000000000160e-01 -1.347483229244588188e+02
7.690000000000000169e-01 -1.352276509223455889e+02
7.700000000000000178e-01 -1.357075496282800202e+02
7.710000000000000187e-01 -1.361880186579444114e+02
7.720000000000000195e-01 -1.366690576278148512e+02
7.730000000000000204e-01 -1.371506661551586888e+02
7.740000000000000213e-01 -1.376328438580315776e+02
7.750000000000000222e-01 -1.381155903552752875e+02
7.760000000000000231e-01 -1.385989052665141230e+02
7.770000000000000240e-01 -1.390827882121534742e+02
7.780000000000000249e-01 -1.395672388133763206e+02
7.790000000000000258e-01 -1.400522566921407304e+02
7.800000000000000266e-01 -1.405378414711773871e+02
7.810000000000000275e-01 -1.410239927739872883e+02
7.820000000000000284e-01 -1.415107102248384194e+02
7.830000000000000293e-01 -1.419979934487639639e+02
7.840000000000000302e-01 -1.424858420715591194e+02
7.850000000000000311e-01 -1.429742557197789381e+02
7.860000000000000320e-01 -1.434632340207354275e+02
7.870000000000000329e-01 -1.439527766024957600e+02
7.880000000000000338e-01 -1.444428830938784643e+02
7.890000000000000346e-01 -1.449335531244524873e+02
7.900000000000000355e-01 -1.454247863245333008e+02
7.910000000000000364e-01 -1.459165823251814231e+02
7.920000000000000373e-01 -1.464089407581992646e+02
7.930000000000000382e-01 -1.469018612561292230e+02
7.940000000000000391e-01 -1.473953434522506427e+02
7.950000000000000400e-01 -1.478893869805780525e+02
7.960000000000000409e-01 -1.483839914758580676e+02
7.970000000000000417e-01 -1.488791565735676556e+02
7.980000000000000426e-01 -1.493748819099109539e+02
7.990000000000000435e-01 -1.498711671218175923e+02
8.000000000000000444e-01 -1.503680118469400497e+02
8.010000000000000453e-01 -1.508654157236509548e+02
8.020000000000000462e-01 -1.513633783910412092e+02
8.030000000000000471e-01 -1.518618994889176008e+02
8.040000000000000480e-01 -1.523609786578000751e+02
8.050000000000000488e-01 -1.528606155389197170e+02
8.060000000000000497e-01 -1.533608097742164489e+02
8.070000000000000506e-01 -1.538615610063363874e+02
8.080000000000000515e-01 -1.543628688786301666e+02
8.090000000000000524e-01 -1.548647330351500386e+02
8.100000000000000533e-01 -1.553671531206478278e+02
8.110000000000000542e-01 -1.558701287805728555e+02
8.120000000000000551e-01 -1.563736596610692402e+02
8.130000000000000560e-01 -1.568777454089743912e+02
8.140000000000000568e-01 -1.573823856718156549e+02
8.150000000000000577e-01 -1.578875800978093480e+02
8.160000000000000586e-01 -1.583933283358574045e+02
8.170000000000000595e-01 -1.588996300355462097e+02
8.180000000000000604e-01 -1.594064848471435312e+02
8.190000000000000613e-01 -1.599138924215967847e+02
8.200000000000000622e-01 -1.604218524105308745e+02
8.210000000000000631e-01 -1.609303644662457771e+02
8.220000000000000639e-01 -1.614394282417145803e+02
8.230000000000000648e-01 -1.619490433905813802e+02
8.240000000000000657e-01 -1.624592095671589220e+02
8.250000000000000666e-01 -1.629699264264266674e+02
8.260000000000000675e-01 -1.634811936240284638e+02
8.270000000000000684e-01 -1.639930108162709530e+02
8.280000000000000693e-01 -1.645053776601205300e+02
8.290000000000000702e-01 -1.650182938132024333e+02
8.300000000000000711e-01 -1.655317589337975051e+02
8.310000000000000719e-01 -1.660457726808410541e+02
8.320000000000000728e-01 -1.665603347139202128e+02
8.329999999999999627e-01 -1.670754446932720612e+02
8.339999999999999636e-01 -1.675911022797817509e+02
8.349999999999999645e-01 -1.681073071349800614e+02
8.359999999999999654e-01 -1.686240589210419785e+02
8.369999999999999662e-01 -1.691413573007838522e+02
8.379999999999999671e-01 -1.696592019376623455e+02
8.389999999999999680e-01 -1.701775924957714494e+02
8.399999999999999689e-01 -1.706965286398413468e+02
8.409999999999999698e-01 -1.712160100352359109e+02
8.419999999999999707e-01 -1.717360363479510283e+02
8.429999999999999716e-01 -1.722566072446121836e+02
8.439999999999999725e-01 -1.727777223924731516e+02
8.449999999999999734e-01 -1.732993814594134676e+02
8.459999999999999742e-01 -1.738215841139368365e+02
8.469999999999999751e-01 -1.743443300251690005e+02
8.479999999999999760e-01 -1.748676188628559203e+02
8.489999999999999769e-01 -1.753914502973619562e+02
8.499999999999999778e-01 -1.759158239996675945e+02
8.509999999999999787e-01 -1.764407396413680260e+02
8.519999999999999796e-01 -1.769661968946709578e+02
8.529999999999999805e-01 -1.774921954323944817e+02
8.539999999999999813e-01 -1.780187349279662214e+02
8.549999999999999822e-01 -1.785458150554199790e+02
8.559999999999999831e-01 -1.790734354893951092e+02
8.569999999999999840e-01 -1.796015959051339905e+02
8.579999999999999849e-01 -1.801302959784806887e+02
8.589999999999999858e-01 -1.806595353858783710e+02
8.599999999999999867e-01 -1.811893138043684814e+02
8.609999999999999876e-01 -1.817196309115878137e+02
8.619999999999999885e-01 -1.822504863857677719e+02
8.629999999999999893e-01 -1.827818799057316141e+02
8.639999999999999902e-01 -1.833138111508934287e+02
8.649999999999999911e-01 -1.838462798012558324e+02
8.659999999999999920e-01 -1.843792855374084922e+02
8.669999999999999929e-01 -1.849128280405259375e+02
8.679999999999999938e-01 -1.854469069923666211e+02
8.689999999999999947e-01 -1.859815220752698792e+02
8.699999999999999956e-01 -1.865166729721557033e+02
8.709999999999999964e-01 -1.870523593665215003e+02
8.719999999999999973e-01 -1.875885809424415527e+02
8.729999999999999982e-01 -1.881253373845646024e+02
8.739999999999999991e-01 -1.886626283781124300e+02
8.750000000000000000e-01 -1.892004536088776945e+02
8.760000000000000009e-01 -1.897388127632231658e+02
8.770000000000000018e-01 -1.902777055280787692e+02
8.780000000000000027e-01 -1.908171315909409884e+02
8.790000000000000036e-01 -1.913570906398705631e+02
8.800000000000000044e-01 -1.918975823634909545e+02
8.810000000000000053e-01 -1.924386064509867253e+02
8.820000000000000062e-01 -1.929801625921018058e+02
8.830000000000000071e-01 -1.935222504771377601e+02
8.840000000000000080e-01 -1.940648697969527063e+02
8.850000000000000089e-01 -1.946080202429584745e+02
8.860000000000000098e-01 -1.951517015071203787e+02
8.870000000000000107e-01 -1.956959132819542901e+02
8.880000000000000115e-01 -1.962406552605262107e+02
8.890000000000000124e-01 -1.967859271364494873e+02
8.900000000000000133e-01 -1.973317286038844145e+02
8.910000000000000142e-01 -1.978780593575351645e+02
8.920000000000000151e-01 -1.984249190926498727e+02
8.930000000000000160e-01 -1.989723075050175396e+02
8.940000000000000169e-01 -1.995202242909674339e+02
8.950000000000000178e-01 -2.000686691473669043e+02
8.960000000000000187e-01 -2.006176417716204128e+02
8.970000000000000195e-01 -2.011671418616671474e+02
8.980000000000000204e-01 -2.017171691159804539e+02
8.990000000000000213e-01 -2.022677232335653059e+02
9.000000000000000222e-01 -2.028188039139576517e+02
9.010000000000000231e-01 -2.033704108572217706e+02
9.020000000000000240e-01 -2.039225437639501308e+02
9.030000000000000249e-01 -2.044752023352607182e+02
9.040000000000000258e-01 -2.050283862727960695e+02
9.050000000000000266e-01 -2.055820952787212264e+02
9.060000000000000275e-01 -2.061363290557232517e+02
9.070000000000000284e-01 -2.066910873070084733e+02
9.080000000000000293e-01 -2.072463697363019719e+02
9.090000000000000302e-01 -2.078021760478455633e+02
9.100000000000000311e-01 -2.083585059463963489e+02
9.110000000000000320e-01 -2.089153591372254652e+02
9.120000000000000329e-01 -2.094727353261164922e+02
9.130000000000000338e-01 -2.100306342193638045e+02
9.140000000000000346e-01 -2.105890555237714921e+02
9.150000000000000355e-01 -2.111479989466515406e+02
9.160000000000000364e-01 -2.117074641958225527e+02
9.170000000000000373e-01 -2.122674509796081850e+02
9.180000000000000382e-01 -2.128279590068358971e+02
9.190000000000000391e-01 -2.133889879868354740e+02
9.200000000000000400e-01 -2.139505376294373775e+02
9.210000000000000409e-01 -2.145126076449714105e+02
9.220000000000000417e-01 -2.150751977442657221e+02
9.230000000000000426e-01 -2.156383076386445339e+02
9.240000000000000435e-01 -2.162019370399278273e+02
9.250000000000000444e-01 -2.167660856604288426e+02
9.260000000000000453e-01 -2.173307532129534820e+02
9.270000000000000462e-01 -2.178959394107984053e+02
9.280000000000000471e-01 -2.184616439677501205e+02
9.290000000000000480e-01 -2.190278665980832500e+02
9.300000000000000488e-01 -2.195946070165592232e+02
9.310000000000000497e-01 -2.201618649384248840e+02
9.320000000000000506e-01 -2.207296400794114390e+02
9.330000000000000515e-01 -2.212979321557326671e+02
9.340000000000000524e-01 -2.218667408840836401e+02
9.350000000000000533e-01 -2.224360659816397003e+02
9.360000000000000542e-01 -2.230059071660547829e+02
9.370000000000000551e-01 -2.235762641554603078e+02
9.380000000000000560e-01 -2.241471366684636166e+02
9.390000000000000568e-01 -2.247185244241468354e+02
9.400000000000000577e-01 -2.252904271420654823e+02
9.410000000000000586e-01 -2.258628445422471600e+02
9.420000000000000595e-01 -2.264357763451900780e+02
9.430000000000000604e-01 -2.270092222718621997e+02
9.440000000000000613e-01 -2.275831820436993667e+02
9.450000000000000622e-01 -2.281576553826045881e+02
9.460000000000000631e-01 -2.287326420109461083e+02
9.470000000000000639e-01 -2.293081416515567525e+02
9.480000000000000648e-01 -2.298841540277321087e+02
9.490000000000000657e-01 -2.304606788632297594e+02
9.500000000000000666e-01 -2.310377158822674062e+02
9.510000000000000675e-01 -2.316152648095223299e+02
9.520000000000000684e-01 -2.321933253701293438e+02
9.530000000000000693e-01 -2.327718972896803393e+02
9.540000000000000702e-01 -2.333509802942221825e+02
9.550000000000000711e-01 -2.339305741102564014e+02
9.560000000000000719e-01 -2.345106784647369977e+02
9.570000000000000728e-01 -2.350912930850699354e+02
9.580000000000000737e-01 -2.356724176991116622e+02
9.590000000000000746e-01 -2.362540520351676037e+02
9.599999999999999645e-01 -2.368361958219914243e+02
9.609999999999999654e-01 -2.374188487887836061e+02
9.619999999999999662e-01 -2.380020106651899994e+02
9.629999999999999671e-01 -2.385856811813009983e+02
9.639999999999999680e-01 -2.391698600676500348e+02
9.649999999999999689e-01 -2.397545470552125266e+02
9.659999999999999698e-01 -2.403397418754045418e+02
9.669999999999999707e-01 -2.409254442600820312e+02
9.679999999999999716e-01 -2.415116539415391230e+02
9.689999999999999725e-01 -2.420983706525071284e+02
9.699999999999999734e-01 -2.426855941261532905e+02
9.709999999999999742e-01 -2.432733240960799890e+02
9.719999999999999751e-01 -2.438615602963229492e+02
9.729999999999999760e-01 -2.444503024613507023e+02
9.739999999999999769e-01 -2.450395503260628516e+02
9.749999999999999778e-01 -2.456293036257894471e+02
9.759999999999999787e-01 -2.462195620962892804e+02
9.769999999999999796e-01 -2.468103254737494012e+02
9.779999999999999805e-01 -2.474015934947832989e+02
9.789999999999999813e-01 -2.479933658964303049e+02
9.799999999999999822e-01 -2.485856424161540019e+02
9.809999999999999831e-01 -2.491784227918414274e+02
9.819999999999999840e-01 -2.497717067618019655e+02
9.829999999999999849e-01 -2.503654940647657270e+02
9.839999999999999858e-01 -2.509597844398831796e+02
9.849999999999999867e-01 -2.515545776267236135e+02
9.859999999999999876e-01 -2.521498733652736348e+02
9.869999999999999885e-01 -2.527456713959371655e+02
9.879999999999999893e-01 -2.533419714595328855e+02
9.889999999999999902e-01 -2.539387732972949152e+02
9.899999999999999911e-01 -2.545360766508695178e+02
9.909999999999999920e-01 -2.551338812623164358e+02
9.919999999999999929e-01 -2.557321868741055368e+02
9.929999999999999938e-01 -2.563309932291175528e+02
9.939999999999999947e-01 -2.569303000706415787e+02
9.949999999999999956e-01 -2.575301071423755275e+02
9.959999999999999964e-01 -2.581304141884231740e+02
9.969999999999999973e-01 -2.587312209532946667e+02
9.979999999999999982e-01 -2.593325271819048226e+02
9.989999999999999991e-01 -2.599343326195720465e+02
1.000000000000000000e+00 -2.605366370120175361e+02
