0.000000000000000000e+00 0.000000000000000000e+00
1.000000000000000021e-03 8.740906484656105757e-01
2.000000000000000042e-03 1.510096933615951542e+00
3.000000000000000062e-03 2.076711910006237893e+00
4.000000000000000083e-03 2.600608552608840718e+00
5.000000000000000104e-03 3.093689979606588647e+00
6.000000000000000125e-03 3.562710627697070809e+00
7.000000000000000146e-03 4.012019757328014080e+00
8.000000000000000167e-03 4.444649487088517148e+00
9.000000000000001055e-03 4.862832980744561162e+00
1.000000000000000021e-02 5.268282633726723674e+00
1.099999999999999936e-02 5.662352723360060125e+00
1.200000000000000025e-02 6.046140818462867550e+00
1.300000000000000114e-02 6.420554265708156017e+00
1.400000000000000029e-02 6.786355579458090759e+00
1.499999999999999944e-02 7.144194478672712734e+00
1.600000000000000033e-02 7.494631139295750089e+00
1.700000000000000122e-02 7.838153476454051471e+00
1.800000000000000211e-02 8.175190254829775682e+00
1.899999999999999953e-02 8.506121212971164525e+00
2.000000000000000042e-02 8.831285004950881756e+00
2.100000000000000130e-02 9.150985516845432599e+00
2.199999999999999872e-02 9.465496953089724386e+00
2.299999999999999961e-02 9.775067977958377341e+00
2.400000000000000050e-02 1.007992512163047216e+01
2.500000000000000139e-02 1.038027560698479057e+01
2.600000000000000228e-02 1.067630971513882265e+01
2.699999999999999969e-02 1.096820278004424587e+01
2.800000000000000058e-02 1.125611688204720018e+01
2.900000000000000147e-02 1.154020229509666251e+01
2.999999999999999889e-02 1.182059873079033352e+01
3.099999999999999978e-02 1.209743641367499301e+01
3.200000000000000067e-02 1.237083701545539682e+01
3.300000000000000155e-02 1.264091447050327943e+01
3.400000000000000244e-02 1.290777569092751165e+01
3.500000000000000333e-02 1.317152119619758999e+01
3.600000000000000422e-02 1.343224566970670608e+01
3.699999999999999817e-02 1.369003845256774987e+01
3.799999999999999906e-02 1.394498398324392596e+01
3.899999999999999994e-02 1.419716219023950288e+01
4.000000000000000083e-02 1.444664884395021431e+01
4.100000000000000172e-02 1.469351587284613281e+01
4.200000000000000261e-02 1.493783164839337374e+01
4.300000000000000350e-02 1.517966124248387949e+01
4.399999999999999745e-02 1.541906666060996045e+01
4.499999999999999833e-02 1.565610705357401855e+01
4.599999999999999922e-02 1.589083891014703553e+01
4.700000000000000011e-02 1.612331623277140480e+01
4.800000000000000100e-02 1.635359069813288357e+01
4.900000000000000189e-02 1.658171180419570234e+01
5.000000000000000278e-02 1.680772700509797346e+01
5.100000000000000366e-02 1.703168183513458800e+01
5.200000000000000455e-02 1.725362002290911434e+01
5.299999999999999850e-02 1.747358359661025418e+01
5.399999999999999939e-02 1.769161298125876769e+01
5.500000000000000028e-02 1.790774708867614606e+01
5.600000000000000117e-02 1.812202340084344243e+01
5.700000000000000205e-02 1.833447804724623609e+01
5.800000000000000294e-02 1.854514587673853399e+01
5.900000000000000383e-02 1.875406052440268923e+01
5.999999999999999778e-02 1.896125447383342078e+01
6.099999999999999867e-02 1.916675911523088871e+01
6.199999999999999956e-02 1.937060479964937798e+01
6.300000000000000044e-02 1.957282088971471978e+01
6.400000000000000133e-02 1.977343580709292326e+01
6.500000000000000222e-02 1.997247707696623209e+01
6.600000000000000311e-02 2.016997136974880434e+01
6.700000000000000400e-02 2.036594454025290801e+01
6.800000000000000488e-02 2.056042166449743291e+01
6.900000000000000577e-02 2.075342707433354406e+01
7.000000000000000666e-02 2.094498439004717838e+01
7.100000000000000755e-02 2.113511655108356635e+01
7.200000000000000844e-02 2.132384584502761626e+01
7.299999999999999545e-02 2.151119393496192345e+01
7.399999999999999634e-02 2.169718188531440006e+01
7.499999999999999722e-02 2.188183018629849386e+01
7.599999999999999811e-02 2.206515877704041273e+01
7.699999999999999900e-02 2.224718706748038599e+01
7.799999999999999989e-02 2.242793395912823229e+01
7.900000000000000078e-02 2.260741786474712711e+01
8.000000000000000167e-02 2.278565672703385303e+01
8.100000000000000255e-02 2.296266803635884912e+01
8.200000000000000344e-02 2.313846884762434541e+01
8.300000000000000433e-02 2.331307579629473636e+01
8.400000000000000522e-02 2.348650511364953886e+01
8.500000000000000611e-02 2.365877264130530477e+01
8.600000000000000699e-02 2.382989384504996622e+01
8.700000000000000788e-02 2.399988382802964892e+01
8.799999999999999489e-02 2.416875734332565528e+01
8.899999999999999578e-02 2.433652880595628787e+01
8.999999999999999667e-02 2.450321230433601727e+01
9.099999999999999756e-02 2.466882161122248363e+01
9.199999999999999845e-02 2.483337019417953684e+01
9.299999999999999933e-02 2.499687122558272634e+01
9.400000000000000022e-02 2.515933759219218757e+01
9.500000000000000111e-02 2.532078190431575138e+01
9.600000000000000200e-02 2.548121650458434218e+01
9.700000000000000289e-02 2.564065347635953174e+01
9.800000000000000377e-02 2.579910465179295542e+01
9.900000000000000466e-02 2.595658161955453735e+01
1.000000000000000056e-01 2.611309573224736624e+01
1.010000000000000064e-01 2.626865811352413971e+01
1.020000000000000073e-01 2.642327966492051416e+01
1.030000000000000082e-01 2.657697107241907020e+01
1.040000000000000091e-01 2.672974281275725517e+01
1.049999999999999961e-01 2.688160515949144269e+01
1.059999999999999970e-01 2.703256818882887913e+01
1.069999999999999979e-01 2.718264178523859798e+01
1.079999999999999988e-01 2.733183564685147715e+01
1.089999999999999997e-01 2.748015929065968876e+01
1.100000000000000006e-01 2.762762205752406786e+01
1.110000000000000014e-01 2.777423311699888941e+01
1.120000000000000023e-01 2.792000147198187676e+01
1.130000000000000032e-01 2.806493596319756278e+01
1.140000000000000041e-01 2.820904527352099933e+01
1.150000000000000050e-01 2.835233793214943177e+01
1.160000000000000059e-01 2.849482231862805293e+01
1.170000000000000068e-01 2.863650666673640188e+01
1.180000000000000077e-01 2.877739906824146487e+01
1.190000000000000085e-01 2.891750747652286080e+01
1.199999999999999956e-01 2.905683971007582755e+01
1.209999999999999964e-01 2.919540345589695107e+01
1.219999999999999973e-01 2.933320627275749359e+01
1.229999999999999982e-01 2.947025559436898590e+01
1.239999999999999991e-01 2.960655873244553149e+01
1.250000000000000000e-01 2.974212287966695811e+01
1.260000000000000009e-01 2.987695511254673164e+01
1.270000000000000018e-01 3.001106239420852262e+01
1.280000000000000027e-01 3.014445157707502077e+01
1.290000000000000036e-01 3.027712940547242937e+01
1.300000000000000044e-01 3.040910251815388676e+01
1.310000000000000053e-01 3.054037745074491994e+01
1.320000000000000062e-01 3.067096063811414552e+01
1.330000000000000071e-01 3.080085841667160906e+01
1.340000000000000080e-01 3.093007702659803115e+01
1.350000000000000089e-01 3.105862261400721280e+01
1.360000000000000098e-01 3.118650123304395549e+01
1.370000000000000107e-01 3.131371884792038784e+01
1.380000000000000115e-01 3.144028133489243260e+01
1.390000000000000124e-01 3.156619448417883689e+01
1.400000000000000133e-01 3.169146400182488321e+01
1.410000000000000142e-01 3.181609551151255388e+01
1.420000000000000151e-01 3.194009455631931971e+01
1.430000000000000160e-01 3.206346660042711960e+01
1.440000000000000169e-01 3.218621703078339635e+01
1.449999999999999900e-01 3.230835115871599328e+01
1.459999999999999909e-01 3.242987422150319077e+01
1.469999999999999918e-01 3.255079138390061644e+01
1.479999999999999927e-01 3.267110773962673420e+01
1.489999999999999936e-01 3.279082831280764054e+01
1.499999999999999944e-01 3.290995805938327123e+01
1.509999999999999953e-01 3.302850186847599900e+01
1.519999999999999962e-01 3.314646456372273775e+01
1.529999999999999971e-01 3.326385090457193883e+01
1.539999999999999980e-01 3.338066558754655233e+01
1.549999999999999989e-01 3.349691324747427501e+01
1.559999999999999998e-01 3.361259845868567453e+01
1.570000000000000007e-01 3.372772573618174619e+01
1.580000000000000016e-01 3.384229953677151315e+01
1.590000000000000024e-01 3.395632426018080707e+01
1.600000000000000033e-01 3.406980425013301783e+01
1.610000000000000042e-01 3.418274379540288521e+01
1.620000000000000051e-01 3.429514713084386557e+01
1.630000000000000060e-01 3.440701843839017471e+01
1.640000000000000069e-01 3.451836184803418206e+01
1.650000000000000078e-01 3.462918143877983113e+01
1.660000000000000087e-01 3.473948123957299572e+01
1.670000000000000095e-01 3.484926523020924094e+01
1.680000000000000104e-01 3.495853734221984865e+01
1.690000000000000113e-01 3.506730145973671142e+01
1.700000000000000122e-01 3.517556142033669886e+01
1.710000000000000131e-01 3.528332101586606484e+01
1.720000000000000140e-01 3.539058399324547821e+01
1.730000000000000149e-01 3.549735405525655096e+01
1.740000000000000158e-01 3.560363486130975019e+01
1.750000000000000167e-01 3.570943002819494438e+01
1.759999999999999898e-01 3.581474313081447747e+01
1.769999999999999907e-01 3.591957770289982221e+01
1.779999999999999916e-01 3.602393723771180589e+01
1.789999999999999925e-01 3.612782518872503346e+01
1.799999999999999933e-01 3.623124497029728275e+01
1.809999999999999942e-01 3.633419995832357330e+01
1.819999999999999951e-01 3.643669349087591058e+01
1.829999999999999960e-01 3.653872886882923154e+01
1.839999999999999969e-01 3.664030935647313214e+01
1.849999999999999978e-01 3.674143818211062040e+01
1.859999999999999987e-01 3.684211853864367470e+01
1.869999999999999996e-01 3.694235358414660197e+01
1.880000000000000004e-01 3.704214644242638599e+01
1.890000000000000013e-01 3.714150020357179471e+01
1.900000000000000022e-01 3.724041792449033039e+01
1.910000000000000031e-01 3.733890262943437222e+01
1.920000000000000040e-01 3.743695731051551689e+01
1.930000000000000049e-01 3.753458492820904269e+01
1.940000000000000058e-01 3.763178841184731738e+01
1.950000000000000067e-01 3.772857066010312366e+01
1.960000000000000075e-01 3.782493454146320744e+01
1.970000000000000084e-01 3.792088289469193541e+01
1.980000000000000093e-01 3.801641852928567289e+01
1.990000000000000102e-01 3.811154422591797442e+01
2.000000000000000111e-01 3.820626273687555141e+01
2.010000000000000120e-01 3.830057678648600472e+01
2.020000000000000129e-01 3.839448907153630586e+01
2.030000000000000138e-01 3.848800226168374650e+01
2.040000000000000147e-01 3.858111899985819804e+01
2.050000000000000155e-01 3.867384190265674704e+01
2.060000000000000164e-01 3.876617356073047915e+01
2.070000000000000173e-01 3.885811653916397290e+01
2.080000000000000182e-01 3.894967337784706984e+01
2.089999999999999913e-01 3.904084659183992301e+01
2.099999999999999922e-01 3.913163867173046384e+01
2.109999999999999931e-01 3.922205208398574428e+01
2.119999999999999940e-01 3.931208927129602415e+01
2.129999999999999949e-01 3.940175265291267692e+01
2.139999999999999958e-01 3.949104462497964363e+01
2.149999999999999967e-01 3.957996756085857015e+01
2.159999999999999976e-01 3.966852381144818906e+01
2.169999999999999984e-01 3.975671570549729239e+01
2.179999999999999993e-01 3.984454554991251030e+01
2.190000000000000002e-01 3.993201563005982990e+01
2.200000000000000011e-01 4.001912821006121135e+01
2.210000000000000020e-01 4.010588553308512161e+01
2.220000000000000029e-01 4.019228982163244268e+01
2.230000000000000038e-01 4.027834327781690860e+01
2.240000000000000047e-01 4.036404808364016361e+01
2.250000000000000056e-01 4.044940640126290532e+01
2.260000000000000064e-01 4.053442037326996683e+01
2.270000000000000073e-01 4.061909212293157623e+01
2.280000000000000082e-01 4.070342375445963512e+01
2.290000000000000091e-01 4.078741735325962736e+01
2.300000000000000100e-01 4.087107498617788792e+01
2.310000000000000109e-01 4.095439870174498509e+01
2.320000000000000118e-01 4.103739053041451257e+01
2.330000000000000127e-01 4.112005248479773201e+01
2.340000000000000135e-01 4.120238655989460597e+01
2.350000000000000144e-01 4.128439473332033316e+01
2.360000000000000153e-01 4.136607896552842334e+01
2.370000000000000162e-01 4.144744120002974341e+01
2.380000000000000171e-01 4.152848336360799664e+01
2.390000000000000180e-01 4.160920736653165619e+01
2.399999999999999911e-01 4.168961510276194105e+01
2.409999999999999920e-01 4.176970845015779332e+01
2.419999999999999929e-01 4.184948927067718927e+01
2.429999999999999938e-01 4.192895941057517462e+01
2.439999999999999947e-01 4.200812070059859593e+01
2.449999999999999956e-01 4.208697495617784767e+01
2.459999999999999964e-01 4.216552397761494575e+01
2.469999999999999973e-01 4.224376955026928471e+01
2.479999999999999982e-01 4.232171344473983510e+01
2.489999999999999991e-01 4.239935741704444183e+01
2.500000000000000000e-01 4.247670320879649353e+01
2.510000000000000009e-01 4.255375254737856494e+01
2.520000000000000018e-01 4.263050714611331671e+01
2.530000000000000027e-01 4.270696870443180160e+01
2.540000000000000036e-01 4.278313890803868702e+01
2.550000000000000044e-01 4.285901942907570117e+01
2.560000000000000053e-01 4.293461192628150513e+01
2.570000000000000062e-01 4.300991804514976025e+01
2.580000000000000071e-01 4.308493941808451666e+01
2.590000000000000080e-01 4.315967766455324295e+01
2.600000000000000089e-01 4.323413439123709878e+01
2.610000000000000098e-01 4.330831119217972969e+01
2.620000000000000107e-01 4.338220964893297094e+01
2.630000000000000115e-01 4.345583133070061166e+01
2.640000000000000124e-01 4.352917779448007707e+01
2.650000000000000133e-01 4.360225058520173747e+01
2.660000000000000142e-01 4.367505123586647642e+01
2.670000000000000151e-01 4.374758126768064415e+01
2.680000000000000160e-01 4.381984219018947613e+01
2.690000000000000169e-01 4.389183550140836587e+01
2.700000000000000178e-01 4.396356268795194211e+01
2.710000000000000187e-01 4.403502522516151885e+01
2.720000000000000195e-01 4.410622457723071932e+01
2.730000000000000204e-01 4.417716219732884042e+01
2.740000000000000213e-01 4.424783952772283158e+01
2.750000000000000222e-01 4.431825799989724857e+01
2.760000000000000231e-01 4.438841903467267258e+01
2.770000000000000240e-01 4.445832404232206159e+01
2.780000000000000249e-01 4.452797442268573036e+01
2.790000000000000258e-01 4.459737156528455415e+01
2.800000000000000266e-01 4.466651684943163048e+01
2.810000000000000275e-01 4.473541164434212192e+01
2.820000000000000284e-01 4.480405730924174179e+01
2.830000000000000293e-01 4.487245519347381162e+01
2.840000000000000302e-01 4.494060663660435750e+01
2.850000000000000311e-01 4.500851296852607675e+01
2.860000000000000320e-01 4.507617550956084074e+01
2.870000000000000329e-01 4.514359557056065597e+01
2.880000000000000338e-01 4.521077445300706188e+01
2.889999999999999791e-01 4.527771344910966889e+01
2.899999999999999800e-01 4.534441384190263591e+01
2.909999999999999809e-01 4.541087690534033072e+01
2.919999999999999818e-01 4.547710390439151240e+01
2.929999999999999827e-01 4.554309609513209978e+01
2.939999999999999836e-01 4.560885472483680303e+01
2.949999999999999845e-01 4.567438103206973210e+01
2.959999999999999853e-01 4.573967624677308663e+01
2.969999999999999862e-01 4.580474159035546222e+01
2.979999999999999871e-01 4.586957827577830926e+01
2.989999999999999880e-01 4.593418750764174519e+01
2.999999999999999889e-01 4.599857048226881773e+01
3.009999999999999898e-01 4.606272838778871659e+01
3.019999999999999907e-01 4.612666240421937403e+01
3.029999999999999916e-01 4.619037370354797645e+01
3.039999999999999925e-01 4.625386344981141917e+01
3.049999999999999933e-01 4.631713279917504877e+01
3.059999999999999942e-01 4.638018290001072330e+01
3.069999999999999951e-01 4.644301489297363617e+01
3.079999999999999960e-01 4.650562991107823763e+01
3.089999999999999969e-01 4.656802907977312600e+01
3.099999999999999978e-01 4.663021351701515016e+01
3.109999999999999987e-01 4.669218433334203411e+01
3.119999999999999996e-01 4.675394263194476707e+01
3.130000000000000004e-01 4.681548950873862225e+01
3.140000000000000013e-01 4.687682605243327316e+01
3.150000000000000022e-01 4.693795334460223501e+01
3.160000000000000031e-01 4.699887245975111227e+01
3.170000000000000040e-01 4.705958446538544138e+01
3.180000000000000049e-01 4.712009042207704823e+01
3.190000000000000058e-01 4.718039138353019268e+01
3.200000000000000067e-01 4.724048839664645527e+01
3.210000000000000075e-01 4.730038250158909818e+01
3.220000000000000084e-01 4.736007473184613303e+01
3.230000000000000093e-01 4.741956611429362312e+01
3.240000000000000102e-01 4.747885766925674034e+01
3.250000000000000111e-01 4.753795041057132664e+01
3.260000000000000120e-01 4.759684534564426883e+01
3.270000000000000129e-01 4.765554347551272230e+01
3.280000000000000138e-01 4.771404579490335607e+01
3.290000000000000147e-01 4.777235329229024074e+01
3.300000000000000155e-01 4.783046694995245218e+01
3.310000000000000164e-01 4.788838774403062359e+01
3.320000000000000173e-01 4.794611664458320632e+01
3.330000000000000182e-01 4.800365461564152270e+01
3.340000000000000191e-01 4.806100261526474071e+01
3.350000000000000200e-01 4.811816159559393213e+01
3.360000000000000209e-01 4.817513250290532767e+01
3.370000000000000218e-01 4.823191627766307477e+01
3.380000000000000226e-01 4.828851385457136303e+01
3.390000000000000235e-01 4.834492616262618014e+01
3.400000000000000244e-01 4.840115412516590254e+01
3.410000000000000253e-01 4.845719865992175102e+01
3.420000000000000262e-01 4.851306067906729425e+01
3.430000000000000271e-01 4.856874108926808020e+01
3.440000000000000280e-01 4.862424079172981095e+01
3.450000000000000289e-01 4.867956068224614086e+01
3.460000000000000298e-01 4.873470165124648190e+01
3.470000000000000306e-01 4.878966458384293503e+01
3.480000000000000315e-01 4.884445035987610595e+01
3.490000000000000324e-01 4.889905985396149646e+01
3.500000000000000333e-01 4.895349393553460260e+01
3.510000000000000342e-01 4.900775346889523121e+01
3.519999999999999796e-01 4.906183931325265490e+01
3.529999999999999805e-01 4.911575232276823044e+01
3.539999999999999813e-01 4.916949334659983606e+01
3.549999999999999822e-01 4.922306322894351638e+01
3.559999999999999831e-01 4.927646280907651288e+01
3.569999999999999840e-01 4.932969292139886619e+01
3.579999999999999849e-01 4.938275439547459200e+01
3.589999999999999858e-01 4.943564805607255153e+01
3.599999999999999867e-01 4.948837472320713005e+01
3.609999999999999876e-01 4.954093521217794205e+01
3.619999999999999885e-01 4.959333033360941556e+01
3.629999999999999893e-01 4.964556089348970858e+01
3.639999999999999902e-01 4.969762769320979601e+01
3.649999999999999911e-01 4.974953152960109293e+01
3.659999999999999920e-01 4.980127319497383809e+01
3.669999999999999929e-01 4.985285347715399240e+01
3.679999999999999938e-01 4.990427315952036480e+01
3.689999999999999947e-01 4.995553302104153914e+01
3.699999999999999956e-01 5.000663383631142267e+01
3.709999999999999964e-01 5.005757637558539130e+01
3.719999999999999973e-01 5.010836140481566758e+01
3.729999999999999982e-01 5.015898968568649252e+01
3.739999999999999991e-01 5.020946197564817481e+01
3.750000000000000000e-01 5.025977902795211349e+01
3.760000000000000009e-01 5.030994159168417923e+01
3.770000000000000018e-01 5.035995041179813114e+01
3.780000000000000027e-01 5.040980622914951681e+01
3.790000000000000036e-01 5.045950978052782432e+01
3.800000000000000044e-01 5.050906179868896828e+01
3.810000000000000053e-01 5.055846301238813822e+01
3.820000000000000062e-01 5.060771414641047983e+01
3.830000000000000071e-01 5.065681592160355962e+01
3.840000000000000080e-01 5.070576905490817410e+01
3.850000000000000089e-01 5.075457425938866862e+01
3.860000000000000098e-01 5.080323224426416573e+01
3.870000000000000107e-01 5.085174371493845058e+01
3.880000000000000115e-01 5.090010937302958638e+01
3.890000000000000124e-01 5.094832991639962927e+01
3.900000000000000133e-01 5.099640603918428639e+01
3.910000000000000142e-01 5.104433843182096808e+01
3.920000000000000151e-01 5.109212778107816888e+01
3.930000000000000160e-01 5.113977477008377548e+01
3.940000000000000169e-01 5.118728007835264293e+01
3.950000000000000178e-01 5.123464438181478897e+01
3.960000000000000187e-01 5.128186835284278544e+01
3.970000000000000195e-01 5.132895266027902181e+01
3.980000000000000204e-01 5.137589796946226528e+01
3.990000000000000213e-01 5.142270494225509481e+01
4.000000000000000222e-01 5.146937423706948778e+01
4.010000000000000231e-01 5.151590650889350087e+01
4.020000000000000240e-01 5.156230240931699171e+01
4.030000000000000249e-01 5.160856258655699946e+01
4.040000000000000258e-01 5.165468768548343093e+01
4.050000000000000266e-01 5.170067834764407877e+01
4.060000000000000275e-01 5.174653521128946920e+01
4.070000000000000284e-01 5.179225891139721938e+01
4.080000000000000293e-01 5.183785007969681402e+01
4.090000000000000302e-01 5.188330934469372835e+01
4.100000000000000311e-01 5.192863733169274809e+01
4.110000000000000320e-01 5.197383466282234110e+01
4.120000000000000329e-01 5.201890195705767894e+01
4.130000000000000338e-01 5.206383983024400663e+01
4.140000000000000346e-01 5.210864889511934450e+01
4.150000000000000355e-01 5.215332976133770870e+01
4.160000000000000364e-01 5.219788303549115227e+01
4.169999999999999818e-01 5.224230932113253090e+01
4.179999999999999827e-01 5.228660921879708212e+01
4.189999999999999836e-01 5.233078332602480742e+01
4.199999999999999845e-01 5.237483223738201588e+01
4.209999999999999853e-01 5.241875654448247701e+01
4.219999999999999862e-01 5.246255683600908526e+01
4.229999999999999871e-01 5.250623369773482807e+01
4.239999999999999880e-01 5.254978771254342007e+01
4.249999999999999889e-01 5.259321946045027829e+01
4.259999999999999898e-01 5.263652951862286500e+01
4.269999999999999907e-01 5.267971846140082448e+01
4.279999999999999916e-01 5.272278686031627615e+01
4.289999999999999925e-01 5.276573528411362446e+01
4.299999999999999933e-01 5.280856429876933333e+01
4.309999999999999942e-01 5.285127446751130265e+01
4.319999999999999951e-01 5.289386635083839394e+01
4.329999999999999960e-01 5.293634050653933798e+01
4.339999999999999969e-01 5.297869748971220361e+01
4.349999999999999978e-01 5.302093785278275107e+01
4.359999999999999987e-01 5.306306214552318323e+01
4.369999999999999996e-01 5.310507091507052735e+01
4.380000000000000004e-01 5.314696470594542177e+01
4.390000000000000013e-01 5.318874406006956690e+01
4.400000000000000022e-01 5.323040951678406429e+01
4.410000000000000031e-01 5.327196161286731524e+01
4.420000000000000040e-01 5.331340088255218745e+01
4.430000000000000049e-01 5.335472785754419078e+01
4.440000000000000058e-01 5.339594306703811810e+01
4.450000000000000067e-01 5.343704703773548204e+01
4.460000000000000075e-01 5.347804029386179536e+01
4.470000000000000084e-01 5.351892335718279980e+01
4.480000000000000093e-01 5.355969674702188144e+01
4.490000000000000102e-01 5.360036098027611473e+01
4.500000000000000111e-01 5.364091657143277558e+01
4.510000000000000120e-01 5.368136403258580458e+01
4.520000000000000129e-01 5.372170387345150999e+01
4.530000000000000138e-01 5.376193660138504526e+01
4.540000000000000147e-01 5.380206272139588464e+01
4.550000000000000155e-01 5.384208273616361140e+01
4.560000000000000164e-01 5.388199714605339352e+01
4.570000000000000173e-01 5.392180644913153742e+01
4.580000000000000182e-01 5.396151114118082148e+01
4.590000000000000191e-01 5.400111171571521140e+01
4.600000000000000200e-01 5.404060866399545660e+01
4.610000000000000209e-01 5.408000247504359947e+01
4.620000000000000218e-01 5.411929363565774054e+01
4.630000000000000226e-01 5.415848263042686028e+01
4.640000000000000235e-01 5.419756994174490927e+01
4.650000000000000244e-01 5.423655604982586453e+01
4.660000000000000253e-01 5.427544143271717303e+01
4.670000000000000262e-01 5.431422656631454515e+01
4.680000000000000271e-01 5.435291192437549057e+01
4.690000000000000280e-01 5.439149797853341539e+01
4.700000000000000289e-01 5.442998519831137116e+01
4.710000000000000298e-01 5.446837405113572572e+01
4.720000000000000306e-01 5.450666500234959955e+01
4.730000000000000315e-01 5.454485851522620266e+01
4.740000000000000324e-01 5.458295505098247702e+01
4.750000000000000333e-01 5.462095506879168028e+01
4.760000000000000342e-01 5.465885902579731237e+01
4.770000000000000351e-01 5.469666737712527294e+01
4.780000000000000360e-01 5.473438057589716976e+01
4.790000000000000369e-01 5.477199907324276751e+01
4.799999999999999822e-01 5.480952331831286273e+01
4.809999999999999831e-01 5.484695375829200970e+01
4.819999999999999840e-01 5.488429083841026568e+01
4.829999999999999849e-01 5.492153500195610860e+01
4.839999999999999858e-01 5.495868669028870102e+01
4.849999999999999867e-01 5.499574634284930852e+01
4.859999999999999876e-01 5.503271439717439506e+01
4.869999999999999885e-01 5.506959128890652977e+01
4.879999999999999893e-01 5.510637745180668645e+01
4.889999999999999902e-01 5.514307331776606702e+01
4.899999999999999911e-01 5.517967931681747729e+01
4.909999999999999920e-01 5.521619587714695854e+01
4.919999999999999929e-01 5.525262342510541913e+01
4.929999999999999938e-01 5.528896238521937079e+01
4.939999999999999947e-01 5.532521318020309309e+01
4.949999999999999956e-01 5.536137623096888660e+01
4.959999999999999964e-01 5.539745195663886790e+01
4.969999999999999973e-01 5.543344077455545005e+01
4.979999999999999982e-01 5.546934310029244131e+01
4.989999999999999991e-01 5.550515934766597326e+01
5.000000000000000000e-01 5.554088992874494579e+01
5.010000000000000009e-01 5.557653525386174209e+01
5.020000000000000018e-01 5.561209573162293651e+01
5.030000000000000027e-01 5.564757176891968271e+01
5.040000000000000036e-01 5.568296377093785310e+01
5.050000000000000044e-01 5.571827214116869698e+01
5.060000000000000053e-01 5.575349728141888050e+01
5.070000000000000062e-01 5.578863959182050536e+01
5.080000000000000071e-01 5.582369947084118422e+01
5.090000000000000080e-01 5.585867731529458524e+01
5.100000000000000089e-01 5.589357352034928539e+01
5.110000000000000098e-01 5.592838847953933623e+01
5.120000000000000107e-01 5.596312258477401969e+01
5.130000000000000115e-01 5.599777622634699981e+01
5.140000000000000124e-01 5.603234979294629881e+01
5.150000000000000133e-01 5.606684367166374727e+01
5.160000000000000142e-01 5.610125824800435623e+01
5.170000000000000151e-01 5.613559390589578157e+01
5.180000000000000160e-01 5.616985102769746874e+01
5.190000000000000169e-01 5.620402999420981160e+01
5.200000000000000178e-01 5.623813118468370931e+01
5.210000000000000187e-01 5.627215497682910694e+01
5.220000000000000195e-01 5.630610174682436053e+01
5.230000000000000204e-01 5.633997186932521117e+01
5.240000000000000213e-01 5.637376571747326892e+01
5.250000000000000222e-01 5.640748366290497984e+01
5.260000000000000231e-01 5.644112607576077068e+01
5.270000000000000240e-01 5.647469332469307091e+01
5.280000000000000249e-01 5.650818577687536504e+01
5.290000000000000258e-01 5.654160379801054148e+01
5.300000000000000266e-01 5.657494775233920592e+01
5.310000000000000275e-01 5.660821800264849202e+01
5.320000000000000284e-01 5.664141491028014030e+01
5.330000000000000293e-01 5.667453883513880442e+01
5.340000000000000302e-01 5.670759013570017260e+01
5.350000000000000311e-01 5.674056916901931658e+01
5.360000000000000320e-01 5.677347629073850754e+01
5.370000000000000329e-01 5.680631185509582792e+01
5.380000000000000338e-01 5.683907621493221285e+01
5.390000000000000346e-01 5.687176972170048828e+01
5.400000000000000355e-01 5.690439272547185112e+01
5.410000000000000364e-01 5.693694557494522002e+01
5.420000000000000373e-01 5.696942861745367992e+01
5.430000000000000382e-01 5.700184219897273863e+01
5.440000000000000391e-01 5.703418666412816407e+01
5.450000000000000400e-01 5.706646235620274155e+01
5.460000000000000409e-01 5.709866961714478606e+01
5.470000000000000417e-01 5.713080878757478587e+01
5.480000000000000426e-01 5.716288020679344584e+01
5.490000000000000435e-01 5.719488421278816759e+01
5.500000000000000444e-01 5.722682114224141969e+01
5.510000000000000453e-01 5.725869133053723203e+01
5.520000000000000462e-01 5.729049511176857834e+01
5.530000000000000471e-01 5.732223281874441057e+01
5.540000000000000480e-01 5.735390478299694905e+01
5.550000000000000488e-01 5.738551133478861743e+01
5.560000000000000497e-01 5.741705280311893489e+01
5.570000000000000506e-01 5.744852951573153632e+01
5.580000000000000515e-01 5.747994179912106461e+01
5.590000000000000524e-01 5.751128997853982128e+01
5.600000000000000533e-01 5.754257437800495723e+01
5.610000000000000542e-01 5.757379532030448388e+01
5.620000000000000551e-01 5.760495312700489023e+01
5.630000000000000560e-01 5.763604811845691245e+01
5.640000000000000568e-01 5.766708061380252559e+01
5.650000000000000577e-01 5.769805093098175064e+01
5.660000000000000586e-01 5.772895938673845251e+01
5.670000000000000595e-01 5.775980629662745969e+01
5.680000000000000604e-01 5.779059197502056122e+01
5.690000000000000613e-01 5.782131673511273107e+01
5.700000000000000622e-01 5.785198088892910562e+01
5.710000000000000631e-01 5.788258474733073911e+01
5.720000000000000639e-01 5.791312862002061479e+01
5.730000000000000648e-01 5.794361281555046617e+01
5.740000000000000657e-01 5.797403764132636184e+01
5.750000000000000666e-01 5.800440340361507197e+01
5.760000000000000675e-01 5.803471040755000843e+01
5.769999999999999574e-01 5.806495895713717914e+01
5.779999999999999583e-01 5.809514935526162560e+01
5.789999999999999591e-01 5.812528190369241088e+01
5.799999999999999600e-01 5.815535690308935557e+01
5.809999999999999609e-01 5.818537465300859424e+01
5.819999999999999618e-01 5.821533545190824555e+01
5.829999999999999627e-01 5.824523959715428134e+01
5.839999999999999636e-01 5.827508738502638153e+01
5.849999999999999645e-01 5.830487911072324891e+01
5.859999999999999654e-01 5.833461506836857779e+01
5.869999999999999662e-01 5.836429555101651090e+01
5.879999999999999671e-01 5.839392085065757954e+01
5.889999999999999680e-01 5.842349125822337896e+01
5.899999999999999689e-01 5.845300706359292064e+01
5.909999999999999698e-01 5.848246855559759183e+01
5.919999999999999707e-01 5.851187602202681148e+01
5.929999999999999716e-01 5.854122974963303250e+01
5.939999999999999725e-01 5.857053002413789500e+01
5.949999999999999734e-01 5.859977713023654644e+01
5.959999999999999742e-01 5.862897135160353912e+01
5.969999999999999751e-01 5.865811297089771870e+01
5.979999999999999760e-01 5.868720226976782328e+01
5.989999999999999769e-01 5.871623952885715880e+01
5.999999999999999778e-01 5.874522502780926914e+01
6.009999999999999787e-01 5.877415904527242674e+01
6.019999999999999796e-01 5.880304185890523172e+01
6.029999999999999805e-01 5.883187374538120196e+01
6.039999999999999813e-01 5.886065498039420163e+01
6.049999999999999822e-01 5.888938583866286081e+01
6.059999999999999831e-01 5.891806659393616030e+01
6.069999999999999840e-01 5.894669751899776600e+01
6.079999999999999849e-01 5.897527888567091736e+01
6.089999999999999858e-01 5.900381096482394128e+01
6.099999999999999867e-01 5.903229402637381895e+01
6.109999999999999876e-01 5.906072833929242449e+01
6.119999999999999885e-01 5.908911417160969393e+01
6.129999999999999893e-01 5.911745179042004850e+01
6.139999999999999902e-01 5.914574146188542159e+01
6.149999999999999911e-01 5.917398345124084358e+01
6.159999999999999920e-01 5.920217802279880459e+01
6.169999999999999929e-01 5.923032543995415722e+01
6.179999999999999938e-01 5.925842596518788241e+01
6.189999999999999947e-01 5.928647986007253223e+01
6.199999999999999956e-01 5.931448738527593889e+01
6.209999999999999964e-01 5.934244880056618854e+01
6.219999999999999973e-01 5.937036436481589874e+01
6.229999999999999982e-01 5.939823433600659541e+01
6.239999999999999991e-01 5.942605897123307557e+01
6.250000000000000000e-01 5.945383852670764213e+01
6.260000000000000009e-01 5.948157325776510618e+01
6.270000000000000018e-01 5.950926341886564330e+01
6.280000000000000027e-01 5.953690926360066271e+01
6.290000000000000036e-01 5.956451104469610414e+01
6.300000000000000044e-01 5.959206901401694267e+01
6.310000000000000053e-01 5.961958342257108256e+01
6.320000000000000062e-01 5.964705452051393308e+01
6.330000000000000071e-01 5.967448255715213179e+01
6.340000000000000080e-01 5.970186778094807778e+01
6.350000000000000089e-01 5.972921043952365494e+01
6.360000000000000098e-01 5.975651077966435309e+01
6.370000000000000107e-01 5.978376904732348862e+01
6.380000000000000115e-01 5.981098548762575717e+01
6.390000000000000124e-01 5.983816034487195168e+01
6.400000000000000133e-01 5.986529386254223084e+01
6.410000000000000142e-01 5.989238628330008396e+01
6.420000000000000151e-01 5.991943784899667946e+01
6.430000000000000160e-01 5.994644880067428971e+01
6.440000000000000169e-01 5.997341937857086691e+01
6.450000000000000178e-01 6.000034982212254420e+01
6.460000000000000187e-01 6.002724036996877999e+01
6.470000000000000195e-01 6.005409125995559805e+01
6.480000000000000204e-01 6.008090272913872809e+01
6.490000000000000213e-01 6.010767501378882116e+01
6.500000000000000222e-01 6.013440834939359547e+01
6.510000000000000231e-01 6.016110297066256862e+01
6.520000000000000240e-01 6.018775911153008451e+01
6.530000000000000249e-01 6.021437700515960501e+01
6.540000000000000258e-01 6.024095688394669423e+01
6.550000000000000266e-01 6.026749897952254287e+01
6.560000000000000275e-01 6.029400352275870034e+01
6.570000000000000284e-01 6.032047074376912121e+01
6.580000000000000293e-01 6.034690087191454211e+01
6.590000000000000302e-01 6.037329413580586390e+01
6.600000000000000311e-01 6.039965076330750549e+01
6.610000000000000320e-01 6.042597098154104174e+01
6.620000000000000329e-01 6.045225501688845782e+01
6.630000000000000338e-01 6.047850309499600030e+01
6.640000000000000346e-01 6.050471544077662145e+01
6.650000000000000355e-01 6.053089227841432773e+01
6.660000000000000364e-01 6.055703383136756202e+01
6.670000000000000373e-01 6.058314032237169044e+01
6.680000000000000382e-01 6.060921197344275413e+01
6.690000000000000391e-01 6.063524900588119237e+01
6.700000000000000400e-01 6.066125164027471328e+01
6.710000000000000409e-01 6.068722009650122118e+01
6.720000000000000417e-01 6.071315459373282408e+01
6.730000000000000426e-01 6.073905535043869008e+01
6.740000000000000435e-01 6.076492258438801741e+01
6.750000000000000444e-01 6.079075651265344504e+01
6.760000000000000453e-01 6.081655735161412224e+01
6.770000000000000462e-01 6.084232531695931812e+01
6.780000000000000471e-01 6.086806062369073800e+01
6.790000000000000480e-01 6.089376348612631773e+01
6.800000000000000488e-01 6.091943411790272478e+01
6.810000000000000497e-01 6.094507273197935149e+01
6.820000000000000506e-01 6.097067954064010564e+01
6.830000000000000515e-01 6.099625475549748899e+01
6.840000000000000524e-01 6.102179858749511254e+01
6.850000000000000533e-01 6.104731124691086563e+01
6.860000000000000542e-01 6.107279294335977227e+01
6.870000000000000551e-01 6.109824388579716015e+01
6.880000000000000560e-01 6.112366428252133232e+01
6.890000000000000568e-01 6.114905434117675043e+01
6.900000000000000577e-01 6.117441426875672050e+01
6.910000000000000586e-01 6.119974427160657626e+01
6.920000000000000595e-01 6.122504455542632229e+01
6.930000000000000604e-01 6.125031532527331990e+01
6.940000000000000613e-01 6.127555678556578300e+01
6.950000000000000622e-01 6.130076914008476763e+01
6.960000000000000631e-01 6.132595259197772464e+01
6.970000000000000639e-01 6.135110734376092978e+01
6.980000000000000648e-01 6.137623359732234007e+01
6.990000000000000657e-01 6.140133155392386755e+01
7.000000000000000666e-01 6.142640141420525879e+01
7.010000000000000675e-01 6.145144337818562974e+01
7.020000000000000684e-01 6.147645764526723156e+01
7.030000000000000693e-01 6.150144441423699959e+01
7.039999999999999591e-01 6.152640388327029086e+01
7.049999999999999600e-01 6.155133624993314356e+01
7.059999999999999609e-01 6.157624171118457923e+01
7.069999999999999618e-01 6.160112046337978597e+01
7.079999999999999627e-01 6.162597270227257695e+01
7.089999999999999636e-01 6.165079862301767832e+01
7.099999999999999645e-01 6.167559842017416827e+01
7.109999999999999654e-01 6.170037228770669913e+01
7.119999999999999662e-01 6.172512041898950486e+01
7.129999999999999671e-01 6.174984300680800686e+01
7.139999999999999680e-01 6.177454024336152827e+01
7.149999999999999689e-01 6.179921232026596556e+01
7.159999999999999698e-01 6.182385942855663075e+01
7.169999999999999707e-01 6.184848175868988562e+01
7.179999999999999716e-01 6.187307950054616867e+01
7.189999999999999725e-01 6.189765284343245355e+01
7.199999999999999734e-01 6.192220197608487808e+01
7.209999999999999742e-01 6.194672708667052063e+01
7.219999999999999751e-01 6.197122836279054070e+01
7.229999999999999760e-01 6.199570599148204053e+01
7.239999999999999769e-01 6.202016015922082204e+01
7.249999999999999778e-01 6.204459105192378843e+01
7.259999999999999787e-01 6.206899885495077740e+01
7.269999999999999796e-01 6.209338375310811386e+01
7.279999999999999805e-01 6.211774593064897942e+01
7.289999999999999813e-01 6.214208557127793142e+01
7.299999999999999822e-01 6.216640285815175559e+01
7.309999999999999831e-01 6.219069797388250720e+01
7.319999999999999840e-01 6.221497110053886104e+01
7.329999999999999849e-01 6.223922241964989155e+01
7.339999999999999858e-01 6.226345211220605336e+01
7.349999999999999867e-01 6.228766035866169659e+01
7.359999999999999876e-01 6.231184733893815064e+01
7.369999999999999885e-01 6.233601323242449155e+01
7.379999999999999893e-01 6.236015821798105208e+01
7.389999999999999902e-01 6.238428247394108439e+01
7.399999999999999911e-01 6.240838617811290590e+01
7.409999999999999920e-01 6.243246950778203086e+01
7.419999999999999929e-01 6.245653263971399838e+01
7.429999999999999938e-01 6.248057575015526766e+01
7.439999999999999947e-01 6.250459901483692704e+01
7.449999999999999956e-01 6.252860260897540456e+01
7.459999999999999964e-01 6.255258670727542381e+01
7.469999999999999973e-01 6.257655148393196498e+01
7.479999999999999982e-01 6.260049711263211236e+01
7.489999999999999991e-01 6.262442376655731380e+01
7.500000000000000000e-01 6.264833161838562603e+01
7.510000000000000009e-01 6.267222084029354789e+01
7.520000000000000018e-01 6.269609160395812353e+01
7.530000000000000027e-01 6.271994408055896031e+01
7.540000000000000036e-01 6.274377844078065891e+01
7.550000000000000044e-01 6.276759485481366596e+01
7.560000000000000053e-01 6.279139349235808254e+01
7.570000000000000062e-01 6.281517452262397683e+01
7.580000000000000071e-01 6.283893811433441101e+01
7.590000000000000080e-01 6.286268443572680553e+01
7.600000000000000089e-01 6.288641365455572441e+01
7.610000000000000098e-01 6.291012593809352893e+01
7.620000000000000107e-01 6.293382145313402987e+01
7.630000000000000115e-01 6.295750036599267219e+01
7.640000000000000124e-01 6.298116284250960462e+01
7.650000000000000133e-01 6.300480904805114335e+01
7.660000000000000142e-01 6.302843914751208843e+01
7.670000000000000151e-01 6.305205330531732955e+01
7.680000000000000160e-01 6.307565168542306822e+01
7.690000000000000169e-01 6.309923445132022835e+01
7.700000000000000178e-01 6.312280176603481152e+01
7.710000000000000187e-01 6.314635379213106603e+01
7.720000000000000195e-01 6.316989069171189897e+01
7.730000000000000204e-01 6.319341262642218737e+01
7.740000000000000213e-01 6.321691975744937508e+01
7.750000000000000222e-01 6.324041224552615859e+01
7.760000000000000231e-01 6.326389025093170915e+01
7.770000000000000240e-01 6.328735393349394656e+01
7.780000000000000249e-01 6.331080345259077546e+01
7.790000000000000258e-01 6.333423896715258650e+01
7.800000000000000266e-01 6.335766063566317996e+01
7.810000000000000275e-01 6.338106861616252274e+01
7.820000000000000284e-01 6.340446306624765782e+01
7.830000000000000293e-01 6.342784414307452323e+01
7.840000000000000302e-01 6.345121200336015477e+01
7.850000000000000311e-01 6.347456680338444812e+01
7.860000000000000320e-01 6.349790869899115364e+01
7.870000000000000329e-01 6.352123784559006481e+01
7.880000000000000338e-01 6.354455439815886564e+01
7.890000000000000346e-01 6.356785851124453757e+01
7.900000000000000355e-01 6.359115033896526370e+01
7.910000000000000364e-01 6.361443003501186411e+01
7.920000000000000373e-01 6.363769775264950113e+01
7.930000000000000382e-01 6.366095364471952678e+01
7.940000000000000391e-01 6.368419786364103174e+01
7.950000000000000400e-01 6.370743056141235172e+01
7.960000000000000409e-01 6.373065188961280114e+01
7.970000000000000417e-01 6.375386199940459164e+01
7.980000000000000426e-01 6.377706104153379840e+01
7.990000000000000435e-01 6.380024916633234966e+01
8.000000000000000444e-01 6.382342652372001623e+01
8.010000000000000453e-01 6.384659326320507944e+01
8.020000000000000462e-01 6.386974953388678955e+01
8.030000000000000471e-01 6.389289548445657374e+01
8.040000000000000480e-01 6.391603126319910189e+01
8.050000000000000488e-01 6.393915701799511453e+01
8.060000000000000497e-01 6.396227289632150814e+01
8.070000000000000506e-01 6.398537904525406361e+01
8.080000000000000515e-01 6.400847561146827047e+01
8.090000000000000524e-01 6.403156274124096115e+01
8.100000000000000533e-01 6.405464058045231468e+01
8.110000000000000542e-01 6.407770927458659571e+01
8.120000000000000551e-01 6.410076896873437136e+01
8.130000000000000560e-01 6.412381980759357702e+01
8.140000000000000568e-01 6.414686193547090909e+01
8.150000000000000577e-01 6.416989549628421230e+01
8.160000000000000586e-01 6.419292063356226663e+01
8.170000000000000595e-01 6.421593749044811261e+01
8.180000000000000604e-01 6.423894620969915081e+01
8.190000000000000613e-01 6.426194693368969979e+01
8.200000000000000622e-01 6.428493980441102451e+01
8.210000000000000631e-01 6.430792496347412168e+01
8.220000000000000639e-01 6.433090255211044450e+01
8.230000000000000648e-01 6.435387271117373587e+01
8.240000000000000657e-01 6.437683558114079574e+01
8.250000000000000666e-01 6.439979130211388281e+01
8.260000000000000675e-01 6.442274001382105553e+01
8.270000000000000684e-01 6.444568185561811902e+01
8.280000000000000693e-01 6.446861696649011719e+01
8.290000000000000702e-01 6.449154548505255491e+01
8.300000000000000711e-01 6.451446754955287588e+01
8.310000000000000719e-01 6.453738329787140060e+01
8.320000000000000728e-01 6.456029286752314533e+01
8.329999999999999627e-01 6.458319639565939951e+01
8.339999999999999636e-01 6.460609401906810945e+01
8.349999999999999645e-01 6.462898587417606677e+01
8.359999999999999654e-01 6.465187209705055693e+01
8.369999999999999662e-01 6.467475282339916021e+01
8.379999999999999671e-01 6.469762818857333286e+01
8.389999999999999680e-01 6.472049832756709975e+01
8.399999999999999689e-01 6.474336337502072070e+01
8.409999999999999698e-01 6.476622346522040630e+01
8.419999999999999707e-01 6.478907873210081902e+01
8.429999999999999716e-01 6.481192930924501638e+01
8.439999999999999725e-01 6.483477532988692360e+01
8.449999999999999734e-01 6.485761692691204416e+01
8.459999999999999742e-01 6.488045423285913671e+01
8.469999999999999751e-01 6.490328737992072661e+01
8.479999999999999760e-01 6.492611649994509548e+01
8.489999999999999769e-01 6.494894172443738967e+01
8.499999999999999778e-01 6.497176318456047284e+01
8.509999999999999787e-01 6.499458101113668818e+01
8.519999999999999796e-01 6.501739533464876786e+01
8.529999999999999805e-01 6.504020628524116887e+01
8.539999999999999813e-01 6.506301399272135200e+01
8.549999999999999822e-01 6.508581858656106078e+01
8.559999999999999831e-01 6.510862019589691840e+01
8.569999999999999840e-01 6.513141894953272981e+01
8.579999999999999849e-01 6.515421497593976596e+01
8.589999999999999858e-01 6.517700840325849754e+01
8.599999999999999867e-01 6.519979935929922021e+01
8.609999999999999876e-01 6.522258797154387366e+01
8.619999999999999885e-01 6.524537436714686578e+01
8.629999999999999893e-01 6.526815867293638007e+01
8.639999999999999902e-01 6.529094101541556938e+01
8.649999999999999911e-01 6.531372152076332327e+01
8.659999999999999920e-01 6.533650031483614384e+01
8.669999999999999929e-01 6.535927752316860051e+01
8.679999999999999938e-01 6.538205327097475106e+01
8.689999999999999947e-01 6.540482768314956274e+01
8.699999999999999956e-01 6.542760088426967968e+01
8.709999999999999964e-01 6.545037299859467339e+01
8.719999999999999973e-01 6.547314415006786703e+01
8.729999999999999982e-01 6.549591446231829650e+01
8.739999999999999991e-01 6.551868405866093781e+01
8.750000000000000000e-01 6.554145306209818500e+01
8.760000000000000009e-01 6.556422159532112914e+01
8.770000000000000018e-01 6.558698978071001306e+01
8.780000000000000027e-01 6.560975774033622088e+01
8.790000000000000036e-01 6.563252559596313063e+01
8.800000000000000044e-01 6.565529346904614272e+01
8.810000000000000053e-01 6.567806148073526629e+01
8.820000000000000062e-01 6.570082975187548868e+01
8.830000000000000071e-01 6.572359840300762812e+01
8.840000000000000080e-01 6.574636755436998214e+01
8.850000000000000089e-01 6.576913732589883921e+01
8.860000000000000098e-01 6.579190783722992819e+01
8.870000000000000107e-01 6.581467920769915736e+01
8.880000000000000115e-01 6.583745155634395019e+01
8.890000000000000124e-01 6.586022500190389906e+01
8.900000000000000133e-01 6.588299966282230002e+01
8.910000000000000142e-01 6.590577565724703391e+01
8.920000000000000151e-01 6.592855310303104943e+01
8.930000000000000160e-01 6.595133211773406856e+01
8.940000000000000169e-01 6.597411281862392229e+01
8.950000000000000178e-01 6.599689532267606751e+01
8.960000000000000187e-01 6.601967974657588911e+01
8.970000000000000195e-01 6.604246620671972323e+01
8.980000000000000204e-01 6.606525481921480036e+01
8.990000000000000213e-01 6.608804569988166122e+01
9.000000000000000222e-01 6.611083896425378725e+01
9.010000000000000231e-01 6.613363472757956174e+01
9.020000000000000240e-01 6.615643310482283823e+01
9.030000000000000249e-01 6.617923421066379319e+01
9.040000000000000258e-01 6.620203815950057447e+01
9.050000000000000266e-01 6.622484506544901706e+01
9.060000000000000275e-01 6.624765504234508740e+01
9.070000000000000284e-01 6.627046820374476965e+01
9.080000000000000293e-01 6.629328466292525945e+01
9.090000000000000302e-01 6.631610453288629969e+01
9.100000000000000311e-01 6.633892792635091951e+01
9.110000000000000320e-01 6.636175495576583216e+01
9.120000000000000329e-01 6.638458573330370882e+01
9.130000000000000338e-01 6.640742037086215532e+01
9.140000000000000346e-01 6.643025898006675334e+01
9.150000000000000355e-01 6.645310167227029297e+01
9.160000000000000364e-01 6.647594855855470541e+01
9.170000000000000373e-01 6.649879974973183039e+01
9.180000000000000382e-01 6.652165535634355820e+01
9.190000000000000391e-01 6.654451548866393296e+01
9.200000000000000400e-01 6.656738025669932313e+01
9.210000000000000409e-01 6.659024977018924574e+01
9.220000000000000417e-01 6.661312413860761694e+01
9.230000000000000426e-01 6.663600347116349099e+01
9.240000000000000435e-01 6.665888787680219707e+01
9.250000000000000444e-01 6.668177746420565200e+01
9.260000000000000453e-01 6.670467234179378124e+01
9.270000000000000462e-01 6.672757261772500215e+01
9.280000000000000471e-01 6.675047839989770182e+01
9.290000000000000480e-01 6.677338979595040769e+01
9.300000000000000488e-01 6.679630691326292435e+01
9.310000000000000497e-01 6.681922985895744205e+01
9.320000000000000506e-01 6.684215873989884926e+01
9.330000000000000515e-01 6.686509366269640964e+01
9.340000000000000524e-01 6.688803473370361985e+01
9.350000000000000533e-01 6.691098205901991491e+01
9.360000000000000542e-01 6.693393574449089556e+01
9.370000000000000551e-01 6.695689589570955036e+01
9.380000000000000560e-01 6.697986261801727892e+01
9.390000000000000568e-01 6.700283601650377818e+01
9.400000000000000577e-01 6.702581619600906038e+01
9.410000000000000586e-01 6.704880326112322564e+01
9.420000000000000595e-01 6.707179731618856522e+01
9.430000000000000604e-01 6.709479846529879410e+01
9.440000000000000613e-01 6.711780681230135315e+01
9.450000000000000622e-01 6.714082246079681227e+01
9.460000000000000631e-01 6.716384551414114412e+01
9.470000000000000639e-01 6.718687607544529783e+01
9.480000000000000648e-01 6.720991424757696109e+01
9.490000000000000657e-01 6.723296013316041808e+01
9.500000000000000666e-01 6.725601383457774318e+01
9.510000000000000675e-01 6.727907545397061995e+01
9.520000000000000684e-01 6.730214509323897687e+01
9.530000000000000693e-01 6.732522285404391482e+01
9.540000000000000702e-01 6.734830883780711019e+01
9.550000000000000711e-01 6.737140314571198019e+01
9.560000000000000719e-01 6.739450587870464915e+01
9.570000000000000728e-01 6.741761713749448859e+01
9.580000000000000737e-01 6.744073702255545300e+01
9.590000000000000746e-01 6.746386563412551141e+01
9.599999999999999645e-01 6.748700307220892114e+01
9.609999999999999654e-01 6.751014943657639833e+01
9.619999999999999662e-01 6.753330482676526003e+01
9.629999999999999671e-01 6.755646934208118637e+01
9.639999999999999680e-01 6.757964308159819211e+01
9.649999999999999689e-01 6.760282614416021829e+01
9.659999999999999698e-01 6.762601862838064903e+01
9.669999999999999707e-01 6.764922063264424423e+01
9.679999999999999716e-01 6.767243225510713955e+01
9.689999999999999725e-01 6.769565359369798330e+01
9.699999999999999734e-01 6.771888474611844799e+01
9.709999999999999742e-01 6.774212580984385568e+01
9.719999999999999751e-01 6.776537688212434318e+01
9.729999999999999760e-01 6.778863805998514636e+01
9.739999999999999769e-01 6.781190944022736744e+01
9.749999999999999778e-01 6.783519111942894142e+01
9.759999999999999787e-01 6.785848319394514760e+01
9.769999999999999796e-01 6.788178575990940544e+01
9.779999999999999805e-01 6.790509891323398506e+01
9.789999999999999813e-01 6.792842274961060411e+01
9.799999999999999822e-01 6.795175736451122361e+01
9.809999999999999831e-01 6.797510285318855949e+01
9.819999999999999840e-01 6.799845931067727633e+01
9.829999999999999849e-01 6.802182683179395895e+01
9.839999999999999858e-01 6.804520551113824922e+01
9.849999999999999867e-01 6.806859544309421040e+01
9.859999999999999876e-01 6.809199672182882068e+01
9.869999999999999885e-01 6.811540944129538389e+01
9.879999999999999893e-01 6.813883369523233569e+01
9.889999999999999902e-01 6.816226957716446577e+01
9.899999999999999911e-01 6.818571718040413998e+01
9.909999999999999920e-01 6.820917659805058975e+01
9.919999999999999929e-01 6.823264792299249848e+01
9.929999999999999938e-01 6.825613124790640995e+01
9.939999999999999947e-01 6.827962666525962732e+01
9.949999999999999956e-01 6.830313426730936044e+01
9.959999999999999964e-01 6.832665414610394805e+01
9.969999999999999973e-01 6.835018639348339775e+01
9.979999999999999982e-01 6.837373110107986918e+01
9.989999999999999991e-01 6.839728836031886772e+01
1.000000000000000000e+00 6.842085826241947188e+01
