0.000000000000000000e+00 0.000000000000000000e+00
1.000000000000000021e-03 7.735940505123458655e-01
2.000000000000000042e-03 1.342506272001752876e+00
3.000000000000000062e-03 1.854596627007133236e+00
4.000000000000000083e-03 2.331817478899491203e+00
5.000000000000000104e-03 2.783817125450890106e+00
6.000000000000000125e-03 3.216023782368560902e+00
7.000000000000000146e-03 3.631914325118566822e+00
8.000000000000000167e-03 4.033904671323223390e+00
9.000000000000001055e-03 4.423770581853324835e+00
1.000000000000000021e-02 4.802872223890870984e+00
1.099999999999999936e-02 5.172284846724435781e+00
1.200000000000000025e-02 5.532879942680241747e+00
1.300000000000000114e-02 5.885378290102055487e+00
1.400000000000000029e-02 6.230386070977635526e+00
1.499999999999999944e-02 6.568420308140727748e+00
1.600000000000000033e-02 6.899927294345772566e+00
1.700000000000000122e-02 7.225296269098859803e+00
1.800000000000000211e-02 7.544869781161699152e+00
1.899999999999999953e-02 7.858951682747883360e+00
2.000000000000000042e-02 8.167813395132633048e+00
2.100000000000000130e-02 8.471698888801043381e+00
2.199999999999999872e-02 8.770828691672278410e+00
2.299999999999999961e-02 9.065403151481474353e+00
2.400000000000000050e-02 9.355605118125506436e+00
2.500000000000000139e-02 9.641602169444526638e+00
2.600000000000000228e-02 9.923548473666604863e+00
2.699999999999999969e-02 1.020158635979920625e+01
2.800000000000000058e-02 1.047584765110344840e+01
2.900000000000000147e-02 1.074645480475063408e+01
2.999999999999999889e-02 1.101352189168106044e+01
3.099999999999999978e-02 1.127715544376104084e+01
3.200000000000000067e-02 1.153745518999991226e+01
3.300000000000000155e-02 1.179451469944075725e+01
3.400000000000000244e-02 1.204842194508450781e+01
3.500000000000000333e-02 1.229925980063342195e+01
3.600000000000000422e-02 1.254710647978890670e+01
3.699999999999999817e-02 1.279203592619231244e+01
3.799999999999999906e-02 1.303411816076697782e+01
3.899999999999999994e-02 1.327341959213796763e+01
4.000000000000000083e-02 1.351000329492092433e+01
4.100000000000000172e-02 1.374392925994351167e+01
4.200000000000000261e-02 1.397525461986068684e+01
4.300000000000000350e-02 1.420403385312456734e+01
4.399999999999999745e-02 1.443031896885179322e+01
4.499999999999999833e-02 1.465415967478033288e+01
4.599999999999999922e-02 1.487560353021242499e+01
4.700000000000000011e-02 1.509469608559014731e+01
4.800000000000000100e-02 1.531148101013779161e+01
4.900000000000000189e-02 1.552600020882422349e+01
5.000000000000000278e-02 1.573829392974332642e+01
5.100000000000000366e-02 1.594840086287781133e+01
5.200000000000000455e-02 1.615635823109692737e+01
5.299999999999999850e-02 1.636220187413968929e+01
5.399999999999999939e-02 1.656596632624953358e+01
5.500000000000000028e-02 1.676768488805140933e+01
5.600000000000000117e-02 1.696738969319784829e+01
5.700000000000000205e-02 1.716511177025319057e+01
5.800000000000000294e-02 1.736088110023571929e+01
5.900000000000000383e-02 1.755472667019371968e+01
5.999999999999999778e-02 1.774667652315283206e+01
6.099999999999999867e-02 1.793675780473827785e+01
6.199999999999999956e-02 1.812499680674533664e+01
6.300000000000000044e-02 1.831141900790509780e+01
6.400000000000000133e-02 1.849604911206852265e+01
6.500000000000000222e-02 1.867891108401103395e+01
6.600000000000000311e-02 1.886002818304124418e+01
6.700000000000000400e-02 1.903942299458018184e+01
6.800000000000000488e-02 1.921711745986291575e+01
6.900000000000000577e-02 1.939313290390076716e+01
7.000000000000000666e-02 1.956749006183019546e+01
7.100000000000000755e-02 1.974020910376379945e+01
7.200000000000000844e-02 1.991130965824880761e+01
7.299999999999999545e-02 2.008081083442993986e+01
7.399999999999999634e-02 2.024873124300524907e+01
7.499999999999999722e-02 2.041508901605645576e+01
7.599999999999999811e-02 2.057990182582887329e+01
7.699999999999999900e-02 2.074318690252991715e+01
7.799999999999999989e-02 2.090496105120968551e+01
7.900000000000000078e-02 2.106524066778272086e+01
8.000000000000000167e-02 2.122404175424480854e+01
8.100000000000000255e-02 2.138137993313539909e+01
8.200000000000000344e-02 2.153727046129180067e+01
8.300000000000000433e-02 2.169172824293852031e+01
8.400000000000000522e-02 2.184476784215137357e+01
8.500000000000000611e-02 2.199640349473386891e+01
8.600000000000000699e-02 2.214664911953986959e+01
8.700000000000000788e-02 2.229551832927506183e+01
8.799999999999999489e-02 2.244302444080679493e+01
8.899999999999999578e-02 2.258918048501017495e+01
8.999999999999999667e-02 2.273399921617644992e+01
9.099999999999999756e-02 2.287749312100781296e+01
9.199999999999999845e-02 2.301967442722133583e+01
9.299999999999999933e-02 2.316055511178297621e+01
9.400000000000000022e-02 2.330014690879179540e+01
9.500000000000000111e-02 2.343846131703252667e+01
9.600000000000000200e-02 2.357550960721416189e+01
9.700000000000000289e-02 2.371130282891055785e+01
9.800000000000000377e-02 2.384585181721864799e+01
9.900000000000000466e-02 2.397916719914821115e+01
1.000000000000000056e-01 2.411125939975703147e+01
1.010000000000000064e-01 2.424213864804381657e+01
1.020000000000000073e-01 2.437181498261101353e+01
1.030000000000000082e-01 2.450029825710853260e+01
1.040000000000000091e-01 2.462759814546912196e+01
1.049999999999999961e-01 2.475372414694517076e+01
1.059999999999999970e-01 2.487868559095653254e+01
1.069999999999999979e-01 2.500249164175795613e+01
1.079999999999999988e-01 2.512515130293472509e+01
1.089999999999999997e-01 2.524667342173432161e+01
1.100000000000000006e-01 2.536706669324149743e+01
1.110000000000000014e-01 2.548633966440394261e+01
1.120000000000000023e-01 2.560450073791510306e+01
1.130000000000000032e-01 2.572155817596064153e+01
1.140000000000000041e-01 2.583752010383422260e+01
1.150000000000000050e-01 2.595239451342877857e+01
1.160000000000000059e-01 2.606618926660802771e+01
1.170000000000000068e-01 2.617891209846395739e+01
1.180000000000000077e-01 2.629057062046459237e+01
1.190000000000000085e-01 2.640117232349703613e+01
1.199999999999999956e-01 2.651072458080991368e+01
1.209999999999999964e-01 2.661923465085947527e+01
1.219999999999999973e-01 2.672670968006318049e+01
1.229999999999999982e-01 2.683315670546480902e+01
1.239999999999999991e-01 2.693858265731417134e+01
1.250000000000000000e-01 2.704299436156538761e+01
1.260000000000000009e-01 2.714639854229652727e+01
1.270000000000000018e-01 2.724880182405383877e+01
1.280000000000000027e-01 2.735021073412366022e+01
1.290000000000000036e-01 2.745063170473447300e+01
1.300000000000000044e-01 2.755007107519220355e+01
1.310000000000000053e-01 2.764853509395083009e+01
1.320000000000000062e-01 2.774602992062120421e+01
1.330000000000000071e-01 2.784256162792000566e+01
1.340000000000000080e-01 2.793813620356139538e+01
1.350000000000000089e-01 2.803275955209316805e+01
1.360000000000000098e-01 2.812643749667967796e+01
1.370000000000000107e-01 2.821917578083333566e+01
1.380000000000000115e-01 2.831098007009669004e+01
1.390000000000000124e-01 2.840185595367648475e+01
1.400000000000000133e-01 2.849180894603195213e+01
1.410000000000000142e-01 2.858084448841845315e+01
1.420000000000000151e-01 2.866896795038837809e+01
1.430000000000000160e-01 2.875618463125061552e+01
1.440000000000000169e-01 2.884249976148995032e+01
1.449999999999999900e-01 2.892791850414804244e+01
1.459999999999999909e-01 2.901244595616703492e+01
1.469999999999999918e-01 2.909608714969716203e+01
1.479999999999999927e-01 2.917884705336953033e+01
1.489999999999999936e-01 2.926073057353525186e+01
1.499999999999999944e-01 2.934174255547209142e+01
1.509999999999999953e-01 2.942188778455959053e+01
1.519999999999999962e-01 2.950117098742376953e+01
1.529999999999999971e-01 2.957959683305244525e+01
1.539999999999999980e-01 2.965716993388191369e+01
1.549999999999999989e-01 2.973389484685613482e+01
1.559999999999999998e-01 2.980977607445923283e+01
1.570000000000000007e-01 2.988481806572209365e+01
1.580000000000000016e-01 2.995902521720385892e+01
1.590000000000000024e-01 3.003240187394916916e+01
1.600000000000000033e-01 3.010495233042201590e+01
1.610000000000000042e-01 3.017668083141658286e+01
1.620000000000000051e-01 3.024759157294615974e+01
1.630000000000000060e-01 3.031768870311046982e+01
1.640000000000000069e-01 3.038697632294242368e+01
1.650000000000000078e-01 3.045545848723454796e+01
1.660000000000000087e-01 3.052313920534592029e+01
1.670000000000000095e-01 3.059002244199010079e+01
1.680000000000000104e-01 3.065611211800469960e+01
1.690000000000000113e-01 3.072141211110304937e+01
1.700000000000000122e-01 3.078592625660845883e+01
1.710000000000000131e-01 3.084965834817174724e+01
1.720000000000000140e-01 3.091261213847226585e+01
1.730000000000000149e-01 3.097479133990314892e+01
1.740000000000000158e-01 3.103619962524096110e+01
1.750000000000000167e-01 3.109684062830054074e+01
1.759999999999999898e-01 3.115671794457507815e+01
1.769999999999999907e-01 3.121583513186208592e+01
1.779999999999999916e-01 3.127419571087556349e+01
1.789999999999999925e-01 3.133180316584483194e+01
1.799999999999999933e-01 3.138866094510018456e+01
1.809999999999999942e-01 3.144477246164598583e+01
1.819999999999999951e-01 3.150014109372134641e+01
1.829999999999999960e-01 3.155477018534888245e+01
1.839999999999999969e-01 3.160866304687176864e+01
1.849999999999999978e-01 3.166182295547924497e+01
1.859999999999999987e-01 3.171425315572143333e+01
1.869999999999999996e-01 3.176595686001294538e+01
1.880000000000000004e-01 3.181693724912638999e+01
1.890000000000000013e-01 3.186719747267529712e+01
1.900000000000000022e-01 3.191674064958747081e+01
1.910000000000000031e-01 3.196556986856828431e+01
1.920000000000000040e-01 3.201368818855485188e+01
1.930000000000000049e-01 3.206109863916060476e+01
1.940000000000000058e-01 3.210780422111146493e+01
1.950000000000000067e-01 3.215380790667268940e+01
1.960000000000000075e-01 3.219911264006749718e+01
1.970000000000000084e-01 3.224372133788744321e+01
1.980000000000000093e-01 3.228763688949444344e+01
1.990000000000000102e-01 3.233086215741519709e+01
2.000000000000000111e-01 3.237339997772762956e+01
2.010000000000000120e-01 3.241525316043993143e+01
2.020000000000000129e-01 3.245642448986239259e+01
2.030000000000000138e-01 3.249691672497186801e+01
2.040000000000000147e-01 3.253673259976928733e+01
2.050000000000000155e-01 3.257587482363058484e+01
2.060000000000000164e-01 3.261434608165068738e+01
2.070000000000000173e-01 3.265214903498112875e+01
2.080000000000000182e-01 3.268928632116139710e+01
2.089999999999999913e-01 3.272576055444400112e+01
2.099999999999999922e-01 3.276157432611337583e+01
2.109999999999999931e-01 3.279673020479933143e+01
2.119999999999999940e-01 3.283123073678407167e+01
2.129999999999999949e-01 3.286507844630418163e+01
2.139999999999999958e-01 3.289827583584678905e+01
2.149999999999999967e-01 3.293082538644039658e+01
2.159999999999999976e-01 3.296272955794054837e+01
2.169999999999999984e-01 3.299399078931027418e+01
2.179999999999999993e-01 3.302461149889552416e+01
2.190000000000000002e-01 3.305459408469572935e+01
2.200000000000000011e-01 3.308394092462962277e+01
2.210000000000000020e-01 3.311265437679615786e+01
2.220000000000000029e-01 3.314073677973115650e+01
2.230000000000000038e-01 3.316819045265916799e+01
2.240000000000000047e-01 3.319501769574107186e+01
2.250000000000000056e-01 3.322122079031757380e+01
2.260000000000000064e-01 3.324680199914811141e+01
2.270000000000000073e-01 3.327176356664594437e+01
2.280000000000000082e-01 3.329610771910925138e+01
2.290000000000000091e-01 3.331983666494801355e+01
2.300000000000000100e-01 3.334295259490743035e+01
2.310000000000000109e-01 3.336545768228723574e+01
2.320000000000000118e-01 3.338735408315746866e+01
2.330000000000000127e-01 3.340864393657078324e+01
2.340000000000000135e-01 3.342932936477095041e+01
2.350000000000000144e-01 3.344941247339802715e+01
2.360000000000000153e-01 3.346889535169027141e+01
2.370000000000000162e-01 3.348778007268241907e+01
2.380000000000000171e-01 3.350606869340120397e+01
2.390000000000000180e-01 3.352376325505706234e+01
2.399999999999999911e-01 3.354086578323336454e+01
2.409999999999999920e-01 3.355737828807207990e+01
2.419999999999999929e-01 3.357330276445684802e+01
2.429999999999999938e-01 3.358864119219279587e+01
2.439999999999999947e-01 3.360339553618378261e+01
2.449999999999999956e-01 3.361756774660649683e+01
2.459999999999999964e-01 3.363115975908215916e+01
2.469999999999999973e-01 3.364417349484524777e+01
2.479999999999999982e-01 3.365661086090971565e+01
2.489999999999999991e-01 3.366847375023257172e+01
2.500000000000000000e-01 3.367976404187483297e+01
2.510000000000000009e-01 3.369048360116026686e+01
2.520000000000000018e-01 3.370063427983127724e+01
2.530000000000000027e-01 3.371021791620263031e+01
2.540000000000000036e-01 3.371923633531303466e+01
2.550000000000000044e-01 3.372769134907383659e+01
2.560000000000000053e-01 3.373558475641605270e+01
2.570000000000000062e-01 3.374291834343476637e+01
2.580000000000000071e-01 3.374969388353161293e+01
2.590000000000000080e-01 3.375591313755499101e+01
2.600000000000000089e-01 3.376157785393815658e+01
2.610000000000000098e-01 3.376668976883538420e+01
2.620000000000000107e-01 3.377125060625598252e+01
2.630000000000000115e-01 3.377526207819646942e+01
2.640000000000000124e-01 3.377872588477059423e+01
2.650000000000000133e-01 3.378164371433765467e+01
2.660000000000000142e-01 3.378401724362885972e+01
2.670000000000000151e-01 3.378584813787186647e+01
2.680000000000000160e-01 3.378713805091352640e+01
2.690000000000000169e-01 3.378788862534075577e+01
2.700000000000000178e-01 3.378810149259975049e+01
2.710000000000000187e-01 3.378777827311365201e+01
2.720000000000000195e-01 3.378692057639819524e+01
2.730000000000000204e-01 3.378553000117599936e+01
2.740000000000000213e-01 3.378360813548902541e+01
2.750000000000000222e-01 3.378115655680973362e+01
2.760000000000000231e-01 3.377817683215035061e+01
2.770000000000000240e-01 3.377467051817073695e+01
2.780000000000000249e-01 3.377063916128484067e+01
2.790000000000000258e-01 3.376608429776563014e+01
2.800000000000000266e-01 3.376100745384841417e+01
2.810000000000000275e-01 3.375541014583302513e+01
2.820000000000000284e-01 3.374929388018419019e+01
2.830000000000000293e-01 3.374266015363104998e+01
2.840000000000000302e-01 3.373551045326481557e+01
2.850000000000000311e-01 3.372784625663540226e+01
2.860000000000000320e-01 3.371966903184674180e+01
2.870000000000000329e-01 3.371098023765060958e+01
2.880000000000000338e-01 3.370178132353926514e+01
2.889999999999999791e-01 3.369207372983716908e+01
2.899999999999999800e-01 3.368185888779088089e+01
2.909999999999999809e-01 3.367113821965831022e+01
2.919999999999999818e-01 3.365991313879638369e+01
2.929999999999999827e-01 3.364818504974783764e+01
2.939999999999999836e-01 3.363595534832678879e+01
2.949999999999999845e-01 3.362322542170295492e+01
2.959999999999999853e-01 3.360999664848506541e+01
2.969999999999999862e-01 3.359627039880324162e+01
2.979999999999999871e-01 3.358204803438981401e+01
2.989999999999999880e-01 3.356733090865965607e+01
2.999999999999999889e-01 3.355212036678921095e+01
3.009999999999999898e-01 3.353641774579447343e+01
3.019999999999999907e-01 3.352022437460806259e+01
3.029999999999999916e-01 3.350354157415534218e+01
3.039999999999999925e-01 3.348637065742940422e+01
3.049999999999999933e-01 3.346871292956519994e+01
3.059999999999999942e-01 3.345056968791296015e+01
3.069999999999999951e-01 3.343194222211017319e+01
3.079999999999999960e-01 3.341283181415302295e+01
3.089999999999999969e-01 3.339323973846706650e+01
3.099999999999999978e-01 3.337316726197656180e+01
3.109999999999999987e-01 3.335261564417341873e+01
3.119999999999999996e-01 3.333158613718480723e+01
3.130000000000000004e-01 3.331007998584050256e+01
3.140000000000000013e-01 3.328809842773883787e+01
3.150000000000000022e-01 3.326564269331221624e+01
3.160000000000000031e-01 3.324271400589163505e+01
3.170000000000000040e-01 3.321931358177058513e+01
3.180000000000000049e-01 3.319544263026807585e+01
3.190000000000000058e-01 3.317110235379070104e+01
3.200000000000000067e-01 3.314629394789444206e+01
3.210000000000000075e-01 3.312101860134521303e+01
3.220000000000000084e-01 3.309527749617896575e+01
3.230000000000000093e-01 3.306907180776113364e+01
3.240000000000000102e-01 3.304240270484493180e+01
3.250000000000000111e-01 3.301527134962965704e+01
3.260000000000000120e-01 3.298767889781759521e+01
3.270000000000000129e-01 3.295962649867082206e+01
3.280000000000000138e-01 3.293111529506683866e+01
3.290000000000000147e-01 3.290214642355402219e+01
3.300000000000000155e-01 3.287272101440606065e+01
3.310000000000000164e-01 3.284284019167591140e+01
3.320000000000000173e-01 3.281250507324921273e+01
3.330000000000000182e-01 3.278171677089684977e+01
3.340000000000000191e-01 3.275047639032712965e+01
3.350000000000000200e-01 3.271878503123717508e+01
3.360000000000000209e-01 3.268664378736399811e+01
3.370000000000000218e-01 3.265405374653452242e+01
3.380000000000000226e-01 3.262101599071556990e+01
3.390000000000000235e-01 3.258753159606288108e+01
3.400000000000000244e-01 3.255360163296978726e+01
3.410000000000000253e-01 3.251922716611523612e+01
3.420000000000000262e-01 3.248440925451132699e+01
3.430000000000000271e-01 3.244914895155028489e+01
3.440000000000000280e-01 3.241344730505085892e+01
3.450000000000000289e-01 3.237730535730426595e+01
3.460000000000000298e-01 3.234072414511977911e+01
3.470000000000000306e-01 3.230370469986927162e+01
3.480000000000000315e-01 3.226624804753203080e+01
3.490000000000000324e-01 3.222835520873836401e+01
3.500000000000000333e-01 3.219002719881322605e+01
3.510000000000000342e-01 3.215126502781910744e+01
3.519999999999999796e-01 3.211206970059852495e+01
3.529999999999999805e-01 3.207244221681606433e+01
3.539999999999999813e-01 3.203238357099988320e+01
3.549999999999999822e-01 3.199189475258280879e+01
3.559999999999999831e-01 3.195097674594326520e+01
3.569999999999999840e-01 3.190963053044502828e+01
3.579999999999999849e-01 3.186785708047744237e+01
3.589999999999999858e-01 3.182565736549454627e+01
3.599999999999999867e-01 3.178303235005416383e+01
3.609999999999999876e-01 3.173998299385623056e+01
3.619999999999999885e-01 3.169651025178114168e+01
3.629999999999999893e-01 3.165261507392725093e+01
3.639999999999999902e-01 3.160829840564839088e+01
3.649999999999999911e-01 3.156356118759050489e+01
3.659999999999999920e-01 3.151840435572852428e+01
3.669999999999999929e-01 3.147282884140215486e+01
3.679999999999999938e-01 3.142683557135192274e+01
3.689999999999999947e-01 3.138042546775433550e+01
3.699999999999999956e-01 3.133359944825712162e+01
3.709999999999999964e-01 3.128635842601372730e+01
3.719999999999999973e-01 3.123870330971760012e+01
3.729999999999999982e-01 3.119063500363627384e+01
3.739999999999999991e-01 3.114215440764483489e+01
3.750000000000000000e-01 3.109326241725919715e+01
3.760000000000000009e-01 3.104395992366896095e+01
3.770000000000000018e-01 3.099424781377013005e+01
3.780000000000000027e-01 3.094412697019710379e+01
3.790000000000000036e-01 3.089359827135486825e+01
3.800000000000000044e-01 3.084266259145041289e+01
3.810000000000000053e-01 3.079132080052391274e+01
3.820000000000000062e-01 3.073957376447987855e+01
3.830000000000000071e-01 3.068742234511766043e+01
3.840000000000000080e-01 3.063486740016170629e+01
3.850000000000000089e-01 3.058190978329186294e+01
3.860000000000000098e-01 3.052855034417276414e+01
3.870000000000000107e-01 3.047478992848353130e+01
3.880000000000000115e-01 3.042062937794672806e+01
3.890000000000000124e-01 3.036606953035730072e+01
3.900000000000000133e-01 3.031111121961110655e+01
3.910000000000000142e-01 3.025575527573320045e+01
3.920000000000000151e-01 3.020000252490581261e+01
3.930000000000000160e-01 3.014385378949608807e+01
3.940000000000000169e-01 3.008730988808360962e+01
3.950000000000000178e-01 3.003037163548750144e+01
3.960000000000000187e-01 2.997303984279335509e+01
3.970000000000000195e-01 2.991531531737994243e+01
3.980000000000000204e-01 2.985719886294560155e+01
3.990000000000000213e-01 2.979869127953440966e+01
4.000000000000000222e-01 2.973979336356189052e+01
4.010000000000000231e-01 2.968050590784097054e+01
4.020000000000000240e-01 2.962082970160721374e+01
4.030000000000000249e-01 2.956076553054396072e+01
4.040000000000000258e-01 2.950031417680727941e+01
4.050000000000000266e-01 2.943947641905069190e+01
4.060000000000000275e-01 2.937825303244956388e+01
4.070000000000000284e-01 2.931664478872525947e+01
4.080000000000000293e-01 2.925465245616934595e+01
4.090000000000000302e-01 2.919227679966707711e+01
4.100000000000000311e-01 2.912951858072125333e+01
4.110000000000000320e-01 2.906637855747521826e+01
4.120000000000000329e-01 2.900285748473616820e+01
4.130000000000000338e-01 2.893895611399782553e+01
4.140000000000000346e-01 2.887467519346352773e+01
4.150000000000000355e-01 2.881001546806812286e+01
4.160000000000000364e-01 2.874497767950075300e+01
4.169999999999999818e-01 2.867956256622647260e+01
4.179999999999999827e-01 2.861377086350847065e+01
4.189999999999999836e-01 2.854760330342934793e+01
4.199999999999999845e-01 2.848106061491289864e+01
4.209999999999999853e-01 2.841414352374513186e+01
4.219999999999999862e-01 2.834685275259534620e+01
4.229999999999999871e-01 2.827918902103721166e+01
4.239999999999999880e-01 2.821115304556909109e+01
4.249999999999999889e-01 2.814274553963485914e+01
4.259999999999999898e-01 2.807396721364400349e+01
4.269999999999999907e-01 2.800481877499177585e+01
4.279999999999999916e-01 2.793530092807925058e+01
4.289999999999999925e-01 2.786541437433291435e+01
4.299999999999999933e-01 2.779515981222434817e+01
4.309999999999999942e-01 2.772453793728962523e+01
4.319999999999999951e-01 2.765354944214844579e+01
4.329999999999999960e-01 2.758219501652338934e+01
4.339999999999999969e-01 2.751047534725878307e+01
4.349999999999999978e-01 2.743839111833912980e+01
4.359999999999999987e-01 2.736594301090809722e+01
4.369999999999999996e-01 2.729313170328654792e+01
4.380000000000000004e-01 2.721995787099111652e+01
4.390000000000000013e-01 2.714642218675190222e+01
4.400000000000000022e-01 2.707252532053084693e+01
4.410000000000000031e-01 2.699826793953900506e+01
4.420000000000000040e-01 2.692365070825460549e+01
4.430000000000000049e-01 2.684867428844017212e+01
4.440000000000000058e-01 2.677333933915998898e+01
4.450000000000000067e-01 2.669764651679719947e+01
4.460000000000000075e-01 2.662159647507088067e+01
4.470000000000000084e-01 2.654518986505276956e+01
4.480000000000000093e-01 2.646842733518423074e+01
4.490000000000000102e-01 2.639130953129243196e+01
4.500000000000000111e-01 2.631383709660719461e+01
4.510000000000000120e-01 2.623601067177705914e+01
4.520000000000000129e-01 2.615783089488542146e+01
4.530000000000000138e-01 2.607929840146654854e+01
4.540000000000000147e-01 2.600041382452163674e+01
4.550000000000000155e-01 2.592117779453437265e+01
4.560000000000000164e-01 2.584159093948660768e+01
4.570000000000000173e-01 2.576165388487382302e+01
4.580000000000000182e-01 2.568136725372045603e+01
4.590000000000000191e-01 2.560073166659528709e+01
4.600000000000000200e-01 2.551974774162619042e+01
4.610000000000000209e-01 2.543841609451552443e+01
4.620000000000000218e-01 2.535673733855458778e+01
4.630000000000000226e-01 2.527471208463866503e+01
4.640000000000000235e-01 2.519234094128146140e+01
4.650000000000000244e-01 2.510962451462950185e+01
4.660000000000000253e-01 2.502656340847666527e+01
4.670000000000000262e-01 2.494315822427842377e+01
4.680000000000000271e-01 2.485940956116574796e+01
4.690000000000000280e-01 2.477531801595925032e+01
4.700000000000000289e-01 2.469088418318326816e+01
4.710000000000000298e-01 2.460610865507930356e+01
4.720000000000000306e-01 2.452099202161997482e+01
4.730000000000000315e-01 2.443553487052236051e+01
4.740000000000000324e-01 2.434973778726150329e+01
4.750000000000000333e-01 2.426360135508394222e+01
4.760000000000000342e-01 2.417712615502058071e+01
4.770000000000000351e-01 2.409031276590016546e+01
4.780000000000000360e-01 2.400316176436214377e+01
4.790000000000000369e-01 2.391567372486949949e+01
4.799999999999999822e-01 2.382784921972169911e+01
4.809999999999999831e-01 2.373968881906738559e+01
4.819999999999999840e-01 2.365119309091695499e+01
4.829999999999999849e-01 2.356236260115487013e+01
4.839999999999999858e-01 2.347319791355263874e+01
4.849999999999999867e-01 2.338369958978039165e+01
4.859999999999999876e-01 2.329386818941955184e+01
4.869999999999999885e-01 2.320370426997497759e+01
4.879999999999999893e-01 2.311320838688671131e+01
4.889999999999999902e-01 2.302238109354207651e+01
4.899999999999999911e-01 2.293122294128737693e+01
4.909999999999999920e-01 2.283973447943996504e+01
4.919999999999999929e-01 2.274791625529945094e+01
4.929999999999999938e-01 2.265576881415966426e+01
4.939999999999999947e-01 2.256329269931969606e+01
4.949999999999999956e-01 2.247048845209574353e+01
4.959999999999999964e-01 2.237735661183197067e+01
4.969999999999999973e-01 2.228389771591208302e+01
4.979999999999999982e-01 2.219011229977009947e+01
4.989999999999999991e-01 2.209600089690166769e+01
5.000000000000000000e-01 2.200156403887492829e+01
5.010000000000000009e-01 2.190680225534115522e+01
5.020000000000000018e-01 2.181171607404600721e+01
5.030000000000000027e-01 2.171630602083971340e+01
5.040000000000000036e-01 2.162057261968803346e+01
5.050000000000000044e-01 2.152451639268260308e+01
5.060000000000000053e-01 2.142813786005154242e+01
5.070000000000000062e-01 2.133143754016970206e+01
5.080000000000000071e-01 2.123441594956906897e+01
5.090000000000000080e-01 2.113707360294890591e+01
5.100000000000000089e-01 2.103941101318586959e+01
5.110000000000000098e-01 2.094142869134417495e+01
5.120000000000000107e-01 2.084312714668563871e+01
5.130000000000000115e-01 2.074450688667925391e+01
5.140000000000000124e-01 2.064556841701147860e+01
5.150000000000000133e-01 2.054631224159576419e+01
5.160000000000000142e-01 2.044673886258219397e+01
5.170000000000000151e-01 2.034684878036737388e+01
5.180000000000000160e-01 2.024664249360360557e+01
5.190000000000000169e-01 2.014612049920881276e+01
5.200000000000000178e-01 2.004528329237554729e+01
5.210000000000000187e-01 1.994413136658049268e+01
5.220000000000000195e-01 1.984266521359394275e+01
5.230000000000000204e-01 1.974088532348856262e+01
5.240000000000000213e-01 1.963879218464899168e+01
5.250000000000000222e-01 1.953638628378060105e+01
5.260000000000000231e-01 1.943366810591861338e+01
5.270000000000000240e-01 1.933063813443708767e+01
5.280000000000000249e-01 1.922729685105773001e+01
5.290000000000000258e-01 1.912364473585856217e+01
5.300000000000000266e-01 1.901968226728306632e+01
5.310000000000000275e-01 1.891540992214851968e+01
5.320000000000000284e-01 1.881082817565462051e+01
5.330000000000000293e-01 1.870593750139236278e+01
5.340000000000000302e-01 1.860073837135212216e+01
5.350000000000000311e-01 1.849523125593249517e+01
5.360000000000000320e-01 1.838941662394820753e+01
5.370000000000000329e-01 1.828329494263899235e+01
5.380000000000000338e-01 1.817686667767732445e+01
5.390000000000000346e-01 1.807013229317689706e+01
5.400000000000000355e-01 1.796309225170083579e+01
5.410000000000000364e-01 1.785574701426952515e+01
5.420000000000000373e-01 1.774809704036887581e+01
5.430000000000000382e-01 1.764014278795809787e+01
5.440000000000000391e-01 1.753188471347777266e+01
5.450000000000000400e-01 1.742332327185744134e+01
5.460000000000000409e-01 1.731445891652391822e+01
5.470000000000000417e-01 1.720529209940853121e+01
5.480000000000000426e-01 1.709582327095505150e+01
5.490000000000000435e-01 1.698605288012727499e+01
5.500000000000000444e-01 1.687598137441660384e+01
5.510000000000000453e-01 1.676560919984970965e+01
5.520000000000000462e-01 1.665493680099577034e+01
5.530000000000000471e-01 1.654396462097401610e+01
5.540000000000000480e-01 1.643269310146126827e+01
5.550000000000000488e-01 1.632112268269908384e+01
5.560000000000000497e-01 1.620925380350095324e+01
5.570000000000000506e-01 1.609708690125980368e+01
5.580000000000000515e-01 1.598462241195491274e+01
5.590000000000000524e-01 1.587186077015911323e+01
5.600000000000000533e-01 1.575880240904601592e+01
5.610000000000000542e-01 1.564544776039670992e+01
5.620000000000000551e-01 1.553179725460725891e+01
5.630000000000000560e-01 1.541785132069506759e+01
5.640000000000000568e-01 1.530361038630604398e+01
5.650000000000000577e-01 1.518907487772177944e+01
5.660000000000000586e-01 1.507424521986548882e+01
5.670000000000000595e-01 1.495912183630950665e+01
5.680000000000000604e-01 1.484370514928190943e+01
5.690000000000000613e-01 1.472799557967274708e+01
5.700000000000000622e-01 1.461199354704097075e+01
5.710000000000000631e-01 1.449569946962112610e+01
5.720000000000000639e-01 1.437911376432936450e+01
5.730000000000000648e-01 1.426223684677064441e+01
5.740000000000000657e-01 1.414506913124459331e+01
5.750000000000000666e-01 1.402761103075203053e+01
5.760000000000000675e-01 1.390986295700150421e+01
5.769999999999999574e-01 1.379182532041540910e+01
5.779999999999999583e-01 1.367349853013645600e+01
5.789999999999999591e-01 1.355488299403362973e+01
5.799999999999999600e-01 1.343597911870851291e+01
5.809999999999999609e-01 1.331678730950149259e+01
5.819999999999999618e-01 1.319730797049788151e+01
5.829999999999999627e-01 1.307754150453371267e+01
5.839999999999999636e-01 1.295748831320210925e+01
5.849999999999999645e-01 1.283714879685904364e+01
5.859999999999999654e-01 1.271652335462938410e+01
5.869999999999999662e-01 1.259561238441281006e+01
5.879999999999999671e-01 1.247441628288957816e+01
5.889999999999999680e-01 1.235293544552643752e+01
5.899999999999999689e-01 1.223117026658247752e+01
5.909999999999999698e-01 1.210912113911457411e+01
5.919999999999999707e-01 1.198678845498380241e+01
5.929999999999999716e-01 1.186417260486010505e+01
5.939999999999999725e-01 1.174127397822893926e+01
5.949999999999999734e-01 1.161809296339621511e+01
5.959999999999999742e-01 1.149462994749404743e+01
5.969999999999999751e-01 1.137088531648643297e+01
5.979999999999999760e-01 1.124685945517478203e+01
5.989999999999999769e-01 1.112255274720291354e+01
5.999999999999999778e-01 1.099796557506309824e+01
6.009999999999999787e-01 1.087309832010112132e+01
6.019999999999999796e-01 1.074795136252147287e+01
6.029999999999999805e-01 1.062252508139331653e+01
6.039999999999999813e-01 1.049681985465523226e+01
6.049999999999999822e-01 1.037083605912028617e+01
6.059999999999999831e-01 1.024457407048208424e+01
6.069999999999999840e-01 1.011803426331914224e+01
6.079999999999999849e-01 9.991217011100445688e+00
6.089999999999999858e-01 9.864122686190679445e+00
6.099999999999999867e-01 9.736751659854704144e+00
6.109999999999999876e-01 9.609104302263709485e+00
6.119999999999999885e-01 9.481180982499090248e+00
6.129999999999999893e-01 9.352982068558254980e+00
6.139999999999999902e-01 9.224507927359152148e+00
6.149999999999999911e-01 9.095758924745396712e+00
6.159999999999999920e-01 8.966735425491002331e+00
6.169999999999999929e-01 8.837437793305927158e+00
6.179999999999999938e-01 8.707866390839818393e+00
6.189999999999999947e-01 8.578021579687646891e+00
6.199999999999999956e-01 8.447903720394261740e+00
6.209999999999999964e-01 8.317513172459186421e+00
6.219999999999999973e-01 8.186850294341152079e+00
6.229999999999999982e-01 8.055915443463153025e+00
6.239999999999999991e-01 7.924708976216781053e+00
6.250000000000000000e-01 7.793231247967081998e+00
6.260000000000000009e-01 7.661482613057099655e+00
6.270000000000000018e-01 7.529463424812345096e+00
6.280000000000000027e-01 7.397174035545589277e+00
6.290000000000000036e-01 7.264614796561296828e+00
6.300000000000000044e-01 7.131786058159939046e+00
6.310000000000000053e-01 6.998688169642822032e+00
6.320000000000000062e-01 6.865321479316335740e+00
6.330000000000000071e-01 6.731686334496171042e+00
6.340000000000000080e-01 6.597783081512250902e+00
6.350000000000000089e-01 6.463612065712538879e+00
6.360000000000000098e-01 6.329173631467764238e+00
6.370000000000000107e-01 6.194468122175564417e+00
6.380000000000000115e-01 6.059495880264755385e+00
6.390000000000000124e-01 5.924257247199651744e+00
6.400000000000000133e-01 5.788752563484575120e+00
6.410000000000000142e-01 5.652982168667357143e+00
6.420000000000000151e-01 5.516946401344206663e+00
6.430000000000000160e-01 5.380645599163734971e+00
6.440000000000000169e-01 5.244080098830842473e+00
6.450000000000000178e-01 5.107250236111042341e+00
6.460000000000000187e-01 4.970156345834507050e+00
6.470000000000000195e-01 4.832798761900001239e+00
6.480000000000000204e-01 4.695177817279347465e+00
6.490000000000000213e-01 4.557293844020708917e+00
6.500000000000000222e-01 4.419147173253520577e+00
6.510000000000000231e-01 4.280738135191551663e+00
6.520000000000000240e-01 4.142067059137445995e+00
6.530000000000000249e-01 4.003134273486338657e+00
6.540000000000000258e-01 3.863940105730232943e+00
6.550000000000000266e-01 3.724484882461005952e+00
6.560000000000000275e-01 3.584768929375179880e+00
6.570000000000000284e-01 3.444792571277268678e+00
6.580000000000000293e-01 3.304556132083504849e+00
6.590000000000000302e-01 3.164059934825978360e+00
6.600000000000000311e-01 3.023304301656445148e+00
6.610000000000000320e-01 2.882289553849272323e+00
6.620000000000000329e-01 2.741016011806333807e+00
6.630000000000000338e-01 2.599483995059852504e+00
6.640000000000000346e-01 2.457693822276329598e+00
6.650000000000000355e-01 2.315645811260399256e+00
6.660000000000000364e-01 2.173340278958153959e+00
6.670000000000000373e-01 2.030777541461098679e+00
6.680000000000000382e-01 1.887957914009252391e+00
6.690000000000000391e-01 1.744881710995333179e+00
6.700000000000000400e-01 1.601549245967813562e+00
6.710000000000000409e-01 1.457960831634938614e+00
6.720000000000000417e-01 1.314116779867525509e+00
6.730000000000000426e-01 1.170017401703312032e+00
6.740000000000000435e-01 1.025663007349841394e+00
6.750000000000000444e-01 8.810539061879580913e-01
6.760000000000000453e-01 7.361904067756910308e-01
6.770000000000000462e-01 5.910728168510281932e-01
6.780000000000000471e-01 4.457014433358956751e-01
6.790000000000000480e-01 3.000765923392556545e-01
6.800000000000000488e-01 1.541985691603926512e-01
6.810000000000000497e-01 8.067678292384528049e-03
6.820000000000000506e-01 -1.383157765743909806e-01
6.830000000000000515e-01 -2.849514925494815998e-01
6.840000000000000524e-01 -4.318391675386159534e-01
6.850000000000000533e-01 -5.789785002404066461e-01
6.860000000000000542e-01 -7.263691901435294085e-01
6.870000000000000551e-01 -8.740109375230673550e-01
6.880000000000000560e-01 -1.021903443437469861e+00
6.890000000000000568e-01 -1.170046409725468806e+00
6.900000000000000577e-01 -1.318439539002628891e+00
6.910000000000000586e-01 -1.467082534658310067e+00
6.920000000000000595e-01 -1.615975100852807600e+00
6.930000000000000604e-01 -1.765116942513689224e+00
6.940000000000000613e-01 -1.914507765333290479e+00
6.950000000000000622e-01 -2.064147275764803169e+00
6.960000000000000631e-01 -2.214035181020161502e+00
6.970000000000000639e-01 -2.364171189066357925e+00
6.980000000000000648e-01 -2.514555008622693322e+00
6.990000000000000657e-01 -2.665186349157377066e+00
7.000000000000000666e-01 -2.816064920884880252e+00
7.010000000000000675e-01 -2.967190434762954965e+00
7.020000000000000684e-01 -3.118562602489532765e+00
7.030000000000000693e-01 -3.270181136499591190e+00
7.039999999999999591e-01 -3.422045749962599359e+00
7.049999999999999600e-01 -3.574156156779238813e+00
7.059999999999999609e-01 -3.726512071578834906e+00
7.069999999999999618e-01 -3.879113209716102517e+00
7.079999999999999627e-01 -4.031959287268495729e+00
7.089999999999999636e-01 -4.185050021033294598e+00
7.099999999999999645e-01 -4.338385128524677725e+00
7.109999999999999654e-01 -4.491964327970997317e+00
7.119999999999999662e-01 -4.645787338312135972e+00
7.129999999999999671e-01 -4.799853879196096074e+00
7.139999999999999680e-01 -4.954163670976917899e+00
7.149999999999999689e-01 -5.108716434711435994e+00
7.159999999999999698e-01 -5.263511892156873984e+00
7.169999999999999707e-01 -5.418549765767640025e+00
7.179999999999999716e-01 -5.573829778693141890e+00
7.189999999999999725e-01 -5.729351654774482938e+00
7.199999999999999734e-01 -5.885115118542440626e+00
7.209999999999999742e-01 -6.041119895214276170e+00
7.219999999999999751e-01 -6.197365710691080665e+00
7.229999999999999760e-01 -6.353852291555377008e+00
7.239999999999999769e-01 -6.510579365068302593e+00
7.249999999999999778e-01 -6.667546659167044254e+00
7.259999999999999787e-01 -6.824753902462294519e+00
7.269999999999999796e-01 -6.982200824235331282e+00
7.279999999999999805e-01 -7.139887154435847094e+00
7.289999999999999813e-01 -7.297812623679167388e+00
7.299999999999999822e-01 -7.455976963243575284e+00
7.309999999999999831e-01 -7.614379905068055621e+00
7.319999999999999840e-01 -7.773021181749605546e+00
7.329999999999999849e-01 -7.931900526540452745e+00
7.339999999999999858e-01 -8.091017673346122763e+00
7.349999999999999867e-01 -8.250372356722493805e+00
7.359999999999999876e-01 -8.409964311873547871e+00
7.369999999999999885e-01 -8.569793274648496606e+00
7.379999999999999893e-01 -8.729858981539997842e+00
7.389999999999999902e-01 -8.890161169681157105e+00
7.399999999999999911e-01 -9.050699576843221905e+00
7.409999999999999920e-01 -9.211473941433446555e+00
7.419999999999999929e-01 -9.372484002492328159e+00
7.429999999999999938e-01 -9.533729499691286691e+00
7.439999999999999947e-01 -9.695210173330501391e+00
7.449999999999999956e-01 -9.856925764336271101e+00
7.459999999999999964e-01 -1.001887601425890750e+01
7.469999999999999973e-01 -1.018106066527012743e+01
7.479999999999999982e-01 -1.034347946016091768e+01
7.489999999999999991e-01 -1.050613214233909432e+01
7.500000000000000000e-01 -1.066901845582689035e+01
7.510000000000000009e-01 -1.083213814525937480e+01
7.520000000000000018e-01 -1.099549095588112024e+01
7.530000000000000027e-01 -1.115907663354438739e+01
7.540000000000000036e-01 -1.132289492470710002e+01
7.550000000000000044e-01 -1.148694557643042558e+01
7.560000000000000053e-01 -1.165122833637633448e+01
7.570000000000000062e-01 -1.181574295280550757e+01
7.580000000000000071e-01 -1.198048917457535723e+01
7.590000000000000080e-01 -1.214546675113744101e+01
7.600000000000000089e-01 -1.231067543253552898e+01
7.610000000000000098e-01 -1.247611496940305642e+01
7.620000000000000107e-01 -1.264178511296159257e+01
7.630000000000000115e-01 -1.280768561501820457e+01
7.640000000000000124e-01 -1.297381622796316947e+01
7.650000000000000133e-01 -1.314017670476838617e+01
7.660000000000000142e-01 -1.330676679898463277e+01
7.670000000000000151e-01 -1.347358626474017029e+01
7.680000000000000160e-01 -1.364063485673770515e+01
7.690000000000000169e-01 -1.380791233025314568e+01
7.700000000000000178e-01 -1.397541844113297316e+01
7.710000000000000187e-01 -1.414315294579239435e+01
7.720000000000000195e-01 -1.431111560121345150e+01
7.730000000000000204e-01 -1.447930616494238620e+01
7.740000000000000213e-01 -1.464772439508812241e+01
7.750000000000000222e-01 -1.481637005032019871e+01
7.760000000000000231e-01 -1.498524288986632413e+01
7.770000000000000240e-01 -1.515434267351099962e+01
7.780000000000000249e-01 -1.532366916159275760e+01
7.790000000000000258e-01 -1.549322211500277291e+01
7.800000000000000266e-01 -1.566300129518268136e+01
7.810000000000000275e-01 -1.583300646412250146e+01
7.820000000000000284e-01 -1.600323738435882603e+01
7.830000000000000293e-01 -1.617369381897278657e+01
7.840000000000000302e-01 -1.634437553158788248e+01
7.850000000000000311e-01 -1.651528228636862039e+01
7.860000000000000320e-01 -1.668641384801805927e+01
7.870000000000000329e-01 -1.685776998177588126e+01
7.880000000000000338e-01 -1.702935045341692089e+01
7.890000000000000346e-01 -1.720115502924886997e+01
7.900000000000000355e-01 -1.737318347611058300e+01
7.910000000000000364e-01 -1.754543556137018001e+01
7.920000000000000373e-01 -1.771791105292285806e+01
7.930000000000000382e-01 -1.789060971918953769e+01
7.940000000000000391e-01 -1.806353132911450032e+01
7.950000000000000400e-01 -1.823667565216424080e+01
7.960000000000000409e-01 -1.841004245832465003e+01
7.970000000000000417e-01 -1.858363151810002734e+01
7.980000000000000426e-01 -1.875744260251093820e+01
7.990000000000000435e-01 -1.893147548309233841e+01
8.000000000000000444e-01 -1.910572993189192559e+01
8.010000000000000453e-01 -1.928020572146796141e+01
8.020000000000000462e-01 -1.945490262488819155e+01
8.030000000000000471e-01 -1.962982041572754000e+01
8.040000000000000480e-01 -1.980495886806614436e+01
8.050000000000000488e-01 -1.998031775648847486e+01
8.060000000000000497e-01 -2.015589685608046011e+01
8.070000000000000506e-01 -2.033169594242873401e+01
8.080000000000000515e-01 -2.050771479161811683e+01
8.090000000000000524e-01 -2.068395318023046769e+01
8.100000000000000533e-01 -2.086041088534262755e+01
8.110000000000000542e-01 -2.103708768452486666e+01
8.120000000000000551e-01 -2.121398335583895900e+01
8.130000000000000560e-01 -2.139109767783704186e+01
8.140000000000000568e-01 -2.156843042955905076e+01
8.150000000000000577e-01 -2.174598139053174251e+01
8.160000000000000586e-01 -2.192375034076694718e+01
8.170000000000000595e-01 -2.210173706075948274e+01
8.180000000000000604e-01 -2.227994133148592937e+01
8.190000000000000613e-01 -2.245836293440290277e+01
8.200000000000000622e-01 -2.263700165144517840e+01
8.210000000000000631e-01 -2.281585726502441602e+01
8.220000000000000639e-01 -2.299492955802692151e+01
8.230000000000000648e-01 -2.317421831381294339e+01
8.240000000000000657e-01 -2.335372331621428188e+01
8.250000000000000666e-01 -2.353344434953301345e+01
8.260000000000000675e-01 -2.371338119853976778e+01
8.270000000000000684e-01 -2.389353364847232442e+01
8.280000000000000693e-01 -2.407390148503393235e+01
8.290000000000000702e-01 -2.425448449439170417e+01
8.300000000000000711e-01 -2.443528246317498542e+01
8.310000000000000719e-01 -2.461629517847394766e+01
8.320000000000000728e-01 -2.479752242783787963e+01
8.329999999999999627e-01 -2.497896399927390831e+01
8.339999999999999636e-01 -2.516061968124518344e+01
8.349999999999999645e-01 -2.534248926266932855e+01
8.359999999999999654e-01 -2.552457253291705896e+01
8.369999999999999662e-01 -2.570686928181098097e+01
8.379999999999999671e-01 -2.588937929962329321e+01
8.389999999999999680e-01 -2.607210237707480616e+01
8.399999999999999689e-01 -2.625503830533359917e+01
8.409999999999999698e-01 -2.643818687601307005e+01
8.419999999999999707e-01 -2.662154788117081949e+01
8.429999999999999716e-01 -2.680512111330687475e+01
8.439999999999999725e-01 -2.698890636536259535e+01
8.449999999999999734e-01 -2.717290343071868364e+01
8.459999999999999742e-01 -2.735711210319438180e+01
8.469999999999999751e-01 -2.754153217704541134e+01
8.479999999999999760e-01 -2.772616344696294988e+01
8.489999999999999769e-01 -2.791100570807186898e+01
8.499999999999999778e-01 -2.809605875592960444e+01
8.509999999999999787e-01 -2.828132238652467123e+01
8.519999999999999796e-01 -2.846679639627497238e+01
8.529999999999999805e-01 -2.865248058202670478e+01
8.539999999999999813e-01 -2.883837474105276755e+01
8.549999999999999822e-01 -2.902447867105162516e+01
8.559999999999999831e-01 -2.921079217014529661e+01
8.569999999999999840e-01 -2.939731503687892200e+01
8.579999999999999849e-01 -2.958404707021859537e+01
8.589999999999999858e-01 -2.977098806955004306e+01
8.599999999999999867e-01 -2.995813783467789904e+01
8.609999999999999876e-01 -3.014549616582355185e+01
8.619999999999999885e-01 -3.033306286362427073e+01
8.629999999999999893e-01 -3.052083772913162107e+01
8.639999999999999902e-01 -3.070882056381058334e+01
8.649999999999999911e-01 -3.089701116953735749e+01
8.659999999999999920e-01 -3.108540934859890115e+01
8.669999999999999929e-01 -3.127401490369096138e+01
8.679999999999999938e-01 -3.146282763791725756e+01
8.689999999999999947e-01 -3.165184735478771927e+01
8.699999999999999956e-01 -3.184107385821760516e+01
8.709999999999999964e-01 -3.203050695252579771e+01
8.719999999999999973e-01 -3.222014644243368764e+01
8.729999999999999982e-01 -3.240999213306420046e+01
8.739999999999999991e-01 -3.260004382993975725e+01
8.750000000000000000e-01 -3.279030133898174881e+01
8.760000000000000009e-01 -3.298076446650875937e+01
8.770000000000000018e-01 -3.317143301923545096e+01
8.780000000000000027e-01 -3.336230680427170370e+01
8.790000000000000036e-01 -3.355338562912044154e+01
8.800000000000000044e-01 -3.374466930167733381e+01
8.810000000000000053e-01 -3.393615763022888387e+01
8.820000000000000062e-01 -3.412785042345152675e+01
8.830000000000000071e-01 -3.431974749041032879e+01
8.840000000000000080e-01 -3.451184864055779400e+01
8.850000000000000089e-01 -3.470415368373238607e+01
8.860000000000000098e-01 -3.489666243015753366e+01
8.870000000000000107e-01 -3.508937469044055035e+01
8.880000000000000115e-01 -3.528229027557105724e+01
8.890000000000000124e-01 -3.547540899692010186e+01
8.900000000000000133e-01 -3.566873066623865185e+01
8.910000000000000142e-01 -3.586225509565681335e+01
8.920000000000000151e-01 -3.605598209768213991e+01
8.930000000000000160e-01 -3.624991148519885797e+01
8.940000000000000169e-01 -3.644404307146654531e+01
8.950000000000000178e-01 -3.663837667011878096e+01
8.960000000000000187e-01 -3.683291209516242048e+01
8.970000000000000195e-01 -3.702764916097590486e+01
8.980000000000000204e-01 -3.722258768230843629e+01
8.990000000000000213e-01 -3.741772747427869206e+01
9.000000000000000222e-01 -3.761306835237387958e+01
9.010000000000000231e-01 -3.780861013244813762e+01
9.020000000000000240e-01 -3.800435263072201764e+01
9.030000000000000249e-01 -3.820029566378058661e+01
9.040000000000000258e-01 -3.839643904857324941e+01
9.050000000000000266e-01 -3.859278260241163849e+01
9.060000000000000275e-01 -3.878932614296935810e+01
9.070000000000000284e-01 -3.898606948827997343e+01
9.080000000000000293e-01 -3.918301245673685429e+01
9.090000000000000302e-01 -3.938015486709134194e+01
9.100000000000000311e-01 -3.957749653845189641e+01
9.110000000000000320e-01 -3.977503729028320834e+01
9.120000000000000329e-01 -3.997277694240464996e+01
9.130000000000000338e-01 -4.017071531498965697e+01
9.140000000000000346e-01 -4.036885222856423638e+01
9.150000000000000355e-01 -4.056718750400622042e+01
9.160000000000000364e-01 -4.076572096254393784e+01
9.170000000000000373e-01 -4.096445242575531864e+01
9.180000000000000382e-01 -4.116338171556675007e+01
9.190000000000000391e-01 -4.136250865425209611e+01
9.200000000000000400e-01 -4.156183306443153924e+01
9.210000000000000409e-01 -4.176135476907035127e+01
9.220000000000000417e-01 -4.196107359147828220e+01
9.230000000000000426e-01 -4.216098935530821024e+01
9.240000000000000435e-01 -4.236110188455529624e+01
9.250000000000000444e-01 -4.256141100355551998e+01
9.260000000000000453e-01 -4.276191653698533202e+01
9.270000000000000462e-01 -4.296261830986007624e+01
9.280000000000000471e-01 -4.316351614753288146e+01
9.290000000000000480e-01 -4.336460987569439141e+01
9.300000000000000488e-01 -4.356589932037090307e+01
9.310000000000000497e-01 -4.376738430792379830e+01
9.320000000000000506e-01 -4.396906466504857747e+01
9.330000000000000515e-01 -4.417094021877353782e+01
9.340000000000000524e-01 -4.437301079645903457e+01
9.350000000000000533e-01 -4.457527622579669213e+01
9.360000000000000542e-01 -4.477773633480749282e+01
9.370000000000000551e-01 -4.498039095184211789e+01
9.380000000000000560e-01 -4.518323990557900061e+01
9.390000000000000568e-01 -4.538628302502355183e+01
9.400000000000000577e-01 -4.558952013950726467e+01
9.410000000000000586e-01 -4.579295107868707504e+01
9.420000000000000595e-01 -4.599657567254349999e+01
9.430000000000000604e-01 -4.620039375138085802e+01
9.440000000000000613e-01 -4.640440514582535769e+01
9.450000000000000622e-01 -4.660860968682430183e+01
9.460000000000000631e-01 -4.681300720564572515e+01
9.470000000000000639e-01 -4.701759753387684526e+01
9.480000000000000648e-01 -4.722238050342330240e+01
9.490000000000000657e-01 -4.742735594650807229e+01
9.500000000000000666e-01 -4.763252369567122457e+01
9.510000000000000675e-01 -4.783788358376765615e+01
9.520000000000000684e-01 -4.804343544396759569e+01
9.530000000000000693e-01 -4.824917910975475621e+01
9.540000000000000702e-01 -4.845511441492588744e+01
9.550000000000000711e-01 -4.866124119358953948e+01
9.560000000000000719e-01 -4.886755928016508221e+01
9.570000000000000728e-01 -4.907406850938232168e+01
9.580000000000000737e-01 -4.928076871628034894e+01
9.590000000000000746e-01 -4.948765973620597691e+01
9.599999999999999645e-01 -4.969474140481403879e+01
9.609999999999999654e-01 -4.990201355806560457e+01
9.619999999999999662e-01 -5.010947603222729185e+01
9.629999999999999671e-01 -5.031712866387075422e+01
9.639999999999999680e-01 -5.052497128987107544e+01
9.649999999999999689e-01 -5.073300374740644259e+01
9.659999999999999698e-01 -5.094122587395734314e+01
9.669999999999999707e-01 -5.114963750730510128e+01
9.679999999999999716e-01 -5.135823848553162208e+01
9.689999999999999725e-01 -5.156702864701833278e+01
9.699999999999999734e-01 -5.177600783044496779e+01
9.709999999999999742e-01 -5.198517587478936974e+01
9.719999999999999751e-01 -5.219453261932597599e+01
9.729999999999999760e-01 -5.240407790362534257e+01
9.739999999999999769e-01 -5.261381156755324184e+01
9.749999999999999778e-01 -5.282373345126973163e+01
9.759999999999999787e-01 -5.303384339522834523e+01
9.769999999999999796e-01 -5.324414124017540217e+01
9.779999999999999805e-01 -5.345462682714872216e+01
9.789999999999999813e-01 -5.366529999747756108e+01
9.799999999999999822e-01 -5.387616059278104075e+01
9.809999999999999831e-01 -5.408720845496739571e+01
9.819999999999999840e-01 -5.429844342623361797e+01
9.829999999999999849e-01 -5.450986534906445513e+01
9.839999999999999858e-01 -5.472147406623133747e+01
9.849999999999999867e-01 -5.493326942079164610e+01
9.859999999999999876e-01 -5.514525125608800948e+01
9.869999999999999885e-01 -5.535741941574796243e+01
9.879999999999999893e-01 -5.556977374368195655e+01
9.889999999999999902e-01 -5.578231408408341707e+01
9.899999999999999911e-01 -5.599504028142821710e+01
9.909999999999999920e-01 -5.620795218047289410e+01
9.919999999999999929e-01 -5.642104962625474229e+01
9.929999999999999938e-01 -5.663433246409040578e+01
9.939999999999999947e-01 -5.684780053957584300e+01
9.949999999999999956e-01 -5.706145369858447935e+01
9.959999999999999964e-01 -5.727529178726749848e+01
9.969999999999999973e-01 -5.748931465205211566e+01
9.979999999999999982e-01 -5.770352213964165600e+01
9.989999999999999991e-01 -5.791791409701433224e+01
1.000000000000000000e+00 -5.813249037142233533e+01
