0.000000000000000000e+00 0.000000000000000000e+00
1.000000000000000021e-03 6.012491488575649745e-01
2.000000000000000042e-03 1.026048845442413260e+00
3.000000000000000062e-03 1.408723036520158622e+00
4.000000000000000083e-03 1.767275286068886064e+00
5.000000000000000104e-03 2.109256316296518996e+00
6.000000000000000125e-03 2.438760457302579621e+00
7.000000000000000146e-03 2.758329649889008195e+00
8.000000000000000167e-03 3.069682581960839762e+00
9.000000000000001055e-03 3.374052076669472822e+00
1.000000000000000021e-02 3.672361778238807162e+00
1.099999999999999936e-02 3.965327218201219583e+00
1.200000000000000025e-02 4.253517601061749254e+00
1.300000000000000114e-02 4.537395594497143136e+00
1.400000000000000029e-02 4.817344051884751899e+00
1.499999999999999944e-02 5.093684589664131401e+00
1.600000000000000033e-02 5.366690881984112593e+00
1.700000000000000122e-02 5.636598412495848365e+00
1.800000000000000211e-02 5.903611781164158856e+00
1.899999999999999953e-02 6.167910281475716516e+00
2.000000000000000042e-02 6.429652227359302863e+00
2.100000000000000130e-02 6.688978358905196764e+00
2.199999999999999872e-02 6.946014557756674535e+00
2.299999999999999961e-02 7.200874037286509655e+00
2.400000000000000050e-02 7.453659127693609499e+00
2.500000000000000139e-02 7.704462744797475615e+00
2.600000000000000228e-02 7.953369609065694235e+00
2.699999999999999969e-02 8.200457265383050753e+00
2.800000000000000058e-02 8.445796942357015169e+00
2.900000000000000147e-02 8.689454281279427761e+00
2.999999999999999889e-02 8.931489958362368142e+00
3.099999999999999978e-02 9.171960218938403742e+00
3.200000000000000067e-02 9.410917338541995747e+00
3.300000000000000155e-02 9.648410022871933833e+00
3.400000000000000244e-02 9.884483756359324857e+00
3.500000000000000333e-02 1.011918110727647502e+01
3.600000000000000422e-02 1.035254199590361246e+01
3.699999999999999817e-02 1.058460393113837128e+01
3.799999999999999906e-02 1.081540222002264784e+01
3.899999999999999994e-02 1.104497015392529846e+01
4.000000000000000083e-02 1.127333917451976397e+01
4.100000000000000172e-02 1.150053902220514601e+01
4.200000000000000261e-02 1.172659786921559011e+01
4.300000000000000350e-02 1.195154243932867111e+01
4.399999999999999745e-02 1.217539811580592080e+01
4.499999999999999833e-02 1.239818903896675018e+01
4.599999999999999922e-02 1.261993819460239052e+01
4.700000000000000011e-02 1.284066749427280740e+01
4.800000000000000100e-02 1.306039784839075146e+01
4.900000000000000189e-02 1.327914923287971583e+01
5.000000000000000278e-02 1.349694075009210970e+01
5.100000000000000366e-02 1.371379068458839967e+01
5.200000000000000455e-02 1.392971655430444500e+01
5.299999999999999850e-02 1.414473515757088684e+01
5.399999999999999939e-02 1.435886261639392814e+01
5.500000000000000028e-02 1.457211441635949889e+01
5.600000000000000117e-02 1.478450544348175377e+01
5.700000000000000205e-02 1.499605001828113693e+01
5.800000000000000294e-02 1.520676192734593712e+01
5.900000000000000383e-02 1.541665445260409228e+01
5.999999999999999778e-02 1.562574039850792929e+01
6.099999999999999867e-02 1.583403211731352833e+01
6.199999999999999956e-02 1.604154153261779925e+01
6.300000000000000044e-02 1.624828016129998787e+01
6.400000000000000133e-02 1.645425913399980189e+01
6.500000000000000222e-02 1.665948921425150786e+01
6.600000000000000311e-02 1.686398081638183299e+01
6.700000000000000400e-02 1.706774402226944076e+01
6.800000000000000488e-02 1.727078859705457248e+01
6.900000000000000577e-02 1.747312400387933096e+01
7.000000000000000666e-02 1.767475941773195913e+01
7.100000000000000755e-02 1.787570373846171989e+01
7.200000000000000844e-02 1.807596560302527777e+01
7.299999999999999545e-02 1.827555339702028903e+01
7.399999999999999634e-02 1.847447526555699326e+01
7.499999999999999722e-02 1.867273912351438270e+01
7.599999999999999811e-02 1.887035266522376276e+01
7.699999999999999900e-02 1.906732337361887630e+01
7.799999999999999989e-02 1.926365852888867281e+01
7.900000000000000078e-02 1.945936521666593322e+01
8.000000000000000167e-02 1.965445033578226486e+01
8.100000000000000255e-02 1.984892060561773874e+01
8.200000000000000344e-02 2.004278257307119304e+01
8.300000000000000433e-02 2.023604261917517277e+01
8.400000000000000522e-02 2.042870696537794828e+01
8.500000000000000611e-02 2.062078167951300145e+01
8.600000000000000699e-02 2.081227268147530651e+01
8.700000000000000788e-02 2.100318574862194154e+01
8.799999999999999489e-02 2.119352652091365385e+01
8.899999999999999578e-02 2.138330050581253872e+01
8.999999999999999667e-02 2.157251308295017722e+01
9.099999999999999756e-02 2.176116950857938548e+01
9.199999999999999845e-02 2.194927491982200962e+01
9.299999999999999933e-02 2.213683433872423478e+01
9.400000000000000022e-02 2.232385267613009461e+01
9.500000000000000111e-02 2.251033473538336338e+01
9.600000000000000200e-02 2.269628521586707848e+01
9.700000000000000289e-02 2.288170871638948256e+01
9.800000000000000377e-02 2.306660973842469176e+01
9.900000000000000466e-02 2.325099268921566775e+01
1.000000000000000056e-01 2.343486188474676268e+01
1.010000000000000064e-01 2.361822155259259048e+01
1.020000000000000073e-01 2.380107583464959475e+01
1.030000000000000082e-01 2.398342878975619641e+01
1.040000000000000091e-01 2.416528439620723390e+01
1.049999999999999961e-01 2.434664655416791135e+01
1.059999999999999970e-01 2.452751908799213965e+01
1.069999999999999979e-01 2.470790574845013055e+01
1.079999999999999988e-01 2.488781021486938272e+01
1.089999999999999997e-01 2.506723609719349355e+01
1.100000000000000006e-01 2.524618693796243818e+01
1.110000000000000014e-01 2.542466621421816697e+01
1.120000000000000023e-01 2.560267733933902079e+01
1.130000000000000032e-01 2.578022366480610117e+01
1.140000000000000041e-01 2.595730848190486384e+01
1.150000000000000050e-01 2.613393502336481333e+01
1.160000000000000059e-01 2.631010646494008398e+01
1.170000000000000068e-01 2.648582592693352922e+01
1.180000000000000077e-01 2.666109647566686291e+01
1.190000000000000085e-01 2.683592112489914783e+01
1.199999999999999956e-01 2.701030283719594038e+01
1.209999999999999964e-01 2.718424452525119506e+01
1.219999999999999973e-01 2.735774905316389294e+01
1.229999999999999982e-01 2.753081923767143380e+01
1.239999999999999991e-01 2.770345784934142586e+01
1.250000000000000000e-01 2.787566761372385571e+01
1.260000000000000009e-01 2.804745121246495998e+01
1.270000000000000018e-01 2.821881128438469943e+01
1.280000000000000027e-01 2.838975042651906477e+01
1.290000000000000036e-01 2.856027119512874179e+01
1.300000000000000044e-01 2.873037610667544328e+01
1.310000000000000053e-01 2.890006763876727192e+01
1.320000000000000062e-01 2.906934823107420485e+01
1.330000000000000071e-01 2.923822028621495406e+01
1.340000000000000080e-01 2.940668617061633228e+01
1.350000000000000089e-01 2.957474821534609788e+01
1.360000000000000098e-01 2.974240871692033750e+01
1.370000000000000107e-01 2.990966993808638819e+01
1.380000000000000115e-01 3.007653410858215182e+01
1.390000000000000124e-01 3.024300342587272183e+01
1.400000000000000133e-01 3.040908005586516438e+01
1.410000000000000142e-01 3.057476613360224960e+01
1.420000000000000151e-01 3.074006376393586848e+01
1.430000000000000160e-01 3.090497502218096670e+01
1.440000000000000169e-01 3.106950195475057441e+01
1.449999999999999900e-01 3.123364657977270298e+01
1.459999999999999909e-01 3.139741088768972688e+01
1.469999999999999918e-01 3.156079684184082979e+01
1.479999999999999927e-01 3.172380637902818279e+01
1.489999999999999936e-01 3.188644141006729882e+01
1.499999999999999944e-01 3.204870382032228093e+01
1.509999999999999953e-01 3.221059547022633041e+01
1.519999999999999962e-01 3.237211819578808303e+01
1.529999999999999971e-01 3.253327380908425681e+01
1.539999999999999980e-01 3.269406409873906938e+01
1.549999999999999989e-01 3.285449083039078033e+01
1.559999999999999998e-01 3.301455574714601937e+01
1.570000000000000007e-01 3.317426057002197126e+01
1.580000000000000016e-01 3.333360699837710683e+01
1.590000000000000024e-01 3.349259671033063768e+01
1.600000000000000033e-01 3.365123136317123453e+01
1.610000000000000042e-01 3.380951259375513729e+01
1.620000000000000051e-01 3.396744201889420367e+01
1.630000000000000060e-01 3.412502123573408852e+01
1.640000000000000069e-01 3.428225182212290179e+01
1.650000000000000078e-01 3.443913533697065077e+01
1.660000000000000087e-01 3.459567332059975797e+01
1.670000000000000095e-01 3.475186729508686767e+01
1.680000000000000104e-01 3.490771876459635337e+01
1.690000000000000113e-01 3.506322921570556161e+01
1.700000000000000122e-01 3.521840011772230383e+01
1.710000000000000131e-01 3.537323292299456767e+01
1.720000000000000140e-01 3.552772906721287427e+01
1.730000000000000149e-01 3.568188996970549454e+01
1.740000000000000158e-01 3.583571703372646766e+01
1.750000000000000167e-01 3.598921164673710393e+01
1.759999999999999898e-01 3.614237518068073030e+01
1.769999999999999907e-01 3.629520899225104813e+01
1.779999999999999916e-01 3.644771442315443011e+01
1.789999999999999925e-01 3.659989280036597847e+01
1.799999999999999933e-01 3.675174543637987767e+01
1.809999999999999942e-01 3.690327362945403422e+01
1.819999999999999951e-01 3.705447866384914590e+01
1.829999999999999960e-01 3.720536181006244192e+01
1.839999999999999969e-01 3.735592432505617921e+01
1.849999999999999978e-01 3.750616745248103712e+01
1.859999999999999987e-01 3.765609242289466607e+01
1.869999999999999996e-01 3.780570045397531231e+01
1.880000000000000004e-01 3.795499275073088796e+01
1.890000000000000013e-01 3.810397050570340127e+01
1.900000000000000022e-01 3.825263489916908100e+01
1.910000000000000031e-01 3.840098709933407406e+01
1.920000000000000040e-01 3.854902826252603631e+01
1.930000000000000049e-01 3.869675953338166607e+01
1.940000000000000058e-01 3.884418204503023020e+01
1.950000000000000067e-01 3.899129691927321772e+01
1.960000000000000075e-01 3.913810526676027735e+01
1.970000000000000084e-01 3.928460818716148140e+01
1.980000000000000093e-01 3.943080676933597317e+01
1.990000000000000102e-01 3.957670209149728890e+01
2.000000000000000111e-01 3.972229522137506308e+01
2.010000000000000120e-01 3.986758721637364289e+01
2.020000000000000129e-01 4.001257912372737735e+01
2.030000000000000138e-01 4.015727198065284398e+01
2.040000000000000147e-01 4.030166681449789223e+01
2.050000000000000155e-01 4.044576464288792295e+01
2.060000000000000164e-01 4.058956647386902716e+01
2.070000000000000173e-01 4.073307330604848886e+01
2.080000000000000182e-01 4.087628612873236023e+01
2.089999999999999913e-01 4.101920592206050742e+01
2.099999999999999922e-01 4.116183365713892073e+01
2.109999999999999931e-01 4.130417029616943125e+01
2.119999999999999940e-01 4.144621679257704727e+01
2.129999999999999949e-01 4.158797409113476817e+01
2.139999999999999958e-01 4.172944312808600387e+01
2.149999999999999967e-01 4.187062483126469203e+01
2.159999999999999976e-01 4.201152012021317717e+01
2.169999999999999984e-01 4.215212990629782297e+01
2.179999999999999993e-01 4.229245509282242921e+01
2.190000000000000002e-01 4.243249657513965900e+01
2.200000000000000011e-01 4.257225524076025636e+01
2.210000000000000020e-01 4.271173196946030259e+01
2.220000000000000029e-01 4.285092763338657562e+01
2.230000000000000038e-01 4.298984309715986285e+01
2.240000000000000047e-01 4.312847921797643380e+01
2.250000000000000056e-01 4.326683684570771504e+01
2.260000000000000064e-01 4.340491682299812481e+01
2.270000000000000073e-01 4.354271998536115262e+01
2.280000000000000082e-01 4.368024716127374063e+01
2.290000000000000091e-01 4.381749917226899527e+01
2.300000000000000100e-01 4.395447683302716513e+01
2.310000000000000109e-01 4.409118095146516936e+01
2.320000000000000118e-01 4.422761232882444205e+01
2.330000000000000127e-01 4.436377175975722054e+01
2.340000000000000135e-01 4.449966003241145529e+01
2.350000000000000144e-01 4.463527792851416365e+01
2.360000000000000153e-01 4.477062622345327725e+01
2.370000000000000162e-01 4.490570568635826021e+01
2.380000000000000171e-01 4.504051708017924938e+01
2.390000000000000180e-01 4.517506116176475217e+01
2.399999999999999911e-01 4.530933868193824310e+01
2.409999999999999920e-01 4.544335038557329653e+01
2.419999999999999929e-01 4.557709701166750449e+01
2.429999999999999938e-01 4.571057929341518644e+01
2.439999999999999947e-01 4.584379795827886284e+01
2.449999999999999956e-01 4.597675372805956329e+01
2.459999999999999964e-01 4.610944731896590554e+01
2.469999999999999973e-01 4.624187944168215125e+01
2.479999999999999982e-01 4.637405080143506098e+01
2.489999999999999991e-01 4.650596209805966907e+01
2.500000000000000000e-01 4.663761402606402129e+01
2.510000000000000009e-01 4.676900727469284647e+01
2.520000000000000018e-01 4.690014252799023353e+01
2.530000000000000027e-01 4.703102046486120713e+01
2.540000000000000036e-01 4.716164175913247192e+01
2.550000000000000044e-01 4.729200707961203420e+01
2.560000000000000053e-01 4.742211709014796384e+01
2.570000000000000062e-01 4.755197244968626080e+01
2.580000000000000071e-01 4.768157381232775549e+01
2.590000000000000080e-01 4.781092182738407104e+01
2.600000000000000089e-01 4.794001713943279697e+01
2.610000000000000098e-01 4.806886038837187414e+01
2.620000000000000107e-01 4.819745220947287834e+01
2.630000000000000115e-01 4.832579323343379940e+01
2.640000000000000124e-01 4.845388408643079714e+01
2.650000000000000133e-01 4.858172539016919700e+01
2.660000000000000142e-01 4.870931776193380358e+01
2.670000000000000151e-01 4.883666181463838285e+01
2.680000000000000160e-01 4.896375815687432009e+01
2.690000000000000169e-01 4.909060739295879472e+01
2.700000000000000178e-01 4.921721012298191056e+01
2.710000000000000187e-01 4.934356694285328615e+01
2.720000000000000195e-01 4.946967844434811212e+01
2.730000000000000204e-01 4.959554521515217829e+01
2.740000000000000213e-01 4.972116783890647440e+01
2.750000000000000222e-01 4.984654689525108751e+01
2.760000000000000231e-01 4.997168295986850239e+01
2.770000000000000240e-01 5.009657660452607786e+01
2.780000000000000249e-01 5.022122839711814635e+01
2.790000000000000258e-01 5.034563890170740308e+01
2.800000000000000266e-01 5.046980867856561304e+01
2.810000000000000275e-01 5.059373828421389163e+01
2.820000000000000284e-01 5.071742827146230326e+01
2.830000000000000293e-01 5.084087918944889850e+01
2.840000000000000302e-01 5.096409158367826109e+01
2.850000000000000311e-01 5.108706599605942245e+01
2.860000000000000320e-01 5.120980296494331441e+01
2.870000000000000329e-01 5.133230302515964638e+01
2.880000000000000338e-01 5.145456670805335619e+01
2.889999999999999791e-01 5.157659454152032197e+01
2.899999999999999800e-01 5.169838705004290347e+01
2.909999999999999809e-01 5.181994475472472317e+01
2.919999999999999818e-01 5.194126817332516310e+01
2.929999999999999827e-01 5.206235782029312276e+01
2.939999999999999836e-01 5.218321420680064904e+01
2.949999999999999845e-01 5.230383784077586995e+01
2.959999999999999853e-01 5.242422922693553744e+01
2.969999999999999862e-01 5.254438886681716525e+01
2.979999999999999871e-01 5.266431725881069781e+01
2.989999999999999880e-01 5.278401489818976700e+01
2.999999999999999889e-01 5.290348227714250839e+01
3.009999999999999898e-01 5.302271988480198672e+01
3.019999999999999907e-01 5.314172820727624469e+01
3.029999999999999916e-01 5.326050772767781893e+01
3.039999999999999925e-01 5.337905892615310677e+01
3.049999999999999933e-01 5.349738227991105788e+01
3.059999999999999942e-01 5.361547826325175947e+01
3.069999999999999951e-01 5.373334734759437481e+01
3.079999999999999960e-01 5.385099000150503912e+01
3.089999999999999969e-01 5.396840669072402363e+01
3.099999999999999978e-01 5.408559787819291387e+01
3.109999999999999987e-01 5.420256402408111995e+01
3.119999999999999996e-01 5.431930558581227331e+01
3.130000000000000004e-01 5.443582301809016144e+01
3.140000000000000013e-01 5.455211677292435724e+01
3.150000000000000022e-01 5.466818729965553558e+01
3.160000000000000031e-01 5.478403504498052712e+01
3.170000000000000040e-01 5.489966045297683195e+01
3.180000000000000049e-01 5.501506396512716179e+01
3.190000000000000058e-01 5.513024602034336397e+01
3.200000000000000067e-01 5.524520705499021744e+01
3.210000000000000075e-01 5.535994750290890209e+01
3.220000000000000084e-01 5.547446779544013395e+01
3.230000000000000093e-01 5.558876836144702338e+01
3.240000000000000102e-01 5.570284962733772716e+01
3.250000000000000111e-01 5.581671201708768137e+01
3.260000000000000120e-01 5.593035595226164958e+01
3.270000000000000129e-01 5.604378185203560037e+01
3.280000000000000138e-01 5.615699013321804500e+01
3.290000000000000147e-01 5.626998121027135369e+01
3.300000000000000155e-01 5.638275549533273079e+01
3.310000000000000164e-01 5.649531339823494847e+01
3.320000000000000173e-01 5.660765532652676768e+01
3.330000000000000182e-01 5.671978168549323129e+01
3.340000000000000191e-01 5.683169287817562321e+01
3.350000000000000200e-01 5.694338930539118593e+01
3.360000000000000209e-01 5.705487136575267471e+01
3.370000000000000218e-01 5.716613945568755639e+01
3.380000000000000226e-01 5.727719396945717989e+01
3.390000000000000235e-01 5.738803529917550605e+01
3.400000000000000244e-01 5.749866383482775234e+01
3.410000000000000253e-01 5.760907996428871769e+01
3.420000000000000262e-01 5.771928407334104350e+01
3.430000000000000271e-01 5.782927654569302689e+01
3.440000000000000280e-01 5.793905776299658328e+01
3.450000000000000289e-01 5.804862810486459068e+01
3.460000000000000298e-01 5.815798794888825540e+01
3.470000000000000306e-01 5.826713767065438532e+01
3.480000000000000315e-01 5.837607764376213737e+01
3.490000000000000324e-01 5.848480823983993560e+01
3.500000000000000333e-01 5.859332982856189886e+01
3.510000000000000342e-01 5.870164277766433258e+01
3.519999999999999796e-01 5.880974745296171591e+01
3.529999999999999805e-01 5.891764421836290921e+01
3.539999999999999813e-01 5.902533343588686421e+01
3.549999999999999822e-01 5.913281546567821323e+01
3.559999999999999831e-01 5.924009066602288698e+01
3.569999999999999840e-01 5.934715939336321355e+01
3.579999999999999849e-01 5.945402200231319512e+01
3.589999999999999858e-01 5.956067884567332982e+01
3.599999999999999867e-01 5.966713027444551187e+01
3.609999999999999876e-01 5.977337663784756217e+01
3.619999999999999885e-01 5.987941828332775884e+01
3.629999999999999893e-01 5.998525555657904107e+01
3.639999999999999902e-01 6.009088880155324830e+01
3.649999999999999911e-01 6.019631836047503981e+01
3.659999999999999920e-01 6.030154457385580713e+01
3.669999999999999929e-01 6.040656778050720987e+01
3.679999999999999938e-01 6.051138831755491765e+01
3.689999999999999947e-01 6.061600652045184034e+01
3.699999999999999956e-01 6.072042272299143661e+01
3.709999999999999964e-01 6.082463725732076654e+01
3.719999999999999973e-01 6.092865045395348744e+01
3.729999999999999982e-01 6.103246264178279290e+01
3.739999999999999991e-01 6.113607414809382590e+01
3.750000000000000000e-01 6.123948529857651124e+01
3.760000000000000009e-01 6.134269641733776268e+01
3.770000000000000018e-01 6.144570782691391742e+01
3.780000000000000027e-01 6.154851984828280820e+01
3.790000000000000036e-01 6.165113280087584258e+01
3.800000000000000044e-01 6.175354700258983343e+01
3.810000000000000053e-01 6.185576276979890054e+01
3.820000000000000062e-01 6.195778041736593877e+01
3.830000000000000071e-01 6.205960025865437757e+01
3.840000000000000080e-01 6.216122260553942880e+01
3.850000000000000089e-01 6.226264776841942705e+01
3.860000000000000098e-01 6.236387605622704911e+01
3.870000000000000107e-01 6.246490777644031311e+01
3.880000000000000115e-01 6.256574323509358493e+01
3.890000000000000124e-01 6.266638273678837834e+01
3.900000000000000133e-01 6.276682658470412690e+01
3.910000000000000142e-01 6.286707508060876393e+01
3.920000000000000151e-01 6.296712852486921008e+01
3.930000000000000160e-01 6.306698721646188943e+01
3.940000000000000169e-01 6.316665145298287598e+01
3.950000000000000178e-01 6.326612153065822497e+01
3.960000000000000187e-01 6.336539774435394179e+01
3.970000000000000195e-01 6.346448038758608590e+01
3.980000000000000204e-01 6.356336975253061894e+01
3.990000000000000213e-01 6.366206613003319603e+01
4.000000000000000222e-01 6.376056980961880782e+01
4.010000000000000231e-01 6.385888107950147230e+01
4.020000000000000240e-01 6.395700022659372053e+01
4.030000000000000249e-01 6.405492753651594739e+01
4.040000000000000258e-01 6.415266329360575526e+01
4.050000000000000266e-01 6.425020778092728335e+01
4.060000000000000275e-01 6.434756128028013222e+01
4.070000000000000284e-01 6.444472407220865762e+01
4.080000000000000293e-01 6.454169643601068174e+01
4.090000000000000302e-01 6.463847864974661661e+01
4.100000000000000311e-01 6.473507099024800482e+01
4.110000000000000320e-01 6.483147373312642969e+01
4.120000000000000329e-01 6.492768715278199920e+01
4.130000000000000338e-01 6.502371152241192931e+01
4.140000000000000346e-01 6.511954711401898521e+01
4.150000000000000355e-01 6.521519419841985155e+01
4.160000000000000364e-01 6.531065304525347415e+01
4.169999999999999818e-01 6.540592392298918867e+01
4.179999999999999827e-01 6.550100709893486339e+01
4.189999999999999836e-01 6.559590283924507048e+01
4.199999999999999845e-01 6.569061140892891615e+01
4.209999999999999853e-01 6.578513307185806980e+01
4.219999999999999862e-01 6.587946809077450894e+01
4.229999999999999871e-01 6.597361672729827831e+01
4.239999999999999880e-01 6.606757924193524900e+01
4.249999999999999889e-01 6.616135589408474971e+01
4.259999999999999898e-01 6.625494694204692792e+01
4.269999999999999907e-01 6.634835264303043800e+01
4.279999999999999916e-01 6.644157325315973139e+01
4.289999999999999925e-01 6.653460902748234673e+01
4.299999999999999933e-01 6.662746021997635637e+01
4.309999999999999942e-01 6.672012708355740074e+01
4.319999999999999951e-01 6.681260987008585062e+01
4.329999999999999960e-01 6.690490883037395520e+01
4.339999999999999969e-01 6.699702421419277698e+01
4.349999999999999978e-01 6.708895627027914088e+01
4.359999999999999987e-01 6.718070524634249807e+01
4.369999999999999996e-01 6.727227138907184667e+01
4.380000000000000004e-01 6.736365494414232558e+01
4.390000000000000013e-01 6.745485615622202147e+01
4.400000000000000022e-01 6.754587526897853422e+01
4.410000000000000031e-01 6.763671252508564180e+01
4.420000000000000040e-01 6.772736816622972356e+01
4.430000000000000049e-01 6.781784243311622618e+01
4.440000000000000058e-01 6.790813556547611540e+01
4.450000000000000067e-01 6.799824780207219987e+01
4.460000000000000075e-01 6.808817938070532705e+01
4.470000000000000084e-01 6.817793053822077809e+01
4.480000000000000093e-01 6.826750151051429327e+01
4.490000000000000102e-01 6.835689253253826791e+01
4.500000000000000111e-01 6.844610383830783462e+01
4.510000000000000120e-01 6.853513566090681763e+01
4.520000000000000129e-01 6.862398823249367297e+01
4.530000000000000138e-01 6.871266178430749960e+01
4.540000000000000147e-01 6.880115654667383751e+01
4.550000000000000155e-01 6.888947274901049411e+01
4.560000000000000164e-01 6.897761061983321440e+01
4.570000000000000173e-01 6.906557038676150739e+01
4.580000000000000182e-01 6.915335227652424521e+01
4.590000000000000191e-01 6.924095651496524795e+01
4.600000000000000200e-01 6.932838332704889694e+01
4.610000000000000209e-01 6.941563293686559177e+01
4.620000000000000218e-01 6.950270556763730667e+01
4.630000000000000226e-01 6.958960144172291962e+01
4.640000000000000235e-01 6.967632078062354140e+01
4.650000000000000244e-01 6.976286380498795836e+01
4.660000000000000253e-01 6.984923073461791887e+01
4.670000000000000262e-01 6.993542178847323498e+01
4.680000000000000271e-01 7.002143718467712574e+01
4.690000000000000280e-01 7.010727714052129045e+01
4.700000000000000289e-01 7.019294187247092509e+01
4.710000000000000298e-01 7.027843159616999458e+01
4.720000000000000306e-01 7.036374652644607863e+01
4.730000000000000315e-01 7.044888687731545929e+01
4.740000000000000324e-01 7.053385286198795256e+01
4.750000000000000333e-01 7.061864469287192492e+01
4.760000000000000342e-01 7.070326258157899701e+01
4.770000000000000351e-01 7.078770673892904597e+01
4.780000000000000360e-01 7.087197737495479544e+01
4.790000000000000369e-01 7.095607469890670416e+01
4.799999999999999822e-01 7.103999891925752763e+01
4.809999999999999831e-01 7.112375024370712140e+01
4.819999999999999840e-01 7.120732887918693166e+01
4.829999999999999849e-01 7.129073503186464222e+01
4.839999999999999858e-01 7.137396890714872200e+01
4.849999999999999867e-01 7.145703070969291559e+01
4.859999999999999876e-01 7.153992064340073398e+01
4.869999999999999885e-01 7.162263891142978878e+01
4.879999999999999893e-01 7.170518571619641079e+01
4.889999999999999902e-01 7.178756125937979959e+01
4.899999999999999911e-01 7.186976574192645728e+01
4.909999999999999920e-01 7.195179936405446597e+01
4.919999999999999929e-01 7.203366232525776525e+01
4.929999999999999938e-01 7.211535482431028754e+01
4.939999999999999947e-01 7.219687705927024979e+01
4.949999999999999956e-01 7.227822922748433143e+01
4.959999999999999964e-01 7.235941152559168188e+01
4.969999999999999973e-01 7.244042414952814113e+01
4.979999999999999982e-01 7.252126729453020459e+01
4.989999999999999991e-01 7.260194115513905899e+01
5.000000000000000000e-01 7.268244592520468927e+01
5.010000000000000009e-01 7.276278179788970135e+01
5.020000000000000018e-01 7.284294896567337219e+01
5.030000000000000027e-01 7.292294762035542988e+01
5.040000000000000036e-01 7.300277795306004691e+01
5.050000000000000044e-01 7.308244015423960604e+01
5.060000000000000053e-01 7.316193441367859407e+01
5.070000000000000062e-01 7.324126092049726822e+01
5.080000000000000071e-01 7.332041986315553572e+01
5.090000000000000080e-01 7.339941142945656338e+01
5.100000000000000089e-01 7.347823580655054343e+01
5.110000000000000098e-01 7.355689318093837414e+01
5.120000000000000107e-01 7.363538373847524099e+01
5.130000000000000115e-01 7.371370766437425459e+01
5.140000000000000124e-01 7.379186514321011714e+01
5.150000000000000133e-01 7.386985635892250457e+01
5.160000000000000142e-01 7.394768149481974717e+01
5.170000000000000151e-01 7.402534073358222599e+01
5.180000000000000160e-01 7.410283425726598239e+01
5.190000000000000169e-01 7.418016224730604335e+01
5.200000000000000178e-01 7.425732488451987479e+01
5.210000000000000187e-01 7.433432234911086312e+01
5.220000000000000195e-01 7.441115482067154119e+01
5.230000000000000204e-01 7.448782247818704150e+01
5.240000000000000213e-01 7.456432550003842152e+01
5.250000000000000222e-01 7.464066406400591802e+01
5.260000000000000231e-01 7.471683834727214446e+01
5.270000000000000240e-01 7.479284852642564374e+01
5.280000000000000249e-01 7.486869477746358825e+01
5.290000000000000258e-01 7.494437727579557418e+01
5.300000000000000266e-01 7.501989619624637839e+01
5.310000000000000275e-01 7.509525171305921276e+01
5.320000000000000284e-01 7.517044399989893577e+01
5.330000000000000293e-01 7.524547322985516473e+01
5.340000000000000302e-01 7.532033957544518898e+01
5.350000000000000311e-01 7.539504320861723841e+01
5.360000000000000320e-01 7.546958430075332558e+01
5.370000000000000329e-01 7.554396302267248586e+01
5.380000000000000338e-01 7.561817954463354852e+01
5.390000000000000346e-01 7.569223403633833414e+01
5.400000000000000355e-01 7.576612666693432629e+01
5.410000000000000364e-01 7.583985760501788320e+01
5.420000000000000373e-01 7.591342701863698039e+01
5.430000000000000382e-01 7.598683507529416659e+01
5.440000000000000391e-01 7.606008194194930638e+01
5.450000000000000400e-01 7.613316778502264981e+01
5.460000000000000409e-01 7.620609277039747553e+01
5.470000000000000417e-01 7.627885706342291883e+01
5.480000000000000426e-01 7.635146082891682795e+01
5.490000000000000435e-01 7.642390423116856368e+01
5.500000000000000444e-01 7.649618743394150044e+01
5.510000000000000453e-01 7.656831060047608162e+01
5.520000000000000462e-01 7.664027389349229225e+01
5.530000000000000471e-01 7.671207747519241593e+01
5.540000000000000480e-01 7.678372150726376333e+01
5.550000000000000488e-01 7.685520615088125851e+01
5.560000000000000497e-01 7.692653156671005377e+01
5.570000000000000506e-01 7.699769791490821547e+01
5.580000000000000515e-01 7.706870535512915410e+01
5.590000000000000524e-01 7.713955404652446646e+01
5.600000000000000533e-01 7.721024414774628042e+01
5.610000000000000542e-01 7.728077581694984133e+01
5.620000000000000551e-01 7.735114921179611258e+01
5.630000000000000560e-01 7.742136448945417726e+01
5.640000000000000568e-01 7.749142180660373924e+01
5.650000000000000577e-01 7.756132131943766694e+01
5.660000000000000586e-01 7.763106318366443759e+01
5.670000000000000595e-01 7.770064755451049621e+01
5.680000000000000604e-01 7.777007458672265727e+01
5.690000000000000613e-01 7.783934443457073371e+01
5.700000000000000622e-01 7.790845725184956905e+01
5.710000000000000631e-01 7.797741319188169484e+01
5.720000000000000639e-01 7.804621240751964706e+01
5.730000000000000648e-01 7.811485505114808348e+01
5.740000000000000657e-01 7.818334127468639849e+01
5.750000000000000666e-01 7.825167122959082633e+01
5.760000000000000675e-01 7.831984506685682845e+01
5.769999999999999574e-01 7.838786293702131047e+01
5.779999999999999583e-01 7.845572499016493850e+01
5.789999999999999591e-01 7.852343137591438449e+01
5.799999999999999600e-01 7.859098224344441519e+01
5.809999999999999609e-01 7.865837774148035066e+01
5.819999999999999618e-01 7.872561801830002537e+01
5.829999999999999627e-01 7.879270322173616137e+01
5.839999999999999636e-01 7.885963349917838627e+01
5.849999999999999645e-01 7.892640899757547857e+01
5.859999999999999654e-01 7.899302986343745658e+01
5.869999999999999662e-01 7.905949624283782384e+01
5.879999999999999671e-01 7.912580828141543066e+01
5.889999999999999680e-01 7.919196612437693261e+01
5.899999999999999689e-01 7.925796991649851009e+01
5.909999999999999698e-01 7.932381980212818462e+01
5.919999999999999707e-01 7.938951592518780842e+01
5.929999999999999716e-01 7.945505842917498285e+01
5.939999999999999725e-01 7.952044745716534635e+01
5.949999999999999734e-01 7.958568315181437924e+01
5.959999999999999742e-01 7.965076565535946429e+01
5.969999999999999751e-01 7.971569510962183358e+01
5.979999999999999760e-01 7.978047165600875701e+01
5.989999999999999769e-01 7.984509543551520494e+01
5.999999999999999778e-01 7.990956658872596563e+01
6.009999999999999787e-01 7.997388525581762053e+01
6.019999999999999796e-01 8.003805157656040592e+01
6.029999999999999805e-01 8.010206569032000345e+01
6.039999999999999813e-01 8.016592773605978550e+01
6.049999999999999822e-01 8.022963785234227885e+01
6.059999999999999831e-01 8.029319617733139580e+01
6.069999999999999840e-01 8.035660284879412529e+01
6.079999999999999849e-01 8.041985800410239449e+01
6.089999999999999858e-01 8.048296178023491620e+01
6.099999999999999867e-01 8.054591431377907895e+01
6.109999999999999876e-01 8.060871574093270908e+01
6.119999999999999885e-01 8.067136619750586135e+01
6.129999999999999893e-01 8.073386581892268055e+01
6.139999999999999902e-01 8.079621474022313521e+01
6.149999999999999911e-01 8.085841309606476557e+01
6.159999999999999920e-01 8.092046102072454516e+01
6.169999999999999929e-01 8.098235864810047246e+01
6.179999999999999938e-01 8.104410611171348933e+01
6.189999999999999947e-01 8.110570354470904419e+01
6.199999999999999956e-01 8.116715107985901057e+01
6.209999999999999964e-01 8.122844884956309386e+01
6.219999999999999973e-01 8.128959698585079252e+01
6.229999999999999982e-01 8.135059562038306069e+01
6.239999999999999991e-01 8.141144488445374350e+01
6.250000000000000000e-01 8.147214490899162342e+01
6.260000000000000009e-01 8.153269582456164244e+01
6.270000000000000018e-01 8.159309776136689152e+01
6.280000000000000027e-01 8.165335084925006015e+01
6.290000000000000036e-01 8.171345521769517006e+01
6.300000000000000044e-01 8.177341099582913841e+01
6.310000000000000053e-01 8.183321831242326994e+01
6.320000000000000062e-01 8.189287729589506171e+01
6.330000000000000071e-01 8.195238807430961003e+01
6.340000000000000080e-01 8.201175077538130154e+01
6.350000000000000089e-01 8.207096552647527687e+01
6.360000000000000098e-01 8.213003245460907920e+01
6.370000000000000107e-01 8.218895168645420313e+01
6.380000000000000115e-01 8.224772334833744480e+01
6.390000000000000124e-01 8.230634756624263559e+01
6.400000000000000133e-01 8.236482446581216266e+01
6.410000000000000142e-01 8.242315417234829056e+01
6.420000000000000151e-01 8.248133681081483815e+01
6.430000000000000160e-01 8.253937250583854279e+01
6.440000000000000169e-01 8.259726138171069465e+01
6.450000000000000178e-01 8.265500356238838719e+01
6.460000000000000187e-01 8.271259917149620833e+01
6.470000000000000195e-01 8.277004833232756198e+01
6.480000000000000204e-01 8.282735116784613183e+01
6.490000000000000213e-01 8.288450780068728818e+01
6.500000000000000222e-01 8.294151835315960852e+01
6.510000000000000231e-01 8.299838294724622756e+01
6.520000000000000240e-01 8.305510170460630093e+01
6.530000000000000249e-01 8.311167474657628418e+01
6.540000000000000258e-01 8.316810219417152439e+01
6.550000000000000266e-01 8.322438416808739703e+01
6.560000000000000275e-01 8.328052078870092600e+01
6.570000000000000284e-01 8.333651217607200579e+01
6.580000000000000293e-01 8.339235844994480829e+01
6.590000000000000302e-01 8.344805972974910446e+01
6.600000000000000311e-01 8.350361613460175647e+01
6.610000000000000320e-01 8.355902778330775504e+01
6.620000000000000329e-01 8.361429479436188217e+01
6.630000000000000338e-01 8.366941728594972005e+01
6.640000000000000346e-01 8.372439537594931380e+01
6.650000000000000355e-01 8.377922918193215196e+01
6.660000000000000364e-01 8.383391882116464444e+01
6.670000000000000373e-01 8.388846441060940151e+01
6.680000000000000382e-01 8.394286606692637065e+01
6.690000000000000391e-01 8.399712390647438554e+01
6.700000000000000400e-01 8.405123804531220344e+01
6.710000000000000409e-01 8.410520859919978420e+01
6.720000000000000417e-01 8.415903568359971132e+01
6.730000000000000426e-01 8.421271941367820091e+01
6.740000000000000435e-01 8.426625990430665070e+01
6.750000000000000444e-01 8.431965727006243583e+01
6.760000000000000453e-01 8.437291162523067101e+01
6.770000000000000462e-01 8.442602308380492104e+01
6.780000000000000471e-01 8.447899175948870720e+01
6.790000000000000480e-01 8.453181776569675776e+01
6.800000000000000488e-01 8.458450121555588908e+01
6.810000000000000497e-01 8.463704222190654036e+01
6.820000000000000506e-01 8.468944089730381108e+01
6.830000000000000515e-01 8.474169735401849834e+01
6.840000000000000524e-01 8.479381170403864587e+01
6.850000000000000533e-01 8.484578405907022614e+01
6.860000000000000542e-01 8.489761453053871776e+01
6.870000000000000551e-01 8.494930322959001501e+01
6.880000000000000560e-01 8.500085026709167835e+01
6.890000000000000568e-01 8.505225575363402868e+01
6.900000000000000577e-01 8.510351979953114210e+01
6.910000000000000586e-01 8.515464251482238467e+01
6.920000000000000595e-01 8.520562400927299507e+01
6.930000000000000604e-01 8.525646439237567620e+01
6.940000000000000613e-01 8.530716377335141942e+01
6.950000000000000622e-01 8.535772226115051353e+01
6.960000000000000631e-01 8.540813996445413636e+01
6.970000000000000639e-01 8.545841699167482375e+01
6.980000000000000648e-01 8.550855345095794746e+01
6.990000000000000657e-01 8.555854945018266733e+01
7.000000000000000666e-01 8.560840509696302547e+01
7.010000000000000675e-01 8.565812049864899791e+01
7.020000000000000684e-01 8.570769576232748932e+01
7.030000000000000693e-01 8.575713099482356938e+01
7.039999999999999591e-01 8.580642630270128279e+01
7.049999999999999600e-01 8.585558179226487141e+01
7.059999999999999609e-01 8.590459756955974058e+01
7.069999999999999618e-01 8.595347374037346810e+01
7.079999999999999627e-01 8.600221041023689850e+01
7.089999999999999636e-01 8.605080768442508088e+01
7.099999999999999645e-01 8.609926566795822112e+01
7.109999999999999654e-01 8.614758446560303184e+01
7.119999999999999662e-01 8.619576418187324407e+01
7.129999999999999671e-01 8.624380492103094298e+01
7.139999999999999680e-01 8.629170678708744902e+01
7.149999999999999689e-01 8.633946988380438370e+01
7.159999999999999698e-01 8.638709431469446542e+01
7.169999999999999707e-01 8.643458018302264634e+01
7.179999999999999716e-01 8.648192759180707867e+01
7.189999999999999725e-01 8.652913664381999581e+01
7.199999999999999734e-01 8.657620744158870707e+01
7.209999999999999742e-01 8.662314008739656401e+01
7.219999999999999751e-01 8.666993468328391259e+01
7.229999999999999760e-01 8.671659133104901684e+01
7.239999999999999769e-01 8.676311013224901103e+01
7.249999999999999778e-01 8.680949118820082333e+01
7.259999999999999787e-01 8.685573459998209955e+01
7.269999999999999796e-01 8.690184046843219789e+01
7.279999999999999805e-01 8.694780889415297054e+01
7.289999999999999813e-01 8.699363997750977262e+01
7.299999999999999822e-01 8.703933381863242857e+01
7.309999999999999831e-01 8.708489051741588582e+01
7.319999999999999840e-01 8.713031017352156482e+01
7.329999999999999849e-01 8.717559288637770010e+01
7.339999999999999858e-01 8.722073875518069030e+01
7.349999999999999867e-01 8.726574787889572349e+01
7.359999999999999876e-01 8.731062035625774342e+01
7.369999999999999885e-01 8.735535628577233069e+01
7.379999999999999893e-01 8.739995576571661218e+01
7.389999999999999902e-01 8.744441889414001423e+01
7.399999999999999911e-01 8.748874576886521481e+01
7.409999999999999920e-01 8.753293648748891087e+01
7.419999999999999929e-01 8.757699114738292678e+01
7.429999999999999938e-01 8.762090984569459806e+01
7.439999999999999947e-01 8.766469267934823506e+01
7.449999999999999956e-01 8.770833974504520825e+01
7.459999999999999964e-01 8.775185113926553981e+01
7.469999999999999973e-01 8.779522695826824474e+01
7.479999999999999982e-01 8.783846729809235399e+01
7.489999999999999991e-01 8.788157225455762500e+01
7.500000000000000000e-01 8.792454192326550810e+01
7.510000000000000009e-01 8.796737639959978594e+01
7.520000000000000018e-01 8.801007577872755405e+01
7.530000000000000027e-01 8.805264015559990298e+01
7.540000000000000036e-01 8.809506962495281357e+01
7.550000000000000044e-01 8.813736428130781064e+01
7.560000000000000053e-01 8.817952421897300042e+01
7.570000000000000062e-01 8.822154953204358208e+01
7.580000000000000071e-01 8.826344031440277149e+01
7.590000000000000080e-01 8.830519665972272492e+01
7.600000000000000089e-01 8.834681866146499374e+01
7.610000000000000098e-01 8.838830641288157608e+01
7.620000000000000107e-01 8.842966000701554208e+01
7.630000000000000115e-01 8.847087953670177285e+01
7.640000000000000124e-01 8.851196509456798367e+01
7.650000000000000133e-01 8.855291677303517872e+01
7.660000000000000142e-01 8.859373466431839006e+01
7.670000000000000151e-01 8.863441886042778606e+01
7.680000000000000160e-01 8.867496945316912615e+01
7.690000000000000169e-01 8.871538653414441455e+01
7.700000000000000178e-01 8.875567019475296604e+01
7.710000000000000187e-01 8.879582052619188914e+01
7.720000000000000195e-01 8.883583761945689616e+01
7.730000000000000204e-01 8.887572156534309897e+01
7.740000000000000213e-01 8.891547245444559167e+01
7.750000000000000222e-01 8.895509037716016110e+01
7.760000000000000231e-01 8.899457542368439533e+01
7.770000000000000240e-01 8.903392768401775470e+01
7.780000000000000249e-01 8.907314724796282235e+01
7.790000000000000258e-01 8.911223420512573057e+01
7.800000000000000266e-01 8.915118864491697082e+01
7.810000000000000275e-01 8.919001065655209004e+01
7.820000000000000284e-01 8.922870032905223070e+01
7.830000000000000293e-01 8.926725775124518236e+01
7.840000000000000302e-01 8.930568301176563750e+01
7.850000000000000311e-01 8.934397619905621468e+01
7.860000000000000320e-01 8.938213740136799856e+01
7.870000000000000329e-01 8.942016670676110834e+01
7.880000000000000338e-01 8.945806420310567830e+01
7.890000000000000346e-01 8.949582997808225571e+01
7.900000000000000355e-01 8.953346411918256820e+01
7.910000000000000364e-01 8.957096671371019170e+01
7.920000000000000373e-01 8.960833784878131780e+01
7.930000000000000382e-01 8.964557761132512326e+01
7.940000000000000391e-01 8.968268608808470788e+01
7.950000000000000400e-01 8.971966336561769140e+01
7.960000000000000409e-01 8.975650953029671086e+01
7.970000000000000417e-01 8.979322466831033012e+01
7.980000000000000426e-01 8.982980886566343770e+01
7.990000000000000435e-01 8.986626220817797162e+01
8.000000000000000444e-01 8.990258478149362986e+01
8.010000000000000453e-01 8.993877667106836782e+01
8.020000000000000462e-01 8.997483796217929353e+01
8.030000000000000471e-01 9.001076873992278138e+01
8.040000000000000480e-01 9.004656908921577951e+01
8.050000000000000488e-01 9.008223909479590930e+01
8.060000000000000497e-01 9.011777884122224691e+01
8.070000000000000506e-01 9.015318841287593443e+01
8.080000000000000515e-01 9.018846789396097563e+01
8.090000000000000524e-01 9.022361736850449176e+01
8.100000000000000533e-01 9.025863692035761687e+01
8.110000000000000542e-01 9.029352663319593830e+01
8.120000000000000551e-01 9.032828659052026410e+01
8.130000000000000560e-01 9.036291687565704933e+01
8.140000000000000568e-01 9.039741757175909243e+01
8.150000000000000577e-01 9.043178876180608938e+01
8.160000000000000586e-01 9.046603052860533012e+01
8.170000000000000595e-01 9.050014295479199689e+01
8.180000000000000604e-01 9.053412612283020167e+01
8.190000000000000613e-01 9.056798011501317092e+01
8.200000000000000622e-01 9.060170501346388505e+01
8.210000000000000631e-01 9.063530090013601637e+01
8.220000000000000639e-01 9.066876785681400008e+01
8.230000000000000648e-01 9.070210596511387280e+01
8.240000000000000657e-01 9.073531530648386934e+01
8.250000000000000666e-01 9.076839596220490591e+01
8.260000000000000675e-01 9.080134801339121964e+01
8.270000000000000684e-01 9.083417154099061008e+01
8.280000000000000693e-01 9.086686662578568985e+01
8.290000000000000702e-01 9.089943334839368561e+01
8.300000000000000711e-01 9.093187178926739023e+01
8.310000000000000719e-01 9.096418202869573122e+01
8.320000000000000728e-01 9.099636414680414020e+01
8.329999999999999627e-01 9.102841822355523504e+01
8.339999999999999636e-01 9.106034433874933143e+01
8.349999999999999645e-01 9.109214257202489762e+01
8.359999999999999654e-01 9.112381300285925079e+01
8.369999999999999662e-01 9.115535571056895492e+01
8.379999999999999671e-01 9.118677077431038924e+01
8.389999999999999680e-01 9.121805827308040193e+01
8.399999999999999689e-01 9.124921828571660853e+01
8.409999999999999698e-01 9.128025089089815935e+01
8.419999999999999707e-01 9.131115616714596683e+01
8.429999999999999716e-01 9.134193419282362925e+01
8.439999999999999725e-01 9.137258504613767229e+01
8.449999999999999734e-01 9.140310880513790437e+01
8.459999999999999742e-01 9.143350554771851080e+01
8.469999999999999751e-01 9.146377535161786909e+01
8.479999999999999760e-01 9.149391829441964319e+01
8.489999999999999769e-01 9.152393445355289714e+01
8.499999999999999778e-01 9.155382390629273459e+01
8.509999999999999787e-01 9.158358672976093828e+01
8.519999999999999796e-01 9.161322300092618320e+01
8.529999999999999805e-01 9.164273279660486082e+01
8.539999999999999813e-01 9.167211619346126383e+01
8.549999999999999822e-01 9.170137326800832511e+01
8.559999999999999831e-01 9.173050409660797300e+01
8.569999999999999840e-01 9.175950875547158603e+01
8.579999999999999849e-01 9.178838732066068928e+01
8.589999999999999858e-01 9.181713986808718175e+01
8.599999999999999867e-01 9.184576647351406109e+01
8.609999999999999876e-01 9.187426721255567941e+01
8.619999999999999885e-01 9.190264216067829750e+01
8.629999999999999893e-01 9.193089139320073855e+01
8.639999999999999902e-01 9.195901498529454443e+01
8.649999999999999911e-01 9.198701301198479996e+01
8.659999999999999920e-01 9.201488554815020393e+01
8.669999999999999929e-01 9.204263266852389336e+01
8.679999999999999938e-01 9.207025444769377032e+01
8.689999999999999947e-01 9.209775096010292827e+01
8.699999999999999956e-01 9.212512228005010684e+01
8.709999999999999964e-01 9.215236848169024597e+01
8.719999999999999973e-01 9.217948963903494075e+01
8.729999999999999982e-01 9.220648582595276821e+01
8.739999999999999991e-01 9.223335711616979893e+01
8.750000000000000000e-01 9.226010358327019389e+01
8.760000000000000009e-01 9.228672530069638924e+01
8.770000000000000018e-01 9.231322234174983521e+01
8.780000000000000027e-01 9.233959477959122353e+01
8.790000000000000036e-01 9.236584268724087110e+01
8.800000000000000044e-01 9.239196613757951582e+01
8.810000000000000053e-01 9.241796520334844445e+01
8.820000000000000062e-01 9.244383995714993318e+01
8.830000000000000071e-01 9.246959047144792976e+01
8.840000000000000080e-01 9.249521681856819555e+01
8.850000000000000089e-01 9.252071907069895929e+01
8.860000000000000098e-01 9.254609729989117284e+01
8.870000000000000107e-01 9.257135157805913650e+01
8.880000000000000115e-01 9.259648197698069794e+01
8.890000000000000124e-01 9.262148856829792010e+01
8.900000000000000133e-01 9.264637142351728016e+01
8.910000000000000142e-01 9.267113061401018115e+01
8.920000000000000151e-01 9.269576621101356295e+01
8.930000000000000160e-01 9.272027828562980289e+01
8.940000000000000169e-01 9.274466690882786679e+01
8.950000000000000178e-01 9.276893215144301053e+01
8.960000000000000187e-01 9.279307408417764691e+01
8.970000000000000195e-01 9.281709277760162990e+01
8.980000000000000204e-01 9.284098830215255305e+01
8.990000000000000213e-01 9.286476072813631788e+01
9.000000000000000222e-01 9.288841012572748923e+01
9.010000000000000231e-01 9.291193656496960784e+01
9.020000000000000240e-01 9.293534011577582987e+01
9.030000000000000249e-01 9.295862084792892688e+01
9.040000000000000258e-01 9.298177883108216690e+01
9.050000000000000266e-01 9.300481413475924342e+01
9.060000000000000275e-01 9.302772682835512796e+01
9.070000000000000284e-01 9.305051698113607017e+01
9.080000000000000293e-01 9.307318466224015197e+01
9.090000000000000302e-01 9.309572994067777074e+01
9.100000000000000311e-01 9.311815288533186674e+01
9.110000000000000320e-01 9.314045356495834938e+01
9.120000000000000329e-01 9.316263204818658039e+01
9.130000000000000338e-01 9.318468840351974336e+01
9.140000000000000346e-01 9.320662269933494315e+01
9.150000000000000355e-01 9.322843500388405857e+01
9.160000000000000364e-01 9.325012538529378503e+01
9.170000000000000373e-01 9.327169391156601819e+01
9.180000000000000382e-01 9.329314065057846506e+01
9.190000000000000391e-01 9.331446567008478610e+01
9.200000000000000400e-01 9.333566903771506418e+01
9.210000000000000409e-01 9.335675082097614563e+01
9.220000000000000417e-01 9.337771108725202396e+01
9.230000000000000426e-01 9.339854990380425193e+01
9.240000000000000435e-01 9.341926733777222580e+01
9.250000000000000444e-01 9.343986345617366851e+01
9.260000000000000453e-01 9.346033832590477175e+01
9.270000000000000462e-01 9.348069201374082127e+01
9.280000000000000471e-01 9.350092458633642423e+01
9.290000000000000480e-01 9.352103611022579344e+01
9.300000000000000488e-01 9.354102665182330156e+01
9.310000000000000497e-01 9.356089627742372272e+01
9.320000000000000506e-01 9.358064505320248827e+01
9.330000000000000515e-01 9.360027304521629787e+01
9.340000000000000524e-01 9.361978031940317635e+01
9.350000000000000533e-01 9.363916694158305631e+01
9.360000000000000542e-01 9.365843297745794871e+01
9.370000000000000551e-01 9.367757849261255387e+01
9.380000000000000560e-01 9.369660355251423312e+01
9.390000000000000568e-01 9.371550822251367663e+01
9.400000000000000577e-01 9.373429256784500296e+01
9.410000000000000586e-01 9.375295665362642694e+01
9.420000000000000595e-01 9.377150054486020281e+01
9.430000000000000604e-01 9.378992430643324951e+01
9.440000000000000613e-01 9.380822800311733545e+01
9.450000000000000622e-01 9.382641169956951899e+01
9.460000000000000631e-01 9.384447546033240428e+01
9.470000000000000639e-01 9.386241934983465285e+01
9.480000000000000648e-01 9.388024343239081304e+01
9.490000000000000657e-01 9.389794777220240007e+01
9.500000000000000666e-01 9.391553243335772549e+01
9.510000000000000675e-01 9.393299747983212455e+01
9.520000000000000684e-01 9.395034297548875202e+01
9.530000000000000693e-01 9.396756898407852532e+01
9.540000000000000702e-01 9.398467556924063615e+01
9.550000000000000711e-01 9.400166279450270679e+01
9.560000000000000719e-01 9.401853072328134431e+01
9.570000000000000728e-01 9.403527941888222585e+01
9.580000000000000737e-01 9.405190894450056760e+01
9.590000000000000746e-01 9.406841936322138054e+01
9.599999999999999645e-01 9.408481073801988259e+01
9.609999999999999654e-01 9.410108313176164074e+01
9.619999999999999662e-01 9.411723660720303997e+01
9.629999999999999671e-01 9.413327122699149641e+01
9.639999999999999680e-01 9.414918705366582685e+01
9.649999999999999689e-01 9.416498414965653296e+01
9.659999999999999698e-01 9.418066257728615653e+01
9.669999999999999707e-01 9.419622239876952108e+01
9.679999999999999716e-01 9.421166367621407289e+01
9.689999999999999725e-01 9.422698647162020791e+01
9.699999999999999734e-01 9.424219084688147063e+01
9.709999999999999742e-01 9.425727686378503734e+01
9.719999999999999751e-01 9.427224458401188656e+01
9.729999999999999760e-01 9.428709406913705493e+01
9.739999999999999769e-01 9.430182538063014874e+01
9.749999999999999778e-01 9.431643857985537238e+01
9.759999999999999787e-01 9.433093372807208254e+01
9.769999999999999796e-01 9.434531088643490193e+01
9.779999999999999805e-01 9.435957011599398925e+01
9.789999999999999813e-01 9.437371147769557922e+01
9.799999999999999822e-01 9.438773503238202522e+01
9.809999999999999831e-01 9.440164084079221141e+01
9.819999999999999840e-01 9.441542896356173742e+01
9.829999999999999849e-01 9.442909946122337317e+01
9.839999999999999858e-01 9.444265239420724356e+01
9.849999999999999867e-01 9.445608782284102745e+01
9.859999999999999876e-01 9.446940580735049764e+01
9.869999999999999885e-01 9.448260640785946407e+01
9.879999999999999893e-01 9.449568968439048433e+01
9.889999999999999902e-01 9.450865569686470735e+01
9.899999999999999911e-01 9.452150450510237079e+01
9.909999999999999920e-01 9.453423616882322733e+01
9.919999999999999929e-01 9.454685074764645947e+01
9.929999999999999938e-01 9.455934830109130473e+01
9.939999999999999947e-01 9.457172888857708415e+01
9.949999999999999956e-01 9.458399256942374222e+01
9.959999999999999964e-01 9.459613940285173328e+01
9.969999999999999973e-01 9.460816944798266093e+01
9.979999999999999982e-01 9.462008276383949124e+01
9.989999999999999991e-01 9.463187940934651010e+01
1.000000000000000000e+00 9.464355944333010484e+01
