0.000000000000000000e+00 0.000000000000000000e+00
1.000000000000000021e-03 9.671043165295238886e-01
2.000000000000000042e-03 1.659490148170091217e+00
3.000000000000000062e-03 2.268279241135441548e+00
4.000000000000000083e-03 2.824983148265998167e+00
5.000000000000000104e-03 3.343835871852611330e+00
6.000000000000000125e-03 3.832984032458881085e+00
7.000000000000000146e-03 4.297709391729434003e+00
8.000000000000000167e-03 4.741715622796501606e+00
9.000000000000001055e-03 5.167744450959929736e+00
1.000000000000000021e-02 5.577907914285424873e+00
1.099999999999999936e-02 5.973883385957746484e+00
1.200000000000000025e-02 6.357035586734156141e+00
1.300000000000000114e-02 6.728496827864372420e+00
1.400000000000000029e-02 7.089221948245667093e+00
1.499999999999999944e-02 7.440027191871665835e+00
1.600000000000000033e-02 7.781618494159083355e+00
1.700000000000000122e-02 8.114612553884944290e+00
1.800000000000000211e-02 8.439552853129217880e+00
1.899999999999999953e-02 8.756922053901275760e+00
2.000000000000000042e-02 9.067151741283442590e+00
2.100000000000000130e-02 9.370630187252871224e+00
2.199999999999999872e-02 9.667708613741595514e+00
2.299999999999999961e-02 9.958706301043193321e+00
2.400000000000000050e-02 1.024391479610385858e+01
2.500000000000000139e-02 1.052360141073458699e+01
2.600000000000000228e-02 1.079801215357633026e+01
2.699999999999999969e-02 1.106737420604095234e+01
2.800000000000000058e-02 1.133189802766152710e+01
2.900000000000000147e-02 1.159177915776513501e+01
2.999999999999999889e-02 1.184719976638312566e+01
3.099999999999999978e-02 1.209832999661654895e+01
3.200000000000000067e-02 1.234532913241873686e+01
3.300000000000000155e-02 1.258834661932579202e+01
3.400000000000000244e-02 1.282752296061178221e+01
3.500000000000000333e-02 1.306299050734256184e+01
3.600000000000000422e-02 1.329487415760672064e+01
3.699999999999999817e-02 1.352329197763396351e+01
3.799999999999999906e-02 1.374835575543321653e+01
3.899999999999999994e-02 1.397017149589028051e+01
4.000000000000000083e-02 1.418883986487947091e+01
4.100000000000000172e-02 1.440445658880161339e+01
4.200000000000000261e-02 1.461711281501620263e+01
4.300000000000000350e-02 1.482689543784885444e+01
4.399999999999999745e-02 1.503388739419770204e+01
4.499999999999999833e-02 1.523816793221047838e+01
4.599999999999999922e-02 1.543981285603810960e+01
4.700000000000000011e-02 1.563889474927646361e+01
4.800000000000000100e-02 1.583548317937247418e+01
4.900000000000000189e-02 1.602964488498531281e+01
5.000000000000000278e-02 1.622144394804737644e+01
5.100000000000000366e-02 1.641094195206051864e+01
5.200000000000000455e-02 1.659819812798073357e+01
5.299999999999999850e-02 1.678326948888800274e+01
5.399999999999999939e-02 1.696621095450179340e+01
5.500000000000000028e-02 1.714707546648477177e+01
5.600000000000000117e-02 1.732591409537333860e+01
5.700000000000000205e-02 1.750277613988448167e+01
5.800000000000000294e-02 1.767770921926792838e+01
5.900000000000000383e-02 1.785075935930491653e+01
5.999999999999999778e-02 1.802197107249134334e+01
6.099999999999999867e-02 1.819138743289145310e+01
6.199999999999999956e-02 1.835905014609855712e+01
6.300000000000000044e-02 1.852499961469742473e+01
6.400000000000000133e-02 1.868927499958615002e+01
6.500000000000000222e-02 1.885191427748005566e+01
6.600000000000000311e-02 1.901295429489194788e+01
6.700000000000000400e-02 1.917243081885520795e+01
6.800000000000000488e-02 1.933037858463274361e+01
6.900000000000000577e-02 1.948683134063337619e+01
7.000000000000000666e-02 1.964182189073761364e+01
7.100000000000000755e-02 1.979538213421768234e+01
7.200000000000000844e-02 1.994754310342126402e+01
7.299999999999999545e-02 2.009833499937349899e+01
7.399999999999999634e-02 2.024778722544029108e+01
7.499999999999999722e-02 2.039592841918285515e+01
7.599999999999999811e-02 2.054278648252456918e+01
7.699999999999999900e-02 2.068838861034049259e+01
7.799999999999999989e-02 2.083276131757182981e+01
7.900000000000000078e-02 2.097593046495980218e+01
8.000000000000000167e-02 2.111792128348567488e+01
8.100000000000000255e-02 2.125875839759826391e+01
8.200000000000000344e-02 2.139846584730266699e+01
8.300000000000000433e-02 2.153706710918027767e+01
8.400000000000000522e-02 2.167458511640361252e+01
8.500000000000000611e-02 2.181104227780596716e+01
8.600000000000000699e-02 2.194646049606106075e+01
8.700000000000000788e-02 2.208086118502448159e+01
8.799999999999999489e-02 2.221426528628453667e+01
8.899999999999999578e-02 2.234669328496767093e+01
8.999999999999999667e-02 2.247816522483977764e+01
9.099999999999999756e-02 2.260870072274277121e+01
9.199999999999999845e-02 2.273831898240209881e+01
9.299999999999999933e-02 2.286703880764021335e+01
9.400000000000000022e-02 2.299487861502674590e+01
9.500000000000000111e-02 2.312185644599590262e+01
9.600000000000000200e-02 2.324798997845891790e+01
9.700000000000000289e-02 2.337329653793732476e+01
9.800000000000000377e-02 2.349779310824187206e+01
9.900000000000000466e-02 2.362149634172030233e+01
1.000000000000000056e-01 2.374442256909552995e+01
1.010000000000000064e-01 2.386658780891416143e+01
1.020000000000000073e-01 2.398800777662545158e+01
1.030000000000000082e-01 2.410869789330766721e+01
1.040000000000000091e-01 2.422867329405969627e+01
1.049999999999999961e-01 2.434794883607349192e+01
1.059999999999999970e-01 2.446653910640235097e+01
1.069999999999999979e-01 2.458445842943974924e+01
1.079999999999999988e-01 2.470172087412191075e+01
1.089999999999999997e-01 2.481834026086627176e+01
1.100000000000000006e-01 2.493433016825916582e+01
1.110000000000000014e-01 2.504970393950257446e+01
1.120000000000000023e-01 2.516447468863202630e+01
1.130000000000000032e-01 2.527865530651483539e+01
1.140000000000000041e-01 2.539225846663849850e+01
1.150000000000000050e-01 2.550529663069934827e+01
1.160000000000000059e-01 2.561778205399841113e+01
1.170000000000000068e-01 2.572972679065420465e+01
1.180000000000000077e-01 2.584114269863938773e+01
1.190000000000000085e-01 2.595204144464900864e+01
1.199999999999999956e-01 2.606243450880745982e+01
1.209999999999999964e-01 2.617233318922028218e+01
1.219999999999999973e-01 2.628174860637788868e+01
1.229999999999999982e-01 2.639069170741662163e+01
1.239999999999999991e-01 2.649917327024356695e+01
1.250000000000000000e-01 2.660720390752929987e+01
1.260000000000000009e-01 2.671479407057600142e+01
1.270000000000000018e-01 2.682195405306302405e+01
1.280000000000000027e-01 2.692869399467737068e+01
1.290000000000000036e-01 2.703502388463170547e+01
1.300000000000000044e-01 2.714095356507503354e+01
1.310000000000000053e-01 2.724649273440001451e+01
1.320000000000000062e-01 2.735165095045061179e+01
1.330000000000000071e-01 2.745643763363434786e+01
1.340000000000000080e-01 2.756086206994185872e+01
1.350000000000000089e-01 2.766493341387811711e+01
1.360000000000000098e-01 2.776866069130769787e+01
1.370000000000000107e-01 2.787205280221812131e+01
1.380000000000000115e-01 2.797511852340334570e+01
1.390000000000000124e-01 2.807786651107085163e+01
1.400000000000000133e-01 2.818030530337479433e+01
1.410000000000000142e-01 2.828244332287809470e+01
1.420000000000000151e-01 2.838428887894562536e+01
1.430000000000000160e-01 2.848585017007090414e+01
1.440000000000000169e-01 2.858713528613911592e+01
1.449999999999999900e-01 2.868815221062811816e+01
1.459999999999999909e-01 2.878890882274945540e+01
1.469999999999999918e-01 2.888941289953214664e+01
1.479999999999999927e-01 2.898967211785030429e+01
1.489999999999999936e-01 2.908969405639700767e+01
1.499999999999999944e-01 2.918948619760599428e+01
1.509999999999999953e-01 2.928905592952317960e+01
1.519999999999999962e-01 2.938841054762909266e+01
1.529999999999999971e-01 2.948755725661446547e+01
1.539999999999999980e-01 2.958650317210992142e+01
1.549999999999999989e-01 2.968525532237164555e+01
1.559999999999999998e-01 2.978382064992432987e+01
1.570000000000000007e-01 2.988220601316267278e+01
1.580000000000000016e-01 2.998041818791272561e+01
1.590000000000000024e-01 3.007846386895450053e+01
1.600000000000000033e-01 3.017634967150675607e+01
1.610000000000000042e-01 3.027408213267550963e+01
1.620000000000000051e-01 3.037166771286706535e+01
1.630000000000000060e-01 3.046911279716708520e+01
1.640000000000000069e-01 3.056642369668584536e+01
1.650000000000000078e-01 3.066360664987158913e+01
1.660000000000000087e-01 3.076066782379282927e+01
1.670000000000000095e-01 3.085761331538991925e+01
1.680000000000000104e-01 3.095444915269753494e+01
1.690000000000000113e-01 3.105118129603805244e+01
1.700000000000000122e-01 3.114781563918775475e+01
1.710000000000000131e-01 3.124435801051604500e+01
1.720000000000000140e-01 3.134081417409806392e+01
1.730000000000000149e-01 3.143718983080225371e+01
1.740000000000000158e-01 3.153349061935330866e+01
1.750000000000000167e-01 3.162972211737083938e+01
1.759999999999999898e-01 3.172588984238502263e+01
1.769999999999999907e-01 3.182199925282959896e+01
1.779999999999999916e-01 3.191805574901248832e+01
1.789999999999999925e-01 3.201406467406539491e+01
1.799999999999999933e-01 3.211003131487255757e+01
1.809999999999999942e-01 3.220596090297900105e+01
1.819999999999999951e-01 3.230185861547957415e+01
1.829999999999999960e-01 3.239772957588797908e+01
1.839999999999999969e-01 3.249357885498824317e+01
1.849999999999999978e-01 3.258941147166717656e+01
1.859999999999999987e-01 3.268523239372977685e+01
1.869999999999999996e-01 3.278104653869675644e+01
1.880000000000000004e-01 3.287685877458626749e+01
1.890000000000000013e-01 3.297267392067846004e+01
1.900000000000000022e-01 3.306849674826469254e+01
1.910000000000000031e-01 3.316433198138093985e+01
1.920000000000000040e-01 3.326018429752660666e+01
1.930000000000000049e-01 3.335605832836819218e+01
1.940000000000000058e-01 3.345195866042905664e+01
1.950000000000000067e-01 3.354788983576449368e+01
1.960000000000000075e-01 3.364385635262476626e+01
1.970000000000000084e-01 3.373986266610286577e+01
1.980000000000000093e-01 3.383591318877121523e+01
1.990000000000000102e-01 3.393201229130458785e+01
2.000000000000000111e-01 3.402816430309130169e+01
2.010000000000000120e-01 3.412437351283212195e+01
2.020000000000000129e-01 3.422064416912800766e+01
2.030000000000000138e-01 3.431698048105585030e+01
2.040000000000000147e-01 3.441338661873344051e+01
2.050000000000000155e-01 3.450986671387323668e+01
2.060000000000000164e-01 3.460642486032659804e+01
2.070000000000000173e-01 3.470306511461613752e+01
2.080000000000000182e-01 3.479979149645886594e+01
2.089999999999999913e-01 3.489660798928002805e+01
2.099999999999999922e-01 3.499351854071582579e+01
2.109999999999999931e-01 3.509052706310812653e+01
2.119999999999999940e-01 3.518763743398949373e+01
2.129999999999999949e-01 3.528485349655878167e+01
2.139999999999999958e-01 3.538217906014926939e+01
2.149999999999999967e-01 3.547961790068640653e+01
2.159999999999999976e-01 3.557717376113917851e+01
2.169999999999999984e-01 3.567485035196173726e+01
2.179999999999999993e-01 3.577265135152794073e+01
2.190000000000000002e-01 3.587058040655762170e+01
2.200000000000000011e-01 3.596864113253582218e+01
2.210000000000000020e-01 3.606683711412372872e+01
2.220000000000000029e-01 3.616517190556314176e+01
2.230000000000000038e-01 3.626364903107335635e+01
2.240000000000000047e-01 3.636227198524112225e+01
2.250000000000000056e-01 3.646104423340406697e+01
2.260000000000000064e-01 3.655996921202694239e+01
2.270000000000000073e-01 3.665905032907190275e+01
2.280000000000000082e-01 3.675829096436225996e+01
2.290000000000000091e-01 3.685769446993953125e+01
2.300000000000000100e-01 3.695726417041520051e+01
2.310000000000000109e-01 3.705700336331560152e+01
2.320000000000000118e-01 3.715691531942178472e+01
2.330000000000000127e-01 3.725700328310323073e+01
2.340000000000000135e-01 3.735727047264596479e+01
2.350000000000000144e-01 3.745772008057492997e+01
2.360000000000000153e-01 3.755835527397192664e+01
2.370000000000000162e-01 3.765917919478751230e+01
2.380000000000000171e-01 3.776019496014735921e+01
2.390000000000000180e-01 3.786140566265478924e+01
2.399999999999999911e-01 3.796281437068748232e+01
2.409999999999999920e-01 3.806442412868946690e+01
2.419999999999999929e-01 3.816623795745867653e+01
2.429999999999999938e-01 3.826825885442929120e+01
2.439999999999999947e-01 3.837048979395068216e+01
2.449999999999999956e-01 3.847293372756026031e+01
2.459999999999999964e-01 3.857559358425336882e+01
2.469999999999999973e-01 3.867847227074818761e+01
2.479999999999999982e-01 3.878157267174654521e+01
2.489999999999999991e-01 3.888489765019090783e+01
2.500000000000000000e-01 3.898845004751689203e+01
2.510000000000000009e-01 3.909223268390206840e+01
2.520000000000000018e-01 3.919624835851126932e+01
2.530000000000000027e-01 3.930049984973709343e+01
2.540000000000000036e-01 3.940498991543782381e+01
2.550000000000000044e-01 3.950972129317077020e+01
2.560000000000000053e-01 3.961469670042279745e+01
2.570000000000000062e-01 3.971991883483684660e+01
2.580000000000000071e-01 3.982539037443493157e+01
2.590000000000000080e-01 3.993111397783837901e+01
2.600000000000000089e-01 4.003709228448406066e+01
2.610000000000000098e-01 4.014332791483778351e+01
2.620000000000000107e-01 4.024982347060407051e+01
2.630000000000000115e-01 4.035658153493363898e+01
2.640000000000000124e-01 4.046360467262681482e+01
2.650000000000000133e-01 4.057089543033464452e+01
2.660000000000000142e-01 4.067845633675676709e+01
2.670000000000000151e-01 4.078628990283613120e+01
2.680000000000000160e-01 4.089439862195163755e+01
2.690000000000000169e-01 4.100278497010685896e+01
2.700000000000000178e-01 4.111145140611745319e+01
2.710000000000000187e-01 4.122040037179399974e+01
2.720000000000000195e-01 4.132963429212426831e+01
2.730000000000000204e-01 4.143915557545139450e+01
2.740000000000000213e-01 4.154896661364989541e+01
2.750000000000000222e-01 4.165906978229944002e+01
2.760000000000000231e-01 4.176946744085583418e+01
2.770000000000000240e-01 4.188016193281993083e+01
2.780000000000000249e-01 4.199115558590381170e+01
2.790000000000000258e-01 4.210245071219480906e+01
2.800000000000000266e-01 4.221404960831708308e+01
2.810000000000000275e-01 4.232595455559120978e+01
2.820000000000000284e-01 4.243816782019149514e+01
2.830000000000000293e-01 4.255069165330101555e+01
2.840000000000000302e-01 4.266352829126418555e+01
2.850000000000000311e-01 4.277667995573807502e+01
2.860000000000000320e-01 4.289014885384077047e+01
2.870000000000000329e-01 4.300393717829828688e+01
2.880000000000000338e-01 4.311804710758949000e+01
2.889999999999999791e-01 4.323248080608820487e+01
2.899999999999999800e-01 4.334724042420526757e+01
2.909999999999999809e-01 4.346232809852583046e+01
2.919999999999999818e-01 4.357774595194808853e+01
2.929999999999999827e-01 4.369349609381725941e+01
2.939999999999999836e-01 4.380958062006007481e+01
2.949999999999999845e-01 4.392600161331552044e+01
2.959999999999999853e-01 4.404276114306560430e+01
2.969999999999999862e-01 4.415986126576311221e+01
2.979999999999999871e-01 4.427730402495797080e+01
2.989999999999999880e-01 4.439509145142312718e+01
2.999999999999999889e-01 4.451322556327636448e+01
3.009999999999999898e-01 4.463170836610339620e+01
3.019999999999999907e-01 4.475054185307686794e+01
3.029999999999999916e-01 4.486972800507570014e+01
3.039999999999999925e-01 4.498926879080141816e+01
3.049999999999999933e-01 4.510916616689434022e+01
3.059999999999999942e-01 4.522942207804680947e+01
3.069999999999999951e-01 4.535003845711668191e+01
3.079999999999999960e-01 4.547101722523788681e+01
3.089999999999999969e-01 4.559236029193030504e+01
3.099999999999999978e-01 4.571406955520831161e+01
3.109999999999999987e-01 4.583614690168744232e+01
3.119999999999999996e-01 4.595859420669026463e+01
3.130000000000000004e-01 4.608141333435111164e+01
3.140000000000000013e-01 4.620460613771805924e+01
3.150000000000000022e-01 4.632817445885592633e+01
3.160000000000000031e-01 4.645212012894597819e+01
3.170000000000000040e-01 4.657644496838568671e+01
3.180000000000000049e-01 4.670115078688613153e+01
3.190000000000000058e-01 4.682623938356937288e+01
3.200000000000000067e-01 4.695171254706434638e+01
3.210000000000000075e-01 4.707757205560056946e+01
3.220000000000000084e-01 4.720381967710230242e+01
3.230000000000000093e-01 4.733045716927995272e+01
3.240000000000000102e-01 4.745748627972190548e+01
3.250000000000000111e-01 4.758490874598464870e+01
3.260000000000000120e-01 4.771272629568073853e+01
3.270000000000000129e-01 4.784094064656758860e+01
3.280000000000000138e-01 4.796955350663378681e+01
3.290000000000000147e-01 4.809856657418546888e+01
3.300000000000000155e-01 4.822798153793024767e+01
3.310000000000000164e-01 4.835780007706176775e+01
3.320000000000000173e-01 4.848802386134238418e+01
3.330000000000000182e-01 4.861865455118430646e+01
3.340000000000000191e-01 4.874969379773148148e+01
3.350000000000000200e-01 4.888114324293871960e+01
3.360000000000000209e-01 4.901300451965116167e+01
3.370000000000000218e-01 4.914527925168184197e+01
3.380000000000000226e-01 4.927796905388976256e+01
3.390000000000000235e-01 4.941107553225521087e+01
3.400000000000000244e-01 4.954460028395567406e+01
3.410000000000000253e-01 4.967854489744044599e+01
3.420000000000000262e-01 4.981291095250401213e+01
3.430000000000000271e-01 4.994770002035949119e+01
3.440000000000000280e-01 5.008291366370968944e+01
3.450000000000000289e-01 5.021855343681926342e+01
3.460000000000000298e-01 5.035462088558472260e+01
3.470000000000000306e-01 5.049111754760426152e+01
3.480000000000000315e-01 5.062804495224608559e+01
3.490000000000000324e-01 5.076540462071707793e+01
3.500000000000000333e-01 5.090319806612990305e+01
3.510000000000000342e-01 5.104142679356948520e+01
3.519999999999999796e-01 5.118009230015900357e+01
3.529999999999999805e-01 5.131919607512492121e+01
3.539999999999999813e-01 5.145873959986073487e+01
3.549999999999999822e-01 5.159872434799234497e+01
3.559999999999999831e-01 5.173915178543904858e+01
3.569999999999999840e-01 5.188002337047720403e+01
3.579999999999999849e-01 5.202134055380088284e+01
3.589999999999999858e-01 5.216310477858388595e+01
3.599999999999999867e-01 5.230531748053908814e+01
3.609999999999999876e-01 5.244798008797835109e+01
3.619999999999999885e-01 5.259109402187158366e+01
3.629999999999999893e-01 5.273466069590523375e+01
3.639999999999999902e-01 5.287868151653964333e+01
3.649999999999999911e-01 5.302315788306668765e+01
3.659999999999999920e-01 5.316809118766548181e+01
3.669999999999999929e-01 5.331348281545905365e+01
3.679999999999999938e-01 5.345933414456953869e+01
3.689999999999999947e-01 5.360564654617206770e+01
3.699999999999999956e-01 5.375242138455041641e+01
3.709999999999999964e-01 5.389966001714901722e+01
3.719999999999999973e-01 5.404736379462713103e+01
3.729999999999999982e-01 5.419553406091034731e+01
3.739999999999999991e-01 5.434417215324378958e+01
3.750000000000000000e-01 5.449327940224225131e+01
3.760000000000000009e-01 5.464285713194118443e+01
3.770000000000000018e-01 5.479290665984814268e+01
3.780000000000000027e-01 5.494342929699109845e+01
3.790000000000000036e-01 5.509442634796857874e+01
3.800000000000000044e-01 5.524589911099860728e+01
3.810000000000000053e-01 5.539784887796582780e+01
3.820000000000000062e-01 5.555027693447129877e+01
3.830000000000000071e-01 5.570318455987762718e+01
3.840000000000000080e-01 5.585657302735705798e+01
3.850000000000000089e-01 5.601044360393797206e+01
3.860000000000000098e-01 5.616479755054928091e+01
3.870000000000000107e-01 5.631963612206800462e+01
3.880000000000000115e-01 5.647496056736247283e+01
3.890000000000000124e-01 5.663077212933785631e+01
3.900000000000000133e-01 5.678707204497936800e+01
3.910000000000000142e-01 5.694386154539699874e+01
3.920000000000000151e-01 5.710114185586758140e+01
3.930000000000000160e-01 5.725891419587816245e+01
3.940000000000000169e-01 5.741717977916869131e+01
3.950000000000000178e-01 5.757593981377266346e+01
3.960000000000000187e-01 5.773519550206049189e+01
3.970000000000000195e-01 5.789494804077844492e+01
3.980000000000000204e-01 5.805519862109190399e+01
3.990000000000000213e-01 5.821594842862248242e+01
4.000000000000000222e-01 5.837719864349134014e+01
4.010000000000000231e-01 5.853895044035630235e+01
4.020000000000000240e-01 5.870120498845159318e+01
4.030000000000000249e-01 5.886396345162739863e+01
4.040000000000000258e-01 5.902722698838721271e+01
4.050000000000000266e-01 5.919099675192637733e+01
4.060000000000000275e-01 5.935527389016959887e+01
4.070000000000000284e-01 5.952005954580863545e+01
4.080000000000000293e-01 5.968535485633822191e+01
4.090000000000000302e-01 5.985116095409375703e+01
4.100000000000000311e-01 6.001747896628722856e+01
4.110000000000000320e-01 6.018431001504262667e+01
4.120000000000000329e-01 6.035165521743226691e+01
4.130000000000000338e-01 6.051951568551112359e+01
4.140000000000000346e-01 6.068789252635264120e+01
4.150000000000000355e-01 6.085678684208272671e+01
4.160000000000000364e-01 6.102619972991391251e+01
4.169999999999999818e-01 6.119613228217968981e+01
4.179999999999999827e-01 6.136658558636815997e+01
4.189999999999999836e-01 6.153756072515449205e+01
4.199999999999999845e-01 6.170905877643491522e+01
4.209999999999999853e-01 6.188108081335883526e+01
4.219999999999999862e-01 6.205362790436140585e+01
4.229999999999999871e-01 6.222670111319524722e+01
4.239999999999999880e-01 6.240030149896341527e+01
4.249999999999999889e-01 6.257443011614873285e+01
4.259999999999999898e-01 6.274908801464738417e+01
4.269999999999999907e-01 6.292427623979790496e+01
4.279999999999999916e-01 6.309999583241324217e+01
4.289999999999999925e-01 6.327624782881008514e+01
4.299999999999999933e-01 6.345303326083961792e+01
4.309999999999999942e-01 6.363035315591724839e+01
4.319999999999999951e-01 6.380820853705137097e+01
4.329999999999999960e-01 6.398660042287423266e+01
4.339999999999999969e-01 6.416552982766916102e+01
4.349999999999999978e-01 6.434499776140040694e+01
4.359999999999999987e-01 6.452500522974173691e+01
4.369999999999999996e-01 6.470555323410366100e+01
4.380000000000000004e-01 6.488664277166287775e+01
4.390000000000000013e-01 6.506827483538864954e+01
4.400000000000000022e-01 6.525045041407111057e+01
4.410000000000000031e-01 6.543317049234877913e+01
4.420000000000000040e-01 6.561643605073442131e+01
4.430000000000000049e-01 6.580024806564301798e+01
4.440000000000000058e-01 6.598460750941740116e+01
4.450000000000000067e-01 6.616951535035525467e+01
4.460000000000000075e-01 6.635497255273560313e+01
4.470000000000000084e-01 6.654098007684262939e+01
4.480000000000000093e-01 6.672753887899381198e+01
4.490000000000000102e-01 6.691464991156402675e+01
4.500000000000000111e-01 6.710231412301072851e+01
4.510000000000000120e-01 6.729053245789896209e+01
4.520000000000000129e-01 6.747930585692688510e+01
4.530000000000000138e-01 6.766863525694952841e+01
4.540000000000000147e-01 6.785852159100284098e+01
4.550000000000000155e-01 6.804896578832904197e+01
4.560000000000000164e-01 6.823996877439941500e+01
4.570000000000000173e-01 6.843153147093852340e+01
4.580000000000000182e-01 6.862365479594774342e+01
4.590000000000000191e-01 6.881633966372828581e+01
4.600000000000000200e-01 6.900958698490489951e+01
4.610000000000000209e-01 6.920339766644781321e+01
4.620000000000000218e-01 6.939777261169660960e+01
4.630000000000000226e-01 6.959271272038222378e+01
4.640000000000000235e-01 6.978821888864916900e+01
4.650000000000000244e-01 6.998429200907781933e+01
4.660000000000000253e-01 7.018093297070640801e+01
4.670000000000000262e-01 7.037814265905257116e+01
4.680000000000000271e-01 7.057592195613614194e+01
4.690000000000000280e-01 7.077427174049876157e+01
4.700000000000000289e-01 7.097319288722667352e+01
4.710000000000000298e-01 7.117268626797078923e+01
4.720000000000000306e-01 7.137275275096817495e+01
4.730000000000000315e-01 7.157339320106297009e+01
4.740000000000000324e-01 7.177460847972577085e+01
4.750000000000000333e-01 7.197639944507591281e+01
4.760000000000000342e-01 7.217876695190022929e+01
4.770000000000000351e-01 7.238171185167317390e+01
4.780000000000000360e-01 7.258523499257790945e+01
4.790000000000000369e-01 7.278933721952455471e+01
4.799999999999999822e-01 7.299401937417127328e+01
4.809999999999999831e-01 7.319928229494195193e+01
4.819999999999999840e-01 7.340512681704751685e+01
4.829999999999999849e-01 7.361155377250315723e+01
4.839999999999999858e-01 7.381856399014850467e+01
4.849999999999999867e-01 7.402615829566587990e+01
4.859999999999999876e-01 7.423433751159916483e+01
4.869999999999999885e-01 7.444310245737256082e+01
4.879999999999999893e-01 7.465245394930798284e+01
4.889999999999999902e-01 7.486239280064489776e+01
4.899999999999999911e-01 7.507291982155663845e+01
4.909999999999999920e-01 7.528403581916973053e+01
4.919999999999999929e-01 7.549574159758026326e+01
4.929999999999999938e-01 7.570803795787372792e+01
4.939999999999999947e-01 7.592092569813996761e+01
4.949999999999999956e-01 7.613440561349261770e+01
4.959999999999999964e-01 7.634847849608485149e+01
4.969999999999999973e-01 7.656314513512757003e+01
4.979999999999999982e-01 7.677840631690560258e+01
4.989999999999999991e-01 7.699426282479521433e+01
5.000000000000000000e-01 7.721071543928030678e+01
5.010000000000000009e-01 7.742776493796912973e+01
5.020000000000000018e-01 7.764541209561070900e+01
5.030000000000000027e-01 7.786365768411127419e+01
5.040000000000000036e-01 7.808250247255006116e+01
5.050000000000000044e-01 7.830194722719664924e+01
5.060000000000000053e-01 7.852199271152494475e+01
5.070000000000000062e-01 7.874263968623074561e+01
5.080000000000000071e-01 7.896388890924617954e+01
5.090000000000000080e-01 7.918574113575624551e+01
5.100000000000000089e-01 7.940819711821370674e+01
5.110000000000000098e-01 7.963125760635443839e+01
5.120000000000000107e-01 7.985492334721357111e+01
5.130000000000000115e-01 8.007919508513896290e+01
5.140000000000000124e-01 8.030407356180739953e+01
5.150000000000000133e-01 8.052955951623948749e+01
5.160000000000000142e-01 8.075565368481363748e+01
5.170000000000000151e-01 8.098235680128163949e+01
5.180000000000000160e-01 8.120966959678287367e+01
5.190000000000000169e-01 8.143759279985818011e+01
5.200000000000000178e-01 8.166612713646520660e+01
5.210000000000000187e-01 8.189527332999159626e+01
5.220000000000000195e-01 8.212503210127044895e+01
5.230000000000000204e-01 8.235540416859271318e+01
5.240000000000000213e-01 8.258639024772276116e+01
5.250000000000000222e-01 8.281799105191055332e+01
5.260000000000000231e-01 8.305020729190653128e+01
5.270000000000000240e-01 8.328303967597526025e+01
5.280000000000000249e-01 8.351648890990793461e+01
5.290000000000000258e-01 8.375055569703704350e+01
5.300000000000000266e-01 8.398524073824876268e+01
5.310000000000000275e-01 8.422054473199568747e+01
5.320000000000000284e-01 8.445646837431240783e+01
5.330000000000000293e-01 8.469301235882528545e+01
5.340000000000000302e-01 8.493017737676802881e+01
5.350000000000000311e-01 8.516796411699306191e+01
5.360000000000000320e-01 8.540637326598380241e+01
5.370000000000000329e-01 8.564540550786978201e+01
5.380000000000000338e-01 8.588506152443665087e+01
5.390000000000000346e-01 8.612534199514004740e+01
5.400000000000000355e-01 8.636624759711673960e+01
5.410000000000000364e-01 8.660777900519826744e+01
5.420000000000000373e-01 8.684993689192253896e+01
5.430000000000000382e-01 8.709272192754599473e+01
5.440000000000000391e-01 8.733613478005588604e+01
5.450000000000000400e-01 8.758017611518096146e+01
5.460000000000000409e-01 8.782484659640567770e+01
5.470000000000000417e-01 8.807014688497974930e+01
5.480000000000000426e-01 8.831607763993099525e+01
5.490000000000000435e-01 8.856263951807613921e+01
5.500000000000000444e-01 8.880983317403399724e+01
5.510000000000000453e-01 8.905765926023491375e+01
5.520000000000000462e-01 8.930611842693292601e+01
5.530000000000000471e-01 8.955521132221736025e+01
5.540000000000000480e-01 8.980493859202431395e+01
5.550000000000000488e-01 9.005530088014631929e+01
5.560000000000000497e-01 9.030629882824507604e+01
5.570000000000000506e-01 9.055793307586134233e+01
5.580000000000000515e-01 9.081020426042664440e+01
5.590000000000000524e-01 9.106311301727259888e+01
5.600000000000000533e-01 9.131665997964353210e+01
5.610000000000000542e-01 9.157084577870693920e+01
5.620000000000000551e-01 9.182567104356155596e+01
5.630000000000000560e-01 9.208113640125134225e+01
5.640000000000000568e-01 9.233724247677457697e+01
5.650000000000000577e-01 9.259398989309227090e+01
5.660000000000000586e-01 9.285137927114249123e+01
5.670000000000000595e-01 9.310941122984638696e+01
5.680000000000000604e-01 9.336808638612137656e+01
5.690000000000000613e-01 9.362740535489058402e+01
5.700000000000000622e-01 9.388736874909125163e+01
5.710000000000000631e-01 9.414797717968701818e+01
5.720000000000000639e-01 9.440923125567621810e+01
5.730000000000000648e-01 9.467113158410222695e+01
5.740000000000000657e-01 9.493367877006346589e+01
5.750000000000000666e-01 9.519687341672249659e+01
5.760000000000000675e-01 9.546071612531682149e+01
5.769999999999999574e-01 9.572520749516627347e+01
5.779999999999999583e-01 9.599034812368518033e+01
5.789999999999999591e-01 9.625613860638998176e+01
5.799999999999999600e-01 9.652257953690912018e+01
5.809999999999999609e-01 9.678967150699190825e+01
5.819999999999999618e-01 9.705741510651944282e+01
5.829999999999999627e-01 9.732581092351142615e+01
5.839999999999999636e-01 9.759485954413696618e+01
5.849999999999999645e-01 9.786456155272344404e+01
5.859999999999999654e-01 9.813491753176401744e+01
5.869999999999999662e-01 9.840592806192944408e+01
5.879999999999999671e-01 9.867759372207365232e+01
5.889999999999999680e-01 9.894991508924522350e+01
5.899999999999999689e-01 9.922289273869535009e+01
5.909999999999999698e-01 9.949652724388533898e+01
5.919999999999999707e-01 9.977081917649684328e+01
5.929999999999999716e-01 1.000457691064403889e+02
5.939999999999999725e-01 1.003213776018626504e+02
5.949999999999999734e-01 1.005976452291556598e+02
5.959999999999999742e-01 1.008745725529661286e+02
5.969999999999999751e-01 1.011521601362021556e+02
5.979999999999999760e-01 1.014304085400430040e+02
5.989999999999999769e-01 1.017093183239464906e+02
5.999999999999999778e-01 1.019888900456573992e+02
6.009999999999999787e-01 1.022691242612158931e+02
6.019999999999999796e-01 1.025500215249653593e+02
6.029999999999999805e-01 1.028315823895607082e+02
6.039999999999999813e-01 1.031138074059759902e+02
6.049999999999999822e-01 1.033966971235130359e+02
6.059999999999999831e-01 1.036802520898080502e+02
6.069999999999999840e-01 1.039644728508417302e+02
6.079999999999999849e-01 1.042493599509442674e+02
6.089999999999999858e-01 1.045349139328054662e+02
6.099999999999999867e-01 1.048211353374812234e+02
6.109999999999999876e-01 1.051080247044010321e+02
6.119999999999999885e-01 1.053955825713769627e+02
6.129999999999999893e-01 1.056838094746093475e+02
6.139999999999999902e-01 1.059727059486962162e+02
6.149999999999999911e-01 1.062622725266387533e+02
6.159999999999999920e-01 1.065525097398505068e+02
6.169999999999999929e-01 1.068434181181634131e+02
6.179999999999999938e-01 1.071349981898363239e+02
6.189999999999999947e-01 1.074272504815610318e+02
6.199999999999999956e-01 1.077201755184709100e+02
6.209999999999999964e-01 1.080137738241464831e+02
6.219999999999999973e-01 1.083080459206241812e+02
6.229999999999999982e-01 1.086029923284020242e+02
6.239999999999999991e-01 1.088986135664480344e+02
6.250000000000000000e-01 1.091949101522059209e+02
6.260000000000000009e-01 1.094918826016031517e+02
6.270000000000000018e-01 1.097895314290567512e+02
6.280000000000000027e-01 1.100878571474818273e+02
6.290000000000000036e-01 1.103868602682964593e+02
6.300000000000000044e-01 1.106865413014306796e+02
6.310000000000000053e-01 1.109869007553301117e+02
6.320000000000000062e-01 1.112879391369664290e+02
6.330000000000000071e-01 1.115896569518416754e+02
6.340000000000000080e-01 1.118920547039944040e+02
6.350000000000000089e-01 1.121951328960085448e+02
6.360000000000000098e-01 1.124988920290182932e+02
6.370000000000000107e-01 1.128033326027151588e+02
6.380000000000000115e-01 1.131084551153535358e+02
6.390000000000000124e-01 1.134142600637588885e+02
6.400000000000000133e-01 1.137207479433324124e+02
6.410000000000000142e-01 1.140279192480587653e+02
6.420000000000000151e-01 1.143357744705114101e+02
6.430000000000000160e-01 1.146443141018592087e+02
6.440000000000000169e-01 1.149535386318731298e+02
6.450000000000000178e-01 1.152634485489309100e+02
6.460000000000000187e-01 1.155740443400259210e+02
6.470000000000000195e-01 1.158853264907704670e+02
6.480000000000000204e-01 1.161972954854036288e+02
6.490000000000000213e-01 1.165099518067968347e+02
6.500000000000000222e-01 1.168232959364598855e+02
6.510000000000000231e-01 1.171373283545466393e+02
6.520000000000000240e-01 1.174520495398616049e+02
6.530000000000000249e-01 1.177674599698650582e+02
6.540000000000000258e-01 1.180835601206798628e+02
6.550000000000000266e-01 1.184003504670968141e+02
6.560000000000000275e-01 1.187178314825797543e+02
6.570000000000000284e-01 1.190360036392726215e+02
6.580000000000000293e-01 1.193548674080047931e+02
6.590000000000000302e-01 1.196744232582960876e+02
6.600000000000000311e-01 1.199946716583630177e+02
6.610000000000000320e-01 1.203156130751248156e+02
6.620000000000000329e-01 1.206372479742086625e+02
6.630000000000000338e-01 1.209595768199541226e+02
6.640000000000000346e-01 1.212826000754213283e+02
6.650000000000000355e-01 1.216063182023939362e+02
6.660000000000000364e-01 1.219307316613858347e+02
6.670000000000000373e-01 1.222558409116463736e+02
6.680000000000000382e-01 1.225816464111655932e+02
6.690000000000000391e-01 1.229081486166802506e+02
6.700000000000000400e-01 1.232353479836782526e+02
6.710000000000000409e-01 1.235632449664046817e+02
6.720000000000000417e-01 1.238918400178669117e+02
6.730000000000000426e-01 1.242211335898391553e+02
6.740000000000000435e-01 1.245511261328696264e+02
6.750000000000000444e-01 1.248818180962830411e+02
6.760000000000000453e-01 1.252132099281884621e+02
6.770000000000000462e-01 1.255453020754816862e+02
6.780000000000000471e-01 1.258780949838535435e+02
6.790000000000000480e-01 1.262115890977916024e+02
6.800000000000000488e-01 1.265457848605885829e+02
6.810000000000000497e-01 1.268806827143447435e+02
6.820000000000000506e-01 1.272162830999735661e+02
6.830000000000000515e-01 1.275525864572077808e+02
6.840000000000000524e-01 1.278895932246033453e+02
6.850000000000000533e-01 1.282273038395435378e+02
6.860000000000000542e-01 1.285657187382468010e+02
6.870000000000000551e-01 1.289048383557677653e+02
6.880000000000000560e-01 1.292446631260047525e+02
6.890000000000000568e-01 1.295851934817042093e+02
6.900000000000000577e-01 1.299264298544641179e+02
6.910000000000000586e-01 1.302683726747400215e+02
6.920000000000000595e-01 1.306110223718499128e+02
6.930000000000000604e-01 1.309543793739780995e+02
6.940000000000000613e-01 1.312984441081800924e+02
6.950000000000000622e-01 1.316432170003871533e+02
6.960000000000000631e-01 1.319886984754115247e+02
6.970000000000000639e-01 1.323348889569504081e+02
6.980000000000000648e-01 1.326817888675908534e+02
6.990000000000000657e-01 1.330293986288146471e+02
7.000000000000000666e-01 1.333777186610004719e+02
7.010000000000000675e-01 1.337267493834330025e+02
7.020000000000000684e-01 1.340764912143030188e+02
7.030000000000000693e-01 1.344269445707132036e+02
7.039999999999999591e-01 1.347781098686845098e+02
7.049999999999999600e-01 1.351299875231567285e+02
7.059999999999999609e-01 1.354825779479969015e+02
7.069999999999999618e-01 1.358358815560006860e+02
7.079999999999999627e-01 1.361898987588980390e+02
7.089999999999999636e-01 1.365446299673579915e+02
7.099999999999999645e-01 1.369000755909903546e+02
7.109999999999999654e-01 1.372562360383542455e+02
7.119999999999999662e-01 1.376131117169576328e+02
7.129999999999999671e-01 1.379707030332651811e+02
7.139999999999999680e-01 1.383290103927004111e+02
7.149999999999999689e-01 1.386880341996514971e+02
7.159999999999999698e-01 1.390477748574726320e+02
7.169999999999999707e-01 1.394082327684909615e+02
7.179999999999999716e-01 1.397694083340101088e+02
7.189999999999999725e-01 1.401313019543124483e+02
7.199999999999999734e-01 1.404939140286655856e+02
7.209999999999999742e-01 1.408572449553248589e+02
7.219999999999999751e-01 1.412212951315381133e+02
7.229999999999999760e-01 1.415860649535479752e+02
7.239999999999999769e-01 1.419515548165991277e+02
7.249999999999999778e-01 1.423177651149387657e+02
7.259999999999999787e-01 1.426846962418223939e+02
7.269999999999999796e-01 1.430523485895182603e+02
7.279999999999999805e-01 1.434207225493090618e+02
7.289999999999999813e-01 1.437898185114977423e+02
7.299999999999999822e-01 1.441596368654106755e+02
7.309999999999999831e-01 1.445301779994013032e+02
7.319999999999999840e-01 1.449014423008545691e+02
7.329999999999999849e-01 1.452734301561888515e+02
7.339999999999999858e-01 1.456461419508636936e+02
7.349999999999999867e-01 1.460195780693780989e+02
7.359999999999999876e-01 1.463937388952790570e+02
7.369999999999999885e-01 1.467686248111621126e+02
7.379999999999999893e-01 1.471442361986769356e+02
7.389999999999999902e-01 1.475205734385303913e+02
7.399999999999999911e-01 1.478976369104897230e+02
7.409999999999999920e-01 1.482754269933856222e+02
7.419999999999999929e-01 1.486539440651189352e+02
7.429999999999999938e-01 1.490331885026605505e+02
7.439999999999999947e-01 1.494131606820556044e+02
7.449999999999999956e-01 1.497938609784296204e+02
7.459999999999999964e-01 1.501752897659895325e+02
7.469999999999999973e-01 1.505574474180280049e+02
7.479999999999999982e-01 1.509403343069265020e+02
7.489999999999999991e-01 1.513239508041602903e+02
7.500000000000000000e-01 1.517082972802993481e+02
7.510000000000000009e-01 1.520933741050139361e+02
7.520000000000000018e-01 1.524791816470769845e+02
7.530000000000000027e-01 1.528657202743680728e+02
7.540000000000000036e-01 1.532529903538758163e+02
7.550000000000000044e-01 1.536409922517034374e+02
7.560000000000000053e-01 1.540297263330692203e+02
7.570000000000000062e-01 1.544191929623120814e+02
7.580000000000000071e-01 1.548093925028927060e+02
7.590000000000000080e-01 1.552003253174004840e+02
7.600000000000000089e-01 1.555919917675525994e+02
7.610000000000000098e-01 1.559843922141999428e+02
7.620000000000000107e-01 1.563775270173293848e+02
7.630000000000000115e-01 1.567713965360674138e+02
7.640000000000000124e-01 1.571660011286835470e+02
7.650000000000000133e-01 1.575613411525926040e+02
7.660000000000000142e-01 1.579574169643587993e+02
7.670000000000000151e-01 1.583542289196977890e+02
7.680000000000000160e-01 1.587517773734819002e+02
7.690000000000000169e-01 1.591500626797414952e+02
7.700000000000000178e-01 1.595490851916677002e+02
7.710000000000000187e-01 1.599488452616178620e+02
7.720000000000000195e-01 1.603493432411155482e+02
7.730000000000000204e-01 1.607505794808571409e+02
7.740000000000000213e-01 1.611525543307113821e+02
7.750000000000000222e-01 1.615552681397241486e+02
7.760000000000000231e-01 1.619587212561225442e+02
7.770000000000000240e-01 1.623629140273155826e+02
7.780000000000000249e-01 1.627678467998994165e+02
7.790000000000000258e-01 1.631735199196575650e+02
7.800000000000000266e-01 1.635799337315668254e+02
7.810000000000000275e-01 1.639870885797993196e+02
7.820000000000000284e-01 1.643949848077238585e+02
7.830000000000000293e-01 1.648036227579107162e+02
7.840000000000000302e-01 1.652130027721339047e+02
7.850000000000000311e-01 1.656231251913741289e+02
7.860000000000000320e-01 1.660339903558212882e+02
7.870000000000000329e-01 1.664455986048776595e+02
7.880000000000000338e-01 1.668579502771617626e+02
7.890000000000000346e-01 1.672710457105083606e+02
7.900000000000000355e-01 1.676848852419750528e+02
7.910000000000000364e-01 1.680994692078418211e+02
7.920000000000000373e-01 1.685147979436155765e+02
7.930000000000000382e-01 1.689308717840326608e+02
7.940000000000000391e-01 1.693476910630618022e+02
7.950000000000000400e-01 1.697652561139057070e+02
7.960000000000000409e-01 1.701835672690044703e+02
7.970000000000000417e-01 1.706026248600403505e+02
7.980000000000000426e-01 1.710224292179366330e+02
7.990000000000000435e-01 1.714429806728633139e+02
8.000000000000000444e-01 1.718642795542380100e+02
8.010000000000000453e-01 1.722863261907311880e+02
8.020000000000000462e-01 1.727091209102652556e+02
8.030000000000000471e-01 1.731326640400195629e+02
8.040000000000000480e-01 1.735569559064324494e+02
8.050000000000000488e-01 1.739819968352051092e+02
8.060000000000000497e-01 1.744077871513009086e+02
8.070000000000000506e-01 1.748343271789522078e+02
8.080000000000000515e-01 1.752616172416594509e+02
8.090000000000000524e-01 1.756896576621957138e+02
8.100000000000000533e-01 1.761184487626082955e+02
8.110000000000000542e-01 1.765479908642223563e+02
8.120000000000000551e-01 1.769782842876422819e+02
8.130000000000000560e-01 1.774093293527555488e+02
8.140000000000000568e-01 1.778411263787322696e+02
8.150000000000000577e-01 1.782736756840326962e+02
8.160000000000000586e-01 1.787069775864051735e+02
8.170000000000000595e-01 1.791410324028897776e+02
8.180000000000000604e-01 1.795758404498230902e+02
8.190000000000000613e-01 1.800114020428372896e+02
8.200000000000000622e-01 1.804477174968649251e+02
8.210000000000000631e-01 1.808847871261405089e+02
8.220000000000000639e-01 1.813226112442034719e+02
8.230000000000000648e-01 1.817611901638988456e+02
8.240000000000000657e-01 1.822005241973824923e+02
8.250000000000000666e-01 1.826406136561204221e+02
8.260000000000000675e-01 1.830814588508942506e+02
8.270000000000000684e-01 1.835230600918011987e+02
8.280000000000000693e-01 1.839654176882572756e+02
8.290000000000000702e-01 1.844085319489997801e+02
8.300000000000000711e-01 1.848524031820898017e+02
8.310000000000000719e-01 1.852970316949129028e+02
8.320000000000000728e-01 1.857424177941848029e+02
8.329999999999999627e-01 1.861885617859502418e+02
8.339999999999999636e-01 1.866354639755863900e+02
8.349999999999999645e-01 1.870831246678064872e+02
8.359999999999999654e-01 1.875315441666605238e+02
8.369999999999999662e-01 1.879807227755375152e+02
8.379999999999999671e-01 1.884306607971691392e+02
8.389999999999999680e-01 1.888813585336301912e+02
8.399999999999999689e-01 1.893328162863426769e+02
8.409999999999999698e-01 1.897850343560760393e+02
8.419999999999999707e-01 1.902380130429505698e+02
8.429999999999999716e-01 1.906917526464401362e+02
8.439999999999999725e-01 1.911462534653730927e+02
8.449999999999999734e-01 1.916015157979345531e+02
8.459999999999999742e-01 1.920575399416702567e+02
8.469999999999999751e-01 1.925143261934863403e+02
8.479999999999999760e-01 1.929718748496522949e+02
8.489999999999999769e-01 1.934301862058055121e+02
8.499999999999999778e-01 1.938892605569487841e+02
8.509999999999999787e-01 1.943490981974573515e+02
8.519999999999999796e-01 1.948096994210764024e+02
8.529999999999999805e-01 1.952710645209267568e+02
8.539999999999999813e-01 1.957331937895053215e+02
8.549999999999999822e-01 1.961960875186875910e+02
8.559999999999999831e-01 1.966597459997292390e+02
8.569999999999999840e-01 1.971241695232690745e+02
8.579999999999999849e-01 1.975893583793299513e+02
8.589999999999999858e-01 1.980553128573212689e+02
8.599999999999999867e-01 1.985220332460419286e+02
8.609999999999999876e-01 1.989895198336810154e+02
8.619999999999999885e-01 1.994577729078207540e+02
8.629999999999999893e-01 1.999267927554367361e+02
8.639999999999999902e-01 2.003965796629040597e+02
8.649999999999999911e-01 2.008671339159943727e+02
8.659999999999999920e-01 2.013384557998797391e+02
8.669999999999999929e-01 2.018105455991374129e+02
8.679999999999999938e-01 2.022834035977468830e+02
8.689999999999999947e-01 2.027570300790948750e+02
8.699999999999999956e-01 2.032314253259769430e+02
8.709999999999999964e-01 2.037065896205997433e+02
8.719999999999999973e-01 2.041825232445814891e+02
8.729999999999999982e-01 2.046592264789544515e+02
8.739999999999999991e-01 2.051366996041683706e+02
8.750000000000000000e-01 2.056149429000900000e+02
8.760000000000000009e-01 2.060939566460069727e+02
8.770000000000000018e-01 2.065737411206282559e+02
8.780000000000000027e-01 2.070542966020873337e+02
8.790000000000000036e-01 2.075356233679424349e+02
8.800000000000000044e-01 2.080177216951799437e+02
8.810000000000000053e-01 2.085005918602153088e+02
8.820000000000000062e-01 2.089842341388959994e+02
8.830000000000000071e-01 2.094686488065021877e+02
8.840000000000000080e-01 2.099538361377481124e+02
8.850000000000000089e-01 2.104397964067857174e+02
8.860000000000000098e-01 2.109265298872057883e+02
8.870000000000000107e-01 2.114140368520379525e+02
8.880000000000000115e-01 2.119023175737554539e+02
8.890000000000000124e-01 2.123913723242749256e+02
8.900000000000000133e-01 2.128812013749591188e+02
8.910000000000000142e-01 2.133718049966164472e+02
8.920000000000000151e-01 2.138631834595080363e+02
8.930000000000000160e-01 2.143553370333429484e+02
8.940000000000000169e-01 2.148482659872845488e+02
8.950000000000000178e-01 2.153419705899493692e+02
8.960000000000000187e-01 2.158364511094123372e+02
8.970000000000000195e-01 2.163317078132042752e+02
8.980000000000000204e-01 2.168277409683169026e+02
8.990000000000000213e-01 2.173245508412030631e+02
9.000000000000000222e-01 2.178221376977785440e+02
9.010000000000000231e-01 2.183205018034241220e+02
9.020000000000000240e-01 2.188196434229864735e+02
9.030000000000000249e-01 2.193195628207815844e+02
9.040000000000000258e-01 2.198202602605952052e+02
9.050000000000000266e-01 2.203217360056835332e+02
9.060000000000000275e-01 2.208239903187766231e+02
9.070000000000000284e-01 2.213270234620795236e+02
9.080000000000000293e-01 2.218308356972734146e+02
9.090000000000000302e-01 2.223354272855181080e+02
9.100000000000000311e-01 2.228407984874529575e+02
9.110000000000000320e-01 2.233469495631986774e+02
9.120000000000000329e-01 2.238538807723591617e+02
9.130000000000000338e-01 2.243615923740221660e+02
9.140000000000000346e-01 2.248700846267631732e+02
9.150000000000000355e-01 2.253793577886449384e+02
9.160000000000000364e-01 2.258894121172183986e+02
9.170000000000000373e-01 2.264002478695272202e+02
9.180000000000000382e-01 2.269118653021075716e+02
9.190000000000000391e-01 2.274242646709878954e+02
9.200000000000000400e-01 2.279374462316948211e+02
9.210000000000000409e-01 2.284514102392511177e+02
9.220000000000000417e-01 2.289661569481791048e+02
9.230000000000000426e-01 2.294816866124997432e+02
9.240000000000000435e-01 2.299979994857378642e+02
9.250000000000000444e-01 2.305150958209214878e+02
9.260000000000000453e-01 2.310329758705825043e+02
9.270000000000000462e-01 2.315516398867609951e+02
9.280000000000000471e-01 2.320710881210036405e+02
9.290000000000000480e-01 2.325913208243678127e+02
9.300000000000000488e-01 2.331123382474206664e+02
9.310000000000000497e-01 2.336341406402432312e+02
9.320000000000000506e-01 2.341567282524301845e+02
9.330000000000000515e-01 2.346801013330916703e+02
9.340000000000000524e-01 2.352042601308539815e+02
9.350000000000000533e-01 2.357292048938638800e+02
9.360000000000000542e-01 2.362549358697860953e+02
9.370000000000000551e-01 2.367814533058085544e+02
9.380000000000000560e-01 2.373087574486396534e+02
9.390000000000000568e-01 2.378368485445153055e+02
9.400000000000000577e-01 2.383657268391939397e+02
9.410000000000000586e-01 2.388953925779646852e+02
9.420000000000000595e-01 2.394258460056410058e+02
9.430000000000000604e-01 2.399570873665707040e+02
9.440000000000000613e-01 2.404891169046300092e+02
9.450000000000000622e-01 2.410219348632294896e+02
9.460000000000000631e-01 2.415555414853133698e+02
9.470000000000000639e-01 2.420899370133627144e+02
9.480000000000000648e-01 2.426251216893938363e+02
9.490000000000000657e-01 2.431610957549628438e+02
9.500000000000000666e-01 2.436978594511660958e+02
9.510000000000000675e-01 2.442354130186395196e+02
9.520000000000000684e-01 2.447737566975627033e+02
9.530000000000000693e-01 2.453128907276595783e+02
9.540000000000000702e-01 2.458528153481988738e+02
9.550000000000000711e-01 2.463935307979961635e+02
9.560000000000000719e-01 2.469350373154147746e+02
9.570000000000000728e-01 2.474773351383678346e+02
9.580000000000000737e-01 2.480204245043189530e+02
9.590000000000000746e-01 2.485643056502851778e+02
9.599999999999999645e-01 2.491089788128335840e+02
9.609999999999999654e-01 2.496544442280899148e+02
9.619999999999999662e-01 2.502007021317328963e+02
9.629999999999999671e-01 2.507477527590010595e+02
9.639999999999999680e-01 2.512955963446893293e+02
9.649999999999999689e-01 2.518442331231542539e+02
9.659999999999999698e-01 2.523936633283133233e+02
9.669999999999999707e-01 2.529438871936458781e+02
9.679999999999999716e-01 2.534949049521953839e+02
9.689999999999999725e-01 2.540467168365714770e+02
9.699999999999999734e-01 2.545993230789486006e+02
9.709999999999999742e-01 2.551527239110700975e+02
9.719999999999999751e-01 2.557069195642470731e+02
9.729999999999999760e-01 2.562619102693627156e+02
9.739999999999999769e-01 2.568176962568695672e+02
9.749999999999999778e-01 2.573742777567942994e+02
9.759999999999999787e-01 2.579316549987370308e+02
9.769999999999999796e-01 2.584898282118731458e+02
9.779999999999999805e-01 2.590487976249546591e+02
9.789999999999999813e-01 2.596085634663102155e+02
9.799999999999999822e-01 2.601691259638491829e+02
9.809999999999999831e-01 2.607304853450596056e+02
9.819999999999999840e-01 2.612926418370118427e+02
9.829999999999999849e-01 2.618555956663581128e+02
9.839999999999999858e-01 2.624193470593340862e+02
9.849999999999999867e-01 2.629838962417618404e+02
9.859999999999999876e-01 2.635492434390482686e+02
9.869999999999999885e-01 2.641153888761875805e+02
9.879999999999999893e-01 2.646823327777640316e+02
9.889999999999999902e-01 2.652500753679501031e+02
9.899999999999999911e-01 2.658186168705096861e+02
9.909999999999999920e-01 2.663879575087989906e+02
9.919999999999999929e-01 2.669580975057667729e+02
9.929999999999999938e-01 2.675290370839570642e+02
9.939999999999999947e-01 2.681007764655093979e+02
9.949999999999999956e-01 2.686733158721601740e+02
9.959999999999999964e-01 2.692466555252419766e+02
9.969999999999999973e-01 2.698207956456881220e+02
9.979999999999999982e-01 2.703957364540331128e+02
9.989999999999999991e-01 2.709714781704103643e+02
1.000000000000000000e+00 2.715480210145569799e+02
