0.000000000000000000e+00 0.000000000000000000e+00
1.000000000000000021e-03 1.078339341202899648e+00
2.000000000000000042e-03 1.852116927329295004e+00
3.000000000000000062e-03 2.529842220509713968e+00
4.000000000000000083e-03 3.147119047394435043e+00
5.000000000000000104e-03 3.720194998900228534e+00
6.000000000000000125e-03 4.258432487247825193e+00
7.000000000000000146e-03 4.767932490013852664e+00
8.000000000000000167e-03 5.252990499809088831e+00
9.000000000000001055e-03 5.716797017361990640e+00
1.000000000000000021e-02 6.161816782408344295e+00
1.099999999999999936e-02 6.590012104046881980e+00
1.200000000000000025e-02 7.002982984494768637e+00
1.300000000000000114e-02 7.402059505573276077e+00
1.400000000000000029e-02 7.788365221855101161e+00
1.499999999999999944e-02 8.162862112829863293e+00
1.600000000000000033e-02 8.526383349010810520e+00
1.700000000000000122e-02 8.879657741971872298e+00
1.800000000000000211e-02 9.223328361105606277e+00
1.899999999999999953e-02 9.557966960218912789e+00
2.000000000000000042e-02 9.884085331101061911e+00
2.100000000000000130e-02 1.020214436174162742e+01
2.199999999999999872e-02 1.051256135198428154e+01
2.299999999999999961e-02 1.081571598691318314e+01
2.400000000000000050e-02 1.111195526271070833e+01
2.500000000000000139e-02 1.140159758528353784e+01
2.600000000000000228e-02 1.168493620856838966e+01
2.699999999999999969e-02 1.196224214055490975e+01
2.800000000000000058e-02 1.223376661636164542e+01
2.900000000000000147e-02 1.249974321623774287e+01
2.999999999999999889e-02 1.276038969012481772e+01
3.099999999999999978e-02 1.301590953799404282e+01
3.200000000000000067e-02 1.326649338558094371e+01
3.300000000000000155e-02 1.351232018766090803e+01
3.400000000000000244e-02 1.375355828512735989e+01
3.500000000000000333e-02 1.399036633747198977e+01
3.600000000000000422e-02 1.422289414854282441e+01
3.699999999999999817e-02 1.445128340046017357e+01
3.799999999999999906e-02 1.467566830814602596e+01
3.899999999999999994e-02 1.489617620494556505e+01
4.000000000000000083e-02 1.511292806820059909e+01
4.100000000000000172e-02 1.532603899230025846e+01
4.200000000000000261e-02 1.553561861562835489e+01
4.300000000000000350e-02 1.574177150690639237e+01
4.399999999999999745e-02 1.594459751566156669e+01
4.499999999999999833e-02 1.614419209090192098e+01
4.599999999999999922e-02 1.634064657153491851e+01
4.700000000000000011e-02 1.653404845160314807e+01
4.800000000000000100e-02 1.672448162301771646e+01
4.900000000000000189e-02 1.691202659813415110e+01
5.000000000000000278e-02 1.709676071422711630e+01
5.100000000000000366e-02 1.727875832167419290e+01
5.200000000000000455e-02 1.745809095744486683e+01
5.299999999999999850e-02 1.763482750530663523e+01
5.399999999999999939e-02 1.780903434400024921e+01
5.500000000000000028e-02 1.798077548449659702e+01
5.600000000000000117e-02 1.815011269732651655e+01
5.700000000000000205e-02 1.831710563086843990e+01
5.800000000000000294e-02 1.848181192138545370e+01
5.900000000000000383e-02 1.864428729552174246e+01
5.999999999999999778e-02 1.880458566589573977e+01
6.099999999999999867e-02 1.896275922036429407e+01
6.199999999999999956e-02 1.911885850547465893e+01
6.300000000000000044e-02 1.927293250457212537e+01
6.400000000000000133e-02 1.942502871098600892e+01
6.500000000000000222e-02 1.957519319667715862e+01
6.600000000000000311e-02 1.972347067669507226e+01
6.700000000000000400e-02 1.986990456976077724e+01
6.800000000000000488e-02 2.001453705526347449e+01
6.900000000000000577e-02 2.015740912693387799e+01
7.000000000000000666e-02 2.029856064343366384e+01
7.100000000000000755e-02 2.043803037608056528e+01
7.200000000000000844e-02 2.057585605391009054e+01
7.299999999999999545e-02 2.071207440625741825e+01
7.399999999999999634e-02 2.084672120302917619e+01
7.499999999999999722e-02 2.097983129281997705e+01
7.599999999999999811e-02 2.111143863901662243e+01
7.699999999999999900e-02 2.124157635402203326e+01
7.799999999999999989e-02 2.137027673171991538e+01
7.900000000000000078e-02 2.149757127829257186e+01
8.000000000000000167e-02 2.162349074149539874e+01
8.100000000000000255e-02 2.174806513848395895e+01
8.200000000000000344e-02 2.187132378228222507e+01
8.300000000000000433e-02 2.199329530697499280e+01
8.400000000000000522e-02 2.211400769170002434e+01
8.500000000000000611e-02 2.223348828351131701e+01
8.600000000000000699e-02 2.235176381917932886e+01
8.700000000000000788e-02 2.246886044598984711e+01
8.799999999999999489e-02 2.258480374159844573e+01
8.899999999999999578e-02 2.269961873299324040e+01
8.999999999999999667e-02 2.281332991461693283e+01
9.099999999999999756e-02 2.292596126569339887e+01
9.199999999999999845e-02 2.303753626680263622e+01
9.299999999999999933e-02 2.314807791574472162e+01
9.400000000000000022e-02 2.325760874273034773e+01
9.500000000000000111e-02 2.336615082493386453e+01
9.600000000000000200e-02 2.347372580044201129e+01
9.700000000000000289e-02 2.358035488162919791e+01
9.800000000000000377e-02 2.368605886798923166e+01
9.900000000000000466e-02 2.379085815845039775e+01
1.000000000000000056e-01 2.389477276320057086e+01
1.010000000000000064e-01 2.399782231504550367e+01
1.020000000000000073e-01 2.410002608032436910e+01
1.030000000000000082e-01 2.420140296940329705e+01
1.040000000000000091e-01 2.430197154676745797e+01
1.049999999999999961e-01 2.440175004073091714e+01
1.059999999999999970e-01 2.450075635278201247e+01
1.069999999999999979e-01 2.459900806658167838e+01
1.079999999999999988e-01 2.469652245663067447e+01
1.089999999999999997e-01 2.479331649662011472e+01
1.100000000000000006e-01 2.488940686748146192e+01
1.110000000000000014e-01 2.498480996514719976e+01
1.120000000000000023e-01 2.507954190803755523e+01
1.130000000000000032e-01 2.517361854428312640e+01
1.140000000000000041e-01 2.526705545869640801e+01
1.150000000000000050e-01 2.535986797950293337e+01
1.160000000000000059e-01 2.545207118484158570e+01
1.170000000000000068e-01 2.554367990904507124e+01
1.180000000000000077e-01 2.563470874870889205e+01
1.190000000000000085e-01 2.572517206855802385e+01
1.199999999999999956e-01 2.581508400712015572e+01
1.209999999999999964e-01 2.590445848221265024e+01
1.219999999999999973e-01 2.599330919625126057e+01
1.229999999999999982e-01 2.608164964138821418e+01
1.239999999999999991e-01 2.616949310448568511e+01
1.250000000000000000e-01 2.625685267193168215e+01
1.260000000000000009e-01 2.634374123430502834e+01
1.270000000000000018e-01 2.643017149089420670e+01
1.280000000000000027e-01 2.651615595407698933e+01
1.290000000000000036e-01 2.660170695356537252e+01
1.300000000000000044e-01 2.668683664052144167e+01
1.310000000000000053e-01 2.677155699154866397e+01
1.320000000000000062e-01 2.685587981256389867e+01
1.330000000000000071e-01 2.693981674255414305e+01
1.340000000000000080e-01 2.702337925722194356e+01
1.350000000000000089e-01 2.710657867252486497e+01
1.360000000000000098e-01 2.718942614811133751e+01
1.370000000000000107e-01 2.727193269065761427e+01
1.380000000000000115e-01 2.735410915710944835e+01
1.390000000000000124e-01 2.743596625783097664e+01
1.400000000000000133e-01 2.751751455966527260e+01
1.410000000000000142e-01 2.759876448890909728e+01
1.420000000000000151e-01 2.767972633420451700e+01
1.430000000000000160e-01 2.776041024935104673e+01
1.440000000000000169e-01 2.784082625604066408e+01
1.449999999999999900e-01 2.792098424651793209e+01
1.459999999999999909e-01 2.800089398616898251e+01
1.469999999999999918e-01 2.808056511604003447e+01
1.479999999999999927e-01 2.816000715528956277e+01
1.489999999999999936e-01 2.823922950357520278e+01
1.499999999999999944e-01 2.831824144337750226e+01
1.509999999999999953e-01 2.839705214226388819e+01
1.519999999999999962e-01 2.847567065509306161e+01
1.529999999999999971e-01 2.855410592616279786e+01
1.539999999999999980e-01 2.863236679130305617e+01
1.549999999999999989e-01 2.871046197991535109e+01
1.559999999999999998e-01 2.878840011696122758e+01
1.570000000000000007e-01 2.886618972489996082e+01
1.580000000000000016e-01 2.894383922557894095e+01
1.590000000000000024e-01 2.902135694207650118e+01
1.600000000000000033e-01 2.909875110049922142e+01
1.610000000000000042e-01 2.917602983173593856e+01
1.620000000000000051e-01 2.925320117316906732e+01
1.630000000000000060e-01 2.933027307034353015e+01
1.640000000000000069e-01 2.940725337859713306e+01
1.650000000000000078e-01 2.948414986465052579e+01
1.660000000000000087e-01 2.956097020816095267e+01
1.670000000000000095e-01 2.963772200323809614e+01
1.680000000000000104e-01 2.971441275992538067e+01
1.690000000000000113e-01 2.979104990564565014e+01
1.700000000000000122e-01 2.986764078661492761e+01
1.710000000000000131e-01 2.994419266922238165e+01
1.720000000000000140e-01 3.002071274137925627e+01
1.730000000000000149e-01 3.009720811383676420e+01
1.740000000000000158e-01 3.017368582147496880e+01
1.750000000000000167e-01 3.025015282456199373e+01
1.759999999999999898e-01 3.032661600998488893e+01
1.769999999999999907e-01 3.040308219245445542e+01
1.779999999999999916e-01 3.047955811568201057e+01
1.789999999999999925e-01 3.055605045353055971e+01
1.799999999999999933e-01 3.063256581114217170e+01
1.809999999999999942e-01 3.070911072603921355e+01
1.819999999999999951e-01 3.078569166920233613e+01
1.829999999999999960e-01 3.086231504612585752e+01
1.839999999999999969e-01 3.093898719785032370e+01
1.849999999999999978e-01 3.101571440197250240e+01
1.859999999999999987e-01 3.109250287363491339e+01
1.869999999999999996e-01 3.116935876649448289e+01
1.880000000000000004e-01 3.124628817367040767e+01
1.890000000000000013e-01 3.132329712867266380e+01
1.900000000000000022e-01 3.140039160631161508e+01
1.910000000000000031e-01 3.147757752358840833e+01
1.920000000000000040e-01 3.155486074056743462e+01
1.930000000000000049e-01 3.163224706123115482e+01
1.940000000000000058e-01 3.170974223431753103e+01
1.950000000000000067e-01 3.178735195414037662e+01
1.960000000000000075e-01 3.186508186139339216e+01
1.970000000000000084e-01 3.194293754393892470e+01
1.980000000000000093e-01 3.202092453758001511e+01
1.990000000000000102e-01 3.209904832681732501e+01
2.000000000000000111e-01 3.217731434559249237e+01
2.010000000000000120e-01 3.225572797801527258e+01
2.020000000000000129e-01 3.233429455907779015e+01
2.030000000000000138e-01 3.241301937535452282e+01
2.040000000000000147e-01 3.249190766568889899e+01
2.050000000000000155e-01 3.257096462186639485e+01
2.060000000000000164e-01 3.265019538927603548e+01
2.070000000000000173e-01 3.272960506755759980e+01
2.080000000000000182e-01 3.280919871123815312e+01
2.089999999999999913e-01 3.288898133035580429e+01
2.099999999999999922e-01 3.296895789107244923e+01
2.109999999999999931e-01 3.304913331627403750e+01
2.119999999999999940e-01 3.312951248616123223e+01
2.129999999999999949e-01 3.321010023882816142e+01
2.139999999999999958e-01 3.329090137083099421e+01
2.149999999999999967e-01 3.337192063774551798e+01
2.159999999999999976e-01 3.345316275471606104e+01
2.169999999999999984e-01 3.353463239699283349e+01
2.179999999999999993e-01 3.361633420046065623e+01
2.190000000000000002e-01 3.369827276215792722e+01
2.200000000000000011e-01 3.378045264078666321e+01
2.210000000000000020e-01 3.386287835721233819e+01
2.220000000000000029e-01 3.394555439495707105e+01
2.230000000000000038e-01 3.402848520068204152e+01
2.240000000000000047e-01 3.411167518466231741e+01
2.250000000000000056e-01 3.419512872125402225e+01
2.260000000000000064e-01 3.427885014935223751e+01
2.270000000000000073e-01 3.436284377284201241e+01
2.280000000000000082e-01 3.444711386104093265e+01
2.290000000000000091e-01 3.453166464913476830e+01
2.300000000000000100e-01 3.461650033860513531e+01
2.310000000000000109e-01 3.470162509765002312e+01
2.320000000000000118e-01 3.478704306159805526e+01
2.330000000000000127e-01 3.487275833331413821e+01
2.340000000000000135e-01 3.495877498360040647e+01
2.350000000000000144e-01 3.504509705158810107e+01
2.360000000000000153e-01 3.513172854512571064e+01
2.370000000000000162e-01 3.521867344115831600e+01
2.380000000000000171e-01 3.530593568610177613e+01
2.390000000000000180e-01 3.539351919621091724e+01
2.399999999999999911e-01 3.548142785794149745e+01
2.409999999999999920e-01 3.556966552830597550e+01
2.419999999999999929e-01 3.565823603522431995e+01
2.429999999999999938e-01 3.574714317786795448e+01
2.439999999999999947e-01 3.583639072700019312e+01
2.449999999999999956e-01 3.592598242530880270e+01
2.459999999999999964e-01 3.601592198773519726e+01
2.469999999999999973e-01 3.610621310179726606e+01
2.479999999999999982e-01 3.619685942790815147e+01
2.489999999999999991e-01 3.628786459968898725e+01
2.500000000000000000e-01 3.637923222427735936e+01
2.510000000000000009e-01 3.647096588263073613e+01
2.520000000000000018e-01 3.656306912982586255e+01
2.530000000000000027e-01 3.665554549535201545e+01
2.540000000000000036e-01 3.674839848340144499e+01
2.550000000000000044e-01 3.684163157315458648e+01
2.560000000000000053e-01 3.693524821906029842e+01
2.570000000000000062e-01 3.702925185111357109e+01
2.580000000000000071e-01 3.712364587512701064e+01
2.590000000000000080e-01 3.721843367299985061e+01
2.600000000000000089e-01 3.731361860298201805e+01
2.610000000000000098e-01 3.740920399993450474e+01
2.620000000000000107e-01 3.750519317558593002e+01
2.630000000000000115e-01 3.760158941878535188e+01
2.640000000000000124e-01 3.769839599575092848e+01
2.650000000000000133e-01 3.779561615031568067e+01
2.660000000000000142e-01 3.789325310416882076e+01
2.670000000000000151e-01 3.799131005709392639e+01
2.680000000000000160e-01 3.808979018720424392e+01
2.690000000000000169e-01 3.818869665117287582e+01
2.700000000000000178e-01 3.828803258446217228e+01
2.710000000000000187e-01 3.838780110154715430e+01
2.720000000000000195e-01 3.848800529613782828e+01
2.730000000000000204e-01 3.858864824139712368e+01
2.740000000000000213e-01 3.868973299015615908e+01
2.750000000000000222e-01 3.879126257512652387e+01
2.760000000000000231e-01 3.889324000910914947e+01
2.770000000000000240e-01 3.899566828520096351e+01
2.780000000000000249e-01 3.909855037699787772e+01
2.790000000000000258e-01 3.920188923879558729e+01
2.800000000000000266e-01 3.930568780578667543e+01
2.810000000000000275e-01 3.940994899425646736e+01
2.820000000000000284e-01 3.951467570177445054e+01
2.830000000000000293e-01 3.961987080738455802e+01
2.840000000000000302e-01 3.972553717179175692e+01
2.850000000000000311e-01 3.983167763754690327e+01
2.860000000000000320e-01 3.993829502922801566e+01
2.870000000000000329e-01 4.004539215362066784e+01
2.880000000000000338e-01 4.015297179989462961e+01
2.889999999999999791e-01 4.026103673977794983e+01
2.899999999999999800e-01 4.036958972773066989e+01
2.909999999999999809e-01 4.047863350111330760e+01
2.919999999999999818e-01 4.058817078035608006e+01
2.929999999999999827e-01 4.069820426912309586e+01
2.939999999999999836e-01 4.080873665447666099e+01
2.949999999999999845e-01 4.091977060703788993e+01
2.959999999999999853e-01 4.103130878114640723e+01
2.969999999999999862e-01 4.114335381501675215e+01
2.979999999999999871e-01 4.125590833089319176e+01
2.989999999999999880e-01 4.136897493520348235e+01
2.999999999999999889e-01 4.148255621870882237e+01
3.009999999999999898e-01 4.159665475665354961e+01
3.019999999999999907e-01 4.171127310891199613e+01
3.029999999999999916e-01 4.182641382013352427e+01
3.039999999999999925e-01 4.194207941988557309e+01
3.049999999999999933e-01 4.205827242279650591e+01
3.059999999999999942e-01 4.217499532869311452e+01
3.069999999999999951e-01 4.229225062274068137e+01
3.079999999999999960e-01 4.241004077557806795e+01
3.089999999999999969e-01 4.252836824345200739e+01
3.099999999999999978e-01 4.264723546835045909e+01
3.109999999999999987e-01 4.276664487813377491e+01
3.119999999999999996e-01 4.288659888666333586e+01
3.130000000000000004e-01 4.300709989393052979e+01
3.140000000000000013e-01 4.312815028618260271e+01
3.150000000000000022e-01 4.324975243604706066e+01
3.160000000000000031e-01 4.337190870265524723e+01
3.170000000000000040e-01 4.349462143176444329e+01
3.180000000000000049e-01 4.361789295587698234e+01
3.190000000000000058e-01 4.374172559435945118e+01
3.200000000000000067e-01 4.386612165356112314e+01
3.210000000000000075e-01 4.399108342692821338e+01
3.220000000000000084e-01 4.411661319511910051e+01
3.230000000000000093e-01 4.424271322611761548e+01
3.240000000000000102e-01 4.436938577534391470e+01
3.250000000000000111e-01 4.449663308576666054e+01
3.260000000000000120e-01 4.462445738801022799e+01
3.270000000000000129e-01 4.475286090046313348e+01
3.280000000000000138e-01 4.488184582938544054e+01
3.290000000000000147e-01 4.501141436901275483e+01
3.300000000000000155e-01 4.514156870166075919e+01
3.310000000000000164e-01 4.527231099782878232e+01
3.320000000000000173e-01 4.540364341630015588e+01
3.330000000000000182e-01 4.553556810424285572e+01
3.340000000000000191e-01 4.566808719731017163e+01
3.350000000000000200e-01 4.580120281973688634e+01
3.360000000000000209e-01 4.593491708443718835e+01
3.370000000000000218e-01 4.606923209310099310e+01
3.380000000000000226e-01 4.620414993628793354e+01
3.390000000000000235e-01 4.633967269352078233e+01
3.400000000000000244e-01 4.647580243337927186e+01
3.410000000000000253e-01 4.661254121359053215e+01
3.420000000000000262e-01 4.674989108111995506e+01
3.430000000000000271e-01 4.688785407226140478e+01
3.440000000000000280e-01 4.702643221272384721e+01
3.450000000000000289e-01 4.716562751772053730e+01
3.460000000000000298e-01 4.730544199205573364e+01
3.470000000000000306e-01 4.744587763020820148e+01
3.480000000000000315e-01 4.758693641641798422e+01
3.490000000000000324e-01 4.772862032476888317e+01
3.500000000000000333e-01 4.787093131927122158e+01
3.510000000000000342e-01 4.801387135394395500e+01
3.519999999999999796e-01 4.815744237289584362e+01
3.529999999999999805e-01 4.830164631040469203e+01
3.539999999999999813e-01 4.844648509099664579e+01
3.549999999999999822e-01 4.859196062952554485e+01
3.559999999999999831e-01 4.873807483124863893e+01
3.569999999999999840e-01 4.888482959190451993e+01
3.579999999999999849e-01 4.903222679778826887e+01
3.589999999999999858e-01 4.918026832582643237e+01
3.599999999999999867e-01 4.932895604365091913e+01
3.609999999999999876e-01 4.947829180967352158e+01
3.619999999999999885e-01 4.962827747315645865e+01
3.629999999999999893e-01 4.977891487428576056e+01
3.639999999999999902e-01 4.993020584424169783e+01
3.649999999999999911e-01 5.008215220526909661e+01
3.659999999999999920e-01 5.023475577074708553e+01
3.669999999999999929e-01 5.038801834525679624e+01
3.679999999999999938e-01 5.054194172465093970e+01
3.689999999999999947e-01 5.069652769612036991e+01
3.699999999999999956e-01 5.085177803826059062e+01
3.709999999999999964e-01 5.100769452113758007e+01
3.719999999999999973e-01 5.116427890635407039e+01
3.729999999999999982e-01 5.132153294711247327e+01
3.739999999999999991e-01 5.147945838828030674e+01
3.750000000000000000e-01 5.163805696645266607e+01
3.760000000000000009e-01 5.179733041001446736e+01
3.770000000000000018e-01 5.195728043920354366e+01
3.780000000000000027e-01 5.211790876617089907e+01
3.790000000000000036e-01 5.227921709504204273e+01
3.800000000000000044e-01 5.244120712197604917e+01
3.810000000000000053e-01 5.260388053522666496e+01
3.820000000000000062e-01 5.276723901519989113e+01
3.830000000000000071e-01 5.293128423451213393e+01
3.840000000000000080e-01 5.309601785804920837e+01
3.850000000000000089e-01 5.326144154302193101e+01
3.860000000000000098e-01 5.342755693902296343e+01
3.870000000000000107e-01 5.359436568808388301e+01
3.880000000000000115e-01 5.376186942472924102e+01
3.890000000000000124e-01 5.393006977603187124e+01
3.900000000000000133e-01 5.409896836166757339e+01
3.910000000000000142e-01 5.426856679396797745e+01
3.920000000000000151e-01 5.443886667797471546e+01
3.930000000000000160e-01 5.460986961149205854e+01
3.940000000000000169e-01 5.478157718513784857e+01
3.950000000000000178e-01 5.495399098239687419e+01
3.960000000000000187e-01 5.512711257967106349e+01
3.970000000000000195e-01 5.530094354633007470e+01
3.980000000000000204e-01 5.547548544476256893e+01
3.990000000000000213e-01 5.565073983042407235e+01
4.000000000000000222e-01 5.582670825188768049e+01
4.010000000000000231e-01 5.600339225089271622e+01
4.020000000000000240e-01 5.618079336239202348e+01
4.030000000000000249e-01 5.635891311460051156e+01
4.040000000000000258e-01 5.653775302904278988e+01
4.050000000000000266e-01 5.671731462059892692e+01
4.060000000000000275e-01 5.689759939755225560e+01
4.070000000000000284e-01 5.707860886163439318e+01
4.080000000000000293e-01 5.726034450807117082e+01
4.090000000000000302e-01 5.744280782562782406e+01
4.100000000000000311e-01 5.762600029665338752e+01
4.110000000000000320e-01 5.780992339712599914e+01
4.120000000000000329e-01 5.799457859669490745e+01
4.130000000000000338e-01 5.817996735872594627e+01
4.140000000000000346e-01 5.836609114034325785e+01
4.150000000000000355e-01 5.855295139247266434e+01
4.160000000000000364e-01 5.874054955988367510e+01
4.169999999999999818e-01 5.892888708123086872e+01
4.179999999999999827e-01 5.911796538909624132e+01
4.189999999999999836e-01 5.930778591003019073e+01
4.199999999999999845e-01 5.949835006459164788e+01
4.209999999999999853e-01 5.968965926738843564e+01
4.219999999999999862e-01 5.988171492711836663e+01
4.229999999999999871e-01 6.007451844660744200e+01
4.239999999999999880e-01 6.026807122284986917e+01
4.249999999999999889e-01 6.046237464704711329e+01
4.259999999999999898e-01 6.065743010464569807e+01
4.269999999999999907e-01 6.085323897537637095e+01
4.279999999999999916e-01 6.104980263329082391e+01
4.289999999999999925e-01 6.124712244680011963e+01
4.299999999999999933e-01 6.144519977871192395e+01
4.309999999999999942e-01 6.164403598626660141e+01
4.319999999999999951e-01 6.184363242117382242e+01
4.329999999999999960e-01 6.204399042964973887e+01
4.339999999999999969e-01 6.224511135245165860e+01
4.349999999999999978e-01 6.244699652491419783e+01
4.359999999999999987e-01 6.264964727698452407e+01
4.369999999999999996e-01 6.285306493325691690e+01
4.380000000000000004e-01 6.305725081300755619e+01
4.390000000000000013e-01 6.326220623022931022e+01
4.400000000000000022e-01 6.346793249366481859e+01
4.410000000000000031e-01 6.367443090684088247e+01
4.420000000000000040e-01 6.388170276810200221e+01
4.430000000000000049e-01 6.408974937064255073e+01
4.440000000000000058e-01 6.429857200254070904e+01
4.450000000000000067e-01 6.450817194679029853e+01
4.460000000000000075e-01 6.471855048133375021e+01
4.470000000000000084e-01 6.492970887909268640e+01
4.480000000000000093e-01 6.514164840800162892e+01
4.490000000000000102e-01 6.535437033103767135e+01
4.500000000000000111e-01 6.556787590625265238e+01
4.510000000000000120e-01 6.578216638680402184e+01
4.520000000000000129e-01 6.599724302098451290e+01
4.530000000000000138e-01 6.621310705225448601e+01
4.540000000000000147e-01 6.642975971926904322e+01
4.550000000000000155e-01 6.664720225591116787e+01
4.560000000000000164e-01 6.686543589131940735e+01
4.570000000000000173e-01 6.708446184991743166e+01
4.580000000000000182e-01 6.730428135144325097e+01
4.590000000000000191e-01 6.752489561097877413e+01
4.600000000000000200e-01 6.774630583897760516e+01
4.610000000000000209e-01 6.796851324129306704e+01
4.620000000000000218e-01 6.819151901920798764e+01
4.630000000000000226e-01 6.841532436946130247e+01
4.640000000000000235e-01 6.863993048427568056e+01
4.650000000000000244e-01 6.886533855138571880e+01
4.660000000000000253e-01 6.909154975406477206e+01
4.670000000000000262e-01 6.931856527115115796e+01
4.680000000000000271e-01 6.954638627707737442e+01
4.690000000000000280e-01 6.977501394189374651e+01
4.700000000000000289e-01 7.000444943129650710e+01
4.710000000000000298e-01 7.023469390665360379e+01
4.720000000000000306e-01 7.046574852503016473e+01
4.730000000000000315e-01 7.069761443921481714e+01
4.740000000000000324e-01 7.093029279774452789e+01
4.750000000000000333e-01 7.116378474493092199e+01
4.760000000000000342e-01 7.139809142088404315e+01
4.770000000000000351e-01 7.163321396153827436e+01
4.780000000000000360e-01 7.186915349867638270e+01
4.790000000000000369e-01 7.210591115995441669e+01
4.799999999999999822e-01 7.234348806892563744e+01
4.809999999999999831e-01 7.258188534506501810e+01
4.819999999999999840e-01 7.282110410379254972e+01
4.829999999999999849e-01 7.306114545649785441e+01
4.839999999999999858e-01 7.330201051056275219e+01
4.849999999999999867e-01 7.354370036938468047e+01
4.859999999999999876e-01 7.378621613240090937e+01
4.869999999999999885e-01 7.402955889511031273e+01
4.879999999999999893e-01 7.427372974909627601e+01
4.889999999999999902e-01 7.451872978205039999e+01
4.899999999999999911e-01 7.476456007779330548e+01
4.909999999999999920e-01 7.501122171629822333e+01
4.919999999999999929e-01 7.525871577371185595e+01
4.929999999999999938e-01 7.550704332237785366e+01
4.939999999999999947e-01 7.575620543085688041e+01
4.949999999999999956e-01 7.600620316394974907e+01
4.959999999999999964e-01 7.625703758271686183e+01
4.969999999999999973e-01 7.650870974450157291e+01
4.979999999999999982e-01 7.676122070294997002e+01
4.989999999999999991e-01 7.701457150803184959e+01
5.000000000000000000e-01 7.726876320606163517e+01
5.010000000000000009e-01 7.752379683971952318e+01
5.020000000000000018e-01 7.777967344807058225e+01
5.030000000000000027e-01 7.803639406658635380e+01
5.040000000000000036e-01 7.829395972716429242e+01
5.050000000000000044e-01 7.855237145814749056e+01
5.060000000000000053e-01 7.881163028434542639e+01
5.070000000000000062e-01 7.907173722705289265e+01
5.080000000000000071e-01 7.933269330406875497e+01
5.090000000000000080e-01 7.959449952971772291e+01
5.100000000000000089e-01 7.985715691486660717e+01
5.110000000000000098e-01 8.012066646694529481e+01
5.120000000000000107e-01 8.038502918996607605e+01
5.130000000000000115e-01 8.065024608453984456e+01
5.140000000000000124e-01 8.091631814789786858e+01
5.150000000000000133e-01 8.118324637390787757e+01
5.160000000000000142e-01 8.145103175309361632e+01
5.170000000000000151e-01 8.171967527265383069e+01
5.180000000000000160e-01 8.198917791647818376e+01
5.190000000000000169e-01 8.225954066516635521e+01
5.200000000000000178e-01 8.253076449604725440e+01
5.210000000000000187e-01 8.280285038319357227e+01
5.220000000000000195e-01 8.307579929744269975e+01
5.230000000000000204e-01 8.334961220641173441e+01
5.240000000000000213e-01 8.362429007451635243e+01
5.250000000000000222e-01 8.389983386298592904e+01
5.260000000000000231e-01 8.417624452988366102e+01
5.270000000000000240e-01 8.445352303012077755e+01
5.280000000000000249e-01 8.473167031547416173e+01
5.290000000000000258e-01 8.501068733460442672e+01
5.300000000000000266e-01 8.529057503307024035e+01
5.310000000000000275e-01 8.557133435334549176e+01
5.320000000000000284e-01 8.585296623483714029e+01
5.330000000000000293e-01 8.613547161389953999e+01
5.340000000000000302e-01 8.641885142385069685e+01
5.350000000000000311e-01 8.670310659498989025e+01
5.360000000000000320e-01 8.698823805461142911e+01
5.370000000000000329e-01 8.727424672702136377e+01
5.380000000000000338e-01 8.756113353355374329e+01
5.390000000000000346e-01 8.784889939258550839e+01
5.400000000000000355e-01 8.813754521955081600e+01
5.410000000000000364e-01 8.842707192695831964e+01
5.420000000000000373e-01 8.871748042440538029e+01
5.430000000000000382e-01 8.900877161859273201e+01
5.440000000000000391e-01 8.930094641334073913e+01
5.450000000000000400e-01 8.959400570960224286e+01
5.460000000000000409e-01 8.988795040548029647e+01
5.470000000000000417e-01 9.018278139623953393e+01
5.480000000000000426e-01 9.047849957432254087e+01
5.490000000000000435e-01 9.077510582936474748e+01
5.500000000000000444e-01 9.107260104820784363e+01
5.510000000000000453e-01 9.137098611491387601e+01
5.520000000000000462e-01 9.167026191078002739e+01
5.530000000000000471e-01 9.197042931435248647e+01
5.540000000000000480e-01 9.227148920144065869e+01
5.550000000000000488e-01 9.257344244513024023e+01
5.560000000000000497e-01 9.287628991579799731e+01
5.570000000000000506e-01 9.318003248112449910e+01
5.580000000000000515e-01 9.348467100610832858e+01
5.590000000000000524e-01 9.379020635307961129e+01
5.600000000000000533e-01 9.409663938171252084e+01
5.610000000000000542e-01 9.440397094904062669e+01
5.620000000000000551e-01 9.471220190946667117e+01
5.630000000000000560e-01 9.502133311477950883e+01
5.640000000000000568e-01 9.533136541416479304e+01
5.650000000000000577e-01 9.564229965421770885e+01
5.660000000000000586e-01 9.595413667895832077e+01
5.670000000000000595e-01 9.626687732984078139e+01
5.680000000000000604e-01 9.658052244576902012e+01
5.690000000000000613e-01 9.689507286310777090e+01
5.700000000000000622e-01 9.721052941569610084e+01
5.710000000000000631e-01 9.752689293485775579e+01
5.720000000000000639e-01 9.784416424941673540e+01
5.730000000000000648e-01 9.816234418570707021e+01
5.740000000000000657e-01 9.848143356758487243e+01
5.750000000000000666e-01 9.880143321644277421e+01
5.760000000000000675e-01 9.912234395121993202e+01
5.769999999999999574e-01 9.944416658841362278e+01
5.779999999999999583e-01 9.976690194209265883e+01
5.789999999999999591e-01 1.000905508239092114e+02
5.799999999999999600e-01 1.004151140431087015e+02
5.809999999999999609e-01 1.007405924065427598e+02
5.819999999999999618e-01 1.010669867186805959e+02
5.829999999999999627e-01 1.013942977816202529e+02
5.839999999999999636e-01 1.017225263951002034e+02
5.849999999999999645e-01 1.020516733565115146e+02
5.859999999999999654e-01 1.023817394609060329e+02
5.869999999999999662e-01 1.027127255010117324e+02
5.879999999999999671e-01 1.030446322672410133e+02
5.889999999999999680e-01 1.033774605477019577e+02
5.899999999999999689e-01 1.037112111282111755e+02
5.909999999999999698e-01 1.040458847923021040e+02
5.919999999999999707e-01 1.043814823212373994e+02
5.929999999999999716e-01 1.047180044940201924e+02
5.939999999999999725e-01 1.050554520874022728e+02
5.949999999999999734e-01 1.053938258758975053e+02
5.959999999999999742e-01 1.057331266317908103e+02
5.969999999999999751e-01 1.060733551251493054e+02
5.979999999999999760e-01 1.064145121238323100e+02
5.989999999999999769e-01 1.067565983935014629e+02
5.999999999999999778e-01 1.070996146976316368e+02
6.009999999999999787e-01 1.074435617975209425e+02
6.019999999999999796e-01 1.077884404522999375e+02
6.029999999999999805e-01 1.081342514189434496e+02
6.039999999999999813e-01 1.084809954522797852e+02
6.049999999999999822e-01 1.088286733049999384e+02
6.059999999999999831e-01 1.091772857276677087e+02
6.069999999999999840e-01 1.095268334687305014e+02
6.079999999999999849e-01 1.098773172745288775e+02
6.089999999999999858e-01 1.102287378893043979e+02
6.099999999999999867e-01 1.105810960552128108e+02
6.109999999999999876e-01 1.109343925123295094e+02
6.119999999999999885e-01 1.112886279986622640e+02
6.129999999999999893e-01 1.116438032501590669e+02
6.139999999999999902e-01 1.119999190007179095e+02
6.149999999999999911e-01 1.123569759821966727e+02
6.159999999999999920e-01 1.127149749244210852e+02
6.169999999999999929e-01 1.130739165551951828e+02
6.179999999999999938e-01 1.134338016003105167e+02
6.189999999999999947e-01 1.137946307835536572e+02
6.199999999999999956e-01 1.141564048267169937e+02
6.209999999999999964e-01 1.145191244496079435e+02
6.219999999999999973e-01 1.148827903700557727e+02
6.229999999999999982e-01 1.152474033039220558e+02
6.239999999999999991e-01 1.156129639651101115e+02
6.250000000000000000e-01 1.159794730655710282e+02
6.260000000000000009e-01 1.163469313153171925e+02
6.270000000000000018e-01 1.167153394224251315e+02
6.280000000000000027e-01 1.170846980930484733e+02
6.290000000000000036e-01 1.174550080314244269e+02
6.300000000000000044e-01 1.178262699398844688e+02
6.310000000000000053e-01 1.181984845188587769e+02
6.320000000000000062e-01 1.185716524668891907e+02
6.330000000000000071e-01 1.189457744806346682e+02
6.340000000000000080e-01 1.193208512548806084e+02
6.350000000000000089e-01 1.196968834825464683e+02
6.360000000000000098e-01 1.200738718546955397e+02
6.370000000000000107e-01 1.204518170605406340e+02
6.380000000000000115e-01 1.208307197874549956e+02
6.390000000000000124e-01 1.212105807209774184e+02
6.400000000000000133e-01 1.215914005448231592e+02
6.410000000000000142e-01 1.219731799408898496e+02
6.420000000000000151e-01 1.223559195892659091e+02
6.430000000000000160e-01 1.227396201682387300e+02
6.440000000000000169e-01 1.231242823543030909e+02
6.450000000000000178e-01 1.235099068221671814e+02
6.460000000000000187e-01 1.238964942447618114e+02
6.470000000000000195e-01 1.242840452932478001e+02
6.480000000000000204e-01 1.246725606370230253e+02
6.490000000000000213e-01 1.250620409437306080e+02
6.500000000000000222e-01 1.254524868792665302e+02
6.510000000000000231e-01 1.258438991077871378e+02
6.520000000000000240e-01 1.262362782917153936e+02
6.530000000000000249e-01 1.266296250917507678e+02
6.540000000000000258e-01 1.270239401668726487e+02
6.550000000000000266e-01 1.274192241743538716e+02
6.560000000000000275e-01 1.278154777697608324e+02
6.570000000000000284e-01 1.282127016069658794e+02
6.580000000000000293e-01 1.286108963381525427e+02
6.590000000000000302e-01 1.290100626138229245e+02
6.600000000000000311e-01 1.294102010828044058e+02
6.610000000000000320e-01 1.298113123922585146e+02
6.620000000000000329e-01 1.302133971876855867e+02
6.630000000000000338e-01 1.306164561129322692e+02
6.640000000000000346e-01 1.310204898102008428e+02
6.650000000000000355e-01 1.314254989200526325e+02
6.660000000000000364e-01 1.318314840814174431e+02
6.670000000000000373e-01 1.322384459315992444e+02
6.680000000000000382e-01 1.326463851062829917e+02
6.690000000000000391e-01 1.330553022395428115e+02
6.700000000000000400e-01 1.334651979638459807e+02
6.710000000000000409e-01 1.338760729100620210e+02
6.720000000000000417e-01 1.342879277074687252e+02
6.730000000000000426e-01 1.347007629837579543e+02
6.740000000000000435e-01 1.351145793650431415e+02
6.750000000000000444e-01 1.355293774758655445e+02
6.760000000000000453e-01 1.359451579392009535e+02
6.770000000000000462e-01 1.363619213764643519e+02
6.780000000000000471e-01 1.367796684075203757e+02
6.790000000000000480e-01 1.371983996506845642e+02
6.800000000000000488e-01 1.376181157227343874e+02
6.810000000000000497e-01 1.380388172389128840e+02
6.820000000000000506e-01 1.384605048129345732e+02
6.830000000000000515e-01 1.388831790569939812e+02
6.840000000000000524e-01 1.393068405817701887e+02
6.850000000000000533e-01 1.397314899964327424e+02
6.860000000000000542e-01 1.401571279086497270e+02
6.870000000000000551e-01 1.405837549245910623e+02
6.880000000000000560e-01 1.410113716489368016e+02
6.890000000000000568e-01 1.414399786848822487e+02
6.900000000000000577e-01 1.418695766341452327e+02
6.910000000000000586e-01 1.423001660969692921e+02
6.920000000000000595e-01 1.427317476721323146e+02
6.930000000000000604e-01 1.431643219569511984e+02
6.940000000000000613e-01 1.435978895472883323e+02
6.950000000000000622e-01 1.440324510375563705e+02
6.960000000000000631e-01 1.444680070207255085e+02
6.970000000000000639e-01 1.449045580883280309e+02
6.980000000000000648e-01 1.453421048304646774e+02
6.990000000000000657e-01 1.457806478358105551e+02
7.000000000000000666e-01 1.462201876916191168e+02
7.010000000000000675e-01 1.466607249837310292e+02
7.020000000000000684e-01 1.471022602965765600e+02
7.030000000000000693e-01 1.475447942131829677e+02
7.039999999999999591e-01 1.479883273151806407e+02
7.049999999999999600e-01 1.484328601828051433e+02
7.059999999999999609e-01 1.488783933949082439e+02
7.069999999999999618e-01 1.493249275289573461e+02
7.079999999999999627e-01 1.497724631610460619e+02
7.089999999999999636e-01 1.502210008658971674e+02
7.099999999999999645e-01 1.506705412168669227e+02
7.109999999999999654e-01 1.511210847859532578e+02
7.119999999999999662e-01 1.515726321437989554e+02
7.129999999999999671e-01 1.520251838596973357e+02
7.139999999999999680e-01 1.524787405015988497e+02
7.149999999999999689e-01 1.529333026361148313e+02
7.159999999999999698e-01 1.533888708285219309e+02
7.169999999999999707e-01 1.538454456427700734e+02
7.179999999999999716e-01 1.543030276414855280e+02
7.189999999999999725e-01 1.547616173859760238e+02
7.199999999999999734e-01 1.552212154362377987e+02
7.209999999999999742e-01 1.556818223509578729e+02
7.219999999999999751e-01 1.561434386875212112e+02
7.229999999999999760e-01 1.566060650020140201e+02
7.239999999999999769e-01 1.570697018492306825e+02
7.249999999999999778e-01 1.575343497826784187e+02
7.259999999999999787e-01 1.580000093545797881e+02
7.269999999999999796e-01 1.584666811158811015e+02
7.279999999999999805e-01 1.589343656162540128e+02
7.289999999999999813e-01 1.594030634041033636e+02
7.299999999999999822e-01 1.598727750265696841e+02
7.309999999999999831e-01 1.603435010295359007e+02
7.319999999999999840e-01 1.608152419576305192e+02
7.329999999999999849e-01 1.612879983542328546e+02
7.339999999999999858e-01 1.617617707614783740e+02
7.349999999999999867e-01 1.622365597202635854e+02
7.359999999999999876e-01 1.627123657702484252e+02
7.369999999999999885e-01 1.631891894498639886e+02
7.379999999999999893e-01 1.636670312963158267e+02
7.389999999999999902e-01 1.641458918455883804e+02
7.399999999999999911e-01 1.646257716324489593e+02
7.409999999999999920e-01 1.651066711904541080e+02
7.419999999999999929e-01 1.655885910519523350e+02
7.429999999999999938e-01 1.660715317480907061e+02
7.439999999999999947e-01 1.665554938088165500e+02
7.449999999999999956e-01 1.670404777628846205e+02
7.459999999999999964e-01 1.675264841378595975e+02
7.469999999999999973e-01 1.680135134601218851e+02
7.479999999999999982e-01 1.685015662548706814e+02
7.489999999999999991e-01 1.689906430461304581e+02
7.500000000000000000e-01 1.694807443567526661e+02
7.510000000000000009e-01 1.699718707084223297e+02
7.520000000000000018e-01 1.704640226216599785e+02
7.530000000000000027e-01 1.709572006158293789e+02
7.540000000000000036e-01 1.714514052091390113e+02
7.550000000000000044e-01 1.719466369186461634e+02
7.560000000000000053e-01 1.724428962602635238e+02
7.570000000000000062e-01 1.729401837487619105e+02
7.580000000000000071e-01 1.734384998977728856e+02
7.590000000000000080e-01 1.739378452197965998e+02
7.600000000000000089e-01 1.744382202262033843e+02
7.610000000000000098e-01 1.749396254272378428e+02
7.620000000000000107e-01 1.754420613320241955e+02
7.630000000000000115e-01 1.759455284485685524e+02
7.640000000000000124e-01 1.764500272837661896e+02
7.650000000000000133e-01 1.769555583434012078e+02
7.660000000000000142e-01 1.774621221321547182e+02
7.670000000000000151e-01 1.779697191536063201e+02
7.680000000000000160e-01 1.784783499102384212e+02
7.690000000000000169e-01 1.789880149034415808e+02
7.700000000000000178e-01 1.794987146335156467e+02
7.710000000000000187e-01 1.800104495996772584e+02
7.720000000000000195e-01 1.805232203000609843e+02
7.730000000000000204e-01 1.810370272317254603e+02
7.740000000000000213e-01 1.815518708906536176e+02
7.750000000000000222e-01 1.820677517717610954e+02
7.760000000000000231e-01 1.825846703688966954e+02
7.770000000000000240e-01 1.831026271748476120e+02
7.780000000000000249e-01 1.836216226813439789e+02
7.790000000000000258e-01 1.841416573790600069e+02
7.800000000000000266e-01 1.846627317576198948e+02
7.810000000000000275e-01 1.851848463056019227e+02
7.820000000000000284e-01 1.857080015105398161e+02
7.830000000000000293e-01 1.862321978589297942e+02
7.840000000000000302e-01 1.867574358362301155e+02
7.850000000000000311e-01 1.872837159268694904e+02
7.860000000000000320e-01 1.878110386142461721e+02
7.870000000000000329e-01 1.883394043807345497e+02
7.880000000000000338e-01 1.888688137076874227e+02
7.890000000000000346e-01 1.893992670754410028e+02
7.900000000000000355e-01 1.899307649633174151e+02
7.910000000000000364e-01 1.904633078496260623e+02
7.920000000000000373e-01 1.909968962116727198e+02
7.930000000000000382e-01 1.915315305257577165e+02
7.940000000000000391e-01 1.920672112671827563e+02
7.950000000000000400e-01 1.926039389102520545e+02
7.960000000000000409e-01 1.931417139282775679e+02
7.970000000000000417e-01 1.936805367935821778e+02
7.980000000000000426e-01 1.942204079775017362e+02
7.990000000000000435e-01 1.947613279503905233e+02
8.000000000000000444e-01 1.953032971816226109e+02
8.010000000000000453e-01 1.958463161395989118e+02
8.020000000000000462e-01 1.963903852917444510e+02
8.030000000000000471e-01 1.969355051045167784e+02
8.040000000000000480e-01 1.974816760434086973e+02
8.050000000000000488e-01 1.980288985729496289e+02
8.060000000000000497e-01 1.985771731567092502e+02
8.070000000000000506e-01 1.991265002573040874e+02
8.080000000000000515e-01 1.996768803363954703e+02
8.090000000000000524e-01 2.002283138546963528e+02
8.100000000000000533e-01 2.007808012719738144e+02
8.110000000000000542e-01 2.013343430470531530e+02
8.120000000000000551e-01 2.018889396378199308e+02
8.130000000000000560e-01 2.024445915012213391e+02
8.140000000000000568e-01 2.030012990932746106e+02
8.150000000000000577e-01 2.035590628690642916e+02
8.160000000000000586e-01 2.041178832827506540e+02
8.170000000000000595e-01 2.046777607875674221e+02
8.180000000000000604e-01 2.052386958358313223e+02
8.190000000000000613e-01 2.058006888789386721e+02
8.200000000000000622e-01 2.063637403673733388e+02
8.210000000000000631e-01 2.069278507507076483e+02
8.220000000000000639e-01 2.074930204776053415e+02
8.230000000000000648e-01 2.080592499958245298e+02
8.240000000000000657e-01 2.086265397522242893e+02
8.250000000000000666e-01 2.091948901927610223e+02
8.260000000000000675e-01 2.097643017624973254e+02
8.270000000000000684e-01 2.103347749056022167e+02
8.280000000000000693e-01 2.109063100653545462e+02
8.290000000000000702e-01 2.114789076841475435e+02
8.300000000000000711e-01 2.120525682034885904e+02
8.310000000000000719e-01 2.126272920640046777e+02
8.320000000000000728e-01 2.132030797054451341e+02
8.329999999999999627e-01 2.137799315666836719e+02
8.339999999999999636e-01 2.143578480857211161e+02
8.349999999999999645e-01 2.149368296996899517e+02
8.359999999999999654e-01 2.155168768448565970e+02
8.369999999999999662e-01 2.160979899566211770e+02
8.379999999999999671e-01 2.166801694695254810e+02
8.389999999999999680e-01 2.172634158172522802e+02
8.399999999999999689e-01 2.178477294326296487e+02
8.409999999999999698e-01 2.184331107476330089e+02
8.419999999999999707e-01 2.190195601933883154e+02
8.429999999999999716e-01 2.196070782001754651e+02
8.439999999999999725e-01 2.201956651974289798e+02
8.449999999999999734e-01 2.207853216137430081e+02
8.459999999999999742e-01 2.213760478768738267e+02
8.469999999999999751e-01 2.219678444137405222e+02
8.479999999999999760e-01 2.225607116504313581e+02
8.489999999999999769e-01 2.231546500122026373e+02
8.499999999999999778e-01 2.237496599234832502e+02
8.509999999999999787e-01 2.243457418078780847e+02
8.519999999999999796e-01 2.249428960881684816e+02
8.529999999999999805e-01 2.255411231863183730e+02
8.539999999999999813e-01 2.261404235234729185e+02
8.549999999999999822e-01 2.267407975199639623e+02
8.559999999999999831e-01 2.273422455953116241e+02
8.569999999999999840e-01 2.279447681682265738e+02
8.579999999999999849e-01 2.285483656566141235e+02
8.589999999999999858e-01 2.291530384775749098e+02
8.599999999999999867e-01 2.297587870474098963e+02
8.609999999999999876e-01 2.303656117816185542e+02
8.619999999999999885e-01 2.309735130949081849e+02
8.629999999999999893e-01 2.315824914011886904e+02
8.639999999999999902e-01 2.321925471135821226e+02
8.649999999999999911e-01 2.328036806444208651e+02
8.659999999999999920e-01 2.334158924052510429e+02
8.669999999999999929e-01 2.340291828068363884e+02
8.679999999999999938e-01 2.346435522591593781e+02
8.689999999999999947e-01 2.352590011714235061e+02
8.699999999999999956e-01 2.358755299520569224e+02
8.709999999999999964e-01 2.364931390087144791e+02
8.719999999999999973e-01 2.371118287482795495e+02
8.729999999999999982e-01 2.377315995768672110e+02
8.739999999999999991e-01 2.383524518998265194e+02
8.750000000000000000e-01 2.389743861217427821e+02
8.760000000000000009e-01 2.395974026464389226e+02
8.770000000000000018e-01 2.402215018769816197e+02
8.780000000000000027e-01 2.408466842156783514e+02
8.790000000000000036e-01 2.414729500640839888e+02
8.800000000000000044e-01 2.421002998230007961e+02
8.810000000000000053e-01 2.427287338924818414e+02
8.820000000000000062e-01 2.433582526718341796e+02
8.830000000000000071e-01 2.439888565596186254e+02
8.840000000000000080e-01 2.446205459536543003e+02
8.850000000000000089e-01 2.452533212510206795e+02
8.860000000000000098e-01 2.458871828480589556e+02
8.870000000000000107e-01 2.465221311403740856e+02
8.880000000000000115e-01 2.471581665228402471e+02
8.890000000000000124e-01 2.477952893895985653e+02
8.900000000000000133e-01 2.484335001340621147e+02
8.910000000000000142e-01 2.490727991489172837e+02
8.920000000000000151e-01 2.497131868261276395e+02
8.930000000000000160e-01 2.503546635569334740e+02
8.940000000000000169e-01 2.509972297318565779e+02
8.950000000000000178e-01 2.516408857406997868e+02
8.960000000000000187e-01 2.522856319725533467e+02
8.970000000000000195e-01 2.529314688157905948e+02
8.980000000000000204e-01 2.535783966580781907e+02
8.990000000000000213e-01 2.542264158863711145e+02
9.000000000000000222e-01 2.548755268869197153e+02
9.010000000000000231e-01 2.555257300452697109e+02
9.020000000000000240e-01 2.561770257462637801e+02
9.030000000000000249e-01 2.568294143740454274e+02
9.040000000000000258e-01 2.574828963120598928e+02
9.050000000000000266e-01 2.581374719430573350e+02
9.060000000000000275e-01 2.587931416490941956e+02
9.070000000000000284e-01 2.594499058115341086e+02
9.080000000000000293e-01 2.601077648110531300e+02
9.090000000000000302e-01 2.607667190276397378e+02
9.100000000000000311e-01 2.614267688405959689e+02
9.110000000000000320e-01 2.620879146285417391e+02
9.120000000000000329e-01 2.627501567694162077e+02
9.130000000000000338e-01 2.634134956404780041e+02
9.140000000000000346e-01 2.640779316183106857e+02
9.150000000000000355e-01 2.647434650788218278e+02
9.160000000000000364e-01 2.654100963972464342e+02
9.170000000000000373e-01 2.660778259481480745e+02
9.180000000000000382e-01 2.667466541054229765e+02
9.190000000000000391e-01 2.674165812422991166e+02
9.200000000000000400e-01 2.680876077313398582e+02
9.210000000000000409e-01 2.687597339444464524e+02
9.220000000000000417e-01 2.694329602528582654e+02
9.230000000000000426e-01 2.701072870271570991e+02
9.240000000000000435e-01 2.707827146372669631e+02
9.250000000000000444e-01 2.714592434524565761e+02
9.260000000000000453e-01 2.721368738413425490e+02
9.270000000000000462e-01 2.728156061718902947e+02
9.280000000000000471e-01 2.734954408114156195e+02
9.290000000000000480e-01 2.741763781265876787e+02
9.300000000000000488e-01 2.748584184834301141e+02
9.310000000000000497e-01 2.755415622473224175e+02
9.320000000000000506e-01 2.762258097830042516e+02
9.330000000000000515e-01 2.769111614545749944e+02
9.340000000000000524e-01 2.775976176254957863e+02
9.350000000000000533e-01 2.782851786585924856e+02
9.360000000000000542e-01 2.789738449160572600e+02
9.370000000000000551e-01 2.796636167594501785e+02
9.380000000000000560e-01 2.803544945496996661e+02
9.390000000000000568e-01 2.810464786471090974e+02
9.400000000000000577e-01 2.817395694113511126e+02
9.410000000000000586e-01 2.824337672014780765e+02
9.420000000000000595e-01 2.831290723759154844e+02
9.430000000000000604e-01 2.838254852924708302e+02
9.440000000000000613e-01 2.845230063083308778e+02
9.450000000000000622e-01 2.852216357800646165e+02
9.460000000000000631e-01 2.859213740636278089e+02
9.470000000000000639e-01 2.866222215143600351e+02
9.480000000000000648e-01 2.873241784869887852e+02
9.490000000000000657e-01 2.880272453356330971e+02
9.500000000000000666e-01 2.887314224138026475e+02
9.510000000000000675e-01 2.894367100743997980e+02
9.520000000000000684e-01 2.901431086697223236e+02
9.530000000000000693e-01 2.908506185514659137e+02
9.540000000000000702e-01 2.915592400707234901e+02
9.550000000000000711e-01 2.922689735779883904e+02
9.560000000000000719e-01 2.929798194231559592e+02
9.570000000000000728e-01 2.936917779555255947e+02
9.580000000000000737e-01 2.944048495238030227e+02
9.590000000000000746e-01 2.951190344760989319e+02
9.599999999999999645e-01 2.958343331599342036e+02
9.609999999999999654e-01 2.965507459222415036e+02
9.619999999999999662e-01 2.972682731093618713e+02
9.629999999999999671e-01 2.979869150670542695e+02
9.639999999999999680e-01 2.987066721404919463e+02
9.649999999999999689e-01 2.994275446742640270e+02
9.659999999999999698e-01 3.001495330123807435e+02
9.669999999999999707e-01 3.008726374982711604e+02
9.679999999999999716e-01 3.015968584747874957e+02
9.689999999999999725e-01 3.023221962842055746e+02
9.699999999999999734e-01 3.030486512682264220e+02
9.709999999999999742e-01 3.037762237679789905e+02
9.719999999999999751e-01 3.045049141240190238e+02
9.729999999999999760e-01 3.052347226763365597e+02
9.739999999999999769e-01 3.059656497643486546e+02
9.749999999999999778e-01 3.066976957269096147e+02
9.759999999999999787e-01 3.074308609023071313e+02
9.769999999999999796e-01 3.081651456282668278e+02
9.779999999999999805e-01 3.089005502419518052e+02
9.789999999999999813e-01 3.096370750799649159e+02
9.799999999999999822e-01 3.103747204783508096e+02
9.809999999999999831e-01 3.111134867725979802e+02
9.819999999999999840e-01 3.118533742976389931e+02
9.829999999999999849e-01 3.125943833878525311e+02
9.839999999999999858e-01 3.133365143770636223e+02
9.849999999999999867e-01 3.140797675985497790e+02
9.859999999999999876e-01 3.148241433850364501e+02
9.869999999999999885e-01 3.155696420687022510e+02
9.879999999999999893e-01 3.163162639811803274e+02
9.889999999999999902e-01 3.170640094535585831e+02
9.899999999999999911e-01 3.178128788163821810e+02
9.909999999999999920e-01 3.185628723996544522e+02
9.919999999999999929e-01 3.193139905328375789e+02
9.929999999999999938e-01 3.200662335448573685e+02
9.939999999999999947e-01 3.208196017641012077e+02
9.949999999999999956e-01 3.215740955184214727e+02
9.959999999999999964e-01 3.223297151351350749e+02
9.969999999999999973e-01 3.230864609410268713e+02
9.979999999999999982e-01 3.238443332623519382e+02
9.989999999999999991e-01 3.246033324248339795e+02
1.000000000000000000e+00 3.253634587536685103e+02
