0.000000000000000000e+00 0.000000000000000000e+00
1.000000000000000021e-03 7.751629969986060242e-01
2.000000000000000042e-03 1.345914327860732174e+00
3.000000000000000062e-03 1.859935498720592939e+00
4.000000000000000083e-03 2.339132658266030784e+00
5.000000000000000104e-03 2.793131277180820771e+00
6.000000000000000125e-03 3.227345929492877019e+00
7.000000000000000146e-03 3.645244454872778483e+00
8.000000000000000167e-03 4.049236380911048983e+00
9.000000000000001055e-03 4.441092738857839173e+00
1.000000000000000021e-02 4.822170075751370355e+00
1.099999999999999936e-02 5.193540797730569203e+00
1.200000000000000025e-02 5.556074118384144001e+00
1.300000000000000114e-02 5.910488959503009454e+00
1.400000000000000029e-02 6.257389969999911372e+00
1.499999999999999944e-02 6.597292892505929096e+00
1.600000000000000033e-02 6.930642940642047556e+00
1.700000000000000122e-02 7.257828437010856781e+00
1.800000000000000211e-02 7.579191146032314919e+00
1.899999999999999953e-02 7.895034245105475357e+00
2.000000000000000042e-02 8.205628572076392402e+00
2.100000000000000130e-02 8.511217590915553188e+00
2.199999999999999872e-02 8.812021388267979205e+00
2.299999999999999961e-02 9.108239926321028079e+00
2.400000000000000050e-02 9.400055717324875104e+00
2.500000000000000139e-02 9.687636042883912779e+00
2.600000000000000228e-02 9.971134810977652307e+00
2.699999999999999969e-02 1.025069412178795147e+01
2.800000000000000058e-02 1.052644559730779328e+01
2.900000000000000147e-02 1.079851151770479234e+01
2.999999999999999889e-02 1.106700579835936615e+01
3.099999999999999978e-02 1.133203483459353045e+01
3.200000000000000067e-02 1.159369823578773762e+01
3.300000000000000155e-02 1.185208946644719852e+01
3.400000000000000244e-02 1.210729640853463351e+01
3.500000000000000333e-02 1.235940185682047776e+01
3.600000000000000422e-02 1.260848395695640178e+01
3.699999999999999817e-02 1.285461659433675763e+01
3.799999999999999906e-02 1.309786974048595098e+01
3.899999999999999994e-02 1.333830976263140222e+01
4.000000000000000083e-02 1.357599970123910715e+01
4.100000000000000172e-02 1.381099951956323757e+01
4.200000000000000261e-02 1.404336632866069223e+01
4.300000000000000350e-02 1.427315459082258009e+01
4.399999999999999745e-02 1.450041630395795345e+01
4.499999999999999833e-02 1.472520116911525889e+01
4.599999999999999922e-02 1.494755674303261728e+01
4.700000000000000011e-02 1.516752857735849425e+01
4.800000000000000100e-02 1.538516034597277304e+01
4.900000000000000189e-02 1.560049396165769764e+01
5.000000000000000278e-02 1.581356968321358636e+01
5.100000000000000366e-02 1.602442621398174438e+01
5.200000000000000455e-02 1.623310079262266470e+01
5.299999999999999850e-02 1.643962927689893405e+01
5.399999999999999939e-02 1.664404622112678567e+01
5.500000000000000028e-02 1.684638494788576324e+01
5.600000000000000117e-02 1.704667761451124619e+01
5.700000000000000205e-02 1.724495527483793111e+01
5.800000000000000294e-02 1.744124793661271866e+01
5.900000000000000383e-02 1.763558461495190954e+01
5.999999999999999778e-02 1.782799338217920493e+01
6.099999999999999867e-02 1.801850141434717401e+01
6.199999999999999956e-02 1.820713503471489148e+01
6.300000000000000044e-02 1.839391975442791605e+01
6.400000000000000133e-02 1.857888031062314482e+01
6.500000000000000222e-02 1.876204070216034481e+01
6.600000000000000311e-02 1.894342422316297458e+01
6.700000000000000400e-02 1.912305349453485803e+01
6.800000000000000488e-02 1.930095049360366488e+01
6.900000000000000577e-02 1.947713658202924236e+01
7.000000000000000666e-02 1.965163253210261018e+01
7.100000000000000755e-02 1.982445855155050296e+01
7.200000000000000844e-02 1.999563430695085486e+01
7.299999999999999545e-02 2.016517894585557258e+01
7.399999999999999634e-02 2.033311111770920832e+01
7.499999999999999722e-02 2.049944899364461293e+01
7.599999999999999811e-02 2.066421028523071612e+01
7.699999999999999900e-02 2.082741226224095499e+01
7.799999999999999989e-02 2.098907176950597275e+01
7.900000000000000078e-02 2.114920524290931070e+01
8.000000000000000167e-02 2.130782872457999133e+01
8.100000000000000255e-02 2.146495787733224603e+01
8.200000000000000344e-02 2.162060799839870384e+01
8.300000000000000433e-02 2.177479403249998313e+01
8.400000000000000522e-02 2.192753058429048707e+01
8.500000000000000611e-02 2.207883193021763546e+01
8.600000000000000699e-02 2.222871202982856431e+01
8.700000000000000788e-02 2.237718453655666551e+01
8.799999999999999489e-02 2.252426280801748248e+01
8.899999999999999578e-02 2.266995991584184367e+01
8.999999999999999667e-02 2.281428865507209380e+01
9.099999999999999756e-02 2.295726155314556038e+01
9.199999999999999845e-02 2.309889087848793210e+01
9.299999999999999933e-02 2.323918864873739309e+01
9.400000000000000022e-02 2.337816663861963917e+01
9.500000000000000111e-02 2.351583638749186633e+01
9.600000000000000200e-02 2.365220920657332826e+01
9.700000000000000289e-02 2.378729618587849259e+01
9.800000000000000377e-02 2.392110820086825385e+01
9.900000000000000466e-02 2.405365591883328946e+01
1.000000000000000056e-01 2.418494980502306646e+01
1.010000000000000064e-01 2.431500012853326353e+01
1.020000000000000073e-01 2.444381696796322245e+01
1.030000000000000082e-01 2.457141021685494664e+01
1.040000000000000091e-01 2.469778958892379706e+01
1.049999999999999961e-01 2.482296462309126994e+01
1.059999999999999970e-01 2.494694468832876666e+01
1.069999999999999979e-01 2.506973898832152869e+01
1.079999999999999988e-01 2.519135656596092332e+01
1.089999999999999997e-01 2.531180630767294559e+01
1.100000000000000006e-01 2.543109694759057859e+01
1.110000000000000014e-01 2.554923707157668034e+01
1.120000000000000023e-01 2.566623512110453831e+01
1.130000000000000032e-01 2.578209939700195008e+01
1.140000000000000041e-01 2.589683806306518576e+01
1.150000000000000050e-01 2.601045914954817562e+01
1.160000000000000059e-01 2.612297055653252542e+01
1.170000000000000068e-01 2.623438005718330501e+01
1.180000000000000077e-01 2.634469530089554112e+01
1.190000000000000085e-01 2.645392381633596557e+01
1.199999999999999956e-01 2.656207301438432467e+01
1.209999999999999964e-01 2.666915019097846695e+01
1.219999999999999973e-01 2.677516252986709233e+01
1.229999999999999982e-01 2.688011710527400666e+01
1.239999999999999991e-01 2.698402088447723557e+01
1.250000000000000000e-01 2.708688073030667454e+01
1.260000000000000009e-01 2.718870340356318138e+01
1.270000000000000018e-01 2.728949556536251819e+01
1.280000000000000027e-01 2.738926377940682144e+01
1.290000000000000036e-01 2.748801451418650288e+01
1.300000000000000044e-01 2.758575414511525281e+01
1.310000000000000053e-01 2.768248895660062558e+01
1.320000000000000062e-01 2.777822514405271193e+01
1.330000000000000071e-01 2.787296881583322872e+01
1.340000000000000080e-01 2.796672599514708324e+01
1.350000000000000089e-01 2.805950262187876021e+01
1.360000000000000098e-01 2.815130455437532930e+01
1.370000000000000107e-01 2.824213757117819767e+01
1.380000000000000115e-01 2.833200737270534475e+01
1.390000000000000124e-01 2.842091958288580145e+01
1.400000000000000133e-01 2.850887975074817859e+01
1.410000000000000142e-01 2.859589335196471183e+01
1.420000000000000151e-01 2.868196579035251048e+01
1.430000000000000160e-01 2.876710239933352042e+01
1.440000000000000169e-01 2.885130844335429856e+01
1.449999999999999900e-01 2.893458911926756727e+01
1.459999999999999909e-01 2.901694955767625217e+01
1.469999999999999918e-01 2.909839482424162327e+01
1.479999999999999927e-01 2.917892992095668703e+01
1.489999999999999936e-01 2.925855978738587382e+01
1.499999999999999944e-01 2.933728930187223227e+01
1.509999999999999953e-01 2.941512328271328158e+01
1.519999999999999962e-01 2.949206648930617192e+01
1.529999999999999971e-01 2.956812362326378718e+01
1.539999999999999980e-01 2.964329932950205659e+01
1.549999999999999989e-01 2.971759819729973984e+01
1.559999999999999998e-01 2.979102476133173383e+01
1.570000000000000007e-01 2.986358350267626705e+01
1.580000000000000016e-01 2.993527884979711828e+01
1.590000000000000024e-01 3.000611517950160945e+01
1.600000000000000033e-01 3.007609681787516109e+01
1.610000000000000042e-01 3.014522804119284416e+01
1.620000000000000051e-01 3.021351307680908960e+01
1.630000000000000060e-01 3.028095610402568738e+01
1.640000000000000069e-01 3.034756125493937517e+01
1.650000000000000078e-01 3.041333261526893494e+01
1.660000000000000087e-01 3.047827422516294149e+01
1.670000000000000095e-01 3.054239007998848976e+01
1.680000000000000104e-01 3.060568413110144448e+01
1.690000000000000113e-01 3.066816028659894044e+01
1.700000000000000122e-01 3.072982241205440701e+01
1.710000000000000131e-01 3.079067433123588415e+01
1.720000000000000140e-01 3.085071982680777580e+01
1.730000000000000149e-01 3.090996264101693924e+01
1.740000000000000158e-01 3.096840647636305732e+01
1.750000000000000167e-01 3.102605499625432373e+01
1.759999999999999898e-01 3.108291182564824950e+01
1.769999999999999907e-01 3.113898055167839019e+01
1.779999999999999916e-01 3.119426472426741270e+01
1.789999999999999925e-01 3.124876785672654478e+01
1.799999999999999933e-01 3.130249342634212084e+01
1.809999999999999942e-01 3.135544487494941990e+01
1.819999999999999951e-01 3.140762560949410442e+01
1.829999999999999960e-01 3.145903900258180386e+01
1.839999999999999969e-01 3.150968839301575741e+01
1.849999999999999978e-01 3.155957708632343284e+01
1.859999999999999987e-01 3.160870835527175515e+01
1.869999999999999996e-01 3.165708544037171634e+01
1.880000000000000004e-01 3.170471155037246547e+01
1.890000000000000013e-01 3.175158986274518469e+01
1.900000000000000022e-01 3.179772352415700354e+01
1.910000000000000031e-01 3.184311565093524976e+01
1.920000000000000040e-01 3.188776932952208654e+01
1.930000000000000049e-01 3.193168761692020396e+01
1.940000000000000058e-01 3.197487354112940494e+01
1.950000000000000067e-01 3.201733010157430925e+01
1.960000000000000075e-01 3.205906026952384735e+01
1.970000000000000084e-01 3.210006698850213525e+01
1.980000000000000093e-01 3.214035317469138420e+01
1.990000000000000102e-01 3.217992171732698381e+01
2.000000000000000111e-01 3.221877547908464123e+01
2.010000000000000120e-01 3.225691729646026573e+01
2.020000000000000129e-01 3.229434998014234992e+01
2.030000000000000138e-01 3.233107631537721005e+01
2.040000000000000147e-01 3.236709906232724165e+01
2.050000000000000155e-01 3.240242095642251741e+01
2.060000000000000164e-01 3.243704470870538614e+01
2.070000000000000173e-01 3.247097300616894699e+01
2.080000000000000182e-01 3.250420851208892969e+01
2.089999999999999913e-01 3.253675386634951394e+01
2.099999999999999922e-01 3.256861168576291021e+01
2.109999999999999931e-01 3.259978456438341965e+01
2.119999999999999940e-01 3.263027507381526249e+01
2.129999999999999949e-01 3.266008576351506321e+01
2.139999999999999958e-01 3.268921916108873660e+01
2.149999999999999967e-01 3.271767777258308030e+01
2.159999999999999976e-01 3.274546408277188192e+01
2.169999999999999984e-01 3.277258055543716608e+01
2.179999999999999993e-01 3.279902963364521895e+01
2.190000000000000002e-01 3.282481374001782370e+01
2.200000000000000011e-01 3.284993527699865012e+01
2.210000000000000020e-01 3.287439662711482669e+01
2.220000000000000029e-01 3.289820015323420677e+01
2.230000000000000038e-01 3.292134819881790975e+01
2.240000000000000047e-01 3.294384308816842122e+01
2.250000000000000056e-01 3.296568712667381362e+01
2.260000000000000064e-01 3.298688260104714232e+01
2.270000000000000073e-01 3.300743177956227470e+01
2.280000000000000082e-01 3.302733691228544188e+01
2.290000000000000091e-01 3.304660023130279001e+01
2.300000000000000100e-01 3.306522395094439304e+01
2.310000000000000109e-01 3.308321026800415154e+01
2.320000000000000118e-01 3.310056136195603926e+01
2.330000000000000127e-01 3.311727939516717356e+01
2.340000000000000135e-01 3.313336651310666525e+01
2.350000000000000144e-01 3.314882484455159073e+01
2.360000000000000153e-01 3.316365650178921953e+01
2.370000000000000162e-01 3.317786358081610132e+01
2.380000000000000171e-01 3.319144816153391275e+01
2.390000000000000180e-01 3.320441230794186538e+01
2.399999999999999911e-01 3.321675806832636368e+01
2.409999999999999920e-01 3.322848747544740178e+01
2.419999999999999929e-01 3.323960254672186920e+01
2.429999999999999938e-01 3.325010528440419222e+01
2.439999999999999947e-01 3.325999767576391264e+01
2.449999999999999956e-01 3.326928169326044582e+01
2.459999999999999964e-01 3.327795929471518832e+01
2.469999999999999973e-01 3.328603242348078339e+01
2.479999999999999982e-01 3.329350300860795642e+01
2.489999999999999991e-01 3.330037296500938737e+01
2.500000000000000000e-01 3.330664419362143747e+01
2.510000000000000009e-01 3.331231858156312597e+01
2.520000000000000018e-01 3.331739800229274095e+01
2.530000000000000027e-01 3.332188431576192755e+01
2.540000000000000036e-01 3.332577936856767309e+01
2.550000000000000044e-01 3.332908499410171999e+01
2.560000000000000053e-01 3.333180301269787549e+01
2.570000000000000062e-01 3.333393523177700501e+01
2.580000000000000071e-01 3.333548344598990099e+01
2.590000000000000080e-01 3.333644943735800581e+01
2.600000000000000089e-01 3.333683497541203877e+01
2.610000000000000098e-01 3.333664181732840603e+01
2.620000000000000107e-01 3.333587170806398348e+01
2.630000000000000115e-01 3.333452638048848371e+01
2.640000000000000124e-01 3.333260755551495436e+01
2.650000000000000133e-01 3.333011694222876997e+01
2.660000000000000142e-01 3.332705623801419392e+01
2.670000000000000151e-01 3.332342712867947654e+01
2.680000000000000160e-01 3.331923128857985716e+01
2.690000000000000169e-01 3.331447038073920908e+01
2.700000000000000178e-01 3.330914605696939645e+01
2.710000000000000187e-01 3.330325995798848027e+01
2.720000000000000195e-01 3.329681371353665043e+01
2.730000000000000204e-01 3.328980894249122002e+01
2.740000000000000213e-01 3.328224725297926057e+01
2.750000000000000222e-01 3.327413024248915718e+01
2.760000000000000231e-01 3.326545949798045143e+01
2.770000000000000240e-01 3.325623659599207826e+01
2.780000000000000249e-01 3.324646310274910377e+01
2.790000000000000258e-01 3.323614057426806312e+01
2.800000000000000266e-01 3.322527055646094851e+01
2.810000000000000275e-01 3.321385458523732837e+01
2.820000000000000284e-01 3.320189418660563518e+01
2.830000000000000293e-01 3.318939087677251365e+01
2.840000000000000302e-01 3.317634616224140132e+01
2.850000000000000311e-01 3.316276153990911979e+01
2.860000000000000320e-01 3.314863849716183353e+01
2.870000000000000329e-01 3.313397851196906174e+01
2.880000000000000338e-01 3.311878305297694425e+01
2.889999999999999791e-01 3.310305357959997963e+01
2.899999999999999800e-01 3.308679154211159101e+01
2.909999999999999809e-01 3.306999838173357631e+01
2.919999999999999818e-01 3.305267553072431497e+01
2.929999999999999827e-01 3.303482441246562473e+01
2.939999999999999836e-01 3.301644644154892916e+01
2.949999999999999845e-01 3.299754302385977667e+01
2.959999999999999853e-01 3.297811555666159222e+01
2.969999999999999862e-01 3.295816542867832766e+01
2.979999999999999871e-01 3.293769402017575487e+01
2.989999999999999880e-01 3.291670270304209112e+01
2.999999999999999889e-01 3.289519284086730977e+01
3.009999999999999898e-01 3.287316578902152031e+01
3.019999999999999907e-01 3.285062289473234642e+01
3.029999999999999916e-01 3.282756549716141592e+01
3.039999999999999925e-01 3.280399492747960011e+01
3.049999999999999933e-01 3.277991250894160657e+01
3.059999999999999942e-01 3.275531955695952746e+01
3.069999999999999951e-01 3.273021737917528640e+01
3.079999999999999960e-01 3.270460727553248859e+01
3.089999999999999969e-01 3.267849053834706297e+01
3.099999999999999978e-01 3.265186845237723645e+01
3.109999999999999987e-01 3.262474229489270527e+01
3.119999999999999996e-01 3.259711333574251313e+01
3.130000000000000004e-01 3.256898283742269484e+01
3.140000000000000013e-01 3.254035205514260554e+01
3.150000000000000022e-01 3.251122223689063162e+01
3.160000000000000031e-01 3.248159462349921256e+01
3.170000000000000040e-01 3.245147044870873998e+01
3.180000000000000049e-01 3.242085093923109440e+01
3.190000000000000058e-01 3.238973731481203089e+01
3.200000000000000067e-01 3.235813078829309575e+01
3.210000000000000075e-01 3.232603256567262662e+01
3.220000000000000084e-01 3.229344384616600649e+01
3.230000000000000093e-01 3.226036582226555538e+01
3.240000000000000102e-01 3.222679967979897953e+01
3.250000000000000111e-01 3.219274659798792015e+01
3.260000000000000120e-01 3.215820774950539374e+01
3.270000000000000129e-01 3.212318430053249330e+01
3.280000000000000138e-01 3.208767741081462788e+01
3.290000000000000147e-01 3.205168823371706566e+01
3.300000000000000155e-01 3.201521791627966707e+01
3.310000000000000164e-01 3.197826759927126972e+01
3.320000000000000173e-01 3.194083841724298622e+01
3.330000000000000182e-01 3.190293149858147714e+01
3.340000000000000191e-01 3.186454796556109414e+01
3.350000000000000200e-01 3.182568893439570346e+01
3.360000000000000209e-01 3.178635551528982717e+01
3.370000000000000218e-01 3.174654881248922678e+01
3.380000000000000226e-01 3.170626992433075486e+01
3.390000000000000235e-01 3.166551994329196162e+01
3.400000000000000244e-01 3.162429995603983812e+01
3.410000000000000253e-01 3.158261104347921844e+01
3.420000000000000262e-01 3.154045428080033986e+01
3.430000000000000271e-01 3.149783073752636042e+01
3.440000000000000280e-01 3.145474147755978223e+01
3.450000000000000289e-01 3.141118755922873262e+01
3.460000000000000298e-01 3.136717003533264503e+01
3.470000000000000306e-01 3.132268995318742455e+01
3.480000000000000315e-01 3.127774835467002390e+01
3.490000000000000324e-01 3.123234627626251481e+01
3.500000000000000333e-01 3.118648474909604218e+01
3.510000000000000342e-01 3.114016479899382261e+01
3.519999999999999796e-01 3.109338744651373787e+01
3.529999999999999805e-01 3.104615370699092125e+01
3.539999999999999813e-01 3.099846459057926040e+01
3.549999999999999822e-01 3.095032110229271183e+01
3.559999999999999831e-01 3.090172424204660828e+01
3.569999999999999840e-01 3.085267500469749535e+01
3.579999999999999849e-01 3.080317438008366793e+01
3.589999999999999858e-01 3.075322335306440991e+01
3.599999999999999867e-01 3.070282290355936539e+01
3.609999999999999876e-01 3.065197400658711047e+01
3.619999999999999885e-01 3.060067763230366467e+01
3.629999999999999893e-01 3.054893474604025272e+01
3.639999999999999902e-01 3.049674630834091360e+01
3.649999999999999911e-01 3.044411327499956599e+01
3.659999999999999920e-01 3.039103659709688543e+01
3.669999999999999929e-01 3.033751722103633597e+01
3.679999999999999938e-01 3.028355608858053216e+01
3.689999999999999947e-01 3.022915413688652819e+01
3.699999999999999956e-01 3.017431229854124553e+01
3.709999999999999964e-01 3.011903150159619713e+01
3.719999999999999973e-01 3.006331266960200921e+01
3.729999999999999982e-01 3.000715672164261250e+01
3.739999999999999991e-01 2.995056457236892911e+01
3.750000000000000000e-01 2.989353713203242435e+01
3.760000000000000009e-01 2.983607530651816830e+01
3.770000000000000018e-01 2.977817999737754207e+01
3.780000000000000027e-01 2.971985210186070603e+01
3.790000000000000036e-01 2.966109251294876614e+01
3.800000000000000044e-01 2.960190211938548188e+01
3.810000000000000053e-01 2.954228180570858342e+01
3.820000000000000062e-01 2.948223245228115985e+01
3.830000000000000071e-01 2.942175493532234043e+01
3.840000000000000080e-01 2.936085012693772711e+01
3.850000000000000089e-01 2.929951889514989460e+01
3.860000000000000098e-01 2.923776210392784236e+01
3.870000000000000107e-01 2.917558061321711804e+01
3.880000000000000115e-01 2.911297527896875081e+01
3.890000000000000124e-01 2.904994695316834097e+01
3.900000000000000133e-01 2.898649648386498257e+01
3.910000000000000142e-01 2.892262471519956790e+01
3.920000000000000151e-01 2.885833248743296764e+01
3.930000000000000160e-01 2.879362063697391250e+01
3.940000000000000169e-01 2.872848999640678258e+01
3.950000000000000178e-01 2.866294139451879275e+01
3.960000000000000187e-01 2.859697565632711402e+01
3.970000000000000195e-01 2.853059360310578185e+01
3.980000000000000204e-01 2.846379605241222066e+01
3.990000000000000213e-01 2.839658381811358367e+01
4.000000000000000222e-01 2.832895771041268063e+01
4.010000000000000231e-01 2.826091853587406177e+01
4.020000000000000240e-01 2.819246709744931678e+01
4.030000000000000249e-01 2.812360419450262583e+01
4.040000000000000258e-01 2.805433062283550427e+01
4.050000000000000266e-01 2.798464717471210861e+01
4.060000000000000275e-01 2.791455463888348021e+01
4.070000000000000284e-01 2.784405380061198088e+01
4.080000000000000293e-01 2.777314544169562183e+01
4.090000000000000302e-01 2.770183034049178517e+01
4.100000000000000311e-01 2.763010927194105903e+01
4.110000000000000320e-01 2.755798300759058606e+01
4.120000000000000329e-01 2.748545231561728031e+01
4.130000000000000338e-01 2.741251796085110826e+01
4.140000000000000346e-01 2.733918070479774798e+01
4.150000000000000355e-01 2.726544130566112401e+01
4.160000000000000364e-01 2.719130051836604878e+01
4.169999999999999818e-01 2.711675909458008604e+01
4.179999999999999827e-01 2.704181778273584058e+01
4.189999999999999836e-01 2.696647732805259778e+01
4.199999999999999845e-01 2.689073847255804850e+01
4.209999999999999853e-01 2.681460195510945255e+01
4.219999999999999862e-01 2.673806851141507934e+01
4.229999999999999871e-01 2.666113887405511562e+01
4.239999999999999880e-01 2.658381377250240263e+01
4.249999999999999889e-01 2.650609393314318041e+01
4.259999999999999898e-01 2.642798007929746973e+01
4.269999999999999907e-01 2.634947293123942202e+01
4.279999999999999916e-01 2.627057320621729986e+01
4.289999999999999925e-01 2.619128161847338987e+01
4.299999999999999933e-01 2.611159887926366352e+01
4.309999999999999942e-01 2.603152569687758700e+01
4.319999999999999951e-01 2.595106277665708205e+01
4.329999999999999960e-01 2.587021082101601266e+01
4.339999999999999969e-01 2.578897052945923818e+01
4.349999999999999978e-01 2.570734259860125093e+01
4.359999999999999987e-01 2.562532772218502330e+01
4.369999999999999996e-01 2.554292659110053521e+01
4.380000000000000004e-01 2.546013989340318417e+01
4.390000000000000013e-01 2.537696831433177636e+01
4.400000000000000022e-01 2.529341253632678388e+01
4.410000000000000031e-01 2.520947323904818305e+01
4.420000000000000040e-01 2.512515109939320013e+01
4.430000000000000049e-01 2.504044679151389374e+01
4.440000000000000058e-01 2.495536098683445658e+01
4.450000000000000067e-01 2.486989435406873383e+01
4.460000000000000075e-01 2.478404755923723712e+01
4.470000000000000084e-01 2.469782126568387426e+01
4.480000000000000093e-01 2.461121613409332554e+01
4.490000000000000102e-01 2.452423282250725123e+01
4.500000000000000111e-01 2.443687198634116342e+01
4.510000000000000120e-01 2.434913427840066191e+01
4.520000000000000129e-01 2.426102034889765946e+01
4.530000000000000138e-01 2.417253084546674202e+01
4.540000000000000147e-01 2.408366641318093215e+01
4.550000000000000155e-01 2.399442769456771885e+01
4.560000000000000164e-01 2.390481532962467881e+01
4.570000000000000173e-01 2.381482995583513329e+01
4.580000000000000182e-01 2.372447220818362013e+01
4.590000000000000191e-01 2.363374271917114555e+01
4.600000000000000200e-01 2.354264211883052482e+01
4.610000000000000209e-01 2.345117103474139242e+01
4.620000000000000218e-01 2.335933009204498489e+01
4.630000000000000226e-01 2.326711991345940689e+01
4.640000000000000235e-01 2.317454111929400895e+01
4.650000000000000244e-01 2.308159432746391815e+01
4.660000000000000253e-01 2.298828015350476761e+01
4.670000000000000262e-01 2.289459921058701042e+01
4.680000000000000271e-01 2.280055210952987821e+01
4.690000000000000280e-01 2.270613945881571993e+01
4.700000000000000289e-01 2.261136186460409547e+01
4.710000000000000298e-01 2.251621993074540384e+01
4.720000000000000306e-01 2.242071425879492352e+01
4.730000000000000315e-01 2.232484544802623816e+01
4.740000000000000324e-01 2.222861409544484701e+01
4.750000000000000333e-01 2.213202079580182868e+01
4.760000000000000342e-01 2.203506614160689736e+01
4.770000000000000351e-01 2.193775072314159758e+01
4.780000000000000360e-01 2.184007512847291821e+01
4.790000000000000369e-01 2.174203994346558488e+01
4.799999999999999822e-01 2.164364575179557093e+01
4.809999999999999831e-01 2.154489313496259939e+01
4.819999999999999840e-01 2.144578267230297541e+01
4.829999999999999849e-01 2.134631494100201721e+01
4.839999999999999858e-01 2.124649051610684225e+01
4.849999999999999867e-01 2.114630997053862060e+01
4.859999999999999876e-01 2.104577387510475006e+01
4.869999999999999885e-01 2.094488279851139012e+01
4.879999999999999893e-01 2.084363730737525344e+01
4.889999999999999902e-01 2.074203796623586982e+01
4.899999999999999911e-01 2.064008533756731012e+01
4.909999999999999920e-01 2.053777998179026909e+01
4.919999999999999929e-01 2.043512245728365073e+01
4.929999999999999938e-01 2.033211332039614661e+01
4.939999999999999947e-01 2.022875312545791360e+01
4.949999999999999956e-01 2.012504242479209182e+01
4.959999999999999964e-01 2.002098176872612711e+01
4.969999999999999973e-01 1.991657170560297629e+01
4.979999999999999982e-01 1.981181278179241545e+01
4.989999999999999991e-01 1.970670554170217059e+01
5.000000000000000000e-01 1.960125052778900567e+01
5.010000000000000009e-01 1.949544828056948376e+01
5.020000000000000018e-01 1.938929933863104793e+01
5.030000000000000027e-01 1.928280423864255511e+01
5.040000000000000036e-01 1.917596351536540311e+01
5.050000000000000044e-01 1.906877770166362041e+01
5.060000000000000053e-01 1.896124732851487238e+01
5.070000000000000062e-01 1.885337292502063633e+01
5.080000000000000071e-01 1.874515501841675658e+01
5.090000000000000080e-01 1.863659413408358034e+01
5.100000000000000089e-01 1.852769079555638854e+01
5.110000000000000098e-01 1.841844552453532202e+01
5.120000000000000107e-01 1.830885884089574489e+01
5.130000000000000115e-01 1.819893126269798955e+01
5.140000000000000124e-01 1.808866330619725105e+01
5.150000000000000133e-01 1.797805548585380109e+01
5.160000000000000142e-01 1.786710831434232460e+01
5.170000000000000151e-01 1.775582230256205918e+01
5.180000000000000160e-01 1.764419795964592907e+01
5.190000000000000169e-01 1.753223579297061008e+01
5.200000000000000178e-01 1.741993630816568839e+01
5.210000000000000187e-01 1.730730000912326716e+01
5.220000000000000195e-01 1.719432739800713605e+01
5.230000000000000204e-01 1.708101897526229607e+01
5.240000000000000213e-01 1.696737523962400118e+01
5.250000000000000222e-01 1.685339668812693148e+01
5.260000000000000231e-01 1.673908381611439466e+01
5.270000000000000240e-01 1.662443711724721140e+01
5.280000000000000249e-01 1.650945708351268593e+01
5.290000000000000258e-01 1.639414420523353044e+01
5.300000000000000266e-01 1.627849897107683574e+01
5.310000000000000275e-01 1.616252186806248758e+01
5.320000000000000284e-01 1.604621338157211952e+01
5.330000000000000293e-01 1.592957399535777441e+01
5.340000000000000302e-01 1.581260419155035812e+01
5.350000000000000311e-01 1.569530445066808433e+01
5.360000000000000320e-01 1.557767525162515732e+01
5.370000000000000329e-01 1.545971707173997167e+01
5.380000000000000338e-01 1.534143038674355530e+01
5.390000000000000346e-01 1.522281567078769449e+01
5.400000000000000355e-01 1.510387339645341420e+01
5.410000000000000364e-01 1.498460403475892377e+01
5.420000000000000373e-01 1.486500805516753587e+01
5.430000000000000382e-01 1.474508592559627118e+01
5.440000000000000391e-01 1.462483811242320719e+01
5.450000000000000400e-01 1.450426508049595142e+01
5.460000000000000409e-01 1.438336729313918205e+01
5.470000000000000417e-01 1.426214521216241060e+01
5.480000000000000426e-01 1.414059929786802172e+01
5.490000000000000435e-01 1.401873000905892219e+01
5.500000000000000444e-01 1.389653780304596964e+01
5.510000000000000453e-01 1.377402313565575298e+01
5.520000000000000462e-01 1.365118646123817214e+01
5.530000000000000471e-01 1.352802823267391474e+01
5.540000000000000480e-01 1.340454890138165389e+01
5.550000000000000488e-01 1.328074891732598672e+01
5.560000000000000497e-01 1.315662872902411173e+01
5.570000000000000506e-01 1.303218878355377441e+01
5.580000000000000515e-01 1.290742952655989484e+01
5.590000000000000524e-01 1.278235140226227706e+01
5.600000000000000533e-01 1.265695485346241966e+01
5.610000000000000542e-01 1.253124032155088052e+01
5.620000000000000551e-01 1.240520824651392395e+01
5.630000000000000560e-01 1.227885906694099738e+01
5.640000000000000568e-01 1.215219322003131985e+01
5.650000000000000577e-01 1.202521114160109228e+01
5.660000000000000586e-01 1.189791326608984257e+01
5.670000000000000595e-01 1.177030002656810126e+01
5.680000000000000604e-01 1.164237185474318359e+01
5.690000000000000613e-01 1.151412918096657201e+01
5.700000000000000622e-01 1.138557243424039278e+01
5.710000000000000631e-01 1.125670204222417681e+01
5.720000000000000639e-01 1.112751843124087436e+01
5.730000000000000648e-01 1.099802202628447390e+01
5.740000000000000657e-01 1.086821325102539326e+01
5.750000000000000666e-01 1.073809252781765089e+01
5.760000000000000675e-01 1.060766027770488229e+01
5.769999999999999574e-01 1.047691692042710443e+01
5.779999999999999583e-01 1.034586287442658481e+01
5.789999999999999591e-01 1.021449855685442110e+01
5.799999999999999600e-01 1.008282438357680455e+01
5.809999999999999609e-01 9.950840769181056089e+00
5.819999999999999618e-01 9.818548126981925250e+00
5.829999999999999627e-01 9.685946869027644013e+00
5.839999999999999636e-01 9.553037406105998386e+00
5.849999999999999645e-01 9.419820147750479933e+00
5.859999999999999654e-01 9.286295502246156630e+00
5.869999999999999662e-01 9.152463876635700046e+00
5.879999999999999671e-01 9.018325676725257978e+00
5.889999999999999680e-01 8.883881307090598867e+00
5.899999999999999689e-01 8.749131171082584757e+00
5.909999999999999698e-01 8.614075670833045706e+00
5.919999999999999707e-01 8.478715207260922426e+00
5.929999999999999716e-01 8.343050180077513645e+00
5.939999999999999725e-01 8.207080987792588544e+00
5.949999999999999734e-01 8.070808027719724720e+00
5.959999999999999742e-01 7.934231695982088439e+00
5.969999999999999751e-01 7.797352387518234451e+00
5.979999999999999760e-01 7.660170496087085112e+00
5.989999999999999769e-01 7.522686414274023292e+00
5.999999999999999778e-01 7.384900533496209007e+00
6.009999999999999787e-01 7.246813244007929811e+00
6.019999999999999796e-01 7.108424934905821502e+00
6.029999999999999805e-01 6.969735994134888202e+00
6.039999999999999813e-01 6.830746808493326938e+00
6.049999999999999822e-01 6.691457763637767897e+00
6.059999999999999831e-01 6.551869244089045807e+00
6.069999999999999840e-01 6.411981633237004985e+00
6.079999999999999849e-01 6.271795313345810641e+00
6.089999999999999858e-01 6.131310665559487560e+00
6.099999999999999867e-01 5.990528069906336128e+00
6.109999999999999876e-01 5.849447905304812068e+00
6.119999999999999885e-01 5.708070549568100560e+00
6.129999999999999893e-01 5.566396379409500383e+00
6.139999999999999902e-01 5.424425770447223627e+00
6.149999999999999911e-01 5.282159097209264687e+00
6.159999999999999920e-01 5.139596733138892759e+00
6.169999999999999929e-01 4.996739050599053655e+00
6.179999999999999938e-01 4.853586420877421759e+00
6.189999999999999947e-01 4.710139214191375601e+00
6.199999999999999956e-01 4.566397799692685666e+00
6.209999999999999964e-01 4.422362545472518391e+00
6.219999999999999973e-01 4.278033818565887714e+00
6.229999999999999982e-01 4.133411984956939733e+00
6.239999999999999991e-01 3.988497409582958397e+00
6.250000000000000000e-01 3.843290456339703454e+00
6.260000000000000009e-01 3.697791488085819367e+00
6.270000000000000018e-01 3.552000866647148314e+00
6.280000000000000027e-01 3.405918952822055701e+00
6.290000000000000036e-01 3.259546106385391440e+00
6.300000000000000044e-01 3.112882686093259466e+00
6.310000000000000053e-01 2.965929049687604291e+00
6.320000000000000062e-01 2.818685553900523999e+00
6.330000000000000071e-01 2.671152554458803507e+00
6.340000000000000080e-01 2.523330406088790667e+00
6.350000000000000089e-01 2.375219462519975622e+00
6.360000000000000098e-01 2.226820076490028555e+00
6.370000000000000107e-01 2.078132599748954590e+00
6.380000000000000115e-01 1.929157383063397901e+00
6.390000000000000124e-01 1.779894776220956487e+00
6.400000000000000133e-01 1.630345128034724311e+00
6.410000000000000142e-01 1.480508786346977246e+00
6.420000000000000151e-01 1.330386098034002984e+00
6.430000000000000160e-01 1.179977409009961065e+00
6.440000000000000169e-01 1.029283064231254485e+00
6.450000000000000178e-01 8.783034077005638096e-01
6.460000000000000187e-01 7.270387824710518032e-01
6.470000000000000195e-01 5.754895306502749719e-01
6.480000000000000204e-01 4.236559934046297826e-01
6.490000000000000213e-01 2.715385109630954474e-01
6.500000000000000222e-01 1.191374226216073140e-01
6.510000000000000231e-01 -3.354693325341351340e-02
6.520000000000000240e-01 -1.865142192206814542e-01
6.530000000000000249e-01 -3.397640987601793228e-01
6.540000000000000258e-01 -4.932962362690762603e-01
6.550000000000000266e-01 -6.471102970582940372e-01
6.560000000000000275e-01 -8.012059473479720140e-01
6.570000000000000284e-01 -9.555828542639890344e-01
6.580000000000000293e-01 -1.110240685834156693e+00
6.590000000000000302e-01 -1.265179110984055555e+00
6.600000000000000311e-01 -1.420397799533343886e+00
6.610000000000000320e-01 -1.575896422192336388e+00
6.620000000000000329e-01 -1.731674650557625483e+00
6.630000000000000338e-01 -1.887732157108994002e+00
6.640000000000000346e-01 -2.044068615205048900e+00
6.650000000000000355e-01 -2.200683699079956313e+00
6.660000000000000364e-01 -2.357577083839627718e+00
6.670000000000000373e-01 -2.514748445458023340e+00
6.680000000000000382e-01 -2.672197460773672262e+00
6.690000000000000391e-01 -2.829923807485794640e+00
6.700000000000000400e-01 -2.987927164150937287e+00
6.710000000000000409e-01 -3.146207210179266411e+00
6.720000000000000417e-01 -3.304763625831210305e+00
6.730000000000000426e-01 -3.463596092213512279e+00
6.740000000000000435e-01 -3.622704291276104271e+00
6.750000000000000444e-01 -3.782087905808618089e+00
6.760000000000000453e-01 -3.941746619436507615e+00
6.770000000000000462e-01 -4.101680116618195981e+00
6.780000000000000471e-01 -4.261888082640963304e+00
6.790000000000000480e-01 -4.422370203617978390e+00
6.800000000000000488e-01 -4.583126166484877473e+00
6.810000000000000497e-01 -4.744155658996326963e+00
6.820000000000000506e-01 -4.905458369722374812e+00
6.830000000000000515e-01 -5.067033988045764659e+00
6.840000000000000524e-01 -5.228882204157816460e+00
6.850000000000000533e-01 -5.391002709055747744e+00
6.860000000000000542e-01 -5.553395194539184843e+00
6.870000000000000551e-01 -5.716059353206720317e+00
6.880000000000000560e-01 -5.878994878452962425e+00
6.890000000000000568e-01 -6.042201464465135174e+00
6.900000000000000577e-01 -6.205678806219726340e+00
6.910000000000000586e-01 -6.369426599479666606e+00
6.920000000000000595e-01 -6.533444540790846133e+00
6.930000000000000604e-01 -6.697732327478972181e+00
6.940000000000000613e-01 -6.862289657646691410e+00
6.950000000000000622e-01 -7.027116230169999866e+00
6.960000000000000631e-01 -7.192211744695592657e+00
6.970000000000000639e-01 -7.357575901637501303e+00
6.980000000000000648e-01 -7.523208402174274667e+00
6.990000000000000657e-01 -7.689108948245429787e+00
7.000000000000000666e-01 -7.855277242548929451e+00
7.010000000000000675e-01 -8.021712988537974098e+00
7.020000000000000684e-01 -8.188415890417850562e+00
7.030000000000000693e-01 -8.355385653143175162e+00
7.039999999999999591e-01 -8.522621982414630537e+00
7.049999999999999600e-01 -8.690124584676480524e+00
7.059999999999999609e-01 -8.857893167112990795e+00
7.069999999999999618e-01 -9.025927437646044993e+00
7.079999999999999627e-01 -9.194227104931881556e+00
7.089999999999999636e-01 -9.362791878358521558e+00
7.099999999999999645e-01 -9.531621468042420275e+00
7.109999999999999654e-01 -9.700715584826015814e+00
7.119999999999999662e-01 -9.870073940275009505e+00
7.129999999999999671e-01 -1.003969624667477234e+01
7.139999999999999680e-01 -1.020958221702836610e+01
7.149999999999999689e-01 -1.037973156505322336e+01
7.159999999999999698e-01 -1.055014400517861617e+01
7.169999999999999707e-01 -1.072081925254266643e+01
7.179999999999999716e-01 -1.089175702298992299e+01
7.189999999999999725e-01 -1.106295703306810019e+01
7.199999999999999734e-01 -1.123441900002592675e+01
7.209999999999999742e-01 -1.140614264181000159e+01
7.219999999999999751e-01 -1.157812767706219148e+01
7.229999999999999760e-01 -1.175037382511698425e+01
7.239999999999999769e-01 -1.192288080599895927e+01
7.249999999999999778e-01 -1.209564834041990800e+01
7.259999999999999787e-01 -1.226867614977618004e+01
7.269999999999999796e-01 -1.244196395614626383e+01
7.279999999999999805e-01 -1.261551148228791241e+01
7.289999999999999813e-01 -1.278931845163570813e+01
7.299999999999999822e-01 -1.296338458829848506e+01
7.309999999999999831e-01 -1.313770961705666629e+01
7.319999999999999840e-01 -1.331229326335967222e+01
7.329999999999999849e-01 -1.348713525332337504e+01
7.339999999999999858e-01 -1.366223531372769173e+01
7.349999999999999867e-01 -1.383759317201413630e+01
7.359999999999999876e-01 -1.401320855628284257e+01
7.369999999999999885e-01 -1.418908119529046807e+01
7.379999999999999893e-01 -1.436521081844771608e+01
7.389999999999999902e-01 -1.454159715581656975e+01
7.399999999999999911e-01 -1.471823993810814457e+01
7.409999999999999920e-01 -1.489513889668020319e+01
7.419999999999999929e-01 -1.507229376353439143e+01
7.429999999999999938e-01 -1.524970427131425943e+01
7.439999999999999947e-01 -1.542737015330255979e+01
7.449999999999999956e-01 -1.560529114341885482e+01
7.459999999999999964e-01 -1.578346697621744887e+01
7.469999999999999973e-01 -1.596189738688443782e+01
7.479999999999999982e-01 -1.614058211123613518e+01
7.489999999999999991e-01 -1.631952088571578940e+01
7.500000000000000000e-01 -1.649871344739199230e+01
7.510000000000000009e-01 -1.667815953395616546e+01
7.520000000000000018e-01 -1.685785888372004138e+01
7.530000000000000027e-01 -1.703781123561341104e+01
7.540000000000000036e-01 -1.721801632918216285e+01
7.550000000000000044e-01 -1.739847390458549015e+01
7.560000000000000053e-01 -1.757918370259415042e+01
7.570000000000000062e-01 -1.776014546458763022e+01
7.580000000000000071e-01 -1.794135893255256775e+01
7.590000000000000080e-01 -1.812282384907992494e+01
7.600000000000000089e-01 -1.830453995736323236e+01
7.610000000000000098e-01 -1.848650700119580392e+01
7.620000000000000107e-01 -1.866872472496918434e+01
7.630000000000000115e-01 -1.885119287367067997e+01
7.640000000000000124e-01 -1.903391119288095013e+01
7.650000000000000133e-01 -1.921687942877218447e+01
7.660000000000000142e-01 -1.940009732810577958e+01
7.670000000000000151e-01 -1.958356463823043470e+01
7.680000000000000160e-01 -1.976728110707939834e+01
7.690000000000000169e-01 -1.995124648316915028e+01
7.700000000000000178e-01 -2.013546051559664107e+01
7.710000000000000187e-01 -2.031992295403740911e+01
7.720000000000000195e-01 -2.050463354874401745e+01
7.730000000000000204e-01 -2.068959205054272132e+01
7.740000000000000213e-01 -2.087479821083268661e+01
7.750000000000000222e-01 -2.106025178158319733e+01
7.760000000000000231e-01 -2.124595251533173723e+01
7.770000000000000240e-01 -2.143190016518217789e+01
7.780000000000000249e-01 -2.161809448480250140e+01
7.790000000000000258e-01 -2.180453522842276470e+01
7.800000000000000266e-01 -2.199122215083318821e+01
7.810000000000000275e-01 -2.217815500738219470e+01
7.820000000000000284e-01 -2.236533355397433098e+01
7.830000000000000293e-01 -2.255275754706840274e+01
7.840000000000000302e-01 -2.274042674367507288e+01
7.850000000000000311e-01 -2.292834090135569625e+01
7.860000000000000320e-01 -2.311649977821962310e+01
7.870000000000000329e-01 -2.330490313292250804e+01
7.880000000000000338e-01 -2.349355072466445193e+01
7.890000000000000346e-01 -2.368244231318805504e+01
7.900000000000000355e-01 -2.387157765877654469e+01
7.910000000000000364e-01 -2.406095652225151227e+01
7.920000000000000373e-01 -2.425057866497160219e+01
7.930000000000000382e-01 -2.444044384883029508e+01
7.940000000000000391e-01 -2.463055183625353095e+01
7.950000000000000400e-01 -2.482090239019907330e+01
7.960000000000000409e-01 -2.501149527415338980e+01
7.970000000000000417e-01 -2.520233025213058298e+01
7.980000000000000426e-01 -2.539340708867026564e+01
7.990000000000000435e-01 -2.558472554883563532e+01
8.000000000000000444e-01 -2.577628539821191112e+01
8.010000000000000453e-01 -2.596808640290412740e+01
8.020000000000000462e-01 -2.616012832953591882e+01
8.030000000000000471e-01 -2.635241094524711158e+01
8.040000000000000480e-01 -2.654493401769214245e+01
8.050000000000000488e-01 -2.673769731503851688e+01
8.060000000000000497e-01 -2.693070060596465254e+01
8.070000000000000506e-01 -2.712394365965834098e+01
8.080000000000000515e-01 -2.731742624581503520e+01
8.090000000000000524e-01 -2.751114813463581044e+01
8.100000000000000533e-01 -2.770510909682587553e+01
8.110000000000000542e-01 -2.789930890359287474e+01
8.120000000000000551e-01 -2.809374732664494090e+01
8.130000000000000560e-01 -2.828842413818922452e+01
8.140000000000000568e-01 -2.848333911092977999e+01
8.150000000000000577e-01 -2.867849201806638249e+01
8.160000000000000586e-01 -2.887388263329256688e+01
8.170000000000000595e-01 -2.906951073079382653e+01
8.180000000000000604e-01 -2.926537608524612466e+01
8.190000000000000613e-01 -2.946147847181429924e+01
8.200000000000000622e-01 -2.965781766615006276e+01
8.210000000000000631e-01 -2.985439344439070197e+01
8.220000000000000639e-01 -3.005120558315707413e+01
8.230000000000000648e-01 -3.024825385955252344e+01
8.240000000000000657e-01 -3.044553805116049006e+01
8.250000000000000666e-01 -3.064305793604365391e+01
8.260000000000000675e-01 -3.084081329274165384e+01
8.270000000000000684e-01 -3.103880390026976599e+01
8.280000000000000693e-01 -3.123702953811772431e+01
8.290000000000000702e-01 -3.143548998624736157e+01
8.300000000000000711e-01 -3.163418502509130548e+01
8.310000000000000719e-01 -3.183311443555172104e+01
8.320000000000000728e-01 -3.203227799899826778e+01
8.329999999999999627e-01 -3.223167549726686332e+01
8.339999999999999636e-01 -3.243130671265808473e+01
8.349999999999999645e-01 -3.263117142793533532e+01
8.359999999999999654e-01 -3.283126942632347323e+01
8.369999999999999662e-01 -3.303160049150761779e+01
8.379999999999999671e-01 -3.323216440763103208e+01
8.389999999999999680e-01 -3.343296095929386524e+01
8.399999999999999689e-01 -3.363398993155176697e+01
8.409999999999999698e-01 -3.383525110991421059e+01
8.419999999999999707e-01 -3.403674428034294408e+01
8.429999999999999716e-01 -3.423846922925064007e+01
8.439999999999999725e-01 -3.444042574349933261e+01
8.449999999999999734e-01 -3.464261361039893927e+01
8.459999999999999742e-01 -3.484503261770581162e+01
8.469999999999999751e-01 -3.504768255362115781e+01
8.479999999999999760e-01 -3.525056320678972099e+01
8.489999999999999769e-01 -3.545367436629838664e+01
8.499999999999999778e-01 -3.565701582167425698e+01
8.509999999999999787e-01 -3.586058736288401860e+01
8.519999999999999796e-01 -3.606438878033158346e+01
8.529999999999999805e-01 -3.626841986485747782e+01
8.539999999999999813e-01 -3.647268040773680298e+01
8.549999999999999822e-01 -3.667717020067834000e+01
8.559999999999999831e-01 -3.688188903582258149e+01
8.569999999999999840e-01 -3.708683670574066582e+01
8.579999999999999849e-01 -3.729201300343326864e+01
8.589999999999999858e-01 -3.749741772232825099e+01
8.599999999999999867e-01 -3.770305065628051011e+01
8.609999999999999876e-01 -3.790891159956960621e+01
8.619999999999999885e-01 -3.811500034689876770e+01
8.629999999999999893e-01 -3.832131669339354119e+01
8.639999999999999902e-01 -3.852786043460069720e+01
8.649999999999999911e-01 -3.873463136648608440e+01
8.659999999999999920e-01 -3.894162928543407531e+01
8.669999999999999929e-01 -3.914885398824579710e+01
8.679999999999999938e-01 -3.935630527213794494e+01
8.689999999999999947e-01 -3.956398293474144623e+01
8.699999999999999956e-01 -3.977188677410005369e+01
8.709999999999999964e-01 -3.998001658866898822e+01
8.719999999999999973e-01 -4.018837217731385181e+01
8.729999999999999982e-01 -4.039695333930912824e+01
8.739999999999999991e-01 -4.060575987433684020e+01
8.750000000000000000e-01 -4.081479158248542660e+01
8.760000000000000009e-01 -4.102404826424820783e+01
8.770000000000000018e-01 -4.123352972052232701e+01
8.780000000000000027e-01 -4.144323575260759895e+01
8.790000000000000036e-01 -4.165316616220462009e+01
8.800000000000000044e-01 -4.186332075141414322e+01
8.810000000000000053e-01 -4.207369932273550006e+01
8.820000000000000062e-01 -4.228430167906536497e+01
8.830000000000000071e-01 -4.249512762369657537e+01
8.840000000000000080e-01 -4.270617696031688837e+01
8.850000000000000089e-01 -4.291744949300763778e+01
8.860000000000000098e-01 -4.312894502624251913e+01
8.870000000000000107e-01 -4.334066336488653803e+01
8.880000000000000115e-01 -4.355260431419439726e+01
8.890000000000000124e-01 -4.376476767980972227e+01
8.900000000000000133e-01 -4.397715326776351930e+01
8.910000000000000142e-01 -4.418976088447314510e+01
8.920000000000000151e-01 -4.440259033674090716e+01
8.930000000000000160e-01 -4.461564143175313291e+01
8.940000000000000169e-01 -4.482891397707884096e+01
8.950000000000000178e-01 -4.504240778066821349e+01
8.960000000000000187e-01 -4.525612265085219121e+01
8.970000000000000195e-01 -4.547005839634047675e+01
8.980000000000000204e-01 -4.568421482622080987e+01
8.990000000000000213e-01 -4.589859174995782354e+01
9.000000000000000222e-01 -4.611318897739150202e+01
9.010000000000000231e-01 -4.632800631873653430e+01
9.020000000000000240e-01 -4.654304358458067270e+01
9.030000000000000249e-01 -4.675830058588395843e+01
9.040000000000000258e-01 -4.697377713397723653e+01
9.050000000000000266e-01 -4.718947304056136716e+01
9.060000000000000275e-01 -4.740538811770581873e+01
9.070000000000000284e-01 -4.762152217784745289e+01
9.080000000000000293e-01 -4.783787503379002715e+01
9.090000000000000302e-01 -4.805444649870219820e+01
9.100000000000000311e-01 -4.827123638611701040e+01
9.110000000000000320e-01 -4.848824450993046753e+01
9.120000000000000329e-01 -4.870547068440063754e+01
9.130000000000000338e-01 -4.892291472414650855e+01
9.140000000000000346e-01 -4.914057644414664594e+01
9.150000000000000355e-01 -4.935845565973842497e+01
9.160000000000000364e-01 -4.957655218661683705e+01
9.170000000000000373e-01 -4.979486584083319656e+01
9.180000000000000382e-01 -5.001339643879441610e+01
9.190000000000000391e-01 -5.023214379726155698e+01
9.200000000000000400e-01 -5.045110773334927501e+01
9.210000000000000409e-01 -5.067028806452388068e+01
9.220000000000000417e-01 -5.088968460860327525e+01
9.230000000000000426e-01 -5.110929718375520281e+01
9.240000000000000435e-01 -5.132912560849666050e+01
9.250000000000000444e-01 -5.154916970169230694e+01
9.260000000000000453e-01 -5.176942928255367349e+01
9.270000000000000462e-01 -5.198990417063858160e+01
9.280000000000000471e-01 -5.221059418584921730e+01
9.290000000000000480e-01 -5.243149914843189663e+01
9.300000000000000488e-01 -5.265261887897545989e+01
9.310000000000000497e-01 -5.287395319841071739e+01
9.320000000000000506e-01 -5.309550192800890045e+01
9.330000000000000515e-01 -5.331726488938143405e+01
9.340000000000000524e-01 -5.353924190447786202e+01
9.350000000000000533e-01 -5.376143279558586130e+01
9.360000000000000542e-01 -5.398383738532925236e+01
9.370000000000000551e-01 -5.420645549666819818e+01
9.380000000000000560e-01 -5.442928695289711527e+01
9.390000000000000568e-01 -5.465233157764420469e+01
9.400000000000000577e-01 -5.487558919487034359e+01
9.410000000000000586e-01 -5.509905962886810471e+01
9.420000000000000595e-01 -5.532274270426080420e+01
9.430000000000000604e-01 -5.554663824600139321e+01
9.440000000000000613e-01 -5.577074607937203155e+01
9.450000000000000622e-01 -5.599506602998205551e+01
9.460000000000000631e-01 -5.621959792376830478e+01
9.470000000000000639e-01 -5.644434158699283444e+01
9.480000000000000648e-01 -5.666929684624318497e+01
9.490000000000000657e-01 -5.689446352843057753e+01
9.500000000000000666e-01 -5.711984146078930280e+01
9.510000000000000675e-01 -5.734543047087564105e+01
9.520000000000000684e-01 -5.757123038656742153e+01
9.530000000000000693e-01 -5.779724103606195484e+01
9.540000000000000702e-01 -5.802346224787655160e+01
9.550000000000000711e-01 -5.824989385084624871e+01
9.560000000000000719e-01 -5.847653567412390885e+01
9.570000000000000728e-01 -5.870338754717860752e+01
9.580000000000000737e-01 -5.893044929979515700e+01
9.590000000000000746e-01 -5.915772076207280605e+01
9.599999999999999645e-01 -5.938520176442466436e+01
9.609999999999999654e-01 -5.961289213757689254e+01
9.619999999999999662e-01 -5.984079171256693286e+01
9.629999999999999671e-01 -6.006890032074403507e+01
9.639999999999999680e-01 -6.029721779376676238e+01
9.649999999999999689e-01 -6.052574396360360964e+01
9.659999999999999698e-01 -6.075447866253093565e+01
9.669999999999999707e-01 -6.098342172313257947e+01
9.679999999999999716e-01 -6.121257297829909305e+01
9.689999999999999725e-01 -6.144193226122666118e+01
9.699999999999999734e-01 -6.167149940541625597e+01
9.709999999999999742e-01 -6.190127424467273443e+01
9.719999999999999751e-01 -6.213125661310398584e+01
9.729999999999999760e-01 -6.236144634512022833e+01
9.739999999999999769e-01 -6.259184327543261617e+01
9.749999999999999778e-01 -6.282244723905318295e+01
9.759999999999999787e-01 -6.305325807129352000e+01
9.769999999999999796e-01 -6.328427560776364658e+01
9.779999999999999805e-01 -6.351549968437183225e+01
9.789999999999999813e-01 -6.374693013732326108e+01
9.799999999999999822e-01 -6.397856680311925714e+01
9.809999999999999831e-01 -6.421040951855650292e+01
9.819999999999999840e-01 -6.444245812072634294e+01
9.829999999999999849e-01 -6.467471244701387434e+01
9.839999999999999858e-01 -6.490717233509660389e+01
9.849999999999999867e-01 -6.513983762294458302e+01
9.859999999999999876e-01 -6.537270814881878778e+01
9.869999999999999885e-01 -6.560578375127079198e+01
9.879999999999999893e-01 -6.583906426914150245e+01
9.889999999999999902e-01 -6.607254954156073268e+01
9.899999999999999911e-01 -6.630623940794622229e+01
9.909999999999999920e-01 -6.654013370800277016e+01
9.919999999999999929e-01 -6.677423228172159497e+01
9.929999999999999938e-01 -6.700853496937929776e+01
9.939999999999999947e-01 -6.724304161153744985e+01
9.949999999999999956e-01 -6.747775204904142754e+01
9.959999999999999964e-01 -6.771266612301953103e+01
9.969999999999999973e-01 -6.794778367488271442e+01
9.979999999999999982e-01 -6.818310454632316464e+01
9.989999999999999991e-01 -6.841862857931440089e+01
1.000000000000000000e+00 -6.865435561610932780e+01
