0.000000000000000000e+00 0.000000000000000000e+00
1.000000000000000021e-03 7.133373466360458659e-01
2.000000000000000042e-03 1.234777477402459800e+00
3.000000000000000062e-03 1.705527974914595957e+00
4.000000000000000083e-03 2.145699610577429528e+00
5.000000000000000104e-03 2.563985952675128743e+00
6.000000000000000125e-03 2.965219092588117000e+00
7.000000000000000146e-03 3.352464332759308441e+00
8.000000000000000167e-03 3.727834631750594152e+00
9.000000000000001055e-03 4.092872547069609901e+00
1.000000000000000021e-02 4.448752702230978073e+00
1.099999999999999936e-02 4.796398910252606562e+00
1.200000000000000025e-02 5.136556532741873404e+00
1.300000000000000114e-02 5.469839543545316651e+00
1.400000000000000029e-02 5.796762434366327987e+00
1.499999999999999944e-02 6.117762594725392411e+00
1.600000000000000033e-02 6.433216465452290755e+00
1.700000000000000122e-02 6.743451485046904281e+00
1.800000000000000211e-02 7.048755111682331709e+00
1.899999999999999953e-02 7.349381762109715055e+00
2.000000000000000042e-02 7.645558234635233319e+00
2.100000000000000130e-02 7.937488007923011679e+00
2.199999999999999872e-02 8.225354692066131790e+00
2.299999999999999961e-02 8.509324830748830948e+00
2.400000000000000050e-02 8.789550199959123233e+00
2.500000000000000139e-02 9.066169711319712832e+00
2.600000000000000228e-02 9.339311001452424321e+00
2.699999999999999969e-02 9.609091769495313073e+00
2.800000000000000058e-02 9.875620910722059165e+00
2.900000000000000147e-02 1.013899948367200565e+01
2.999999999999999889e-02 1.039932154026327638e+01
3.099999999999999978e-02 1.065667484232021778e+01
3.200000000000000067e-02 1.091114148330108868e+01
3.300000000000000155e-02 1.116279843040544151e+01
3.400000000000000244e-02 1.141171799941633402e+01
3.500000000000000333e-02 1.165796827240222733e+01
3.600000000000000422e-02 1.190161346662888953e+01
3.699999999999999817e-02 1.214271426160925316e+01
3.799999999999999906e-02 1.238132809007158563e+01
3.899999999999999994e-02 1.261750939769444813e+01
4.000000000000000083e-02 1.285130987569548289e+01
4.100000000000000172e-02 1.308277866973576486e+01
4.200000000000000261e-02 1.331196256808463474e+01
4.300000000000000350e-02 1.353890617156126730e+01
4.399999999999999745e-02 1.376365204741127357e+01
4.499999999999999833e-02 1.398624086897697616e+01
4.599999999999999922e-02 1.420671154276758053e+01
4.700000000000000011e-02 1.442510132432225056e+01
4.800000000000000100e-02 1.464144592407817669e+01
4.900000000000000189e-02 1.485577960430162925e+01
5.000000000000000278e-02 1.506813526800815772e+01
5.100000000000000366e-02 1.527854454068540235e+01
5.200000000000000455e-02 1.548703784553437224e+01
5.299999999999999850e-02 1.569364447286156050e+01
5.399999999999999939e-02 1.589839264418125886e+01
5.500000000000000028e-02 1.610130957152449938e+01
5.600000000000000117e-02 1.630242151239609782e+01
5.700000000000000205e-02 1.650175382077329544e+01
5.800000000000000294e-02 1.669933099449742642e+01
5.900000000000000383e-02 1.689517671937326071e+01
5.999999999999999778e-02 1.708931391025821611e+01
6.099999999999999867e-02 1.728176474939512985e+01
6.199999999999999956e-02 1.747255072221676642e+01
6.300000000000000044e-02 1.766169265082823614e+01
6.400000000000000133e-02 1.784921072535330566e+01
6.500000000000000222e-02 1.803512453331313736e+01
6.600000000000000311e-02 1.821945308719018897e+01
6.700000000000000400e-02 1.840221485031594639e+01
6.800000000000000488e-02 1.858342776120865025e+01
6.900000000000000577e-02 1.876310925647588945e+01
7.000000000000000666e-02 1.894127629238689181e+01
7.100000000000000755e-02 1.911794536521021115e+01
7.200000000000000844e-02 1.929313253040435328e+01
7.299999999999999545e-02 1.946685342074156821e+01
7.399999999999999634e-02 1.963912326343833215e+01
7.499999999999999722e-02 1.980995689635997792e+01
7.599999999999999811e-02 1.997936878336168931e+01
7.699999999999999900e-02 2.014737302882286940e+01
7.799999999999999989e-02 2.031398339142746678e+01
7.900000000000000078e-02 2.047921329723909167e+01
8.000000000000000167e-02 2.064307585211540541e+01
8.100000000000000255e-02 2.080558385350354200e+01
8.200000000000000344e-02 2.096674980165469648e+01
8.300000000000000433e-02 2.112658591029364175e+01
8.400000000000000522e-02 2.128510411677588365e+01
8.500000000000000611e-02 2.144231609176318187e+01
8.600000000000000699e-02 2.159823324844588655e+01
8.700000000000000788e-02 2.175286675133830272e+01
8.799999999999999489e-02 2.190622752467191958e+01
8.899999999999999578e-02 2.205832626040918854e+01
8.999999999999999667e-02 2.220917342589932275e+01
9.099999999999999756e-02 2.235877927119597430e+01
9.199999999999999845e-02 2.250715383605540509e+01
9.299999999999999933e-02 2.265430695663254212e+01
9.400000000000000022e-02 2.280024827189112813e+01
9.500000000000000111e-02 2.294498722974319094e+01
9.600000000000000200e-02 2.308853309293211709e+01
9.700000000000000289e-02 2.323089494467260607e+01
9.800000000000000377e-02 2.337208169406012459e+01
9.900000000000000466e-02 2.351210208126146384e+01
1.000000000000000056e-01 2.365096468249764072e+01
1.010000000000000064e-01 2.378867791482931437e+01
1.020000000000000073e-01 2.392525004075464778e+01
1.030000000000000082e-01 2.406068917262861717e+01
1.040000000000000091e-01 2.419500327691260821e+01
1.049999999999999961e-01 2.432820017826229275e+01
1.059999999999999970e-01 2.446028756346151312e+01
1.069999999999999979e-01 2.459127298520946070e+01
1.079999999999999988e-01 2.472116386576787050e+01
1.089999999999999997e-01 2.484996750047487524e+01
1.100000000000000006e-01 2.497769106113138449e+01
1.110000000000000014e-01 2.510434159926599307e+01
1.120000000000000023e-01 2.522992604928364457e+01
1.130000000000000032e-01 2.535445123150339697e+01
1.140000000000000041e-01 2.547792385509014323e+01
1.150000000000000050e-01 2.560035052088475283e+01
1.160000000000000059e-01 2.572173772413729154e+01
1.170000000000000068e-01 2.584209185714724910e+01
1.180000000000000077e-01 2.596141921181486012e+01
1.190000000000000085e-01 2.607972598210723447e+01
1.199999999999999956e-01 2.619701826644281795e+01
1.209999999999999964e-01 2.631330206999757237e+01
1.219999999999999973e-01 2.642858330693617930e+01
1.229999999999999982e-01 2.654286780257121237e+01
1.239999999999999991e-01 2.665616129545318813e+01
1.250000000000000000e-01 2.676846943939438361e+01
1.260000000000000009e-01 2.687979780542888619e+01
1.270000000000000018e-01 2.699015188371157947e+01
1.280000000000000027e-01 2.709953708535818606e+01
1.290000000000000036e-01 2.720795874422898919e+01
1.300000000000000044e-01 2.731542211865806280e+01
1.310000000000000053e-01 2.742193239313037267e+01
1.320000000000000062e-01 2.752749467990850007e+01
1.330000000000000071e-01 2.763211402061102007e+01
1.340000000000000080e-01 2.773579538774431441e+01
1.350000000000000089e-01 2.783854368618946040e+01
1.360000000000000098e-01 2.794036375464594713e+01
1.370000000000000107e-01 2.804126036703374680e+01
1.380000000000000115e-01 2.814123823385522627e+01
1.390000000000000124e-01 2.824030200351836939e+01
1.400000000000000133e-01 2.833845626362271375e+01
1.410000000000000142e-01 2.843570554220923086e+01
1.420000000000000151e-01 2.853205430897550343e+01
1.430000000000000160e-01 2.862750697645741127e+01
1.440000000000000169e-01 2.872206790117837727e+01
1.449999999999999900e-01 2.881574138476742064e+01
1.459999999999999909e-01 2.890853167504702625e+01
1.469999999999999918e-01 2.900044296709177871e+01
1.479999999999999927e-01 2.909147940425891576e+01
1.489999999999999936e-01 2.918164507919157202e+01
1.499999999999999944e-01 2.927094403479571127e+01
1.509999999999999953e-01 2.935938026519154320e+01
1.519999999999999962e-01 2.944695771664040151e+01
1.529999999999999971e-01 2.953368028844769100e+01
1.539999999999999980e-01 2.961955183384279877e+01
1.549999999999999989e-01 2.970457616083669805e+01
1.559999999999999998e-01 2.978875703305795142e+01
1.570000000000000007e-01 2.987209817056769268e+01
1.580000000000000016e-01 2.995460325065446128e+01
1.590000000000000024e-01 3.003627590860930496e+01
1.600000000000000033e-01 3.011711973848187895e+01
1.610000000000000042e-01 3.019713829381811365e+01
1.620000000000000051e-01 3.027633508838001930e+01
1.630000000000000060e-01 3.035471359684809656e+01
1.640000000000000069e-01 3.043227725550698537e+01
1.650000000000000078e-01 3.050902946291483531e+01
1.660000000000000087e-01 3.058497358055679527e+01
1.670000000000000095e-01 3.066011293348318034e+01
1.680000000000000104e-01 3.073445081093276698e+01
1.690000000000000113e-01 3.080799046694158605e+01
1.700000000000000122e-01 3.088073512093779627e+01
1.710000000000000131e-01 3.095268795832270214e+01
1.720000000000000140e-01 3.102385213103882222e+01
1.730000000000000149e-01 3.109423075812481940e+01
1.740000000000000158e-01 3.116382692625816020e+01
1.750000000000000167e-01 3.123264369028556331e+01
1.759999999999999898e-01 3.130068407374153594e+01
1.769999999999999907e-01 3.136795106935569066e+01
1.779999999999999916e-01 3.143444763954861543e+01
1.789999999999999925e-01 3.150017671691716714e+01
1.799999999999999933e-01 3.156514120470911422e+01
1.809999999999999942e-01 3.162934397728746916e+01
1.819999999999999951e-01 3.169278788058492324e+01
1.829999999999999960e-01 3.175547573254861433e+01
1.839999999999999969e-01 3.181741032357527743e+01
1.849999999999999978e-01 3.187859441693746376e+01
1.859999999999999987e-01 3.193903074920053342e+01
1.869999999999999996e-01 3.199872203063116416e+01
1.880000000000000004e-01 3.205767094559725194e+01
1.890000000000000013e-01 3.211588015295958343e+01
1.900000000000000022e-01 3.217335228645542600e+01
1.910000000000000031e-01 3.223008995507439778e+01
1.920000000000000040e-01 3.228609574342655009e+01
1.930000000000000049e-01 3.234137221210313129e+01
1.940000000000000058e-01 3.239592189802995392e+01
1.950000000000000067e-01 3.244974731481395480e+01
1.960000000000000075e-01 3.250285095308248628e+01
1.970000000000000084e-01 3.255523528081631213e+01
1.980000000000000093e-01 3.260690274367564712e+01
1.990000000000000102e-01 3.265785576532016421e+01
2.000000000000000111e-01 3.270809674772249309e+01
2.010000000000000120e-01 3.275762807147584255e+01
2.020000000000000129e-01 3.280645209609553348e+01
2.030000000000000138e-01 3.285457116031492575e+01
2.040000000000000147e-01 3.290198758237545462e+01
2.050000000000000155e-01 3.294870366031146602e+01
2.060000000000000164e-01 3.299472167222934615e+01
2.070000000000000173e-01 3.304004387658171993e+01
2.080000000000000182e-01 3.308467251243621376e+01
2.089999999999999913e-01 3.312860979973946485e+01
2.099999999999999922e-01 3.317185793957611395e+01
2.109999999999999931e-01 3.321441911442310868e+01
2.119999999999999940e-01 3.325629548839917504e+01
2.129999999999999949e-01 3.329748920750997598e+01
2.139999999999999958e-01 3.333800239988858038e+01
2.149999999999999967e-01 3.337783717603182509e+01
2.159999999999999976e-01 3.341699562903215792e+01
2.169999999999999984e-01 3.345547983480562237e+01
2.179999999999999993e-01 3.349329185231548678e+01
2.190000000000000002e-01 3.353043372379215015e+01
2.200000000000000011e-01 3.356690747494902638e+01
2.210000000000000020e-01 3.360271511519471233e+01
2.220000000000000029e-01 3.363785863784133312e+01
2.230000000000000038e-01 3.367234002030945561e+01
2.240000000000000047e-01 3.370616122432922168e+01
2.250000000000000056e-01 3.373932419613826994e+01
2.260000000000000064e-01 3.377183086667595546e+01
2.270000000000000073e-01 3.380368315177451422e+01
2.280000000000000082e-01 3.383488295234686660e+01
2.290000000000000091e-01 3.386543215457125910e+01
2.300000000000000100e-01 3.389533263007276531e+01
2.310000000000000109e-01 3.392458623610176716e+01
2.320000000000000118e-01 3.395319481570942344e+01
2.330000000000000127e-01 3.398116019792033171e+01
2.340000000000000135e-01 3.400848419790219168e+01
2.350000000000000144e-01 3.403516861713267616e+01
2.360000000000000153e-01 3.406121524356371566e+01
2.370000000000000162e-01 3.408662585178291238e+01
2.380000000000000171e-01 3.411140220317250993e+01
2.390000000000000180e-01 3.413554604606557064e+01
2.399999999999999911e-01 3.415905911589984356e+01
2.409999999999999920e-01 3.418194313536905327e+01
2.419999999999999929e-01 3.420419981457176561e+01
2.429999999999999938e-01 3.422583085115793011e+01
2.439999999999999947e-01 3.424683793047304192e+01
2.449999999999999956e-01 3.426722272570012962e+01
2.459999999999999964e-01 3.428698689799934840e+01
2.469999999999999973e-01 3.430613209664557672e+01
2.479999999999999982e-01 3.432465995916366097e+01
2.489999999999999991e-01 3.434257211146178435e+01
2.500000000000000000e-01 3.435987016796259752e+01
2.510000000000000009e-01 3.437655573173239532e+01
2.520000000000000018e-01 3.439263039460834648e+01
2.530000000000000027e-01 3.440809573732366999e+01
2.540000000000000036e-01 3.442295332963109189e+01
2.550000000000000044e-01 3.443720473042419883e+01
2.560000000000000053e-01 3.445085148785717166e+01
2.570000000000000062e-01 3.446389513946257210e+01
2.580000000000000071e-01 3.447633721226752357e+01
2.590000000000000080e-01 3.448817922290791671e+01
2.600000000000000089e-01 3.449942267774119387e+01
2.610000000000000098e-01 3.451006907295724346e+01
2.620000000000000107e-01 3.452011989468783781e+01
2.630000000000000115e-01 3.452957661911429454e+01
2.640000000000000124e-01 3.453844071257376669e+01
2.650000000000000133e-01 3.454671363166367826e+01
2.660000000000000142e-01 3.455439682334510110e+01
2.670000000000000151e-01 3.456149172504409250e+01
2.680000000000000160e-01 3.456799976475208780e+01
2.690000000000000169e-01 3.457392236112448813e+01
2.700000000000000178e-01 3.457926092357804038e+01
2.710000000000000187e-01 3.458401685238668222e+01
2.720000000000000195e-01 3.458819153877625752e+01
2.730000000000000204e-01 3.459178636501758319e+01
2.740000000000000213e-01 3.459480270451851425e+01
2.750000000000000222e-01 3.459724192191442427e+01
2.760000000000000231e-01 3.459910537315781909e+01
2.770000000000000240e-01 3.460039440560618118e+01
2.780000000000000249e-01 3.460111035810905378e+01
2.790000000000000258e-01 3.460125456109372521e+01
2.800000000000000266e-01 3.460082833664969115e+01
2.810000000000000275e-01 3.459983299861210071e+01
2.820000000000000284e-01 3.459826985264392363e+01
2.830000000000000293e-01 3.459614019631713688e+01
2.840000000000000302e-01 3.459344531919266785e+01
2.850000000000000311e-01 3.459018650289933561e+01
2.860000000000000320e-01 3.458636502121176193e+01
2.870000000000000329e-01 3.458198214012718097e+01
2.880000000000000338e-01 3.457703911794123997e+01
2.889999999999999791e-01 3.457153720532272700e+01
2.899999999999999800e-01 3.456547764538756695e+01
2.909999999999999809e-01 3.455886167377130391e+01
2.919999999999999818e-01 3.455169051870137764e+01
2.929999999999999827e-01 3.454396540106768754e+01
2.939999999999999836e-01 3.453568753449285111e+01
2.949999999999999845e-01 3.452685812540106269e+01
2.959999999999999853e-01 3.451747837308646183e+01
2.969999999999999862e-01 3.450754946978032933e+01
2.979999999999999871e-01 3.449707260071761539e+01
2.989999999999999880e-01 3.448604894420235212e+01
2.999999999999999889e-01 3.447447967167262561e+01
3.009999999999999898e-01 3.446236594776428319e+01
3.019999999999999907e-01 3.444970893037417170e+01
3.029999999999999916e-01 3.443650977072233133e+01
3.039999999999999925e-01 3.442276961341360675e+01
3.049999999999999933e-01 3.440848959649837013e+01
3.059999999999999942e-01 3.439367085153242698e+01
3.069999999999999951e-01 3.437831450363631092e+01
3.079999999999999960e-01 3.436242167155376137e+01
3.089999999999999969e-01 3.434599346770949779e+01
3.099999999999999978e-01 3.432903099826621940e+01
3.109999999999999987e-01 3.431153536318100095e+01
3.119999999999999996e-01 3.429350765626092823e+01
3.130000000000000004e-01 3.427494896521804435e+01
3.140000000000000013e-01 3.425586037172365650e+01
3.150000000000000022e-01 3.423624295146202456e+01
3.160000000000000031e-01 3.421609777418328235e+01
3.170000000000000040e-01 3.419542590375576196e+01
3.180000000000000049e-01 3.417422839821777103e+01
3.190000000000000058e-01 3.415250630982873048e+01
3.200000000000000067e-01 3.413026068511940281e+01
3.210000000000000075e-01 3.410749256494211323e+01
3.220000000000000084e-01 3.408420298451979846e+01
3.230000000000000093e-01 3.406039297349477835e+01
3.240000000000000102e-01 3.403606355597681699e+01
3.250000000000000111e-01 3.401121575059079305e+01
3.260000000000000120e-01 3.398585057052360980e+01
3.270000000000000129e-01 3.395996902357060776e+01
3.280000000000000138e-01 3.393357211218159364e+01
3.290000000000000147e-01 3.390666083350608062e+01
3.300000000000000155e-01 3.387923617943814492e+01
3.310000000000000164e-01 3.385129913666087020e+01
3.320000000000000173e-01 3.382285068668993944e+01
3.330000000000000182e-01 3.379389180591724084e+01
3.340000000000000191e-01 3.376442346565327313e+01
3.350000000000000200e-01 3.373444663216991302e+01
3.360000000000000209e-01 3.370396226674192519e+01
3.370000000000000218e-01 3.367297132568845086e+01
3.380000000000000226e-01 3.364147476041389950e+01
3.390000000000000235e-01 3.360947351744837874e+01
3.400000000000000244e-01 3.357696853848763396e+01
3.410000000000000253e-01 3.354396076043263974e+01
3.420000000000000262e-01 3.351045111542866550e+01
3.430000000000000271e-01 3.347644053090384375e+01
3.440000000000000280e-01 3.344192992960757493e+01
3.450000000000000289e-01 3.340692022964808672e+01
3.460000000000000298e-01 3.337141234453006433e+01
3.470000000000000306e-01 3.333540718319137852e+01
3.480000000000000315e-01 3.329890565003984193e+01
3.490000000000000324e-01 3.326190864498926203e+01
3.500000000000000333e-01 3.322441706349521695e+01
3.510000000000000342e-01 3.318643179659046893e+01
3.519999999999999796e-01 3.314795373091995856e+01
3.529999999999999805e-01 3.310898374877533712e+01
3.539999999999999813e-01 3.306952272812927163e+01
3.549999999999999822e-01 3.302957154266938744e+01
3.559999999999999831e-01 3.298913106183159982e+01
3.569999999999999840e-01 3.294820215083342418e+01
3.579999999999999849e-01 3.290678567070657579e+01
3.589999999999999858e-01 3.286488247832973286e+01
3.599999999999999867e-01 3.282249342646033341e+01
3.609999999999999876e-01 3.277961936376647145e+01
3.619999999999999885e-01 3.273626113485825329e+01
3.629999999999999893e-01 3.269241958031904005e+01
3.639999999999999902e-01 3.264809553673605791e+01
3.649999999999999911e-01 3.260328983673090875e+01
3.659999999999999920e-01 3.255800330898972561e+01
3.669999999999999929e-01 3.251223677829290182e+01
3.679999999999999938e-01 3.246599106554476322e+01
3.689999999999999947e-01 3.241926698780259386e+01
3.699999999999999956e-01 3.237206535830553378e+01
3.709999999999999964e-01 3.232438698650344122e+01
3.719999999999999973e-01 3.227623267808487384e+01
3.729999999999999982e-01 3.222760323500529722e+01
3.739999999999999991e-01 3.217849945551477475e+01
3.750000000000000000e-01 3.212892213418543008e+01
3.760000000000000009e-01 3.207887206193858276e+01
3.770000000000000018e-01 3.202835002607167780e+01
3.780000000000000027e-01 3.197735681028493104e+01
3.790000000000000036e-01 3.192589319470767606e+01
3.800000000000000044e-01 3.187395995592438425e+01
3.810000000000000053e-01 3.182155786700063160e+01
3.820000000000000062e-01 3.176868769750862853e+01
3.830000000000000071e-01 3.171535021355236950e+01
3.840000000000000080e-01 3.166154617779305980e+01
3.850000000000000089e-01 3.160727634947355824e+01
3.860000000000000098e-01 3.155254148444318218e+01
3.870000000000000107e-01 3.149734233518200455e+01
3.880000000000000115e-01 3.144167965082488436e+01
3.890000000000000124e-01 3.138555417718540141e+01
3.900000000000000133e-01 3.132896665677948533e+01
3.910000000000000142e-01 3.127191782884865390e+01
3.920000000000000151e-01 3.121440842938340055e+01
3.930000000000000160e-01 3.115643919114599214e+01
3.940000000000000169e-01 3.109801084369327739e+01
3.950000000000000178e-01 3.103912411339914357e+01
3.960000000000000187e-01 3.097977972347673159e+01
3.970000000000000195e-01 3.091997839400068671e+01
3.980000000000000204e-01 3.085972084192886555e+01
3.990000000000000213e-01 3.079900778112405391e+01
4.000000000000000222e-01 3.073783992237532914e+01
4.010000000000000231e-01 3.067621797341951861e+01
4.020000000000000240e-01 3.061414263896197241e+01
4.030000000000000249e-01 3.055161462069756695e+01
4.040000000000000258e-01 3.048863461733128233e+01
4.050000000000000266e-01 3.042520332459878318e+01
4.060000000000000275e-01 3.036132143528641336e+01
4.070000000000000284e-01 3.029698963925157784e+01
4.080000000000000293e-01 3.023220862344247806e+01
4.090000000000000302e-01 3.016697907191771577e+01
4.100000000000000311e-01 3.010130166586593248e+01
4.110000000000000320e-01 3.003517708362513616e+01
4.120000000000000329e-01 2.996860600070198544e+01
4.130000000000000338e-01 2.990158908979033470e+01
4.140000000000000346e-01 2.983412702079054668e+01
4.150000000000000355e-01 2.976622046082784578e+01
4.160000000000000364e-01 2.969787007427085257e+01
4.169999999999999818e-01 2.962907652274985537e+01
4.179999999999999827e-01 2.955984046517492558e+01
4.189999999999999836e-01 2.949016255775398676e+01
4.199999999999999845e-01 2.942004345401042187e+01
4.209999999999999853e-01 2.934948380480098606e+01
4.219999999999999862e-01 2.927848425833300539e+01
4.229999999999999871e-01 2.920704546018188807e+01
4.239999999999999880e-01 2.913516805330809945e+01
4.249999999999999889e-01 2.906285267807454176e+01
4.259999999999999898e-01 2.899009997226298196e+01
4.269999999999999907e-01 2.891691057109101948e+01
4.279999999999999916e-01 2.884328510722867378e+01
4.289999999999999925e-01 2.876922421081467007e+01
4.299999999999999933e-01 2.869472850947275333e+01
4.309999999999999942e-01 2.861979862832779276e+01
4.319999999999999951e-01 2.854443519002195018e+01
4.329999999999999960e-01 2.846863881473024449e+01
4.339999999999999969e-01 2.839241012017653532e+01
4.349999999999999978e-01 2.831574972164884230e+01
4.359999999999999987e-01 2.823865823201486336e+01
4.369999999999999996e-01 2.816113626173755691e+01
4.380000000000000004e-01 2.808318441888982520e+01
4.390000000000000013e-01 2.800480330916984073e+01
4.400000000000000022e-01 2.792599353591602451e+01
4.410000000000000031e-01 2.784675570012157308e+01
4.420000000000000040e-01 2.776709040044935861e+01
4.430000000000000049e-01 2.768699823324621434e+01
4.440000000000000058e-01 2.760647979255756823e+01
4.450000000000000067e-01 2.752553567014159341e+01
4.460000000000000075e-01 2.744416645548343325e+01
4.470000000000000084e-01 2.736237273580908536e+01
4.480000000000000093e-01 2.728015509609958045e+01
4.490000000000000102e-01 2.719751411910455374e+01
4.500000000000000111e-01 2.711445038535602237e+01
4.510000000000000120e-01 2.703096447318198159e+01
4.520000000000000129e-01 2.694705695871978079e+01
4.530000000000000138e-01 2.686272841592957406e+01
4.540000000000000147e-01 2.677797941660740833e+01
4.550000000000000155e-01 2.669281053039853191e+01
4.560000000000000164e-01 2.660722232481024463e+01
4.570000000000000173e-01 2.652121536522484746e+01
4.580000000000000182e-01 2.643479021491249625e+01
4.590000000000000191e-01 2.634794743504379610e+01
4.600000000000000200e-01 2.626068758470253783e+01
4.610000000000000209e-01 2.617301122089801524e+01
4.620000000000000218e-01 2.608491889857743473e+01
4.630000000000000226e-01 2.599641117063832496e+01
4.640000000000000235e-01 2.590748858794065157e+01
4.650000000000000244e-01 2.581815169931873655e+01
4.660000000000000253e-01 2.572840105159345114e+01
4.670000000000000262e-01 2.563823718958411746e+01
4.680000000000000271e-01 2.554766065612012227e+01
4.690000000000000280e-01 2.545667199205266229e+01
4.700000000000000289e-01 2.536527173626640774e+01
4.710000000000000298e-01 2.527346042569098472e+01
4.720000000000000306e-01 2.518123859531242204e+01
4.730000000000000315e-01 2.508860677818433871e+01
4.740000000000000324e-01 2.499556550543925226e+01
4.750000000000000333e-01 2.490211530629989767e+01
4.760000000000000342e-01 2.480825670808993522e+01
4.770000000000000351e-01 2.471399023624518421e+01
4.780000000000000360e-01 2.461931641432434148e+01
4.790000000000000369e-01 2.452423576401992378e+01
4.799999999999999822e-01 2.442874880516891167e+01
4.809999999999999831e-01 2.433285605576324073e+01
4.819999999999999840e-01 2.423655803196052716e+01
4.829999999999999849e-01 2.413985524809439909e+01
4.839999999999999858e-01 2.404274821668509077e+01
4.849999999999999867e-01 2.394523744844940083e+01
4.859999999999999876e-01 2.384732345231102357e+01
4.869999999999999885e-01 2.374900673541092999e+01
4.879999999999999893e-01 2.365028780311709511e+01
4.889999999999999902e-01 2.355116715903459479e+01
4.899999999999999911e-01 2.345164530501555689e+01
4.909999999999999920e-01 2.335172274116895963e+01
4.919999999999999929e-01 2.325139996587034474e+01
4.929999999999999938e-01 2.315067747577159452e+01
4.939999999999999947e-01 2.304955576581023280e+01
4.949999999999999956e-01 2.294803532921936906e+01
4.959999999999999964e-01 2.284611665753683596e+01
4.969999999999999973e-01 2.274380024061480654e+01
4.979999999999999982e-01 2.264108656662889985e+01
4.989999999999999991e-01 2.253797612208740375e+01
5.000000000000000000e-01 2.243446939184074296e+01
5.010000000000000009e-01 2.233056685909028616e+01
5.020000000000000018e-01 2.222626900539739836e+01
5.030000000000000027e-01 2.212157631069260688e+01
5.040000000000000036e-01 2.201648925328432327e+01
5.050000000000000044e-01 2.191100830986760784e+01
5.060000000000000053e-01 2.180513395553318290e+01
5.070000000000000062e-01 2.169886666377596995e+01
5.080000000000000071e-01 2.159220690650372987e+01
5.090000000000000080e-01 2.148515515404560716e+01
5.100000000000000089e-01 2.137771187516069205e+01
5.110000000000000098e-01 2.126987753704649009e+01
5.120000000000000107e-01 2.116165260534724624e+01
5.130000000000000115e-01 2.105303754416220841e+01
5.140000000000000124e-01 2.094403281605407940e+01
5.150000000000000133e-01 2.083463888205698566e+01
5.160000000000000142e-01 2.072485620168475862e+01
5.170000000000000151e-01 2.061468523293899580e+01
5.180000000000000160e-01 2.050412643231695142e+01
5.190000000000000169e-01 2.039318025481974672e+01
5.200000000000000178e-01 2.028184715396001181e+01
5.210000000000000187e-01 2.017012758176996812e+01
5.220000000000000195e-01 2.005802198880893883e+01
5.230000000000000204e-01 1.994553082417125722e+01
5.240000000000000213e-01 1.983265453549414659e+01
5.250000000000000222e-01 1.971939356896475815e+01
5.260000000000000231e-01 1.960574836932832454e+01
5.270000000000000240e-01 1.949171937989552816e+01
5.280000000000000249e-01 1.937730704254956393e+01
5.290000000000000258e-01 1.926251179775406541e+01
5.300000000000000266e-01 1.914733408456029906e+01
5.310000000000000275e-01 1.903177434061426965e+01
5.320000000000000284e-01 1.891583300216410279e+01
5.330000000000000293e-01 1.879951050406734581e+01
5.340000000000000302e-01 1.868280727979799494e+01
5.350000000000000311e-01 1.856572376145355108e+01
5.360000000000000320e-01 1.844826037976217137e+01
5.370000000000000329e-01 1.833041756408951883e+01
5.380000000000000338e-01 1.821219574244604189e+01
5.390000000000000346e-01 1.809359534149337989e+01
5.400000000000000355e-01 1.797461678655162842e+01
5.410000000000000364e-01 1.785526050160584788e+01
5.420000000000000373e-01 1.773552690931318310e+01
5.430000000000000382e-01 1.761541643100909482e+01
5.440000000000000391e-01 1.749492948671440473e+01
5.450000000000000400e-01 1.737406649514173296e+01
5.460000000000000409e-01 1.725282787370210613e+01
5.470000000000000417e-01 1.713121403851152280e+01
5.480000000000000426e-01 1.700922540439732344e+01
5.490000000000000435e-01 1.688686238490472391e+01
5.500000000000000444e-01 1.676412539230328846e+01
5.510000000000000453e-01 1.664101483759291966e+01
5.520000000000000462e-01 1.651753113051059785e+01
5.530000000000000471e-01 1.639367467953638524e+01
5.540000000000000480e-01 1.626944589189973556e+01
5.550000000000000488e-01 1.614484517358557625e+01
5.560000000000000497e-01 1.601987292934056129e+01
5.570000000000000506e-01 1.589452956267910366e+01
5.580000000000000515e-01 1.576881547588941146e+01
5.590000000000000524e-01 1.564273107003953811e+01
5.600000000000000533e-01 1.551627674498324438e+01
5.610000000000000542e-01 1.538945289936615524e+01
5.620000000000000551e-01 1.526225993063136954e+01
5.630000000000000560e-01 1.513469823502554945e+01
5.640000000000000568e-01 1.500676820760449814e+01
5.650000000000000577e-01 1.487847024223924919e+01
5.660000000000000586e-01 1.474980473162144179e+01
5.670000000000000595e-01 1.462077206726928580e+01
5.680000000000000604e-01 1.449137263953298671e+01
5.690000000000000613e-01 1.436160683760071066e+01
5.700000000000000622e-01 1.423147504950379272e+01
5.710000000000000631e-01 1.410097766212247450e+01
5.720000000000000639e-01 1.397011506119142865e+01
5.730000000000000648e-01 1.383888763130514121e+01
5.740000000000000657e-01 1.370729575592343252e+01
5.750000000000000666e-01 1.357533981737675788e+01
5.760000000000000675e-01 1.344302019687168581e+01
5.769999999999999574e-01 1.331033727449626269e+01
5.779999999999999583e-01 1.317729142922497942e+01
5.789999999999999591e-01 1.304388303892459078e+01
5.799999999999999600e-01 1.291011248035883341e+01
5.809999999999999609e-01 1.277598012919384729e+01
5.819999999999999618e-01 1.264148636000331294e+01
5.829999999999999627e-01 1.250663154627364548e+01
5.839999999999999636e-01 1.237141606040893294e+01
5.849999999999999645e-01 1.223584027373612315e+01
5.859999999999999654e-01 1.209990455650994789e+01
5.869999999999999662e-01 1.196360927791807427e+01
5.879999999999999671e-01 1.182695480608592931e+01
5.889999999999999680e-01 1.168994150808170929e+01
5.899999999999999689e-01 1.155256974992108354e+01
5.909999999999999698e-01 1.141483989657253773e+01
5.919999999999999707e-01 1.127675231196165839e+01
5.929999999999999716e-01 1.113830735897623470e+01
5.939999999999999725e-01 1.099950539947100481e+01
5.949999999999999734e-01 1.086034679427250893e+01
5.959999999999999742e-01 1.072083190318346624e+01
5.969999999999999751e-01 1.058096108498784105e+01
5.979999999999999760e-01 1.044073469745522686e+01
5.989999999999999769e-01 1.030015309734577755e+01
5.999999999999999778e-01 1.015921664041437822e+01
6.009999999999999787e-01 1.001792568141555506e+01
6.019999999999999796e-01 9.876280574108044163e+00
6.029999999999999805e-01 9.734281671258969482e+00
6.039999999999999813e-01 9.591929324648688748e+00
6.049999999999999822e-01 9.449223885075006990e+00
6.059999999999999831e-01 9.306165702357752423e+00
6.069999999999999840e-01 9.162755125343188922e+00
6.079999999999999849e-01 9.018992501908172699e+00
6.089999999999999858e-01 8.874878178964742403e+00
6.099999999999999867e-01 8.730412502464389490e+00
6.109999999999999876e-01 8.585595817402328578e+00
6.119999999999999885e-01 8.440428467821611491e+00
6.129999999999999893e-01 8.294910796817703158e+00
6.139999999999999902e-01 8.149043146542418015e+00
6.149999999999999911e-01 8.002825858208176157e+00
6.159999999999999920e-01 7.856259272092295021e+00
6.169999999999999929e-01 7.709343727540861835e+00
6.179999999999999938e-01 7.562079562973238467e+00
6.189999999999999947e-01 7.414467115885692294e+00
6.199999999999999956e-01 7.266506722855865519e+00
6.209999999999999964e-01 7.118198719546555253e+00
6.219999999999999973e-01 6.969543440709848880e+00
6.229999999999999982e-01 6.820541220191131515e+00
6.239999999999999991e-01 6.671192390932866090e+00
6.250000000000000000e-01 6.521497284978842401e+00
6.260000000000000009e-01 6.371456233477836406e+00
6.270000000000000018e-01 6.221069566687624786e+00
6.280000000000000027e-01 6.070337613978772140e+00
6.290000000000000036e-01 5.919260703838709503e+00
6.300000000000000044e-01 5.767839163875230213e+00
6.310000000000000053e-01 5.616073320820412107e+00
6.320000000000000062e-01 5.463963500534681828e+00
6.330000000000000071e-01 5.311510028010154372e+00
6.340000000000000080e-01 5.158713227374519761e+00
6.350000000000000089e-01 5.005573421894943920e+00
6.360000000000000098e-01 4.852090933981415333e+00
6.370000000000000107e-01 4.698266085190809349e+00
6.380000000000000115e-01 4.544099196230170890e+00
6.390000000000000124e-01 4.389590586960586904e+00
6.400000000000000133e-01 4.234740576400632506e+00
6.410000000000000142e-01 4.079549482730158161e+00
6.420000000000000151e-01 3.924017623293593715e+00
6.430000000000000160e-01 3.768145314603671636e+00
6.440000000000000169e-01 3.611932872344965517e+00
6.450000000000000178e-01 3.455380611377250943e+00
6.460000000000000187e-01 3.298488845739122155e+00
6.470000000000000195e-01 3.141257888651352914e+00
6.480000000000000204e-01 2.983688052520321321e+00
6.490000000000000213e-01 2.825779648941683320e+00
6.500000000000000222e-01 2.667532988703484875e+00
6.510000000000000231e-01 2.508948381789494420e+00
6.520000000000000240e-01 2.350026137382911884e+00
6.530000000000000249e-01 2.190766563869480876e+00
6.540000000000000258e-01 2.031169968840806916e+00
6.550000000000000266e-01 1.871236659097590405e+00
6.560000000000000275e-01 1.710966940653250390e+00
6.570000000000000284e-01 1.550361118736795163e+00
6.580000000000000293e-01 1.389419497796296810e+00
6.590000000000000302e-01 1.228142381502038916e+00
6.600000000000000311e-01 1.066530072749792168e+00
6.610000000000000320e-01 9.045828736639620615e-01
6.620000000000000329e-01 7.423010856006584390e-01
6.630000000000000338e-01 5.796850091511487335e-01
6.640000000000000346e-01 4.167349441447001368e-01
6.650000000000000355e-01 2.534511896517486207e-01
6.660000000000000364e-01 8.983404398724559314e-02
6.670000000000000373e-01 -7.411619528659230127e-02
6.680000000000000382e-01 -2.383992313569436305e-01
6.690000000000000391e-01 -4.030147681575115826e-01
6.700000000000000400e-01 -5.679625103653691554e-01
6.710000000000000409e-01 -7.332421633980743536e-01
6.720000000000000417e-01 -8.988534334104656409e-01
6.730000000000000426e-01 -1.064796027291926350e+00
6.740000000000000435e-01 -1.231069652663165925e+00
6.750000000000000444e-01 -1.397674017873605123e+00
6.760000000000000453e-01 -1.564608831997873040e+00
6.770000000000000462e-01 -1.731873804833504948e+00
6.780000000000000471e-01 -1.899468646897844337e+00
6.790000000000000480e-01 -2.067393069424831253e+00
6.800000000000000488e-01 -2.235646784362579353e+00
6.810000000000000497e-01 -2.404229504370213988e+00
6.820000000000000506e-01 -2.573140942815363985e+00
6.830000000000000515e-01 -2.742380813770772363e+00
6.840000000000000524e-01 -2.911948832012285493e+00
6.850000000000000533e-01 -3.081844713015236437e+00
6.860000000000000542e-01 -3.252068172952284897e+00
6.870000000000000551e-01 -3.422618928690241091e+00
6.880000000000000560e-01 -3.593496697787720962e+00
6.890000000000000568e-01 -3.764701198491948730e+00
6.900000000000000577e-01 -3.936232149736476060e+00
6.910000000000000586e-01 -4.108089271138219090e+00
6.920000000000000595e-01 -4.280272282994801003e+00
6.930000000000000604e-01 -4.452780906281944340e+00
6.940000000000000613e-01 -4.625614862650770931e+00
6.950000000000000622e-01 -4.798773874425265262e+00
6.960000000000000631e-01 -4.972257664599375460e+00
6.970000000000000639e-01 -5.146065956834696919e+00
6.980000000000000648e-01 -5.320198475457800669e+00
6.990000000000000657e-01 -5.494654945457376982e+00
7.000000000000000666e-01 -5.669435092482146388e+00
7.010000000000000675e-01 -5.844538642837719067e+00
7.020000000000000684e-01 -6.019965323484676389e+00
7.030000000000000693e-01 -6.195714862035544002e+00
7.039999999999999591e-01 -6.371786986752418613e+00
7.049999999999999600e-01 -6.548181426544601891e+00
7.059999999999999609e-01 -6.724897910965850656e+00
7.069999999999999618e-01 -6.901936170212287891e+00
7.079999999999999627e-01 -7.079295935119368721e+00
7.089999999999999636e-01 -7.256976937160018792e+00
7.099999999999999645e-01 -7.434978908441813417e+00
7.109999999999999654e-01 -7.613301581704611465e+00
7.119999999999999662e-01 -7.791944690318366895e+00
7.129999999999999671e-01 -7.970907968280322109e+00
7.139999999999999680e-01 -8.150191150213089486e+00
7.149999999999999689e-01 -8.329793971361688421e+00
7.159999999999999698e-01 -8.509716167592024760e+00
7.169999999999999707e-01 -8.689957475387473096e+00
7.179999999999999716e-01 -8.870517631847590678e+00
7.189999999999999725e-01 -9.051396374684919977e+00
7.199999999999999734e-01 -9.232593442223475222e+00
7.209999999999999742e-01 -9.414108573395559176e+00
7.219999999999999751e-01 -9.595941507740157306e+00
7.229999999999999760e-01 -9.778091985400557462e+00
7.239999999999999769e-01 -9.960559747121642715e+00
7.249999999999999778e-01 -1.014334453424827132e+01
7.259999999999999787e-01 -1.032644608872245584e+01
7.269999999999999796e-01 -1.050986415308157973e+01
7.279999999999999805e-01 -1.069359847045576828e+01
7.289999999999999813e-01 -1.087764878456614781e+01
7.299999999999999822e-01 -1.106201483972213850e+01
7.309999999999999831e-01 -1.124669638081979173e+01
7.319999999999999840e-01 -1.143169315333899050e+01
7.329999999999999849e-01 -1.161700490334194313e+01
7.339999999999999858e-01 -1.180263137747054003e+01
7.349999999999999867e-01 -1.198857232294458441e+01
7.359999999999999876e-01 -1.217482748755913491e+01
7.369999999999999885e-01 -1.236139661968308445e+01
7.379999999999999893e-01 -1.254827946825643892e+01
7.389999999999999902e-01 -1.273547578278856918e+01
7.399999999999999911e-01 -1.292298531335598000e+01
7.409999999999999920e-01 -1.311080781060026368e+01
7.419999999999999929e-01 -1.329894302572602527e+01
7.429999999999999938e-01 -1.348739071049884330e+01
7.439999999999999947e-01 -1.367615061724321635e+01
7.449999999999999956e-01 -1.386522249884048819e+01
7.459999999999999964e-01 -1.405460610872687965e+01
7.469999999999999973e-01 -1.424430120089147067e+01
7.479999999999999982e-01 -1.443430752987412546e+01
7.489999999999999991e-01 -1.462462485076350305e+01
7.500000000000000000e-01 -1.481525291919528797e+01
7.510000000000000009e-01 -1.500619149134979580e+01
7.520000000000000018e-01 -1.519744032395044542e+01
7.530000000000000027e-01 -1.538899917426133612e+01
7.540000000000000036e-01 -1.558086780008589756e+01
7.550000000000000044e-01 -1.577304595976431045e+01
7.560000000000000053e-01 -1.596553341217222055e+01
7.570000000000000062e-01 -1.615832991671809538e+01
7.580000000000000071e-01 -1.635143523334208737e+01
7.590000000000000080e-01 -1.654484912251336937e+01
7.600000000000000089e-01 -1.673857134522896217e+01
7.610000000000000098e-01 -1.693260166301138980e+01
7.620000000000000107e-01 -1.712693983790689600e+01
7.630000000000000115e-01 -1.732158563248355421e+01
7.640000000000000124e-01 -1.751653880982975409e+01
7.650000000000000133e-01 -1.771179913355179281e+01
7.660000000000000142e-01 -1.790736636777252500e+01
7.670000000000000151e-01 -1.810324027712924533e+01
7.680000000000000160e-01 -1.829942062677204007e+01
7.690000000000000169e-01 -1.849590718236174069e+01
7.700000000000000178e-01 -1.869269971006850284e+01
7.710000000000000187e-01 -1.888979797656971016e+01
7.720000000000000195e-01 -1.908720174904828326e+01
7.730000000000000204e-01 -1.928491079519092466e+01
7.740000000000000213e-01 -1.948292488318615767e+01
7.750000000000000222e-01 -1.968124378172318245e+01
7.760000000000000231e-01 -1.987986725998920434e+01
7.770000000000000240e-01 -2.007879508766851018e+01
7.780000000000000249e-01 -2.027802703494037928e+01
7.790000000000000258e-01 -2.047756287247714369e+01
7.800000000000000266e-01 -2.067740237144277415e+01
7.810000000000000275e-01 -2.087754530349165805e+01
7.820000000000000284e-01 -2.107799144076545872e+01
7.830000000000000293e-01 -2.127874055589317948e+01
7.840000000000000302e-01 -2.147979242198809402e+01
7.850000000000000311e-01 -2.168114681264670196e+01
7.860000000000000320e-01 -2.188280350194716561e+01
7.870000000000000329e-01 -2.208476226444730628e+01
7.880000000000000338e-01 -2.228702287518299840e+01
7.890000000000000346e-01 -2.248958510966688351e+01
7.900000000000000355e-01 -2.269244874388623145e+01
7.910000000000000364e-01 -2.289561355430181777e+01
7.920000000000000373e-01 -2.309907931784589152e+01
7.930000000000000382e-01 -2.330284581192065474e+01
7.940000000000000391e-01 -2.350691281439684843e+01
7.950000000000000400e-01 -2.371128010361210414e+01
7.960000000000000409e-01 -2.391594745836891178e+01
7.970000000000000417e-01 -2.412091465793402989e+01
7.980000000000000426e-01 -2.432618148203561503e+01
7.990000000000000435e-01 -2.453174771086283812e+01
8.000000000000000444e-01 -2.473761312506363907e+01
8.010000000000000453e-01 -2.494377750574324892e+01
8.020000000000000462e-01 -2.515024063446279001e+01
8.030000000000000471e-01 -2.535700229323794730e+01
8.040000000000000480e-01 -2.556406226453677988e+01
8.050000000000000488e-01 -2.577142033127892518e+01
8.060000000000000497e-01 -2.597907627683365206e+01
8.070000000000000506e-01 -2.618702988501821238e+01
8.080000000000000515e-01 -2.639528094009713044e+01
8.090000000000000524e-01 -2.660382922677965922e+01
8.100000000000000533e-01 -2.681267453021906277e+01
8.110000000000000542e-01 -2.702181663601082562e+01
8.120000000000000551e-01 -2.723125533019099009e+01
8.130000000000000560e-01 -2.744099039923532501e+01
8.140000000000000568e-01 -2.765102163005720115e+01
8.150000000000000577e-01 -2.786134881000620567e+01
8.160000000000000586e-01 -2.807197172686731790e+01
8.170000000000000595e-01 -2.828289016885870666e+01
8.180000000000000604e-01 -2.849410392463078523e+01
8.190000000000000613e-01 -2.870561278326442789e+01
8.200000000000000622e-01 -2.891741653426991832e+01
8.210000000000000631e-01 -2.912951496758526559e+01
8.220000000000000639e-01 -2.934190787357491104e+01
8.230000000000000648e-01 -2.955459504302811524e+01
8.240000000000000657e-01 -2.976757626715812677e+01
8.250000000000000666e-01 -2.998085133759997234e+01
8.260000000000000675e-01 -3.019442004640981736e+01
8.270000000000000684e-01 -3.040828218606322508e+01
8.280000000000000693e-01 -3.062243754945352237e+01
8.290000000000000702e-01 -3.083688592989130939e+01
8.300000000000000711e-01 -3.105162712110202961e+01
8.310000000000000719e-01 -3.126666091722528762e+01
8.320000000000000728e-01 -3.148198711281361994e+01
8.329999999999999627e-01 -3.169760550283037759e+01
8.339999999999999636e-01 -3.191351588264934236e+01
8.349999999999999645e-01 -3.212971804805266629e+01
8.359999999999999654e-01 -3.234621179522989110e+01
8.369999999999999662e-01 -3.256299692077671892e+01
8.379999999999999671e-01 -3.278007322169339233e+01
8.389999999999999680e-01 -3.299744049538344370e+01
8.399999999999999689e-01 -3.321509853965278580e+01
8.409999999999999698e-01 -3.343304715270792826e+01
8.419999999999999707e-01 -3.365128613315499706e+01
8.429999999999999716e-01 -3.386981527999822106e+01
8.439999999999999725e-01 -3.408863439263892303e+01
8.449999999999999734e-01 -3.430774327087411990e+01
8.459999999999999742e-01 -3.452714171489497375e+01
8.469999999999999751e-01 -3.474682952528620916e+01
8.479999999999999760e-01 -3.496680650302418769e+01
8.489999999999999769e-01 -3.518707244947592727e+01
8.499999999999999778e-01 -3.540762716639806484e+01
8.509999999999999787e-01 -3.562847045593509421e+01
8.519999999999999796e-01 -3.584960212061877627e+01
8.529999999999999805e-01 -3.607102196336629873e+01
8.539999999999999813e-01 -3.629272978747963663e+01
8.549999999999999822e-01 -3.651472539664381856e+01
8.559999999999999831e-01 -3.673700859492603854e+01
8.569999999999999840e-01 -3.695957918677412124e+01
8.579999999999999849e-01 -3.718243697701601747e+01
8.589999999999999858e-01 -3.740558177085783598e+01
8.599999999999999867e-01 -3.762901337388281320e+01
8.609999999999999876e-01 -3.785273159205067373e+01
8.619999999999999885e-01 -3.807673623169571187e+01
8.629999999999999893e-01 -3.830102709952620899e+01
8.639999999999999902e-01 -3.852560400262282769e+01
8.649999999999999911e-01 -3.875046674843765970e+01
8.659999999999999920e-01 -3.897561514479318134e+01
8.669999999999999929e-01 -3.920104899988078273e+01
8.679999999999999938e-01 -3.942676812225981564e+01
8.689999999999999947e-01 -3.965277232085664139e+01
8.699999999999999956e-01 -3.987906140496298235e+01
8.709999999999999964e-01 -4.010563518423526830e+01
8.719999999999999973e-01 -4.033249346869324370e+01
8.729999999999999982e-01 -4.055963606871884508e+01
8.739999999999999991e-01 -4.078706279505539101e+01
8.750000000000000000e-01 -4.101477345880604730e+01
8.760000000000000009e-01 -4.124276787143274703e+01
8.770000000000000018e-01 -4.147104584475566469e+01
8.780000000000000027e-01 -4.169960719095138302e+01
8.790000000000000036e-01 -4.192845172255204034e+01
8.800000000000000044e-01 -4.215757925244454896e+01
8.810000000000000053e-01 -4.238698959386906040e+01
8.820000000000000062e-01 -4.261668256041811276e+01
8.830000000000000071e-01 -4.284665796603556487e+01
8.840000000000000080e-01 -4.307691562501543103e+01
8.850000000000000089e-01 -4.330745535200101415e+01
8.860000000000000098e-01 -4.353827696198337094e+01
8.870000000000000107e-01 -4.376938027030077194e+01
8.880000000000000115e-01 -4.400076509263749358e+01
8.890000000000000124e-01 -4.423243124502258183e+01
8.900000000000000133e-01 -4.446437854382898536e+01
8.910000000000000142e-01 -4.469660680577237599e+01
8.920000000000000151e-01 -4.492911584791039559e+01
8.930000000000000160e-01 -4.516190548764130597e+01
8.940000000000000169e-01 -4.539497554270297996e+01
8.950000000000000178e-01 -4.562832583117203455e+01
8.960000000000000187e-01 -4.586195617146299242e+01
8.970000000000000195e-01 -4.609586638232664768e+01
8.980000000000000204e-01 -4.633005628284956856e+01
8.990000000000000213e-01 -4.656452569245305995e+01
9.000000000000000222e-01 -4.679927443089199812e+01
9.010000000000000231e-01 -4.703430231825372232e+01
9.020000000000000240e-01 -4.726960917495736680e+01
9.030000000000000249e-01 -4.750519482175269559e+01
9.040000000000000258e-01 -4.774105907971900820e+01
9.050000000000000266e-01 -4.797720177026434385e+01
9.060000000000000275e-01 -4.821362271512437303e+01
9.070000000000000284e-01 -4.845032173636161588e+01
9.080000000000000293e-01 -4.868729865636403531e+01
9.090000000000000302e-01 -4.892455329784476703e+01
9.100000000000000311e-01 -4.916208548384037158e+01
9.110000000000000320e-01 -4.939989503771050749e+01
9.120000000000000329e-01 -4.963798178313660969e+01
9.130000000000000338e-01 -4.987634554412105103e+01
9.140000000000000346e-01 -5.011498614498620441e+01
9.150000000000000355e-01 -5.035390341037356166e+01
9.160000000000000364e-01 -5.059309716524249723e+01
9.170000000000000373e-01 -5.083256723486995554e+01
9.180000000000000382e-01 -5.107231344484868885e+01
9.190000000000000391e-01 -5.131233562108693036e+01
9.200000000000000400e-01 -5.155263358980745636e+01
9.210000000000000409e-01 -5.179320717754627879e+01
9.220000000000000417e-01 -5.203405621115206259e+01
9.230000000000000426e-01 -5.227518051778497465e+01
9.240000000000000435e-01 -5.251657992491610116e+01
9.250000000000000444e-01 -5.275825426032626808e+01
9.260000000000000453e-01 -5.300020335210514588e+01
9.270000000000000462e-01 -5.324242702865035426e+01
9.280000000000000471e-01 -5.348492511866690791e+01
9.290000000000000480e-01 -5.372769745116575280e+01
9.300000000000000488e-01 -5.397074385546325459e+01
9.310000000000000497e-01 -5.421406416118031757e+01
9.320000000000000506e-01 -5.445765819824144671e+01
9.330000000000000515e-01 -5.470152579687356820e+01
9.340000000000000524e-01 -5.494566678760574518e+01
9.350000000000000533e-01 -5.519008100126779937e+01
9.360000000000000542e-01 -5.543476826898974252e+01
9.370000000000000551e-01 -5.567972842220061125e+01
9.380000000000000560e-01 -5.592496129262801219e+01
9.390000000000000568e-01 -5.617046671229699939e+01
9.400000000000000577e-01 -5.641624451352917902e+01
9.410000000000000586e-01 -5.666229452894199881e+01
9.420000000000000595e-01 -5.690861659144783857e+01
9.430000000000000604e-01 -5.715521053425322862e+01
9.440000000000000613e-01 -5.740207619085796864e+01
9.450000000000000622e-01 -5.764921339505426090e+01
9.460000000000000631e-01 -5.789662198092577228e+01
9.470000000000000639e-01 -5.814430178284719375e+01
9.480000000000000648e-01 -5.839225263548296141e+01
9.490000000000000657e-01 -5.864047437378661698e+01
9.500000000000000666e-01 -5.888896683300004042e+01
9.510000000000000675e-01 -5.913772984865261151e+01
9.520000000000000684e-01 -5.938676325656038557e+01
9.530000000000000693e-01 -5.963606689282519824e+01
9.540000000000000702e-01 -5.988564059383384119e+01
9.550000000000000711e-01 -6.013548419625762165e+01
9.560000000000000719e-01 -6.038559753705108335e+01
9.570000000000000728e-01 -6.063598045345122500e+01
9.580000000000000737e-01 -6.088663278297735815e+01
9.590000000000000746e-01 -6.113755436342934502e+01
9.599999999999999645e-01 -6.138874503288758433e+01
9.609999999999999654e-01 -6.164020462971201653e+01
9.619999999999999662e-01 -6.189193299254100111e+01
9.629999999999999671e-01 -6.214392996029108929e+01
9.639999999999999680e-01 -6.239619537215571654e+01
9.649999999999999689e-01 -6.264872906760489002e+01
9.659999999999999698e-01 -6.290153088638393797e+01
9.669999999999999707e-01 -6.315460066851315446e+01
9.679999999999999716e-01 -6.340793825428711727e+01
9.689999999999999725e-01 -6.366154348427326681e+01
9.699999999999999734e-01 -6.391541619931192031e+01
9.709999999999999742e-01 -6.416955624051500706e+01
9.719999999999999751e-01 -6.442396344926540053e+01
9.729999999999999760e-01 -6.467863766721649199e+01
9.739999999999999769e-01 -6.493357873629086896e+01
9.749999999999999778e-01 -6.518878649868024411e+01
9.759999999999999787e-01 -6.544426079684417630e+01
9.769999999999999796e-01 -6.570000147350943109e+01
9.779999999999999805e-01 -6.595600837166951180e+01
9.789999999999999813e-01 -6.621228133458373577e+01
9.799999999999999822e-01 -6.646882020577643857e+01
9.809999999999999831e-01 -6.672562482903630610e+01
9.819999999999999840e-01 -6.698269504841576349e+01
9.829999999999999849e-01 -6.724003070822999462e+01
9.839999999999999858e-01 -6.749763165305667201e+01
9.849999999999999867e-01 -6.775549772773467794e+01
9.859999999999999876e-01 -6.801362877736362123e+01
9.869999999999999885e-01 -6.827202464730352460e+01
9.879999999999999893e-01 -6.853068518317343205e+01
9.889999999999999902e-01 -6.878961023085109616e+01
9.899999999999999911e-01 -6.904879963647235286e+01
9.909999999999999920e-01 -6.930825324643001295e+01
9.919999999999999929e-01 -6.956797090737374845e+01
9.929999999999999938e-01 -6.982795246620875673e+01
9.939999999999999947e-01 -7.008819777009559004e+01
9.949999999999999956e-01 -7.034870666644930282e+01
9.959999999999999964e-01 -7.060947900293834323e+01
9.969999999999999973e-01 -7.087051462748483743e+01
9.979999999999999982e-01 -7.113181338826277056e+01
9.989999999999999991e-01 -7.139337513369807198e+01
1.000000000000000000e+00 -7.165519971246793318e+01
