0.000000000000000000e+00 0.000000000000000000e+00
1.000000000000000021e-03 8.461835081274612369e-01
2.000000000000000042e-03 1.459315935926334573e+00
3.000000000000000062e-03 2.004663321522797581e+00
4.000000000000000083e-03 2.508213783439963596e+00
5.000000000000000104e-03 2.981560561796927189e+00
6.000000000000000125e-03 3.431283269063550634e+00
7.000000000000000146e-03 3.861620156655639846e+00
8.000000000000000167e-03 4.275527354812652447e+00
9.000000000000001055e-03 4.675183216459973146e+00
1.000000000000000021e-02 5.062259042910143947e+00
1.099999999999999936e-02 5.438077370180819159e+00
1.200000000000000025e-02 5.803710663256811841e+00
1.300000000000000114e-02 6.160046028898839232e+00
1.400000000000000029e-02 6.507829400795593244e+00
1.499999999999999944e-02 6.847696731321483377e+00
1.600000000000000033e-02 7.180196634691184521e+00
1.700000000000000122e-02 7.505807219715969758e+00
1.800000000000000211e-02 7.824948861929273747e+00
1.899999999999999953e-02 8.137994068868772857e+00
2.000000000000000042e-02 8.445275220311485143e+00
2.100000000000000130e-02 8.747090725984348225e+00
2.199999999999999872e-02 9.043709985245660832e+00
2.299999999999999961e-02 9.335377426394479983e+00
2.400000000000000050e-02 9.622315829510961649e+00
2.500000000000000139e-02 9.904729084852968768e+00
2.600000000000000228e-02 1.018280450172137819e+01
2.699999999999999969e-02 1.045671475574562059e+01
2.800000000000000058e-02 1.072661954267890394e+01
2.900000000000000147e-02 1.099266699197144526e+01
2.999999999999999889e-02 1.125499488219931443e+01
3.099999999999999978e-02 1.151373169188476275e+01
3.200000000000000067e-02 1.176899751265810679e+01
3.300000000000000155e-02 1.202090484658608460e+01
3.400000000000000244e-02 1.226955930546795059e+01
3.500000000000000333e-02 1.251506022671667751e+01
3.600000000000000422e-02 1.275750121790322211e+01
3.699999999999999817e-02 1.299697064000293167e+01
3.799999999999999906e-02 1.323355203773440181e+01
3.899999999999999994e-02 1.346732452403976055e+01
4.000000000000000083e-02 1.369836312465796979e+01
4.100000000000000172e-02 1.392673908783919678e+01
4.200000000000000261e-02 1.415252016350098074e+01
4.300000000000000350e-02 1.437577085550567091e+01
4.399999999999999745e-02 1.459655265021931214e+01
4.499999999999999833e-02 1.481492422407660214e+01
4.599999999999999922e-02 1.503094163250941051e+01
4.700000000000000011e-02 1.524465848228550513e+01
4.800000000000000100e-02 1.545612608904025542e+01
4.900000000000000189e-02 1.566539362155912407e+01
5.000000000000000278e-02 1.587250823417573997e+01
5.100000000000000366e-02 1.607751518848549921e+01
5.200000000000000455e-02 1.628045796543167256e+01
5.299999999999999850e-02 1.648137836869822692e+01
5.399999999999999939e-02 1.668031662023666684e+01
5.500000000000000028e-02 1.687731144866152633e+01
5.600000000000000117e-02 1.707240017116825825e+01
5.700000000000000205e-02 1.726561876955673114e+01
5.800000000000000294e-02 1.745700196088148459e+01
5.900000000000000383e-02 1.764658326319554149e+01
5.999999999999999778e-02 1.783439505680700421e+01
6.099999999999999867e-02 1.802046864142490890e+01
6.199999999999999956e-02 1.820483428953398430e+01
6.300000000000000044e-02 1.838752129630452714e+01
6.400000000000000133e-02 1.856855802631428887e+01
6.500000000000000222e-02 1.874797195733325950e+01
6.600000000000000311e-02 1.892578972139872917e+01
6.700000000000000400e-02 1.910203714338722136e+01
6.800000000000000488e-02 1.927673927727141390e+01
6.900000000000000577e-02 1.944992044023319977e+01
7.000000000000000666e-02 1.962160424478934573e+01
7.100000000000000755e-02 1.979181362907243624e+01
7.200000000000000844e-02 1.996057088539777524e+01
7.299999999999999545e-02 2.012789768723612482e+01
7.399999999999999634e-02 2.029381511470187505e+01
7.499999999999999722e-02 2.045834367865755254e+01
7.599999999999999811e-02 2.062150334352752878e+01
7.699999999999999900e-02 2.078331354890620730e+01
7.799999999999999989e-02 2.094379323003925464e+01
7.900000000000000078e-02 2.110296083725073046e+01
8.000000000000000167e-02 2.126083435438293634e+01
8.100000000000000255e-02 2.141743131631105967e+01
8.200000000000000344e-02 2.157276882559005315e+01
8.300000000000000433e-02 2.172686356828679166e+01
8.400000000000000522e-02 2.187973182904684322e+01
8.500000000000000611e-02 2.203138950544168040e+01
8.600000000000000699e-02 2.218185212163870190e+01
8.700000000000000788e-02 2.233113484143375516e+01
8.799999999999999489e-02 2.247925248068279558e+01
8.899999999999999578e-02 2.262621951916701946e+01
8.999999999999999667e-02 2.277205011192350881e+01
9.099999999999999756e-02 2.291675810007097169e+01
9.199999999999999845e-02 2.306035702115873320e+01
9.299999999999999933e-02 2.320286011906457802e+01
9.400000000000000022e-02 2.334428035346626373e+01
9.500000000000000111e-02 2.348463040890889530e+01
9.600000000000000200e-02 2.362392270349012691e+01
9.700000000000000289e-02 2.376216939718263887e+01
9.800000000000000377e-02 2.389938239981283630e+01
9.900000000000000466e-02 2.403557337871346533e+01
1.000000000000000056e-01 2.417075376606655368e+01
1.010000000000000064e-01 2.430493476595211533e+01
1.020000000000000073e-01 2.443812736111745210e+01
1.030000000000000082e-01 2.457034231948060565e+01
1.040000000000000091e-01 2.470159020038093445e+01
1.049999999999999961e-01 2.483188136058907602e+01
1.059999999999999970e-01 2.496122596008766692e+01
1.069999999999999979e-01 2.508963396763375897e+01
1.079999999999999988e-01 2.521711516611310344e+01
1.089999999999999997e-01 2.534367915769601609e+01
1.100000000000000006e-01 2.546933536880379023e+01
1.110000000000000014e-01 2.559409305489457154e+01
1.120000000000000023e-01 2.571796130507645728e+01
1.130000000000000032e-01 2.584094904655600189e+01
1.140000000000000041e-01 2.596306504892901756e+01
1.150000000000000050e-01 2.608431792832073626e+01
1.160000000000000059e-01 2.620471615138212940e+01
1.170000000000000068e-01 2.632426803914820468e+01
1.180000000000000077e-01 2.644298177076438350e+01
1.190000000000000085e-01 2.656086538708678191e+01
1.199999999999999956e-01 2.667792679416103852e+01
1.209999999999999964e-01 2.679417376658564720e+01
1.219999999999999973e-01 2.690961395076383056e+01
1.229999999999999982e-01 2.702425486804884258e+01
1.239999999999999991e-01 2.713810391778715569e+01
1.250000000000000000e-01 2.725116838026328381e+01
1.260000000000000009e-01 2.736345541955062544e+01
1.270000000000000018e-01 2.747497208627163801e+01
1.280000000000000027e-01 2.758572532027130109e+01
1.290000000000000036e-01 2.769572195320690966e+01
1.300000000000000044e-01 2.780496871105775014e+01
1.310000000000000053e-01 2.791347221655749422e+01
1.320000000000000062e-01 2.802123899155239073e+01
1.330000000000000071e-01 2.812827545928810125e+01
1.340000000000000080e-01 2.823458794662778004e+01
1.350000000000000089e-01 2.834018268620400249e+01
1.360000000000000098e-01 2.844506581850685478e+01
1.370000000000000107e-01 2.854924339391098442e+01
1.380000000000000115e-01 2.865272137464315350e+01
1.390000000000000124e-01 2.875550563669307991e+01
1.400000000000000133e-01 2.885760197166919028e+01
1.410000000000000142e-01 2.895901608860152976e+01
1.420000000000000151e-01 2.905975361569352700e+01
1.430000000000000160e-01 2.915982010202440478e+01
1.440000000000000169e-01 2.925922101920415486e+01
1.449999999999999900e-01 2.935796176298249094e+01
1.459999999999999909e-01 2.945604765481361653e+01
1.469999999999999918e-01 2.955348394337794815e+01
1.479999999999999927e-01 2.965027580606271940e+01
1.489999999999999936e-01 2.974642835040251043e+01
1.499999999999999944e-01 2.984194661548111327e+01
1.509999999999999953e-01 2.993683557329630318e+01
1.519999999999999962e-01 3.003110013008812729e+01
1.529999999999999971e-01 3.012474512763273538e+01
1.539999999999999980e-01 3.021777534450200875e+01
1.549999999999999989e-01 3.031019549729087004e+01
1.559999999999999998e-01 3.040201024181282818e+01
1.570000000000000007e-01 3.049322417426485643e+01
1.580000000000000016e-01 3.058384183236281473e+01
1.590000000000000024e-01 3.067386769644794953e+01
1.600000000000000033e-01 3.076330619056587423e+01
1.610000000000000042e-01 3.085216168351840338e+01
1.620000000000000051e-01 3.094043848988941647e+01
1.630000000000000060e-01 3.102814087104538032e+01
1.640000000000000069e-01 3.111527303611149620e+01
1.650000000000000078e-01 3.120183914292384486e+01
1.660000000000000087e-01 3.128784329895875516e+01
1.670000000000000095e-01 3.137328956223969456e+01
1.680000000000000104e-01 3.145818194222237452e+01
1.690000000000000113e-01 3.154252440065911856e+01
1.700000000000000122e-01 3.162632085244251101e+01
1.710000000000000131e-01 3.170957516642945251e+01
1.720000000000000140e-01 3.179229116624586382e+01
1.730000000000000149e-01 3.187447263107274154e+01
1.740000000000000158e-01 3.195612329641409843e+01
1.750000000000000167e-01 3.203724685484728951e+01
1.759999999999999898e-01 3.211784695675623169e+01
1.769999999999999907e-01 3.219792721104793287e+01
1.779999999999999916e-01 3.227749118585298760e+01
1.789999999999999925e-01 3.235654240921024893e+01
1.799999999999999933e-01 3.243508436973628051e+01
1.809999999999999942e-01 3.251312051728001506e+01
1.819999999999999951e-01 3.259065426356292505e+01
1.829999999999999960e-01 3.266768898280515288e+01
1.839999999999999969e-01 3.274422801233799873e+01
1.849999999999999978e-01 3.282027465320318527e+01
1.859999999999999987e-01 3.289583217073912635e+01
1.869999999999999996e-01 3.297090379515457670e+01
1.880000000000000004e-01 3.304549272209026611e+01
1.890000000000000013e-01 3.311960211316826985e+01
1.900000000000000022e-01 3.319323509653010262e+01
1.910000000000000031e-01 3.326639476736335155e+01
1.920000000000000040e-01 3.333908418841723886e+01
1.930000000000000049e-01 3.341130639050776807e+01
1.940000000000000058e-01 3.348306437301202720e+01
1.950000000000000067e-01 3.355436110435269370e+01
1.960000000000000075e-01 3.362519952247237143e+01
1.970000000000000084e-01 3.369558253529840641e+01
1.980000000000000093e-01 3.376551302119820264e+01
1.990000000000000102e-01 3.383499382942557077e+01
2.000000000000000111e-01 3.390402778055769062e+01
2.010000000000000120e-01 3.397261766692409424e+01
2.020000000000000129e-01 3.404076625302603532e+01
2.030000000000000138e-01 3.410847627594894504e+01
2.040000000000000147e-01 3.417575044576559407e+01
2.050000000000000155e-01 3.424259144593195714e+01
2.060000000000000164e-01 3.430900193367531159e+01
2.070000000000000173e-01 3.437498454037471163e+01
2.080000000000000182e-01 3.444054187193430749e+01
2.089999999999999913e-01 3.450567650914927498e+01
2.099999999999999922e-01 3.457039100806496634e+01
2.109999999999999931e-01 3.463468790032901268e+01
2.119999999999999940e-01 3.469856969353712373e+01
2.129999999999999949e-01 3.476203887157197414e+01
2.139999999999999958e-01 3.482509789493620644e+01
2.149999999999999967e-01 3.488774920107854172e+01
2.159999999999999976e-01 3.494999520471475307e+01
2.169999999999999984e-01 3.501183829814178239e+01
2.179999999999999993e-01 3.507328085154691166e+01
2.190000000000000002e-01 3.513432521331062475e+01
2.200000000000000011e-01 3.519497371030434607e+01
2.210000000000000020e-01 3.525522864818256608e+01
2.220000000000000029e-01 3.531509231166999285e+01
2.230000000000000038e-01 3.537456696484309759e+01
2.240000000000000047e-01 3.543365485140702731e+01
2.250000000000000056e-01 3.549235819496736610e+01
2.260000000000000064e-01 3.555067919929723530e+01
2.270000000000000073e-01 3.560862004859946950e+01
2.280000000000000082e-01 3.566618290776433042e+01
2.290000000000000091e-01 3.572336992262290067e+01
2.300000000000000100e-01 3.578018322019545394e+01
2.310000000000000109e-01 3.583662490893640040e+01
2.320000000000000118e-01 3.589269707897409489e+01
2.330000000000000127e-01 3.594840180234730553e+01
2.340000000000000135e-01 3.600374113323705672e+01
2.350000000000000144e-01 3.605871710819490517e+01
2.360000000000000153e-01 3.611333174636698118e+01
2.370000000000000162e-01 3.616758704971476845e+01
2.380000000000000171e-01 3.622148500323155673e+01
2.390000000000000180e-01 3.627502757515577514e+01
2.399999999999999911e-01 3.632821671718035361e+01
2.409999999999999920e-01 3.638105436465907871e+01
2.419999999999999929e-01 3.643354243680909121e+01
2.429999999999999938e-01 3.648568283691025016e+01
2.439999999999999947e-01 3.653747745250110768e+01
2.449999999999999956e-01 3.658892815557204159e+01
2.459999999999999964e-01 3.664003680275473585e+01
2.469999999999999973e-01 3.669080523550894668e+01
2.479999999999999982e-01 3.674123528030608554e+01
2.489999999999999991e-01 3.679132874880993143e+01
2.500000000000000000e-01 3.684108743805445840e+01
2.510000000000000009e-01 3.689051313061871440e+01
2.520000000000000018e-01 3.693960759479912781e+01
2.530000000000000027e-01 3.698837258477882983e+01
2.540000000000000036e-01 3.703680984079447569e+01
2.550000000000000044e-01 3.708492108930042264e+01
2.560000000000000053e-01 3.713270804313049922e+01
2.570000000000000062e-01 3.718017240165671922e+01
2.580000000000000071e-01 3.722731585094630447e+01
2.590000000000000080e-01 3.727414006391553869e+01
2.600000000000000089e-01 3.732064670048184496e+01
2.610000000000000098e-01 3.736683740771312046e+01
2.620000000000000107e-01 3.741271381997515277e+01
2.630000000000000115e-01 3.745827755907630774e+01
2.640000000000000124e-01 3.750353023441049061e+01
2.650000000000000133e-01 3.754847344309774826e+01
2.660000000000000142e-01 3.759310877012273977e+01
2.670000000000000151e-01 3.763743778847125299e+01
2.680000000000000160e-01 3.768146205926439052e+01
2.690000000000000169e-01 3.772518313189125649e+01
2.700000000000000178e-01 3.776860254413907114e+01
2.710000000000000187e-01 3.781172182232198509e+01
2.720000000000000195e-01 3.785454248140740674e+01
2.730000000000000204e-01 3.789706602514104361e+01
2.740000000000000213e-01 3.793929394616949224e+01
2.750000000000000222e-01 3.798122772616189025e+01
2.760000000000000231e-01 3.802286883592869060e+01
2.770000000000000240e-01 3.806421873553995283e+01
2.780000000000000249e-01 3.810527887444079909e+01
2.790000000000000258e-01 3.814605069156600337e+01
2.800000000000000266e-01 3.818653561545270492e+01
2.810000000000000275e-01 3.822673506435128843e+01
2.820000000000000284e-01 3.826665044633507762e+01
2.830000000000000293e-01 3.830628315940802509e+01
2.840000000000000302e-01 3.834563459161159216e+01
2.850000000000000311e-01 3.838470612112909919e+01
2.860000000000000320e-01 3.842349911638986271e+01
2.870000000000000329e-01 3.846201493617054723e+01
2.880000000000000338e-01 3.850025492969622576e+01
2.889999999999999791e-01 3.853822043673953601e+01
2.899999999999999800e-01 3.857591278771836585e+01
2.909999999999999809e-01 3.861333330379250839e+01
2.919999999999999818e-01 3.865048329695871132e+01
2.929999999999999827e-01 3.868736407014479539e+01
2.939999999999999836e-01 3.872397691730190417e+01
2.949999999999999845e-01 3.876032312349627773e+01
2.959999999999999853e-01 3.879640396499890187e+01
2.969999999999999862e-01 3.883222070937492276e+01
2.979999999999999871e-01 3.886777461557082347e+01
2.989999999999999880e-01 3.890306693400140858e+01
2.999999999999999889e-01 3.893809890663501960e+01
3.009999999999999898e-01 3.897287176707753531e+01
3.019999999999999907e-01 3.900738674065598843e+01
3.029999999999999916e-01 3.904164504450028517e+01
3.039999999999999925e-01 3.907564788762410046e+01
3.049999999999999933e-01 3.910939647100498462e+01
3.059999999999999942e-01 3.914289198766318378e+01
3.069999999999999951e-01 3.917613562273928807e+01
3.079999999999999960e-01 3.920912855357123306e+01
3.089999999999999969e-01 3.924187194976995841e+01
3.099999999999999978e-01 3.927436697329441984e+01
3.109999999999999987e-01 3.930661477852531505e+01
3.119999999999999996e-01 3.933861651233816303e+01
3.130000000000000004e-01 3.937037331417505470e+01
3.140000000000000013e-01 3.940188631611601977e+01
3.150000000000000022e-01 3.943315664294919998e+01
3.160000000000000031e-01 3.946418541223965804e+01
3.170000000000000040e-01 3.949497373439854186e+01
3.180000000000000049e-01 3.952552271275006035e+01
3.190000000000000058e-01 3.955583344359838094e+01
3.200000000000000067e-01 3.958590701629358932e+01
3.210000000000000075e-01 3.961574451329674673e+01
3.220000000000000084e-01 3.964534701024378194e+01
3.230000000000000093e-01 3.967471557600960352e+01
3.240000000000000102e-01 3.970385127277008053e+01
3.250000000000000111e-01 3.973275515606436414e+01
3.260000000000000120e-01 3.976142827485593045e+01
3.270000000000000129e-01 3.978987167159299077e+01
3.280000000000000138e-01 3.981808638226806352e+01
3.290000000000000147e-01 3.984607343647687117e+01
3.300000000000000155e-01 3.987383385747676101e+01
3.310000000000000164e-01 3.990136866224402468e+01
3.320000000000000173e-01 3.992867886153079837e+01
3.330000000000000182e-01 3.995576545992123840e+01
3.340000000000000191e-01 3.998262945588688666e+01
3.350000000000000200e-01 4.000927184184145347e+01
3.360000000000000209e-01 4.003569360419518119e+01
3.370000000000000218e-01 4.006189572340817051e+01
3.380000000000000226e-01 4.008787917404319501e+01
3.390000000000000235e-01 4.011364492481814636e+01
3.400000000000000244e-01 4.013919393865757002e+01
3.410000000000000253e-01 4.016452717274371764e+01
3.420000000000000262e-01 4.018964557856694597e+01
3.430000000000000271e-01 4.021455010197564661e+01
3.440000000000000280e-01 4.023924168322531614e+01
3.450000000000000289e-01 4.026372125702759774e+01
3.460000000000000298e-01 4.028798975259805104e+01
3.470000000000000306e-01 4.031204809370395026e+01
3.480000000000000315e-01 4.033589719871133639e+01
3.490000000000000324e-01 4.035953798063128772e+01
3.500000000000000333e-01 4.038297134716609094e+01
3.510000000000000342e-01 4.040619820075478685e+01
3.519999999999999796e-01 4.042921943861762202e+01
3.529999999999999805e-01 4.045203595280101183e+01
3.539999999999999813e-01 4.047464863022116788e+01
3.549999999999999822e-01 4.049705835270739840e+01
3.559999999999999831e-01 4.051926599704550824e+01
3.569999999999999840e-01 4.054127243501961431e+01
3.579999999999999849e-01 4.056307853345463599e+01
3.589999999999999858e-01 4.058468515425757062e+01
3.599999999999999867e-01 4.060609315445859835e+01
3.609999999999999876e-01 4.062730338625165416e+01
3.619999999999999885e-01 4.064831669703463035e+01
3.629999999999999893e-01 4.066913392944889694e+01
3.639999999999999902e-01 4.068975592141879360e+01
3.649999999999999911e-01 4.071018350619038983e+01
3.659999999999999920e-01 4.073041751236981156e+01
3.669999999999999929e-01 4.075045876396141864e+01
3.679999999999999938e-01 4.077030808040511545e+01
3.689999999999999947e-01 4.078996627661375385e+01
3.699999999999999956e-01 4.080943416300982562e+01
3.709999999999999964e-01 4.082871254556182805e+01
3.719999999999999973e-01 4.084780222582026710e+01
3.729999999999999982e-01 4.086670400095329825e+01
3.739999999999999991e-01 4.088541866378178469e+01
3.750000000000000000e-01 4.090394700281429152e+01
3.760000000000000009e-01 4.092228980228161106e+01
3.770000000000000018e-01 4.094044784217059885e+01
3.780000000000000027e-01 4.095842189825830815e+01
3.790000000000000036e-01 4.097621274214493070e+01
3.800000000000000044e-01 4.099382114128726329e+01
3.810000000000000053e-01 4.101124785903105874e+01
3.820000000000000062e-01 4.102849365464371090e+01
3.830000000000000071e-01 4.104555928334587378e+01
3.840000000000000080e-01 4.106244549634350705e+01
3.850000000000000089e-01 4.107915304085893382e+01
3.860000000000000098e-01 4.109568266016201932e+01
3.870000000000000107e-01 4.111203509360094444e+01
3.880000000000000115e-01 4.112821107663240383e+01
3.890000000000000124e-01 4.114421134085184661e+01
3.900000000000000133e-01 4.116003661402300651e+01
3.910000000000000142e-01 4.117568762010795780e+01
3.920000000000000151e-01 4.119116507929520310e+01
3.930000000000000160e-01 4.120646970802975773e+01
3.940000000000000169e-01 4.122160221904091060e+01
3.950000000000000178e-01 4.123656332137071701e+01
3.960000000000000187e-01 4.125135372040208637e+01
3.970000000000000195e-01 4.126597411788650049e+01
3.980000000000000204e-01 4.128042521197128423e+01
3.990000000000000213e-01 4.129470769722686896e+01
4.000000000000000222e-01 4.130882226467380036e+01
4.010000000000000231e-01 4.132276960180914926e+01
4.020000000000000240e-01 4.133655039263314279e+01
4.030000000000000249e-01 4.135016531767470127e+01
4.040000000000000258e-01 4.136361505401798411e+01
4.050000000000000266e-01 4.137690027532774195e+01
4.060000000000000275e-01 4.139002165187420701e+01
4.070000000000000284e-01 4.140297985055890706e+01
4.080000000000000293e-01 4.141577553493862496e+01
4.090000000000000302e-01 4.142840936525107054e+01
4.100000000000000311e-01 4.144088199843826459e+01
4.110000000000000320e-01 4.145319408817108098e+01
4.120000000000000329e-01 4.146534628487324881e+01
4.130000000000000338e-01 4.147733923574470793e+01
4.140000000000000346e-01 4.148917358478531270e+01
4.150000000000000355e-01 4.150084997281768295e+01
4.160000000000000364e-01 4.151236903751050278e+01
4.169999999999999818e-01 4.152373141340106599e+01
4.179999999999999827e-01 4.153493773191821958e+01
4.189999999999999836e-01 4.154598862140382920e+01
4.199999999999999845e-01 4.155688470713597837e+01
4.209999999999999853e-01 4.156762661134991532e+01
4.219999999999999862e-01 4.157821495326032135e+01
4.229999999999999871e-01 4.158865034908255609e+01
4.239999999999999880e-01 4.159893341205403061e+01
4.249999999999999889e-01 4.160906475245531055e+01
4.259999999999999898e-01 4.161904497763094923e+01
4.269999999999999907e-01 4.162887469201005075e+01
4.279999999999999916e-01 4.163855449712704626e+01
4.289999999999999925e-01 4.164808499164176681e+01
4.299999999999999933e-01 4.165746677135968667e+01
4.309999999999999942e-01 4.166670042925196782e+01
4.319999999999999951e-01 4.167578655547463029e+01
4.329999999999999960e-01 4.168472573738898745e+01
4.339999999999999969e-01 4.169351855958027642e+01
4.349999999999999978e-01 4.170216560387746796e+01
4.359999999999999987e-01 4.171066744937161985e+01
4.369999999999999996e-01 4.171902467243533152e+01
4.380000000000000004e-01 4.172723784674118974e+01
4.390000000000000013e-01 4.173530754328024273e+01
4.400000000000000022e-01 4.174323433038048847e+01
4.410000000000000031e-01 4.175101877372475911e+01
4.420000000000000040e-01 4.175866143636894634e+01
4.430000000000000049e-01 4.176616287876012024e+01
4.440000000000000058e-01 4.177352365875378837e+01
4.450000000000000067e-01 4.178074433163130408e+01
4.460000000000000075e-01 4.178782545011782901e+01
4.470000000000000084e-01 4.179476756439918006e+01
4.480000000000000093e-01 4.180157122213896770e+01
4.490000000000000102e-01 4.180823696849524396e+01
4.500000000000000111e-01 4.181476534613767626e+01
4.510000000000000120e-01 4.182115689526411728e+01
4.520000000000000129e-01 4.182741215361676268e+01
4.530000000000000138e-01 4.183353165649883465e+01
4.540000000000000147e-01 4.183951593679027070e+01
4.550000000000000155e-01 4.184536552496427930e+01
4.560000000000000164e-01 4.185108094910309973e+01
4.570000000000000173e-01 4.185666273491345635e+01
4.580000000000000182e-01 4.186211140574264533e+01
4.590000000000000191e-01 4.186742748259354840e+01
4.600000000000000200e-01 4.187261148414027190e+01
4.610000000000000209e-01 4.187766392674350158e+01
4.620000000000000218e-01 4.188258532446495508e+01
4.630000000000000226e-01 4.188737618908315596e+01
4.640000000000000235e-01 4.189203703010754509e+01
4.650000000000000244e-01 4.189656835479380703e+01
4.660000000000000253e-01 4.190097066815775406e+01
4.670000000000000262e-01 4.190524447299054600e+01
4.680000000000000271e-01 4.190939026987210525e+01
4.690000000000000280e-01 4.191340855718627978e+01
4.700000000000000289e-01 4.191729983113427949e+01
4.710000000000000298e-01 4.192106458574856731e+01
4.720000000000000306e-01 4.192470331290738983e+01
4.730000000000000315e-01 4.192821650234760966e+01
4.740000000000000324e-01 4.193160464167916501e+01
4.750000000000000333e-01 4.193486821639778128e+01
4.760000000000000342e-01 4.193800770989891902e+01
4.770000000000000351e-01 4.194102360349087633e+01
4.780000000000000360e-01 4.194391637640793391e+01
4.790000000000000369e-01 4.194668650582313063e+01
4.799999999999999822e-01 4.194933446686160039e+01
4.809999999999999831e-01 4.195186073261349691e+01
4.819999999999999840e-01 4.195426577414600189e+01
4.829999999999999849e-01 4.195655006051676850e+01
4.839999999999999858e-01 4.195871405878595084e+01
4.849999999999999867e-01 4.196075823402885874e+01
4.859999999999999876e-01 4.196268304934786642e+01
4.869999999999999885e-01 4.196448896588519517e+01
4.879999999999999893e-01 4.196617644283477944e+01
4.889999999999999902e-01 4.196774593745396942e+01
4.899999999999999911e-01 4.196919790507585901e+01
4.909999999999999920e-01 4.197053279912075396e+01
4.919999999999999929e-01 4.197175107110845715e+01
4.929999999999999938e-01 4.197285317066907595e+01
4.939999999999999947e-01 4.197383954555539987e+01
4.949999999999999956e-01 4.197471064165346633e+01
4.959999999999999964e-01 4.197546690299476069e+01
4.969999999999999973e-01 4.197610877176689570e+01
4.979999999999999982e-01 4.197663668832490913e+01
4.989999999999999991e-01 4.197705109120229139e+01
5.000000000000000000e-01 4.197735241712234711e+01
5.010000000000000009e-01 4.197754110100846248e+01
5.020000000000000018e-01 4.197761757599539578e+01
5.030000000000000027e-01 4.197758227343993553e+01
5.040000000000000036e-01 4.197743562293115360e+01
5.050000000000000044e-01 4.197717805230140442e+01
5.060000000000000053e-01 4.197680998763683391e+01
5.070000000000000062e-01 4.197633185328734129e+01
5.080000000000000071e-01 4.197574407187703827e+01
5.090000000000000080e-01 4.197504706431475796e+01
5.100000000000000089e-01 4.197424124980387461e+01
5.110000000000000098e-01 4.197332704585262064e+01
5.120000000000000107e-01 4.197230486828370033e+01
5.130000000000000115e-01 4.197117513124462107e+01
5.140000000000000124e-01 4.196993824721731414e+01
5.150000000000000133e-01 4.196859462702779808e+01
5.160000000000000142e-01 4.196714467985628261e+01
5.170000000000000151e-01 4.196558881324585144e+01
5.180000000000000160e-01 4.196392743311324125e+01
5.190000000000000169e-01 4.196216094375736816e+01
5.200000000000000178e-01 4.196028974786894850e+01
5.210000000000000187e-01 4.195831424654002006e+01
5.220000000000000195e-01 4.195623483927285946e+01
5.230000000000000204e-01 4.195405192398949623e+01
5.240000000000000213e-01 4.195176589704044545e+01
5.250000000000000222e-01 4.194937715321410820e+01
5.260000000000000231e-01 4.194688608574536914e+01
5.270000000000000240e-01 4.194429308632491171e+01
5.280000000000000249e-01 4.194159854510751018e+01
5.290000000000000258e-01 4.193880285072125957e+01
5.300000000000000266e-01 4.193590639027603117e+01
5.310000000000000275e-01 4.193290954937220505e+01
5.320000000000000284e-01 4.192981271210918948e+01
5.330000000000000293e-01 4.192661626109388351e+01
5.340000000000000302e-01 4.192332057744908269e+01
5.350000000000000311e-01 4.191992604082199136e+01
5.360000000000000320e-01 4.191643302939242233e+01
5.370000000000000329e-01 4.191284191988123808e+01
5.380000000000000338e-01 4.190915308755799629e+01
5.390000000000000346e-01 4.190536690624978178e+01
5.400000000000000355e-01 4.190148374834881650e+01
5.410000000000000364e-01 4.189750398482068050e+01
5.420000000000000373e-01 4.189342798521190758e+01
5.430000000000000382e-01 4.188925611765834134e+01
5.440000000000000391e-01 4.188498874889285162e+01
5.450000000000000400e-01 4.188062624425279523e+01
5.460000000000000409e-01 4.187616896768799535e+01
5.470000000000000417e-01 4.187161728176834430e+01
5.480000000000000426e-01 4.186697154769147744e+01
5.490000000000000435e-01 4.186223212529019833e+01
5.500000000000000444e-01 4.185739937304004599e+01
5.510000000000000453e-01 4.185247364806664194e+01
5.520000000000000462e-01 4.184745530615324327e+01
5.530000000000000471e-01 4.184234470174789777e+01
5.540000000000000480e-01 4.183714218797092599e+01
5.550000000000000488e-01 4.183184811662168556e+01
5.560000000000000497e-01 4.182646283818645117e+01
5.570000000000000506e-01 4.182098670184502254e+01
5.580000000000000515e-01 4.181542005547784413e+01
5.590000000000000524e-01 4.180976324567326685e+01
5.600000000000000533e-01 4.180401661773414901e+01
5.610000000000000542e-01 4.179818051568511805e+01
5.620000000000000551e-01 4.179225528227945574e+01
5.630000000000000560e-01 4.178624125900549302e+01
5.640000000000000568e-01 4.178013878609377230e+01
5.650000000000000577e-01 4.177394820252376917e+01
5.660000000000000586e-01 4.176766984603038679e+01
5.670000000000000595e-01 4.176130405311063498e+01
5.680000000000000604e-01 4.175485115903016720e+01
5.690000000000000613e-01 4.174831149783014439e+01
5.700000000000000622e-01 4.174168540233323199e+01
5.710000000000000631e-01 4.173497320415043532e+01
5.720000000000000639e-01 4.172817523368740922e+01
5.730000000000000648e-01 4.172129182015042659e+01
5.740000000000000657e-01 4.171432329155338437e+01
5.750000000000000666e-01 4.170726997472357311e+01
5.760000000000000675e-01 4.170013219530808612e+01
5.769999999999999574e-01 4.169291027777973113e+01
5.779999999999999583e-01 4.168560454544386573e+01
5.789999999999999591e-01 4.167821532044344224e+01
5.799999999999999600e-01 4.167074292376599942e+01
5.809999999999999609e-01 4.166318767524926159e+01
5.819999999999999618e-01 4.165554989358706450e+01
5.829999999999999627e-01 4.164782989633543764e+01
5.839999999999999636e-01 4.164002799991848747e+01
5.849999999999999645e-01 4.163214451963415286e+01
5.859999999999999654e-01 4.162417976966007416e+01
5.869999999999999662e-01 4.161613406305910701e+01
5.879999999999999671e-01 4.160800771178561774e+01
5.889999999999999680e-01 4.159980102669071300e+01
5.899999999999999689e-01 4.159151431752809458e+01
5.909999999999999698e-01 4.158314789295933167e+01
5.919999999999999707e-01 4.157470206055994311e+01
5.929999999999999716e-01 4.156617712682468380e+01
5.939999999999999725e-01 4.155757339717332854e+01
5.949999999999999734e-01 4.154889117595493531e+01
5.959999999999999742e-01 4.154013076645532010e+01
5.969999999999999751e-01 4.153129247090080867e+01
5.979999999999999760e-01 4.152237659046393503e+01
5.989999999999999769e-01 4.151338342526925373e+01
5.999999999999999778e-01 4.150431327439824258e+01
6.009999999999999787e-01 4.149516643589453224e+01
6.019999999999999796e-01 4.148594320676926372e+01
6.029999999999999805e-01 4.147664388300627536e+01
6.039999999999999813e-01 4.146726875956704816e+01
6.049999999999999822e-01 4.145781813039592123e+01
6.059999999999999831e-01 4.144829228842527868e+01
6.069999999999999840e-01 4.143869152558077928e+01
6.079999999999999849e-01 4.142901613278529283e+01
6.089999999999999858e-01 4.141926639996567872e+01
6.099999999999999867e-01 4.140944261605588395e+01
6.109999999999999876e-01 4.139954506900339481e+01
6.119999999999999885e-01 4.138957404577271859e+01
6.129999999999999893e-01 4.137952983235162208e+01
6.139999999999999902e-01 4.136941271375479801e+01
6.149999999999999911e-01 4.135922297402922254e+01
6.159999999999999920e-01 4.134896089625895854e+01
6.169999999999999929e-01 4.133862676256936197e+01
6.179999999999999938e-01 4.132822085413253888e+01
6.189999999999999947e-01 4.131774345117133862e+01
6.199999999999999956e-01 4.130719483296432770e+01
6.209999999999999964e-01 4.129657527785032300e+01
6.219999999999999973e-01 4.128588506323281138e+01
6.229999999999999982e-01 4.127512446558479553e+01
6.239999999999999991e-01 4.126429376045309994e+01
6.250000000000000000e-01 4.125339322246279039e+01
6.260000000000000009e-01 4.124242312532187782e+01
6.270000000000000018e-01 4.123138374182556731e+01
6.280000000000000027e-01 4.122027534386056402e+01
6.290000000000000036e-01 4.120909820240987642e+01
6.300000000000000044e-01 4.119785258755636903e+01
6.310000000000000053e-01 4.118653876848806306e+01
6.320000000000000062e-01 4.117515701350170332e+01
6.330000000000000071e-01 4.116370759000717783e+01
6.340000000000000080e-01 4.115219076453186631e+01
6.350000000000000089e-01 4.114060680272483239e+01
6.360000000000000098e-01 4.112895596936108689e+01
6.370000000000000107e-01 4.111723852834546733e+01
6.380000000000000115e-01 4.110545474271690125e+01
6.390000000000000124e-01 4.109360487465247047e+01
6.400000000000000133e-01 4.108168918547191595e+01
6.410000000000000142e-01 4.106970793564107680e+01
6.420000000000000151e-01 4.105766138477595462e+01
6.430000000000000160e-01 4.104554979164723250e+01
6.440000000000000169e-01 4.103337341418385620e+01
6.450000000000000178e-01 4.102113250947719791e+01
6.460000000000000187e-01 4.100882733378450951e+01
6.470000000000000195e-01 4.099645814253346998e+01
6.480000000000000204e-01 4.098402519032580926e+01
6.490000000000000213e-01 4.097152873094077563e+01
6.500000000000000222e-01 4.095896901733959794e+01
6.510000000000000231e-01 4.094634630166908096e+01
6.520000000000000240e-01 4.093366083526498755e+01
6.530000000000000249e-01 4.092091286865637301e+01
6.540000000000000258e-01 4.090810265156920877e+01
6.550000000000000266e-01 4.089523043292962257e+01
6.560000000000000275e-01 4.088229646086800528e+01
6.570000000000000284e-01 4.086930098272276268e+01
6.580000000000000293e-01 4.085624424504376861e+01
6.590000000000000302e-01 4.084312649359597458e+01
6.600000000000000311e-01 4.082994797336314718e+01
6.610000000000000320e-01 4.081670892855110822e+01
6.620000000000000329e-01 4.080340960259204053e+01
6.630000000000000338e-01 4.079005023814720232e+01
6.640000000000000346e-01 4.077663107711060775e+01
6.650000000000000355e-01 4.076315236061317648e+01
6.660000000000000364e-01 4.074961432902526326e+01
6.670000000000000373e-01 4.073601722196123376e+01
6.680000000000000382e-01 4.072236127828134045e+01
6.690000000000000391e-01 4.070864673609662532e+01
6.700000000000000400e-01 4.069487383277153469e+01
6.710000000000000409e-01 4.068104280492786984e+01
6.720000000000000417e-01 4.066715388844706069e+01
6.730000000000000426e-01 4.065320731847465652e+01
6.740000000000000435e-01 4.063920332942302593e+01
6.750000000000000444e-01 4.062514215497483860e+01
6.760000000000000453e-01 4.061102402808622003e+01
6.770000000000000462e-01 4.059684918099006268e+01
6.780000000000000471e-01 4.058261784519929449e+01
6.790000000000000480e-01 4.056833025151020422e+01
6.800000000000000488e-01 4.055398663000535464e+01
6.810000000000000497e-01 4.053958721005666632e+01
6.820000000000000506e-01 4.052513222032931139e+01
6.830000000000000515e-01 4.051062188878394466e+01
6.840000000000000524e-01 4.049605644268046944e+01
6.850000000000000533e-01 4.048143610858105035e+01
6.860000000000000542e-01 4.046676111235254325e+01
6.870000000000000551e-01 4.045203167917040332e+01
6.880000000000000560e-01 4.043724803352155561e+01
6.890000000000000568e-01 4.042241039920688195e+01
6.900000000000000577e-01 4.040751899934501523e+01
6.910000000000000586e-01 4.039257405637462739e+01
6.920000000000000595e-01 4.037757579205798208e+01
6.930000000000000604e-01 4.036252442748345004e+01
6.940000000000000613e-01 4.034742018306857858e+01
6.950000000000000622e-01 4.033226327856358751e+01
6.960000000000000631e-01 4.031705393305314544e+01
6.970000000000000639e-01 4.030179236496041995e+01
6.980000000000000648e-01 4.028647879204898175e+01
6.990000000000000657e-01 4.027111343142642852e+01
7.000000000000000666e-01 4.025569649954680074e+01
7.010000000000000675e-01 4.024022821221353752e+01
7.020000000000000684e-01 4.022470878458219090e+01
7.030000000000000693e-01 4.020913843116352382e+01
7.039999999999999591e-01 4.019351736582594015e+01
7.049999999999999600e-01 4.017784580179822740e+01
7.059999999999999609e-01 4.016212395167293892e+01
7.069999999999999618e-01 4.014635202740805653e+01
7.079999999999999627e-01 4.013053024033058591e+01
7.089999999999999636e-01 4.011465880113902926e+01
7.099999999999999645e-01 4.009873791990590064e+01
7.109999999999999654e-01 4.008276780608071022e+01
7.119999999999999662e-01 4.006674866849213856e+01
7.129999999999999671e-01 4.005068071535117724e+01
7.139999999999999680e-01 4.003456415425328885e+01
7.149999999999999689e-01 4.001839919218163288e+01
7.159999999999999698e-01 4.000218603550902685e+01
7.169999999999999707e-01 3.998592489000071737e+01
7.179999999999999716e-01 3.996961596081754919e+01
7.189999999999999725e-01 3.995325945251728683e+01
7.199999999999999734e-01 3.993685556905856515e+01
7.209999999999999742e-01 3.992040451380212573e+01
7.219999999999999751e-01 3.990390648951428432e+01
7.229999999999999760e-01 3.988736169836911927e+01
7.239999999999999769e-01 3.987077034195063163e+01
7.249999999999999778e-01 3.985413262125557310e+01
7.259999999999999787e-01 3.983744873669598974e+01
7.269999999999999796e-01 3.982071888810129678e+01
7.279999999999999805e-01 3.980394327472103555e+01
7.289999999999999813e-01 3.978712209522703347e+01
7.299999999999999822e-01 3.977025554771610416e+01
7.309999999999999831e-01 3.975334382971209379e+01
7.319999999999999840e-01 3.973638713816831114e+01
7.329999999999999849e-01 3.971938566947061133e+01
7.339999999999999858e-01 3.970233961943833378e+01
7.349999999999999867e-01 3.968524918332802542e+01
7.359999999999999876e-01 3.966811455583514601e+01
7.369999999999999885e-01 3.965093593109604342e+01
7.379999999999999893e-01 3.963371350269102322e+01
7.389999999999999902e-01 3.961644746364592606e+01
7.399999999999999911e-01 3.959913800643521142e+01
7.409999999999999920e-01 3.958178532298302343e+01
7.419999999999999929e-01 3.956438960466691412e+01
7.429999999999999938e-01 3.954695104231883818e+01
7.439999999999999947e-01 3.952946982622782457e+01
7.449999999999999956e-01 3.951194614614253453e+01
7.459999999999999964e-01 3.949438019127315158e+01
7.469999999999999973e-01 3.947677215029325737e+01
7.479999999999999982e-01 3.945912221134229014e+01
7.489999999999999991e-01 3.944143056202820219e+01
7.500000000000000000e-01 3.942369738942898039e+01
7.510000000000000009e-01 3.940592288009477784e+01
7.520000000000000018e-01 3.938810722005020182e+01
7.530000000000000027e-01 3.937025059479715594e+01
7.540000000000000036e-01 3.935235318931519544e+01
7.550000000000000044e-01 3.933441518806559145e+01
7.560000000000000053e-01 3.931643677499208422e+01
7.570000000000000062e-01 3.929841813352344104e+01
7.580000000000000071e-01 3.928035944657572998e+01
7.590000000000000080e-01 3.926226089655378360e+01
7.600000000000000089e-01 3.924412266535385641e+01
7.610000000000000098e-01 3.922594493436504592e+01
7.620000000000000107e-01 3.920772788447234802e+01
7.630000000000000115e-01 3.918947169605699798e+01
7.640000000000000124e-01 3.917117654900026480e+01
7.650000000000000133e-01 3.915284262268413329e+01
7.660000000000000142e-01 3.913447009599404680e+01
7.670000000000000151e-01 3.911605914732064093e+01
7.680000000000000160e-01 3.909760995456149146e+01
7.690000000000000169e-01 3.907912269512318915e+01
7.700000000000000178e-01 3.906059754592349975e+01
7.710000000000000187e-01 3.904203468339299832e+01
7.720000000000000195e-01 3.902343428347732868e+01
7.730000000000000204e-01 3.900479652163873823e+01
7.740000000000000213e-01 3.898612157285784008e+01
7.750000000000000222e-01 3.896740961163631312e+01
7.760000000000000231e-01 3.894866081199809571e+01
7.770000000000000240e-01 3.892987534749127576e+01
7.780000000000000249e-01 3.891105339119012285e+01
7.790000000000000258e-01 3.889219511569707777e+01
7.800000000000000266e-01 3.887330069314451464e+01
7.810000000000000275e-01 3.885437029519611940e+01
7.820000000000000284e-01 3.883540409304914931e+01
7.830000000000000293e-01 3.881640225743642247e+01
7.840000000000000302e-01 3.879736495862789525e+01
7.850000000000000311e-01 3.877829236643218280e+01
7.860000000000000320e-01 3.875918465019857706e+01
7.870000000000000329e-01 3.874004197881909306e+01
7.880000000000000338e-01 3.872086452072990426e+01
7.890000000000000346e-01 3.870165244391294834e+01
7.900000000000000355e-01 3.868240591589854205e+01
7.910000000000000364e-01 3.866312510376559430e+01
7.920000000000000373e-01 3.864381017414481789e+01
7.930000000000000382e-01 3.862446129321996580e+01
7.940000000000000391e-01 3.860507862672886858e+01
7.950000000000000400e-01 3.858566233996630501e+01
7.960000000000000409e-01 3.856621259778484045e+01
7.970000000000000417e-01 3.854672956459675959e+01
7.980000000000000426e-01 3.852721340437575748e+01
7.990000000000000435e-01 3.850766428065861646e+01
8.000000000000000444e-01 3.848808235654733778e+01
8.010000000000000453e-01 3.846846779470961053e+01
8.020000000000000462e-01 3.844882075738145488e+01
8.030000000000000471e-01 3.842914140636897002e+01
8.040000000000000480e-01 3.840942990304888838e+01
8.050000000000000488e-01 3.838968640837147461e+01
8.060000000000000497e-01 3.836991108286125041e+01
8.070000000000000506e-01 3.835010408661891290e+01
8.080000000000000515e-01 3.833026557932315370e+01
8.090000000000000524e-01 3.831039572023179574e+01
8.100000000000000533e-01 3.829049466818324277e+01
8.110000000000000542e-01 3.827056258159947788e+01
8.120000000000000551e-01 3.825059961848531032e+01
8.130000000000000560e-01 3.823060593643225502e+01
8.140000000000000568e-01 3.821058169261814896e+01
8.150000000000000577e-01 3.819052704380973751e+01
8.160000000000000586e-01 3.817044214636459287e+01
8.170000000000000595e-01 3.815032715623161153e+01
8.180000000000000604e-01 3.813018222895261999e+01
8.190000000000000613e-01 3.811000751966527389e+01
8.200000000000000622e-01 3.808980318310263158e+01
8.210000000000000631e-01 3.806956937359598214e+01
8.220000000000000639e-01 3.804930624507578329e+01
8.230000000000000648e-01 3.802901395107353721e+01
8.240000000000000657e-01 3.800869264472272846e+01
8.250000000000000666e-01 3.798834247876064296e+01
8.260000000000000675e-01 3.796796360553013017e+01
8.270000000000000684e-01 3.794755617698001515e+01
8.280000000000000693e-01 3.792712034466761395e+01
8.290000000000000702e-01 3.790665625976004094e+01
8.300000000000000711e-01 3.788616407303496203e+01
8.310000000000000719e-01 3.786564393488255575e+01
8.320000000000000728e-01 3.784509599530716173e+01
8.329999999999999627e-01 3.782452040392769277e+01
8.339999999999999636e-01 3.780391730998019284e+01
8.349999999999999645e-01 3.778328686231888867e+01
8.359999999999999654e-01 3.776262920941682921e+01
8.369999999999999662e-01 3.774194449936854312e+01
8.379999999999999671e-01 3.772123287989043661e+01
8.389999999999999680e-01 3.770049449832227140e+01
8.399999999999999689e-01 3.767972950162938162e+01
8.409999999999999698e-01 3.765893803640263116e+01
8.419999999999999707e-01 3.763812024886129848e+01
8.429999999999999716e-01 3.761727628485294872e+01
8.439999999999999725e-01 3.759640628985611954e+01
8.449999999999999734e-01 3.757551040898032113e+01
8.459999999999999742e-01 3.755458878696907732e+01
8.469999999999999751e-01 3.753364156819915820e+01
8.479999999999999760e-01 3.751266889668355020e+01
8.489999999999999769e-01 3.749167091607216662e+01
8.499999999999999778e-01 3.747064776965294186e+01
8.509999999999999787e-01 3.744959960035365043e+01
8.519999999999999796e-01 3.742852655074250379e+01
8.529999999999999805e-01 3.740742876303042408e+01
8.539999999999999813e-01 3.738630637907118626e+01
8.549999999999999822e-01 3.736515954036318021e+01
8.559999999999999831e-01 3.734398838805159926e+01
8.569999999999999840e-01 3.732279306292767274e+01
8.579999999999999849e-01 3.730157370543173556e+01
8.589999999999999858e-01 3.728033045565382508e+01
8.599999999999999867e-01 3.725906345333470426e+01
8.609999999999999876e-01 3.723777283786751013e+01
8.619999999999999885e-01 3.721645874829846434e+01
8.629999999999999893e-01 3.719512132332897636e+01
8.639999999999999902e-01 3.717376070131584243e+01
8.649999999999999911e-01 3.715237702027286559e+01
8.659999999999999920e-01 3.713097041787275998e+01
8.669999999999999929e-01 3.710954103144695182e+01
8.679999999999999938e-01 3.708808899798779635e+01
8.689999999999999947e-01 3.706661445414994205e+01
8.699999999999999956e-01 3.704511753625067172e+01
8.709999999999999964e-01 3.702359838027129513e+01
8.719999999999999973e-01 3.700205712185896800e+01
8.729999999999999982e-01 3.698049389632740258e+01
8.739999999999999991e-01 3.695890883865780552e+01
8.750000000000000000e-01 3.693730208350049793e+01
8.760000000000000009e-01 3.691567376517548382e+01
8.770000000000000018e-01 3.689402401767463857e+01
8.780000000000000027e-01 3.687235297466131101e+01
8.790000000000000036e-01 3.685066076947356351e+01
8.800000000000000044e-01 3.682894753512277930e+01
8.810000000000000053e-01 3.680721340429667521e+01
8.820000000000000062e-01 3.678545850935995531e+01
8.830000000000000071e-01 3.676368298235519205e+01
8.840000000000000080e-01 3.674188695500396307e+01
8.850000000000000089e-01 3.672007055870818704e+01
8.860000000000000098e-01 3.669823392455066369e+01
8.870000000000000107e-01 3.667637718329746122e+01
8.880000000000000115e-01 3.665450046539760365e+01
8.890000000000000124e-01 3.663260390098412245e+01
8.900000000000000133e-01 3.661068761987709763e+01
8.910000000000000142e-01 3.658875175158195248e+01
8.920000000000000151e-01 3.656679642529311991e+01
8.930000000000000160e-01 3.654482176989290565e+01
8.940000000000000169e-01 3.652282791395418826e+01
8.950000000000000178e-01 3.650081498574084549e+01
8.960000000000000187e-01 3.647878311320815214e+01
8.970000000000000195e-01 3.645673242400548020e+01
8.980000000000000204e-01 3.643466304547553136e+01
8.990000000000000213e-01 3.641257510465661085e+01
9.000000000000000222e-01 3.639046872828333790e+01
9.010000000000000231e-01 3.636834404278724264e+01
9.020000000000000240e-01 3.634620117429827246e+01
9.030000000000000249e-01 3.632404024864564462e+01
9.040000000000000258e-01 3.630186139135923895e+01
9.050000000000000266e-01 3.627966472766965467e+01
9.060000000000000275e-01 3.625745038251042729e+01
9.070000000000000284e-01 3.623521848051774441e+01
9.080000000000000293e-01 3.621296914603311734e+01
9.090000000000000302e-01 3.619070250310241477e+01
9.100000000000000311e-01 3.616841867547825018e+01
9.110000000000000320e-01 3.614611778662077768e+01
9.120000000000000329e-01 3.612379995969797619e+01
9.130000000000000338e-01 3.610146531758732635e+01
9.140000000000000346e-01 3.607911398287660631e+01
9.150000000000000355e-01 3.605674607786448860e+01
9.160000000000000364e-01 3.603436172456238751e+01
9.170000000000000373e-01 3.601196104469423176e+01
9.180000000000000382e-01 3.598954415969822662e+01
9.190000000000000391e-01 3.596711119072804763e+01
9.200000000000000400e-01 3.594466225865261322e+01
9.210000000000000409e-01 3.592219748405841528e+01
9.220000000000000417e-01 3.589971698724949078e+01
9.230000000000000426e-01 3.587722088824850175e+01
9.240000000000000435e-01 3.585470930679821322e+01
9.250000000000000444e-01 3.583218236236186272e+01
9.260000000000000453e-01 3.580964017412443923e+01
9.270000000000000462e-01 3.578708286099302427e+01
9.280000000000000471e-01 3.576451054159855403e+01
9.290000000000000480e-01 3.574192333429596147e+01
9.300000000000000488e-01 3.571932135716571111e+01
9.310000000000000497e-01 3.569670472801385586e+01
9.320000000000000506e-01 3.567407356437428234e+01
9.330000000000000515e-01 3.565142798350808562e+01
9.340000000000000524e-01 3.562876810240567238e+01
9.350000000000000533e-01 3.560609403778684623e+01
9.360000000000000542e-01 3.558340590610197296e+01
9.370000000000000551e-01 3.556070382353320269e+01
9.380000000000000560e-01 3.553798790599455515e+01
9.390000000000000568e-01 3.551525826913371020e+01
9.400000000000000577e-01 3.549251502833229210e+01
9.410000000000000586e-01 3.546975829870655161e+01
9.420000000000000595e-01 3.544698819510921339e+01
9.430000000000000604e-01 3.542420483212885074e+01
9.440000000000000613e-01 3.540140832409238669e+01
9.450000000000000622e-01 3.537859878506438349e+01
9.460000000000000631e-01 3.535577632884888999e+01
9.470000000000000639e-01 3.533294106899035114e+01
9.480000000000000648e-01 3.531009311877363643e+01
9.490000000000000657e-01 3.528723259122565992e+01
9.500000000000000666e-01 3.526435959911538021e+01
9.510000000000000675e-01 3.524147425495596053e+01
9.520000000000000684e-01 3.521857667100400135e+01
9.530000000000000693e-01 3.519566695926181410e+01
9.540000000000000702e-01 3.517274523147708010e+01
9.550000000000000711e-01 3.514981159914432851e+01
9.560000000000000719e-01 3.512686617350544793e+01
9.570000000000000728e-01 3.510390906555053903e+01
9.580000000000000737e-01 3.508094038601967668e+01
9.590000000000000746e-01 3.505796024540126155e+01
9.599999999999999645e-01 3.503496875393577170e+01
9.609999999999999654e-01 3.501196602161476790e+01
9.619999999999999662e-01 3.498895215818166093e+01
9.629999999999999671e-01 3.496592727313333171e+01
9.639999999999999680e-01 3.494289147572047227e+01
9.649999999999999689e-01 3.491984487494823952e+01
9.659999999999999698e-01 3.489678757957756261e+01
9.669999999999999707e-01 3.487371969812500083e+01
9.679999999999999716e-01 3.485064133886447735e+01
9.689999999999999725e-01 3.482755260982770551e+01
9.699999999999999734e-01 3.480445361880475730e+01
9.709999999999999742e-01 3.478134447334446122e+01
9.719999999999999751e-01 3.475822528075650553e+01
9.729999999999999760e-01 3.473509614811084134e+01
9.739999999999999769e-01 3.471195718223901849e+01
9.749999999999999778e-01 3.468880848973509501e+01
9.759999999999999787e-01 3.466565017695546658e+01
9.769999999999999796e-01 3.464248235002102660e+01
9.779999999999999805e-01 3.461930511481676831e+01
9.789999999999999813e-01 3.459611857699323423e+01
9.799999999999999822e-01 3.457292284196677201e+01
9.809999999999999831e-01 3.454971801491990391e+01
9.819999999999999840e-01 3.452650420080354365e+01
9.829999999999999849e-01 3.450328150433580277e+01
9.839999999999999858e-01 3.448005003000446322e+01
9.849999999999999867e-01 3.445680988206660800e+01
9.859999999999999876e-01 3.443356116454936000e+01
9.869999999999999885e-01 3.441030398125113265e+01
9.879999999999999893e-01 3.438703843574211305e+01
9.889999999999999902e-01 3.436376463136460302e+01
9.899999999999999911e-01 3.434048267123463916e+01
9.909999999999999920e-01 3.431719265824125387e+01
9.919999999999999929e-01 3.429389469504914700e+01
9.929999999999999938e-01 3.427058888409703741e+01
9.939999999999999947e-01 3.424727532760033455e+01
9.949999999999999956e-01 3.422395412755113853e+01
9.959999999999999964e-01 3.420062538571818322e+01
9.969999999999999973e-01 3.417728920364888268e+01
9.979999999999999982e-01 3.415394568266921738e+01
9.989999999999999991e-01 3.413059492388396166e+01
1.000000000000000000e+00 3.410723702817870162e+01
