0.000000000000000000e+00 0.000000000000000000e+00
1.000000000000000021e-03 8.100061175223665089e-01
2.000000000000000042e-03 1.418002005245598829e+00
3.000000000000000062e-03 1.969347211783924356e+00
4.000000000000000083e-03 2.485484938555193146e+00
5.000000000000000104e-03 2.975846501546095535e+00
6.000000000000000125e-03 3.445747398006234086e+00
7.000000000000000146e-03 3.898599955762674263e+00
8.000000000000000167e-03 4.336781182469143126e+00
9.000000000000001055e-03 4.762042867585588368e+00
1.000000000000000021e-02 5.175730475389593188e+00
1.099999999999999936e-02 5.578910571066798774e+00
1.200000000000000025e-02 5.972450006335837003e+00
1.300000000000000114e-02 6.357067705585776274e+00
1.400000000000000029e-02 6.733369954097485177e+00
1.499999999999999944e-02 7.101875271444470172e+00
1.600000000000000033e-02 7.463032447841182915e+00
1.700000000000000122e-02 7.817233941802848918e+00
1.800000000000000211e-02 8.164826040804451068e+00
1.899999999999999953e-02 8.506116707454971504e+00
2.000000000000000042e-02 8.841381735265995800e+00
2.100000000000000130e-02 9.170869646494528737e+00
2.199999999999999872e-02 9.494805638209458110e+00
2.299999999999999961e-02 9.813394797445843309e+00
2.400000000000000050e-02 1.012682474751118278e+01
2.500000000000000139e-02 1.043526784619410996e+01
2.600000000000000228e-02 1.073888302709915443e+01
2.699999999999999969e-02 1.103781735389899410e+01
2.800000000000000058e-02 1.133220734151789344e+01
2.900000000000000147e-02 1.162218008649361600e+01
2.999999999999999889e-02 1.190785423988559089e+01
3.099999999999999978e-02 1.218934084932217310e+01
3.200000000000000067e-02 1.246674409155805918e+01
3.300000000000000155e-02 1.274016191285040556e+01
3.400000000000000244e-02 1.300968659127327065e+01
3.500000000000000333e-02 1.327540523256716654e+01
3.600000000000000422e-02 1.353740020910827191e+01
3.699999999999999817e-02 1.379574954996637892e+01
3.799999999999999906e-02 1.405052728871410928e+01
3.899999999999999994e-02 1.430180377458737340e+01
4.000000000000000083e-02 1.454964595172674535e+01
4.100000000000000172e-02 1.479411761051375862e+01
4.200000000000000261e-02 1.503527961442338956e+01
4.300000000000000350e-02 1.527319010532117716e+01
4.399999999999999745e-02 1.550790468972196123e+01
4.499999999999999833e-02 1.573947660818109284e+01
4.599999999999999922e-02 1.596795688969792337e+01
4.700000000000000011e-02 1.619339449276450438e+01
4.800000000000000100e-02 1.641583643448269925e+01
4.900000000000000189e-02 1.663532790899416014e+01
5.000000000000000278e-02 1.685191239631450344e+01
5.100000000000000366e-02 1.706563176253131431e+01
5.200000000000000455e-02 1.727652635221247479e+01
5.299999999999999850e-02 1.748463507377304893e+01
5.399999999999999939e-02 1.768999547846423326e+01
5.500000000000000028e-02 1.789264383357368615e+01
5.600000000000000117e-02 1.809261519036231647e+01
5.700000000000000205e-02 1.828994344720615928e+01
5.800000000000000294e-02 1.848466140836248073e+01
5.900000000000000383e-02 1.867680083873601049e+01
5.999999999999999778e-02 1.886639251498277048e+01
6.099999999999999867e-02 1.905346627325531017e+01
6.199999999999999956e-02 1.923805105386321657e+01
6.300000000000000044e-02 1.942017494309636305e+01
6.400000000000000133e-02 1.959986521243455471e+01
6.500000000000000222e-02 1.977714835534672844e+01
6.600000000000000311e-02 1.995205012186357152e+01
6.700000000000000400e-02 2.012459555109125020e+01
6.800000000000000488e-02 2.029480900181863490e+01
6.900000000000000577e-02 2.046271418135705034e+01
7.000000000000000666e-02 2.062833417273968806e+01
7.100000000000000755e-02 2.079169146039662763e+01
7.200000000000000844e-02 2.095280795441204447e+01
7.299999999999999545e-02 2.111170501346096273e+01
7.399999999999999634e-02 2.126840346651518487e+01
7.499999999999999722e-02 2.142292363340069983e+01
7.599999999999999811e-02 2.157528534428231382e+01
7.699999999999999900e-02 2.172550795814534297e+01
7.799999999999999989e-02 2.187361038033863991e+01
7.900000000000000078e-02 2.201961107923862215e+01
8.000000000000000167e-02 2.216352810208912416e+01
8.100000000000000255e-02 2.230537909006793029e+01
8.200000000000000344e-02 2.244518129262729644e+01
8.300000000000000433e-02 2.258295158115194567e+01
8.400000000000000522e-02 2.271870646197518795e+01
8.500000000000000611e-02 2.285246208879097196e+01
8.600000000000000699e-02 2.298423427449671053e+01
8.700000000000000788e-02 2.311403850249961778e+01
8.799999999999999489e-02 2.324188993751690901e+01
8.899999999999999578e-02 2.336780343589827780e+01
8.999999999999999667e-02 2.349179355549689419e+01
9.099999999999999756e-02 2.361387456511381089e+01
9.199999999999999845e-02 2.373406045353879179e+01
9.299999999999999933e-02 2.385236493820911363e+01
9.400000000000000022e-02 2.396880147350648471e+01
9.500000000000000111e-02 2.408338325871120134e+01
9.600000000000000200e-02 2.419612324563112438e+01
9.700000000000000289e-02 2.430703414592210621e+01
9.800000000000000377e-02 2.441612843811568112e+01
9.900000000000000466e-02 2.452341837436842553e+01
1.000000000000000056e-01 2.462891598694700690e+01
1.010000000000000064e-01 2.473263309446183200e+01
1.020000000000000073e-01 2.483458130786146256e+01
1.030000000000000082e-01 2.493477203619939431e+01
1.040000000000000091e-01 2.503321649218389666e+01
1.049999999999999961e-01 2.512992569752136518e+01
1.059999999999999970e-01 2.522491048806261205e+01
1.069999999999999979e-01 2.531818151876129974e+01
1.079999999999999988e-01 2.540974926845319715e+01
1.089999999999999997e-01 2.549962404446419484e+01
1.100000000000000006e-01 2.558781598705494176e+01
1.110000000000000014e-01 2.567433507370937207e+01
1.120000000000000023e-01 2.575919112327383687e+01
1.130000000000000032e-01 2.584239379995362640e+01
1.140000000000000041e-01 2.592395261717278387e+01
1.150000000000000050e-01 2.600387694130334992e+01
1.160000000000000059e-01 2.608217599526931707e+01
1.170000000000000068e-01 2.615885886203085064e+01
1.180000000000000077e-01 2.623393448795354743e+01
1.190000000000000085e-01 2.630741168606763836e+01
1.199999999999999956e-01 2.637929913922158320e+01
1.209999999999999964e-01 2.644960540313437747e+01
1.219999999999999973e-01 2.651833890935071381e+01
1.229999999999999982e-01 2.658550796810273908e+01
1.239999999999999991e-01 2.665112077108233279e+01
1.250000000000000000e-01 2.671518539412723214e+01
1.260000000000000009e-01 2.677770979982440025e+01
1.270000000000000018e-01 2.683870184003402315e+01
1.280000000000000027e-01 2.689816925833691030e+01
1.290000000000000036e-01 2.695611969240849248e+01
1.300000000000000044e-01 2.701256067632190039e+01
1.310000000000000053e-01 2.706749964278298748e+01
1.320000000000000062e-01 2.712094392529993314e+01
1.330000000000000071e-01 2.717290076028943346e+01
1.340000000000000080e-01 2.722337728912225785e+01
1.350000000000000089e-01 2.727238056011006506e+01
1.360000000000000098e-01 2.731991753043575244e+01
1.370000000000000107e-01 2.736599506802933846e+01
1.380000000000000115e-01 2.741061995339119761e+01
1.390000000000000124e-01 2.745379888136475444e+01
1.400000000000000133e-01 2.749553846286009318e+01
1.410000000000000142e-01 2.753584522653040167e+01
1.420000000000000151e-01 2.757472562040294406e+01
1.430000000000000160e-01 2.761218601346573465e+01
1.440000000000000169e-01 2.764823269721202692e+01
1.449999999999999900e-01 2.768287188714332103e+01
1.459999999999999909e-01 2.771610972423302144e+01
1.469999999999999918e-01 2.774795227635141615e+01
1.479999999999999927e-01 2.777840553965367221e+01
1.489999999999999936e-01 2.780747543993186710e+01
1.499999999999999944e-01 2.783516783393235272e+01
1.509999999999999953e-01 2.786148851063945742e+01
1.519999999999999962e-01 2.788644319252654213e+01
1.529999999999999971e-01 2.791003753677589572e+01
1.539999999999999980e-01 2.793227713646770027e+01
1.549999999999999989e-01 2.795316752173984298e+01
1.559999999999999998e-01 2.797271416091890472e+01
1.570000000000000007e-01 2.799092246162350506e+01
1.580000000000000016e-01 2.800779777184078156e+01
1.590000000000000024e-01 2.802334538097681360e+01
1.600000000000000033e-01 2.803757052088186796e+01
1.610000000000000042e-01 2.805047836685108109e+01
1.620000000000000051e-01 2.806207403860144112e+01
1.630000000000000060e-01 2.807236260122577676e+01
1.640000000000000069e-01 2.808134906612435344e+01
1.650000000000000078e-01 2.808903839191478369e+01
1.660000000000000087e-01 2.809543548532095159e+01
1.670000000000000095e-01 2.810054520204148432e+01
1.680000000000000104e-01 2.810437234759829295e+01
1.690000000000000113e-01 2.810692167816596765e+01
1.700000000000000122e-01 2.810819790138240393e+01
1.710000000000000131e-01 2.810820567714128515e+01
1.720000000000000140e-01 2.810694961836678374e+01
1.730000000000000149e-01 2.810443429177129815e+01
1.740000000000000158e-01 2.810066421859625052e+01
1.750000000000000167e-01 2.809564387533687579e+01
1.759999999999999898e-01 2.808937769445113020e+01
1.769999999999999907e-01 2.808187006505323424e+01
1.779999999999999916e-01 2.807312533359237960e+01
1.789999999999999925e-01 2.806314780451685920e+01
1.799999999999999933e-01 2.805194174092407522e+01
1.809999999999999942e-01 2.803951136519676623e+01
1.819999999999999951e-01 2.802586085962600038e+01
1.829999999999999960e-01 2.801099436702095602e+01
1.839999999999999969e-01 2.799491599130612585e+01
1.849999999999999978e-01 2.797762979810622852e+01
1.859999999999999987e-01 2.795913981531892034e+01
1.869999999999999996e-01 2.793945003367596058e+01
1.880000000000000004e-01 2.791856440729291222e+01
1.890000000000000013e-01 2.789648685420768714e+01
1.900000000000000022e-01 2.787322125690837993e+01
1.910000000000000031e-01 2.784877146285034399e+01
1.920000000000000040e-01 2.782314128496322070e+01
1.930000000000000049e-01 2.779633450214767976e+01
1.940000000000000058e-01 2.776835485976266327e+01
1.950000000000000067e-01 2.773920607010281003e+01
1.960000000000000075e-01 2.770889181286680270e+01
1.970000000000000084e-01 2.767741573561651691e+01
1.980000000000000093e-01 2.764478145422732425e+01
1.990000000000000102e-01 2.761099255332989344e+01
2.000000000000000111e-01 2.757605258674336568e+01
2.010000000000000120e-01 2.753996507790046877e+01
2.020000000000000129e-01 2.750273352026455598e+01
2.030000000000000138e-01 2.746436137773876140e+01
2.040000000000000147e-01 2.742485208506759875e+01
2.050000000000000155e-01 2.738420904823107804e+01
2.060000000000000164e-01 2.734243564483139011e+01
2.070000000000000173e-01 2.729953522447268810e+01
2.080000000000000182e-01 2.725551110913383468e+01
2.089999999999999913e-01 2.721036659353422138e+01
2.099999999999999922e-01 2.716410494549315047e+01
2.109999999999999931e-01 2.711672940628267270e+01
2.119999999999999940e-01 2.706824319097400533e+01
2.129999999999999949e-01 2.701864948877781814e+01
2.139999999999999958e-01 2.696795146337847626e+01
2.149999999999999967e-01 2.691615225326245309e+01
2.159999999999999976e-01 2.686325497204067148e+01
2.169999999999999984e-01 2.680926270876562256e+01
2.179999999999999993e-01 2.675417852824250531e+01
2.190000000000000002e-01 2.669800547133528212e+01
2.200000000000000011e-01 2.664074655526735924e+01
2.210000000000000020e-01 2.658240477391701262e+01
2.220000000000000029e-01 2.652298309810780097e+01
2.230000000000000038e-01 2.646248447589412933e+01
2.240000000000000047e-01 2.640091183284179976e+01
2.250000000000000056e-01 2.633826807230398970e+01
2.260000000000000064e-01 2.627455607569242346e+01
2.270000000000000073e-01 2.620977870274409582e+01
2.280000000000000082e-01 2.614393879178361146e+01
2.290000000000000091e-01 2.607703915998107291e+01
2.300000000000000100e-01 2.600908260360575852e+01
2.310000000000000109e-01 2.594007189827558335e+01
2.320000000000000118e-01 2.587000979920256682e+01
2.330000000000000127e-01 2.579889904143428225e+01
2.340000000000000135e-01 2.572674234009119232e+01
2.350000000000000144e-01 2.565354239060059882e+01
2.360000000000000153e-01 2.557930186892621549e+01
2.370000000000000162e-01 2.550402343179470677e+01
2.380000000000000171e-01 2.542770971691817650e+01
2.390000000000000180e-01 2.535036334321321760e+01
2.399999999999999911e-01 2.527198691101664707e+01
2.409999999999999920e-01 2.519258300229772018e+01
2.419999999999999929e-01 2.511215418086697326e+01
2.429999999999999938e-01 2.503070299258201103e+01
2.439999999999999947e-01 2.494823196554986922e+01
2.449999999999999956e-01 2.486474361032638569e+01
2.459999999999999964e-01 2.478024042011240979e+01
2.469999999999999973e-01 2.469472487094723689e+01
2.479999999999999982e-01 2.460819942189863596e+01
2.489999999999999991e-01 2.452066651525045415e+01
2.500000000000000000e-01 2.443212857668713056e+01
2.510000000000000009e-01 2.434258801547547080e+01
2.520000000000000018e-01 2.425204722464372509e+01
2.530000000000000027e-01 2.416050858115787392e+01
2.540000000000000036e-01 2.406797444609556536e+01
2.550000000000000044e-01 2.397444716481695792e+01
2.560000000000000053e-01 2.387992906713379426e+01
2.570000000000000062e-01 2.378442246747514588e+01
2.580000000000000071e-01 2.368792966505139219e+01
2.590000000000000080e-01 2.359045294401539294e+01
2.600000000000000089e-01 2.349199457362154675e+01
2.610000000000000098e-01 2.339255680838251195e+01
2.620000000000000107e-01 2.329214188822350451e+01
2.630000000000000115e-01 2.319075203863450341e+01
2.640000000000000124e-01 2.308838947082043092e+01
2.650000000000000133e-01 2.298505638184879629e+01
2.660000000000000142e-01 2.288075495479565191e+01
2.670000000000000151e-01 2.277548735888919396e+01
2.680000000000000160e-01 2.266925574965150147e+01
2.690000000000000169e-01 2.256206226903824685e+01
2.700000000000000178e-01 2.245390904557637057e+01
2.710000000000000187e-01 2.234479819449988369e+01
2.720000000000000195e-01 2.223473181788394015e+01
2.730000000000000204e-01 2.212371200477680233e+01
2.740000000000000213e-01 2.201174083133012616e+01
2.750000000000000222e-01 2.189882036092739881e+01
2.760000000000000231e-01 2.178495264431079192e+01
2.770000000000000240e-01 2.167013971970592223e+01
2.780000000000000249e-01 2.155438361294539718e+01
2.790000000000000258e-01 2.143768633759015785e+01
2.800000000000000266e-01 2.132004989504973835e+01
2.810000000000000275e-01 2.120147627470048945e+01
2.820000000000000284e-01 2.108196745400233496e+01
2.830000000000000293e-01 2.096152539861413544e+01
2.840000000000000302e-01 2.084015206250728269e+01
2.850000000000000311e-01 2.071784938807787313e+01
2.860000000000000320e-01 2.059461930625758086e+01
2.870000000000000329e-01 2.047046373662274732e+01
2.880000000000000338e-01 2.034538458750231271e+01
2.889999999999999791e-01 2.021938375608421268e+01
2.899999999999999800e-01 2.009246312852038230e+01
2.909999999999999809e-01 1.996462458003050244e+01
2.919999999999999818e-01 1.983586997500433569e+01
2.929999999999999827e-01 1.970620116710270509e+01
2.939999999999999836e-01 1.957561999935724373e+01
2.949999999999999845e-01 1.944412830426887950e+01
2.959999999999999853e-01 1.931172790390502669e+01
2.969999999999999862e-01 1.917842060999549858e+01
2.979999999999999871e-01 1.904420822402739333e+01
2.989999999999999880e-01 1.890909253733848772e+01
2.999999999999999889e-01 1.877307533120984573e+01
3.009999999999999898e-01 1.863615837695675026e+01
3.019999999999999907e-01 1.849834343601918007e+01
3.029999999999999916e-01 1.835963226005045357e+01
3.039999999999999925e-01 1.822002659100524369e+01
3.049999999999999933e-01 1.807952816122642048e+01
3.059999999999999942e-01 1.793813869353065726e+01
3.069999999999999951e-01 1.779585990129317707e+01
3.079999999999999960e-01 1.765269348853135156e+01
3.089999999999999969e-01 1.750864114998740817e+01
3.099999999999999978e-01 1.736370457120980859e+01
3.109999999999999987e-01 1.721788542863433946e+01
3.119999999999999996e-01 1.707118538966313892e+01
3.130000000000000004e-01 1.692360611274398252e+01
3.140000000000000013e-01 1.677514924744769331e+01
3.150000000000000022e-01 1.662581643454505809e+01
3.160000000000000031e-01 1.647560930608280572e+01
3.170000000000000040e-01 1.632452948545846638e+01
3.180000000000000049e-01 1.617257858749477606e+01
3.190000000000000058e-01 1.601975821851252135e+01
3.200000000000000067e-01 1.586606997640333816e+01
3.210000000000000075e-01 1.571151545070102173e+01
3.220000000000000084e-01 1.555609622265231451e+01
3.230000000000000093e-01 1.539981386528673468e+01
3.240000000000000102e-01 1.524266994348570492e+01
3.250000000000000111e-01 1.508466601405089236e+01
3.260000000000000120e-01 1.492580362577151121e+01
3.270000000000000129e-01 1.476608431949125233e+01
3.280000000000000138e-01 1.460550962817402620e+01
3.290000000000000147e-01 1.444408107696938259e+01
3.300000000000000155e-01 1.428180018327677914e+01
3.310000000000000164e-01 1.411866845680947335e+01
3.320000000000000173e-01 1.395468739965730620e+01
3.330000000000000182e-01 1.378985850634919075e+01
3.340000000000000191e-01 1.362418326391472689e+01
3.350000000000000200e-01 1.345766315194483909e+01
3.360000000000000209e-01 1.329029964265236785e+01
3.370000000000000218e-01 1.312209420093129353e+01
3.380000000000000226e-01 1.295304828441583211e+01
3.390000000000000235e-01 1.278316334353855765e+01
3.400000000000000244e-01 1.261244082158815871e+01
3.410000000000000253e-01 1.244088215476620718e+01
3.420000000000000262e-01 1.226848877224358958e+01
3.430000000000000271e-01 1.209526209621618875e+01
3.440000000000000280e-01 1.192120354196010013e+01
3.450000000000000289e-01 1.174631451788602376e+01
3.460000000000000298e-01 1.157059642559331536e+01
3.470000000000000306e-01 1.139405065992314903e+01
3.480000000000000315e-01 1.121667860901142433e+01
3.490000000000000324e-01 1.103848165434092721e+01
3.500000000000000333e-01 1.085946117079291895e+01
3.510000000000000342e-01 1.067961852669841605e+01
3.519999999999999796e-01 1.049895508388836163e+01
3.529999999999999805e-01 1.031747219774410951e+01
3.539999999999999813e-01 1.013517121724641967e+01
3.549999999999999822e-01 9.952053485024816126e+00
3.559999999999999831e-01 9.768120337405768794e+00
3.569999999999999840e-01 9.583373104460743974e+00
3.579999999999999849e-01 9.397813110053601093e+00
3.589999999999999858e-01 9.211441671887484972e+00
3.599999999999999867e-01 9.024260101551359270e+00
3.609999999999999876e-01 8.836269704565889782e+00
3.619999999999999885e-01 8.647471780429061283e+00
3.629999999999999893e-01 8.457867622660881324e+00
3.639999999999999902e-01 8.267458518848471272e+00
3.649999999999999911e-01 8.076245750689537317e+00
3.659999999999999920e-01 7.884230594036566231e+00
3.669999999999999929e-01 7.691414318939692407e+00
3.679999999999999938e-01 7.497798189689476089e+00
3.689999999999999947e-01 7.303383464859479091e+00
3.699999999999999956e-01 7.108171397347852860e+00
3.709999999999999964e-01 6.912163234419104185e+00
3.719999999999999973e-01 6.715360217744816396e+00
3.729999999999999982e-01 6.517763583444740050e+00
3.739999999999999991e-01 6.319374562126469641e+00
3.750000000000000000e-01 6.120194378925958745e+00
3.760000000000000009e-01 5.920224253546400917e+00
3.770000000000000018e-01 5.719465400297387703e+00
3.780000000000000027e-01 5.517919028133846382e+00
3.790000000000000036e-01 5.315586340694061107e+00
3.800000000000000044e-01 5.112468536337729574e+00
3.810000000000000053e-01 4.908566808183287833e+00
3.820000000000000062e-01 4.703882344145419836e+00
3.830000000000000071e-01 4.498416326971458545e+00
3.840000000000000080e-01 4.292169934278113885e+00
3.850000000000000089e-01 4.085144338587475943e+00
3.860000000000000098e-01 3.877340707362748162e+00
3.870000000000000107e-01 3.668760203043731849e+00
3.880000000000000115e-01 3.459403983081635658e+00
3.890000000000000124e-01 3.249273199974162196e+00
3.900000000000000133e-01 3.038369001299450645e+00
3.910000000000000142e-01 2.826692529750609140e+00
3.920000000000000151e-01 2.614244923169053436e+00
3.930000000000000160e-01 2.401027314578087157e+00
3.940000000000000169e-01 2.187040832215998876e+00
3.950000000000000178e-01 1.972286599568917609e+00
3.960000000000000187e-01 1.756765735403064355e+00
3.970000000000000195e-01 1.540479353796989415e+00
3.980000000000000204e-01 1.323428564173681821e+00
3.990000000000000213e-01 1.105614471331804793e+00
4.000000000000000222e-01 8.870381754770946259e-01
4.010000000000000231e-01 6.677007722533616629e-01
4.020000000000000240e-01 4.476033527732283801e-01
4.030000000000000249e-01 2.267470036484340312e-01
4.040000000000000258e-01 5.132807019890606171e-03
4.050000000000000266e-01 -2.172381594121972626e-01
4.060000000000000275e-01 -4.403648223590579391e-01
4.070000000000000284e-01 -6.642461129138155229e-01
4.080000000000000293e-01 -8.888809665226489187e-01
4.090000000000000302e-01 -1.114268322955858537e+00
4.100000000000000311e-01 -1.340407126279565375e+00
4.110000000000000320e-01 -1.567296324827147203e+00
4.120000000000000329e-01 -1.794934871171633972e+00
4.130000000000000338e-01 -2.023321722097662700e+00
4.140000000000000346e-01 -2.252455838574121572e+00
4.150000000000000355e-01 -2.482336185726900624e+00
4.160000000000000364e-01 -2.712961732811805859e+00
4.169999999999999818e-01 -2.944331453188006265e+00
4.179999999999999827e-01 -3.176444324291324506e+00
4.189999999999999836e-01 -3.409299327608103169e+00
4.199999999999999845e-01 -3.642895448648907575e+00
4.209999999999999853e-01 -3.877231676923138082e+00
4.219999999999999862e-01 -4.112307005912875013e+00
4.229999999999999871e-01 -4.348120433048158873e+00
4.239999999999999880e-01 -4.584670959681290014e+00
4.249999999999999889e-01 -4.821957591062258075e+00
4.259999999999999898e-01 -5.059979336313958242e+00
4.269999999999999907e-01 -5.298735208407549635e+00
4.279999999999999916e-01 -5.538224224138488694e+00
4.289999999999999925e-01 -5.778445404102086513e+00
4.299999999999999933e-01 -6.019397772670089353e+00
4.309999999999999942e-01 -6.261080357966712029e+00
4.319999999999999951e-01 -6.503492191845289483e+00
4.329999999999999960e-01 -6.746632309865049137e+00
4.339999999999999969e-01 -6.990499751268174577e+00
4.349999999999999978e-01 -7.235093558956677384e+00
4.359999999999999987e-01 -7.480412779470121620e+00
4.369999999999999996e-01 -7.726456462962907779e+00
4.380000000000000004e-01 -7.973223663182068321e+00
4.390000000000000013e-01 -8.220713437445290594e+00
4.400000000000000022e-01 -8.468924846618861579e+00
4.410000000000000031e-01 -8.717856955096152660e+00
4.420000000000000040e-01 -8.967508830775933859e+00
4.430000000000000049e-01 -9.217879545041213873e+00
4.440000000000000058e-01 -9.468968172737930900e+00
4.450000000000000067e-01 -9.720773792154048465e+00
4.460000000000000075e-01 -9.973295484998622840e+00
4.470000000000000084e-01 -1.022653233638148862e+01
4.480000000000000093e-01 -1.048048343479236877e+01
4.490000000000000102e-01 -1.073514787208095811e+01
4.500000000000000111e-01 -1.099052474343660180e+01
4.510000000000000120e-01 -1.124661314736827222e+01
4.520000000000000129e-01 -1.150341218568514989e+01
4.530000000000000138e-01 -1.176092096347646532e+01
4.540000000000000147e-01 -1.201913858909249200e+01
4.550000000000000155e-01 -1.227806417412485018e+01
4.560000000000000164e-01 -1.253769683338778407e+01
4.570000000000000173e-01 -1.279803568489876398e+01
4.580000000000000182e-01 -1.305907984985986303e+01
4.590000000000000191e-01 -1.332082845263908411e+01
4.600000000000000200e-01 -1.358328062075161569e+01
4.610000000000000209e-01 -1.384643548484174147e+01
4.620000000000000218e-01 -1.411029217866436625e+01
4.630000000000000226e-01 -1.437484983906708180e+01
4.640000000000000235e-01 -1.464010760597205518e+01
4.650000000000000244e-01 -1.490606462235839302e+01
4.660000000000000253e-01 -1.517272003424440641e+01
4.670000000000000262e-01 -1.544007299066996097e+01
4.680000000000000271e-01 -1.570812264367949496e+01
4.690000000000000280e-01 -1.597686814830422009e+01
4.700000000000000289e-01 -1.624630866254547357e+01
4.710000000000000298e-01 -1.651644334735748032e+01
4.720000000000000306e-01 -1.678727136663074049e+01
4.730000000000000315e-01 -1.705879188717501904e+01
4.740000000000000324e-01 -1.733100407870314541e+01
4.750000000000000333e-01 -1.760390711381420914e+01
4.760000000000000342e-01 -1.787750016797749453e+01
4.770000000000000351e-01 -1.815178241951614524e+01
4.780000000000000360e-01 -1.842675304959121263e+01
4.790000000000000369e-01 -1.870241124218570405e+01
4.799999999999999822e-01 -1.897875618408850329e+01
4.809999999999999831e-01 -1.925578706487929992e+01
4.819999999999999840e-01 -1.953350307691227528e+01
4.829999999999999849e-01 -1.981190341530116683e+01
4.839999999999999858e-01 -2.009098727790374994e+01
4.849999999999999867e-01 -2.037075386530665355e+01
4.859999999999999876e-01 -2.065120238081016169e+01
4.869999999999999885e-01 -2.093233203041345547e+01
4.879999999999999893e-01 -2.121414202279952121e+01
4.889999999999999902e-01 -2.149663156932053454e+01
4.899999999999999911e-01 -2.177979988398312372e+01
4.909999999999999920e-01 -2.206364618343387463e+01
4.919999999999999929e-01 -2.234816968694500616e+01
4.929999999999999938e-01 -2.263336961639983258e+01
4.939999999999999947e-01 -2.291924519627877999e+01
4.949999999999999956e-01 -2.320579565364505470e+01
4.959999999999999964e-01 -2.349302021813106478e+01
4.969999999999999973e-01 -2.378091812192395338e+01
4.979999999999999982e-01 -2.406948859975222632e+01
4.989999999999999991e-01 -2.435873088887200311e+01
5.000000000000000000e-01 -2.464864422905332475e+01
5.010000000000000009e-01 -2.493922786256679558e+01
5.020000000000000018e-01 -2.523048103416996213e+01
5.030000000000000027e-01 -2.552240299109448074e+01
5.040000000000000036e-01 -2.581499298303241119e+01
5.050000000000000044e-01 -2.610825026212356903e+01
5.060000000000000053e-01 -2.640217408294221713e+01
5.070000000000000062e-01 -2.669676370248434694e+01
5.080000000000000071e-01 -2.699201838015481059e+01
5.090000000000000080e-01 -2.728793737775460215e+01
5.100000000000000089e-01 -2.758451995946832369e+01
5.110000000000000098e-01 -2.788176539185158020e+01
5.120000000000000107e-01 -2.817967294381854515e+01
5.130000000000000115e-01 -2.847824188662963962e+01
5.140000000000000124e-01 -2.877747149387931103e+01
5.150000000000000133e-01 -2.907736104148383305e+01
5.160000000000000142e-01 -2.937790980766920512e+01
5.170000000000000151e-01 -2.967911707295915136e+01
5.180000000000000160e-01 -2.998098212016338238e+01
5.190000000000000169e-01 -3.028350423436545924e+01
5.200000000000000178e-01 -3.058668270291141766e+01
5.210000000000000187e-01 -3.089051681539779537e+01
5.220000000000000195e-01 -3.119500586366023498e+01
5.230000000000000204e-01 -3.150014914176198744e+01
5.240000000000000213e-01 -3.180594594598247227e+01
5.250000000000000222e-01 -3.211239557480599416e+01
5.260000000000000231e-01 -3.241949732891038849e+01
5.270000000000000240e-01 -3.272725051115607897e+01
5.280000000000000249e-01 -3.303565442657457396e+01
5.290000000000000258e-01 -3.334470838235807832e+01
5.300000000000000266e-01 -3.365441168784789738e+01
5.310000000000000275e-01 -3.396476365452404877e+01
5.320000000000000284e-01 -3.427576359599427036e+01
5.330000000000000293e-01 -3.458741082798336208e+01
5.340000000000000302e-01 -3.489970466832259177e+01
5.350000000000000311e-01 -3.521264443693912938e+01
5.360000000000000320e-01 -3.552622945584534619e+01
5.370000000000000329e-01 -3.584045904912883174e+01
5.380000000000000338e-01 -3.615533254294170717e+01
5.390000000000000346e-01 -3.647084926549046457e+01
5.400000000000000355e-01 -3.678700854702578482e+01
5.410000000000000364e-01 -3.710380971983227738e+01
5.420000000000000373e-01 -3.742125211821866770e+01
5.430000000000000382e-01 -3.773933507850766489e+01
5.440000000000000391e-01 -3.805805793902586487e+01
5.450000000000000400e-01 -3.837742004009442809e+01
5.460000000000000409e-01 -3.869742072401845689e+01
5.470000000000000417e-01 -3.901805933507826296e+01
5.480000000000000426e-01 -3.933933521951875889e+01
5.490000000000000435e-01 -3.966124772554059774e+01
5.500000000000000444e-01 -3.998379620329027517e+01
5.510000000000000453e-01 -4.030698000485061527e+01
5.520000000000000462e-01 -4.063079848423168272e+01
5.530000000000000471e-01 -4.095525099736123309e+01
5.540000000000000480e-01 -4.128033690207543316e+01
5.550000000000000488e-01 -4.160605555810968781e+01
5.560000000000000497e-01 -4.193240632708960902e+01
5.570000000000000506e-01 -4.225938857252151593e+01
5.580000000000000515e-01 -4.258700165978410723e+01
5.590000000000000524e-01 -4.291524495611876944e+01
5.600000000000000533e-01 -4.324411783062123504e+01
5.610000000000000542e-01 -4.357361965423218919e+01
5.620000000000000551e-01 -4.390374979972895630e+01
5.630000000000000560e-01 -4.423450764171658989e+01
5.640000000000000568e-01 -4.456589255661901916e+01
5.650000000000000577e-01 -4.489790392267092045e+01
5.660000000000000586e-01 -4.523054111990852277e+01
5.670000000000000595e-01 -4.556380353016146501e+01
5.680000000000000604e-01 -4.589769053704431201e+01
5.690000000000000613e-01 -4.623220152594822707e+01
5.700000000000000622e-01 -4.656733588403234592e+01
5.710000000000000631e-01 -4.690309300021574757e+01
5.720000000000000639e-01 -4.723947226516922626e+01
5.730000000000000648e-01 -4.757647307130687864e+01
5.740000000000000657e-01 -4.791409481277828775e+01
5.750000000000000666e-01 -4.825233688546012445e+01
5.760000000000000675e-01 -4.859119868694837407e+01
5.769999999999999574e-01 -4.893067961655023623e+01
5.779999999999999583e-01 -4.927077907527615253e+01
5.789999999999999591e-01 -4.961149646583237427e+01
5.799999999999999600e-01 -4.995283119261219440e+01
5.809999999999999609e-01 -5.029478266168923994e+01
5.819999999999999618e-01 -5.063735028080911604e+01
5.829999999999999627e-01 -5.098053345938197367e+01
5.839999999999999636e-01 -5.132433160847462261e+01
5.849999999999999645e-01 -5.166874414080317024e+01
5.859999999999999654e-01 -5.201377047072580240e+01
5.869999999999999662e-01 -5.235941001423444163e+01
5.879999999999999671e-01 -5.270566218894813915e+01
5.889999999999999680e-01 -5.305252641410540093e+01
5.899999999999999689e-01 -5.340000211055678392e+01
5.909999999999999698e-01 -5.374808870075753475e+01
5.919999999999999707e-01 -5.409678560876058384e+01
5.929999999999999716e-01 -5.444609226020914150e+01
5.939999999999999725e-01 -5.479600808232963516e+01
5.949999999999999734e-01 -5.514653250392457551e+01
5.959999999999999742e-01 -5.549766495536550792e+01
5.969999999999999751e-01 -5.584940486858582176e+01
5.979999999999999760e-01 -5.620175167707405706e+01
5.989999999999999769e-01 -5.655470481586668541e+01
5.999999999999999778e-01 -5.690826372154144508e+01
6.009999999999999787e-01 -5.726242783221040611e+01
6.019999999999999796e-01 -5.761719658751295015e+01
6.029999999999999805e-01 -5.797256942860931872e+01
6.039999999999999813e-01 -5.832854579817366414e+01
6.049999999999999822e-01 -5.868512514038771144e+01
6.059999999999999831e-01 -5.904230690093334033e+01
6.069999999999999840e-01 -5.940009052698694347e+01
6.079999999999999849e-01 -5.975847546721230685e+01
6.089999999999999858e-01 -6.011746117175384541e+01
6.099999999999999867e-01 -6.047704709223089026e+01
6.109999999999999876e-01 -6.083723268173052645e+01
6.119999999999999885e-01 -6.119801739480163860e+01
6.129999999999999893e-01 -6.155940068744804705e+01
6.139999999999999902e-01 -6.192138201712285195e+01
6.149999999999999911e-01 -6.228396084272154098e+01
6.159999999999999920e-01 -6.264713662457619137e+01
6.169999999999999929e-01 -6.301090882444857755e+01
6.179999999999999938e-01 -6.337527690552488480e+01
6.189999999999999947e-01 -6.374024033240911535e+01
6.199999999999999956e-01 -6.410579857111660829e+01
6.209999999999999964e-01 -6.447195108906865357e+01
6.219999999999999973e-01 -6.483869735508606880e+01
6.229999999999999982e-01 -6.520603683938333006e+01
6.239999999999999991e-01 -6.557396901356240448e+01
6.250000000000000000e-01 -6.594249335060720796e+01
6.260000000000000009e-01 -6.631160932487718185e+01
6.270000000000000018e-01 -6.668131641210202076e+01
6.280000000000000027e-01 -6.705161408937549083e+01
6.290000000000000036e-01 -6.742250183514937589e+01
6.300000000000000044e-01 -6.779397912922861735e+01
6.310000000000000053e-01 -6.816604545276457827e+01
6.320000000000000062e-01 -6.853870028825004113e+01
6.330000000000000071e-01 -6.891194311951328189e+01
6.340000000000000080e-01 -6.928577343171234304e+01
6.350000000000000089e-01 -6.966019071132963347e+01
6.360000000000000098e-01 -7.003519444616642886e+01
6.370000000000000107e-01 -7.041078412533717312e+01
6.380000000000000115e-01 -7.078695923926402145e+01
6.390000000000000124e-01 -7.116371927967135491e+01
6.400000000000000133e-01 -7.154106373958056508e+01
6.410000000000000142e-01 -7.191899211330449759e+01
6.420000000000000151e-01 -7.229750389644169672e+01
6.430000000000000160e-01 -7.267659858587200006e+01
6.440000000000000169e-01 -7.305627567975014358e+01
6.450000000000000178e-01 -7.343653467750164054e+01
6.460000000000000187e-01 -7.381737507981628710e+01
6.470000000000000195e-01 -7.419879638864392746e+01
6.480000000000000204e-01 -7.458079810718906799e+01
6.490000000000000213e-01 -7.496337973990500814e+01
6.500000000000000222e-01 -7.534654079248994663e+01
6.510000000000000231e-01 -7.573028077188062923e+01
6.520000000000000240e-01 -7.611459918624844079e+01
6.530000000000000249e-01 -7.649949554499329452e+01
6.540000000000000258e-01 -7.688496935873935456e+01
6.550000000000000266e-01 -7.727102013932980640e+01
6.560000000000000275e-01 -7.765764739982182618e+01
6.570000000000000284e-01 -7.804485065448169223e+01
6.580000000000000293e-01 -7.843262941878022332e+01
6.590000000000000302e-01 -7.882098320938726488e+01
6.600000000000000311e-01 -7.920991154416728364e+01
6.610000000000000320e-01 -7.959941394217466382e+01
6.620000000000000329e-01 -7.998948992364832122e+01
6.630000000000000338e-01 -8.038013901000778105e+01
6.640000000000000346e-01 -8.077136072384753618e+01
6.650000000000000355e-01 -8.116315458893302548e+01
6.660000000000000364e-01 -8.155552013019575952e+01
6.670000000000000373e-01 -8.194845687372844623e+01
6.680000000000000382e-01 -8.234196434678045762e+01
6.690000000000000391e-01 -8.273604207775359498e+01
6.700000000000000400e-01 -8.313068959619688769e+01
6.710000000000000409e-01 -8.352590643280247207e+01
6.720000000000000417e-01 -8.392169211940090179e+01
6.730000000000000426e-01 -8.431804618895647252e+01
6.740000000000000435e-01 -8.471496817556334236e+01
6.750000000000000444e-01 -8.511245761444024538e+01
6.760000000000000453e-01 -8.551051404192672578e+01
6.770000000000000462e-01 -8.590913699547839144e+01
6.780000000000000471e-01 -8.630832601366260803e+01
6.790000000000000480e-01 -8.670808063615400840e+01
6.800000000000000488e-01 -8.710840040373044246e+01
6.810000000000000497e-01 -8.750928485826861447e+01
6.820000000000000506e-01 -8.791073354273925133e+01
6.830000000000000515e-01 -8.831274600120370621e+01
6.840000000000000524e-01 -8.871532177880907000e+01
6.850000000000000533e-01 -8.911846042178410698e+01
6.860000000000000542e-01 -8.952216147743502006e+01
6.870000000000000551e-01 -8.992642449414178429e+01
6.880000000000000560e-01 -9.033124902135286050e+01
6.890000000000000568e-01 -9.073663460958242410e+01
6.900000000000000577e-01 -9.114258081040496506e+01
6.910000000000000586e-01 -9.154908717645243144e+01
6.920000000000000595e-01 -9.195615326140905665e+01
6.930000000000000604e-01 -9.236377862000807681e+01
6.940000000000000613e-01 -9.277196280802728268e+01
6.950000000000000622e-01 -9.318070538228542432e+01
6.960000000000000631e-01 -9.359000590063746472e+01
6.970000000000000639e-01 -9.399986392197162388e+01
6.980000000000000648e-01 -9.441027900620487401e+01
6.990000000000000657e-01 -9.482125071427881835e+01
7.000000000000000666e-01 -9.523277860815628060e+01
7.010000000000000675e-01 -9.564486225081722637e+01
7.020000000000000684e-01 -9.605750120625472732e+01
7.030000000000000693e-01 -9.647069503947146529e+01
7.039999999999999591e-01 -9.688444331647566798e+01
7.049999999999999600e-01 -9.729874560427727204e+01
7.059999999999999609e-01 -9.771360147088452663e+01
7.069999999999999618e-01 -9.812901048529973025e+01
7.079999999999999627e-01 -9.854497221751576319e+01
7.089999999999999636e-01 -9.896148623851237858e+01
7.099999999999999645e-01 -9.937855212025252172e+01
7.109999999999999654e-01 -9.979616943567846477e+01
7.119999999999999662e-01 -1.002143377587083393e+02
7.129999999999999671e-01 -1.006330566642324413e+02
7.139999999999999680e-01 -1.010523257281094516e+02
7.149999999999999689e-01 -1.014721445271631950e+02
7.159999999999999698e-01 -1.018925126391786335e+02
7.169999999999999707e-01 -1.023134296428986687e+02
7.179999999999999716e-01 -1.027348951180202334e+02
7.189999999999999725e-01 -1.031569086451910380e+02
7.199999999999999734e-01 -1.035794698060060313e+02
7.209999999999999742e-01 -1.040025781830038341e+02
7.219999999999999751e-01 -1.044262333596630015e+02
7.229999999999999760e-01 -1.048504349203990387e+02
7.239999999999999769e-01 -1.052751824505610472e+02
7.249999999999999778e-01 -1.057004755364276036e+02
7.259999999999999787e-01 -1.061263137652036335e+02
7.269999999999999796e-01 -1.065526967250175119e+02
7.279999999999999805e-01 -1.069796240049172553e+02
7.289999999999999813e-01 -1.074070951948671393e+02
7.299999999999999822e-01 -1.078351098857442594e+02
7.309999999999999831e-01 -1.082636676693358311e+02
7.319999999999999840e-01 -1.086927681383352962e+02
7.329999999999999849e-01 -1.091224108863388125e+02
7.339999999999999858e-01 -1.095525955078429234e+02
7.349999999999999867e-01 -1.099833215982405505e+02
7.359999999999999876e-01 -1.104145887538178101e+02
7.369999999999999885e-01 -1.108463965717509154e+02
7.379999999999999893e-01 -1.112787446501032065e+02
7.389999999999999902e-01 -1.117116325878216685e+02
7.399999999999999911e-01 -1.121450599847337060e+02
7.409999999999999920e-01 -1.125790264415441158e+02
7.419999999999999929e-01 -1.130135315598320744e+02
7.429999999999999938e-01 -1.134485749420476566e+02
7.439999999999999947e-01 -1.138841561915091489e+02
7.449999999999999956e-01 -1.143202749123994693e+02
7.459999999999999964e-01 -1.147569307097636937e+02
7.469999999999999973e-01 -1.151941231895054472e+02
7.479999999999999982e-01 -1.156318519583839475e+02
7.489999999999999991e-01 -1.160701166240112059e+02
7.500000000000000000e-01 -1.165089167948489290e+02
7.510000000000000009e-01 -1.169482520802053216e+02
7.520000000000000018e-01 -1.173881220902323150e+02
7.530000000000000027e-01 -1.178285264359224556e+02
7.540000000000000036e-01 -1.182694647291061045e+02
7.550000000000000044e-01 -1.187109365824480705e+02
7.560000000000000053e-01 -1.191529416094453637e+02
7.570000000000000062e-01 -1.195954794244236297e+02
7.580000000000000071e-01 -1.200385496425347185e+02
7.590000000000000080e-01 -1.204821518797533884e+02
7.600000000000000089e-01 -1.209262857528745769e+02
7.610000000000000098e-01 -1.213709508795108434e+02
7.620000000000000107e-01 -1.218161468780890289e+02
7.630000000000000115e-01 -1.222618733678476701e+02
7.640000000000000124e-01 -1.227081299688343705e+02
7.650000000000000133e-01 -1.231549163019024320e+02
7.660000000000000142e-01 -1.236022319887087093e+02
7.670000000000000151e-01 -1.240500766517103983e+02
7.680000000000000160e-01 -1.244984499141623218e+02
7.690000000000000169e-01 -1.249473514001144565e+02
7.700000000000000178e-01 -1.253967807344086083e+02
7.710000000000000187e-01 -1.258467375426764363e+02
7.720000000000000195e-01 -1.262972214513361990e+02
7.730000000000000204e-01 -1.267482320875901252e+02
7.740000000000000213e-01 -1.271997690794219551e+02
7.750000000000000222e-01 -1.276518320555940136e+02
7.760000000000000231e-01 -1.281044206456447228e+02
7.770000000000000240e-01 -1.285575344798858737e+02
7.780000000000000249e-01 -1.290111731893998126e+02
7.790000000000000258e-01 -1.294653364060371814e+02
7.800000000000000266e-01 -1.299200237624139618e+02
7.810000000000000275e-01 -1.303752348919092015e+02
7.820000000000000284e-01 -1.308309694286621152e+02
7.830000000000000293e-01 -1.312872270075696974e+02
7.840000000000000302e-01 -1.317440072642839368e+02
7.850000000000000311e-01 -1.322013098352094858e+02
7.860000000000000320e-01 -1.326591343575012729e+02
7.870000000000000329e-01 -1.331174804690615474e+02
7.880000000000000338e-01 -1.335763478085374913e+02
7.890000000000000346e-01 -1.340357360153188608e+02
7.900000000000000355e-01 -1.344956447295355701e+02
7.910000000000000364e-01 -1.349560735920547927e+02
7.920000000000000373e-01 -1.354170222444789715e+02
7.930000000000000382e-01 -1.358784903291431192e+02
7.940000000000000391e-01 -1.363404774891121747e+02
7.950000000000000400e-01 -1.368029833681790137e+02
7.960000000000000409e-01 -1.372660076108616067e+02
7.970000000000000417e-01 -1.377295498624009724e+02
7.980000000000000426e-01 -1.381936097687585061e+02
7.990000000000000435e-01 -1.386581869766135924e+02
8.000000000000000444e-01 -1.391232811333613881e+02
8.010000000000000453e-01 -1.395888918871104636e+02
8.020000000000000462e-01 -1.400550188866799886e+02
8.030000000000000471e-01 -1.405216617815980555e+02
8.040000000000000480e-01 -1.409888202220990934e+02
8.050000000000000488e-01 -1.414564938591211956e+02
8.060000000000000497e-01 -1.419246823443040739e+02
8.070000000000000506e-01 -1.423933853299869838e+02
8.080000000000000515e-01 -1.428626024692061947e+02
8.090000000000000524e-01 -1.433323334156924318e+02
8.100000000000000533e-01 -1.438025778238690862e+02
8.110000000000000542e-01 -1.442733353488496277e+02
8.120000000000000551e-01 -1.447446056464357298e+02
8.130000000000000560e-01 -1.452163883731143983e+02
8.140000000000000568e-01 -1.456886831860563234e+02
8.150000000000000577e-01 -1.461614897431132931e+02
8.160000000000000586e-01 -1.466348077028163743e+02
8.170000000000000595e-01 -1.471086367243730706e+02
8.180000000000000604e-01 -1.475829764676656737e+02
8.190000000000000613e-01 -1.480578265932491320e+02
8.200000000000000622e-01 -1.485331867623484641e+02
8.210000000000000631e-01 -1.490090566368565419e+02
8.220000000000000639e-01 -1.494854358793326128e+02
8.230000000000000648e-01 -1.499623241529994289e+02
8.240000000000000657e-01 -1.504397211217415702e+02
8.250000000000000666e-01 -1.509176264501030857e+02
8.260000000000000675e-01 -1.513960398032853618e+02
8.270000000000000684e-01 -1.518749608471453030e+02
8.280000000000000693e-01 -1.523543892481927458e+02
8.290000000000000702e-01 -1.528343246735888386e+02
8.300000000000000711e-01 -1.533147667911437679e+02
8.310000000000000719e-01 -1.537957152693144849e+02
8.320000000000000728e-01 -1.542771697772031700e+02
8.329999999999999627e-01 -1.547591299845545905e+02
8.339999999999999636e-01 -1.552415955617544796e+02
8.349999999999999645e-01 -1.557245661798273773e+02
8.359999999999999654e-01 -1.562080415104344127e+02
8.369999999999999662e-01 -1.566920212258715424e+02
8.379999999999999671e-01 -1.571765049990675607e+02
8.389999999999999680e-01 -1.576614925035816555e+02
8.399999999999999689e-01 -1.581469834136021007e+02
8.409999999999999698e-01 -1.586329774039438405e+02
8.419999999999999707e-01 -1.591194741500466137e+02
8.429999999999999716e-01 -1.596064733279727648e+02
8.439999999999999725e-01 -1.600939746144057665e+02
8.449999999999999734e-01 -1.605819776866480026e+02
8.459999999999999742e-01 -1.610704822226187503e+02
8.469999999999999751e-01 -1.615594879008521900e+02
8.479999999999999760e-01 -1.620489944004959000e+02
8.489999999999999769e-01 -1.625390014013084681e+02
8.499999999999999778e-01 -1.630295085836579858e+02
8.509999999999999787e-01 -1.635205156285197177e+02
8.519999999999999796e-01 -1.640120222174747653e+02
8.529999999999999805e-01 -1.645040280327074527e+02
8.539999999999999813e-01 -1.649965327570042746e+02
8.549999999999999822e-01 -1.654895360737514238e+02
8.559999999999999831e-01 -1.659830376669331713e+02
8.569999999999999840e-01 -1.664770372211299048e+02
8.579999999999999849e-01 -1.669715344215165658e+02
8.589999999999999858e-01 -1.674665289538604611e+02
8.599999999999999867e-01 -1.679620205045197565e+02
8.609999999999999876e-01 -1.684580087604412597e+02
8.619999999999999885e-01 -1.689544934091590278e+02
8.629999999999999893e-01 -1.694514741387923209e+02
8.639999999999999902e-01 -1.699489506380440673e+02
8.649999999999999911e-01 -1.704469225961984478e+02
8.659999999999999920e-01 -1.709453897031200142e+02
8.669999999999999929e-01 -1.714443516492513027e+02
8.679999999999999938e-01 -1.719438081256110991e+02
8.689999999999999947e-01 -1.724437588237929333e+02
8.699999999999999956e-01 -1.729442034359630611e+02
8.709999999999999964e-01 -1.734451416548592420e+02
8.719999999999999973e-01 -1.739465731737880958e+02
8.729999999999999982e-01 -1.744484976866244210e+02
8.739999999999999991e-01 -1.749509148878084375e+02
8.750000000000000000e-01 -1.754538244723452465e+02
8.760000000000000009e-01 -1.759572261358017613e+02
8.770000000000000018e-01 -1.764611195743063377e+02
8.780000000000000027e-01 -1.769655044845461305e+02
8.790000000000000036e-01 -1.774703805637657865e+02
8.800000000000000044e-01 -1.779757475097658812e+02
8.810000000000000053e-01 -1.784816050209008154e+02
8.820000000000000062e-01 -1.789879527960778489e+02
8.830000000000000071e-01 -1.794947905347545429e+02
8.840000000000000080e-01 -1.800021179369381059e+02
8.850000000000000089e-01 -1.805099347031828927e+02
8.860000000000000098e-01 -1.810182405345890402e+02
8.870000000000000107e-01 -1.815270351328013305e+02
8.880000000000000115e-01 -1.820363182000066615e+02
8.890000000000000124e-01 -1.825460894389335351e+02
8.900000000000000133e-01 -1.830563485528491583e+02
8.910000000000000142e-01 -1.835670952455589315e+02
8.920000000000000151e-01 -1.840783292214042888e+02
8.930000000000000160e-01 -1.845900501852615889e+02
8.940000000000000169e-01 -1.851022578425395864e+02
8.950000000000000178e-01 -1.856149518991789762e+02
8.960000000000000187e-01 -1.861281320616503763e+02
8.970000000000000195e-01 -1.866417980369521672e+02
8.980000000000000204e-01 -1.871559495326099523e+02
8.990000000000000213e-01 -1.876705862566743690e+02
9.000000000000000222e-01 -1.881857079177200092e+02
9.010000000000000231e-01 -1.887013142248428608e+02
9.020000000000000240e-01 -1.892174048876602512e+02
9.030000000000000249e-01 -1.897339796163081473e+02
9.040000000000000258e-01 -1.902510381214403310e+02
9.050000000000000266e-01 -1.907685801142263244e+02
9.060000000000000275e-01 -1.912866053063501681e+02
9.070000000000000284e-01 -1.918051134100092838e+02
9.080000000000000293e-01 -1.923241041379122294e+02
9.090000000000000302e-01 -1.928435772032778175e+02
9.100000000000000311e-01 -1.933635323198333538e+02
9.110000000000000320e-01 -1.938839692018132723e+02
9.120000000000000329e-01 -1.944048875639574021e+02
9.130000000000000338e-01 -1.949262871215099437e+02
9.140000000000000346e-01 -1.954481675902177642e+02
9.150000000000000355e-01 -1.959705286863288620e+02
9.160000000000000364e-01 -1.964933701265909463e+02
9.170000000000000373e-01 -1.970166916282502712e+02
9.180000000000000382e-01 -1.975404929090498172e+02
9.190000000000000391e-01 -1.980647736872282962e+02
9.200000000000000400e-01 -1.985895336815180769e+02
9.210000000000000409e-01 -1.991147726111443887e+02
9.220000000000000417e-01 -1.996404901958238440e+02
9.230000000000000426e-01 -2.001666861557623918e+02
9.240000000000000435e-01 -2.006933602116548627e+02
9.250000000000000444e-01 -2.012205120846829232e+02
9.260000000000000453e-01 -2.017481414965137674e+02
9.270000000000000462e-01 -2.022762481692988956e+02
9.280000000000000471e-01 -2.028048318256726645e+02
9.290000000000000480e-01 -2.033338921887510651e+02
9.300000000000000488e-01 -2.038634289821298751e+02
9.310000000000000497e-01 -2.043934419298837781e+02
9.320000000000000506e-01 -2.049239307565650279e+02
9.330000000000000515e-01 -2.054548951872017142e+02
9.340000000000000524e-01 -2.059863349472965695e+02
9.350000000000000533e-01 -2.065182497628258034e+02
9.360000000000000542e-01 -2.070506393602377386e+02
9.370000000000000551e-01 -2.075835034664509919e+02
9.380000000000000560e-01 -2.081168418088538203e+02
9.390000000000000568e-01 -2.086506541153025580e+02
9.400000000000000577e-01 -2.091849401141202804e+02
9.410000000000000586e-01 -2.097196995340951560e+02
9.420000000000000595e-01 -2.102549321044795079e+02
9.430000000000000604e-01 -2.107906375549889617e+02
9.440000000000000613e-01 -2.113268156158000011e+02
9.450000000000000622e-01 -2.118634660175496833e+02
9.460000000000000631e-01 -2.124005884913338491e+02
9.470000000000000639e-01 -2.129381827687060706e+02
9.480000000000000648e-01 -2.134762485816763160e+02
9.490000000000000657e-01 -2.140147856627093290e+02
9.500000000000000666e-01 -2.145537937447242030e+02
9.510000000000000675e-01 -2.150932725610922773e+02
9.520000000000000684e-01 -2.156332218456361147e+02
9.530000000000000693e-01 -2.161736413326286481e+02
9.540000000000000702e-01 -2.167145307567914188e+02
9.550000000000000711e-01 -2.172558898532934961e+02
9.560000000000000719e-01 -2.177977183577505116e+02
9.570000000000000728e-01 -2.183400160062228395e+02
9.580000000000000737e-01 -2.188827825352151990e+02
9.590000000000000746e-01 -2.194260176816745513e+02
9.599999999999999645e-01 -2.199697211829894457e+02
9.609999999999999654e-01 -2.205138927769886834e+02
9.619999999999999662e-01 -2.210585322019402099e+02
9.629999999999999671e-01 -2.216036391965494090e+02
9.639999999999999680e-01 -2.221492134999585346e+02
9.649999999999999689e-01 -2.226952548517451476e+02
9.659999999999999698e-01 -2.232417629919212629e+02
9.669999999999999707e-01 -2.237887376609315595e+02
9.679999999999999716e-01 -2.243361785996527260e+02
9.689999999999999725e-01 -2.248840855493924380e+02
9.699999999999999734e-01 -2.254324582518872262e+02
9.709999999999999742e-01 -2.259812964493025618e+02
9.719999999999999751e-01 -2.265305998842307531e+02
9.729999999999999760e-01 -2.270803682996902637e+02
9.739999999999999769e-01 -2.276306014391242627e+02
9.749999999999999778e-01 -2.281812990463999142e+02
9.759999999999999787e-01 -2.287324608658064449e+02
9.769999999999999796e-01 -2.292840866420550299e+02
9.779999999999999805e-01 -2.298361761202767468e+02
9.789999999999999813e-01 -2.303887290460218651e+02
9.799999999999999822e-01 -2.309417451652591637e+02
9.809999999999999831e-01 -2.314952242243735441e+02
9.819999999999999840e-01 -2.320491659701660865e+02
9.829999999999999849e-01 -2.326035701498525157e+02
9.839999999999999858e-01 -2.331584365110620354e+02
9.849999999999999867e-01 -2.337137648018363336e+02
9.859999999999999876e-01 -2.342695547706282753e+02
9.869999999999999885e-01 -2.348258061663010494e+02
9.879999999999999893e-01 -2.353825187381272031e+02
9.889999999999999902e-01 -2.359396922357867368e+02
9.899999999999999911e-01 -2.364973264093672469e+02
9.909999999999999920e-01 -2.370554210093617655e+02
9.919999999999999929e-01 -2.376139757866681066e+02
9.929999999999999938e-01 -2.381729904925881556e+02
9.939999999999999947e-01 -2.387324648788260504e+02
9.949999999999999956e-01 -2.392923986974876414e+02
9.959999999999999964e-01 -2.398527917010793828e+02
9.969999999999999973e-01 -2.404136436425069689e+02
9.979999999999999982e-01 -2.409749542750743672e+02
9.989999999999999991e-01 -2.415367233524835342e+02
1.000000000000000000e+00 -2.420989506288319717e+02
