0.000000000000000000e+00 0.000000000000000000e+00
1.000000000000000021e-03 5.975380878961074060e-01
2.000000000000000042e-03 1.028577430428202710e+00
3.000000000000000062e-03 1.421288243317165412e+00
4.000000000000000083e-03 1.792149542593211242e+00
5.000000000000000104e-03 2.147961890649953798e+00
6.000000000000000125e-03 2.492370081568342499e+00
7.000000000000000146e-03 2.827616490121731552e+00
8.000000000000000167e-03 3.155206213969173223e+00
9.000000000000001055e-03 3.476212437796107668e+00
1.000000000000000021e-02 3.791435261871963114e+00
1.099999999999999936e-02 4.101492007040731913e+00
1.200000000000000025e-02 4.406872123425613630e+00
1.300000000000000114e-02 4.707972378752226739e+00
1.400000000000000029e-02 5.005120384765698205e+00
1.499999999999999944e-02 5.298590885652568971e+00
1.600000000000000033e-02 5.588617370638913506e+00
1.700000000000000122e-02 5.875400562266070104e+00
1.800000000000000211e-02 6.159114755920088058e+00
1.899999999999999953e-02 6.439912644205139536e+00
2.000000000000000042e-02 6.717929049354916415e+00
2.100000000000000130e-02 6.993283853382311399e+00
2.199999999999999872e-02 7.266084328641801093e+00
2.299999999999999961e-02 7.536427013367265282e+00
2.400000000000000050e-02 7.804399237103787357e+00
2.500000000000000139e-02 8.070080373380813299e+00
2.600000000000000228e-02 8.333542877463175458e+00
2.699999999999999969e-02 8.594853152989706757e+00
2.800000000000000058e-02 8.854072281079055529e+00
2.900000000000000147e-02 9.111256637921876234e+00
2.999999999999999889e-02 9.366458421223182285e+00
3.099999999999999978e-02 9.619726101580669209e+00
3.200000000000000067e-02 9.871104811614905827e+00
3.300000000000000155e-02 1.012063668314400111e+01
3.400000000000000244e-02 1.036836114073060777e+01
3.500000000000000333e-02 1.061431515838634709e+01
3.600000000000000422e-02 1.085853348499796134e+01
3.699999999999999817e-02 1.110104884306644557e+01
3.799999999999999906e-02 1.134189210456914942e+01
3.899999999999999994e-02 1.158109244712393071e+01
4.000000000000000083e-02 1.181867749312148241e+01
4.100000000000000172e-02 1.205467343407265091e+01
4.200000000000000261e-02 1.228910514207285587e+01
4.300000000000000350e-02 1.252199627000098303e+01
4.399999999999999745e-02 1.275336934183363979e+01
4.499999999999999833e-02 1.298324583425835144e+01
4.599999999999999922e-02 1.321164625060409037e+01
4.700000000000000011e-02 1.343859018796835869e+01
4.800000000000000100e-02 1.366409639830260758e+01
4.900000000000000189e-02 1.388818284411807014e+01
5.000000000000000278e-02 1.411086674938933250e+01
5.100000000000000366e-02 1.433216464616038799e+01
5.200000000000000455e-02 1.455209241729595604e+01
5.299999999999999850e-02 1.477066533576732610e+01
5.399999999999999939e-02 1.498789810081597196e+01
5.500000000000000028e-02 1.520380487129830804e+01
5.600000000000000117e-02 1.541839929648043039e+01
5.700000000000000205e-02 1.563169454452157581e+01
5.800000000000000294e-02 1.584370332885874078e+01
5.900000000000000383e-02 1.605443793268204900e+01
5.999999999999999778e-02 1.626391023167034078e+01
6.099999999999999867e-02 1.647213171513863728e+01
6.199999999999999956e-02 1.667911350573379536e+01
6.300000000000000044e-02 1.688486637780067312e+01
6.400000000000000133e-02 1.708940077452922068e+01
6.500000000000000222e-02 1.729272682398195471e+01
6.600000000000000311e-02 1.749485435409172851e+01
6.700000000000000400e-02 1.769579290671132910e+01
6.800000000000000488e-02 1.789555175078864124e+01
6.900000000000000577e-02 1.809413989473451068e+01
7.000000000000000666e-02 1.829156609804427802e+01
7.100000000000000755e-02 1.848783888222847338e+01
7.200000000000000844e-02 1.868296654110347532e+01
7.299999999999999545e-02 1.887695715048828760e+01
7.399999999999999634e-02 1.906981857734982455e+01
7.499999999999999722e-02 1.926155848843547247e+01
7.599999999999999811e-02 1.945218435842843618e+01
7.699999999999999900e-02 1.964170347765850977e+01
7.799999999999999989e-02 1.983012295939829173e+01
7.900000000000000078e-02 2.001744974677239597e+01
8.000000000000000167e-02 2.020369061930509602e+01
8.100000000000000255e-02 2.038885219912983970e+01
8.200000000000000344e-02 2.057294095688231295e+01
8.300000000000000433e-02 2.075596321729699412e+01
8.400000000000000522e-02 2.093792516452575114e+01
8.500000000000000611e-02 2.111883284719560194e+01
8.600000000000000699e-02 2.129869218322148328e+01
8.700000000000000788e-02 2.147750896438884283e+01
8.799999999999999489e-02 2.165528886071966497e+01
8.899999999999999578e-02 2.183203742463467023e+01
8.999999999999999667e-02 2.200776009492353325e+01
9.099999999999999756e-02 2.218246220053413253e+01
9.199999999999999845e-02 2.235614896419105690e+01
9.299999999999999933e-02 2.252882550585302113e+01
9.400000000000000022e-02 2.270049684601803008e+01
9.500000000000000111e-02 2.287116790888473616e+01
9.600000000000000200e-02 2.304084352537770286e+01
9.700000000000000289e-02 2.320952843604392157e+01
9.800000000000000377e-02 2.337722729382742415e+01
9.900000000000000466e-02 2.354394466672836117e+01
1.000000000000000056e-01 2.370968504035254654e+01
1.010000000000000064e-01 2.387445282035713490e+01
1.020000000000000073e-01 2.403825233479772550e+01
1.030000000000000082e-01 2.420108783638170280e+01
1.040000000000000091e-01 2.436296350463278770e+01
1.049999999999999961e-01 2.452388344797086717e+01
1.059999999999999970e-01 2.468385170571141174e+01
1.069999999999999979e-01 2.484287224998838894e+01
1.079999999999999988e-01 2.500094898760419326e+01
1.089999999999999997e-01 2.515808576181024492e+01
1.100000000000000006e-01 2.531428635402132699e+01
1.110000000000000014e-01 2.546955448546690093e+01
1.120000000000000023e-01 2.562389381878217876e+01
1.130000000000000032e-01 2.577730795954182241e+01
1.140000000000000041e-01 2.592980045773872888e+01
1.150000000000000050e-01 2.608137480921055129e+01
1.160000000000000059e-01 2.623203445701599890e+01
1.170000000000000068e-01 2.638178279276345251e+01
1.180000000000000077e-01 2.653062315789375347e+01
1.190000000000000085e-01 2.667855884491912732e+01
1.199999999999999956e-01 2.682559309862035946e+01
1.209999999999999964e-01 2.697172911720367239e+01
1.219999999999999973e-01 2.711697005341932254e+01
1.229999999999999982e-01 2.726131901564321680e+01
1.239999999999999991e-01 2.740477906892333593e+01
1.250000000000000000e-01 2.754735323599221175e+01
1.260000000000000009e-01 2.768904449824696457e+01
1.270000000000000018e-01 2.782985579669816545e+01
1.280000000000000027e-01 2.796979003288875987e+01
1.290000000000000036e-01 2.810885006978423917e+01
1.300000000000000044e-01 2.824703873263524656e+01
1.310000000000000053e-01 2.838435880981360526e+01
1.320000000000000062e-01 2.852081305362288077e+01
1.330000000000000071e-01 2.865640418108441168e+01
1.340000000000000080e-01 2.879113487469973620e+01
1.350000000000000089e-01 2.892500778319032406e+01
1.360000000000000098e-01 2.905802552221551593e+01
1.370000000000000107e-01 2.919019067506933851e+01
1.380000000000000115e-01 2.932150579335714369e+01
1.390000000000000124e-01 2.945197339765271494e+01
1.400000000000000133e-01 2.958159597813655495e+01
1.410000000000000142e-01 2.971037599521604022e+01
1.420000000000000151e-01 2.983831588012817804e+01
1.430000000000000160e-01 2.996541803552537431e+01
1.440000000000000169e-01 3.009168483604510058e+01
1.449999999999999900e-01 3.021711862886375499e+01
1.459999999999999909e-01 3.034172173423543839e+01
1.469999999999999918e-01 3.046549644601606133e+01
1.479999999999999927e-01 3.058844503217346755e+01
1.489999999999999936e-01 3.071056973528369483e+01
1.499999999999999944e-01 3.083187277301427187e+01
1.509999999999999953e-01 3.095235633859465096e+01
1.519999999999999962e-01 3.107202260127442983e+01
1.529999999999999971e-01 3.119087370676955118e+01
1.539999999999999980e-01 3.130891177769712286e+01
1.549999999999999989e-01 3.142613891399900083e+01
1.559999999999999998e-01 3.154255719335462516e+01
1.570000000000000007e-01 3.165816867158348913e+01
1.580000000000000016e-01 3.177297538303742996e+01
1.590000000000000024e-01 3.188697934098317788e+01
1.600000000000000033e-01 3.200018253797545498e+01
1.610000000000000042e-01 3.211258694622091525e+01
1.620000000000000051e-01 3.222419451793314948e+01
1.630000000000000060e-01 3.233500718567913168e+01
1.640000000000000069e-01 3.244502686271732017e+01
1.650000000000000078e-01 3.255425544332761945e+01
1.660000000000000087e-01 3.266269480313357576e+01
1.670000000000000095e-01 3.277034679941689888e+01
1.680000000000000104e-01 3.287721327142469363e+01
1.690000000000000113e-01 3.298329604066934451e+01
1.700000000000000122e-01 3.308859691122172819e+01
1.710000000000000131e-01 3.319311766999742019e+01
1.720000000000000140e-01 3.329686008703654920e+01
1.730000000000000149e-01 3.339982591577717130e+01
1.740000000000000158e-01 3.350201689332252641e+01
1.750000000000000167e-01 3.360343474070229774e+01
1.759999999999999898e-01 3.370408116312804481e+01
1.769999999999999907e-01 3.380395785024294497e+01
1.779999999999999916e-01 3.390306647636604964e+01
1.789999999999999925e-01 3.400140870073127530e+01
1.799999999999999933e-01 3.409898616772105129e+01
1.809999999999999942e-01 3.419580050709500085e+01
1.819999999999999951e-01 3.429185333421372661e+01
1.829999999999999960e-01 3.438714625025772875e+01
1.839999999999999969e-01 3.448168084244180420e+01
1.849999999999999978e-01 3.457545868422478463e+01
1.859999999999999987e-01 3.466848133551491173e+01
1.869999999999999996e-01 3.476075034287099186e+01
1.880000000000000004e-01 3.485226723969934426e+01
1.890000000000000013e-01 3.494303354644661397e+01
1.900000000000000022e-01 3.503305077078871932e+01
1.910000000000000031e-01 3.512232040781590570e+01
1.920000000000000040e-01 3.521084394021411867e+01
1.930000000000000049e-01 3.529862283844258286e+01
1.940000000000000058e-01 3.538565856090793460e+01
1.950000000000000067e-01 3.547195255413485881e+01
1.960000000000000075e-01 3.555750625293332234e+01
1.970000000000000084e-01 3.564232108056251036e+01
1.980000000000000093e-01 3.572639844889162930e+01
1.990000000000000102e-01 3.580973975855739155e+01
2.000000000000000111e-01 3.589234639911866509e+01
2.010000000000000120e-01 3.597421974920799670e+01
2.020000000000000129e-01 3.605536117668026463e+01
2.030000000000000138e-01 3.613577203875854593e+01
2.040000000000000147e-01 3.621545368217711314e+01
2.050000000000000155e-01 3.629440744332183044e+01
2.060000000000000164e-01 3.637263464836786397e+01
2.070000000000000173e-01 3.645013661341484834e+01
2.080000000000000182e-01 3.652691464461948812e+01
2.089999999999999913e-01 3.660297003832586427e+01
2.099999999999999922e-01 3.667830408119299790e+01
2.109999999999999931e-01 3.675291805032060921e+01
2.119999999999999940e-01 3.682681321337203428e+01
2.129999999999999949e-01 3.689999082869536551e+01
2.139999999999999958e-01 3.697245214544206249e+01
2.149999999999999967e-01 3.704419840368375105e+01
2.159999999999999976e-01 3.711523083452667038e+01
2.169999999999999984e-01 3.718555066022426558e+01
2.179999999999999993e-01 3.725515909428773398e+01
2.190000000000000002e-01 3.732405734159458888e+01
2.200000000000000011e-01 3.739224659849543286e+01
2.210000000000000020e-01 3.745972805291874863e+01
2.220000000000000029e-01 3.752650288447402005e+01
2.230000000000000038e-01 3.759257226455292056e+01
2.240000000000000047e-01 3.765793735642890283e+01
2.250000000000000056e-01 3.772259931535499788e+01
2.260000000000000064e-01 3.778655928866002967e+01
2.270000000000000073e-01 3.784981841584315987e+01
2.280000000000000082e-01 3.791237782866681982e+01
2.290000000000000091e-01 3.797423865124816444e+01
2.300000000000000100e-01 3.803540200014897721e+01
2.310000000000000109e-01 3.809586898446402614e+01
2.320000000000000118e-01 3.815564070590799872e+01
2.330000000000000127e-01 3.821471825890107965e+01
2.340000000000000135e-01 3.827310273065308621e+01
2.350000000000000144e-01 3.833079520124613992e+01
2.360000000000000153e-01 3.838779674371610895e+01
2.370000000000000162e-01 3.844410842413283547e+01
2.380000000000000171e-01 3.849973130167871460e+01
2.390000000000000180e-01 3.855466642872653438e+01
2.399999999999999911e-01 3.860891485091561037e+01
2.409999999999999920e-01 3.866247760722701088e+01
2.419999999999999929e-01 3.871535573005743203e+01
2.429999999999999938e-01 3.876755024529204974e+01
2.439999999999999947e-01 3.881906217237617795e+01
2.449999999999999956e-01 3.886989252438569764e+01
2.459999999999999964e-01 3.892004230809661891e+01
2.469999999999999973e-01 3.896951252405343524e+01
2.479999999999999982e-01 3.901830416663641188e+01
2.489999999999999991e-01 3.906641822412792209e+01
2.500000000000000000e-01 3.911385567877774605e+01
2.510000000000000009e-01 3.916061750686737497e+01
2.520000000000000018e-01 3.920670467877334886e+01
2.530000000000000027e-01 3.925211815902964219e+01
2.540000000000000036e-01 3.929685890638917556e+01
2.550000000000000044e-01 3.934092787388424028e+01
2.560000000000000053e-01 3.938432600888630475e+01
2.570000000000000062e-01 3.942705425316466972e+01
2.580000000000000071e-01 3.946911354294446284e+01
2.590000000000000080e-01 3.951050480896361705e+01
2.600000000000000089e-01 3.955122897652914560e+01
2.610000000000000098e-01 3.959128696557262117e+01
2.620000000000000107e-01 3.963067969070467456e+01
2.630000000000000115e-01 3.966940806126891772e+01
2.640000000000000124e-01 3.970747298139494319e+01
2.650000000000000133e-01 3.974487535005077632e+01
2.660000000000000142e-01 3.978161606109418358e+01
2.670000000000000151e-01 3.981769600332378189e+01
2.680000000000000160e-01 3.985311606052896849e+01
2.690000000000000169e-01 3.988787711153943150e+01
2.700000000000000178e-01 3.992198003027387188e+01
2.710000000000000187e-01 3.995542568578800768e+01
2.720000000000000195e-01 3.998821494232200280e+01
2.730000000000000204e-01 4.002034865934721353e+01
2.740000000000000213e-01 4.005182769161219625e+01
2.750000000000000222e-01 4.008265288918823899e+01
2.760000000000000231e-01 4.011282509751423220e+01
2.770000000000000240e-01 4.014234515744080056e+01
2.780000000000000249e-01 4.017121390527397296e+01
2.790000000000000258e-01 4.019943217281829817e+01
2.800000000000000266e-01 4.022700078741919327e+01
2.810000000000000275e-01 4.025392057200495799e+01
2.820000000000000284e-01 4.028019234512802882e+01
2.830000000000000293e-01 4.030581692100581392e+01
2.840000000000000302e-01 4.033079510956093117e+01
2.850000000000000311e-01 4.035512771646097008e+01
2.860000000000000320e-01 4.037881554315764987e+01
2.870000000000000329e-01 4.040185938692552270e+01
2.880000000000000338e-01 4.042426004090020086e+01
2.889999999999999791e-01 4.044601829411595872e+01
2.899999999999999800e-01 4.046713493154310015e+01
2.909999999999999809e-01 4.048761073412445910e+01
2.919999999999999818e-01 4.050744647881191440e+01
2.929999999999999827e-01 4.052664293860194533e+01
2.939999999999999836e-01 4.054520088257116583e+01
2.949999999999999845e-01 4.056312107591109850e+01
2.959999999999999853e-01 4.058040427996262167e+01
2.969999999999999862e-01 4.059705125225008260e+01
2.979999999999999871e-01 4.061306274651477111e+01
2.989999999999999880e-01 4.062843951274825116e+01
2.999999999999999889e-01 4.064318229722486819e+01
3.009999999999999898e-01 4.065729184253439144e+01
3.019999999999999907e-01 4.067076888761371123e+01
3.029999999999999916e-01 4.068361416777860740e+01
3.039999999999999925e-01 4.069582841475475732e+01
3.049999999999999933e-01 4.070741235670868008e+01
3.059999999999999942e-01 4.071836671827796295e+01
3.069999999999999951e-01 4.072869222060150918e+01
3.079999999999999960e-01 4.073838958134908950e+01
3.089999999999999969e-01 4.074745951475068040e+01
3.099999999999999978e-01 4.075590273162557509e+01
3.109999999999999987e-01 4.076371993941076255e+01
3.119999999999999996e-01 4.077091184218944164e+01
3.130000000000000004e-01 4.077747914071890278e+01
3.140000000000000013e-01 4.078342253245803306e+01
3.150000000000000022e-01 4.078874271159482845e+01
3.160000000000000031e-01 4.079344036907313864e+01
3.170000000000000040e-01 4.079751619261950424e+01
3.180000000000000049e-01 4.080097086676936158e+01
3.190000000000000058e-01 4.080380507289322622e+01
3.200000000000000067e-01 4.080601948922226541e+01
3.210000000000000075e-01 4.080761479087391308e+01
3.220000000000000084e-01 4.080859164987684551e+01
3.230000000000000093e-01 4.080895073519594973e+01
3.240000000000000102e-01 4.080869271275690835e+01
3.250000000000000111e-01 4.080781824547037928e+01
3.260000000000000120e-01 4.080632799325613291e+01
3.270000000000000129e-01 4.080422261306672738e+01
3.280000000000000138e-01 4.080150275891100620e+01
3.290000000000000147e-01 4.079816908187733304e+01
3.300000000000000155e-01 4.079422223015649251e+01
3.310000000000000164e-01 4.078966284906442752e+01
3.320000000000000173e-01 4.078449158106469241e+01
3.330000000000000182e-01 4.077870906579060062e+01
3.340000000000000191e-01 4.077231594006718041e+01
3.350000000000000200e-01 4.076531283793292459e+01
3.360000000000000209e-01 4.075770039066122763e+01
3.370000000000000218e-01 4.074947922678164502e+01
3.380000000000000226e-01 4.074064997210075489e+01
3.390000000000000235e-01 4.073121324972319712e+01
3.400000000000000244e-01 4.072116968007195226e+01
3.410000000000000253e-01 4.071051988090883356e+01
3.420000000000000262e-01 4.069926446735451009e+01
3.430000000000000271e-01 4.068740405190843035e+01
3.440000000000000280e-01 4.067493924446846165e+01
3.450000000000000289e-01 4.066187065235041587e+01
3.460000000000000298e-01 4.064819888030721984e+01
3.470000000000000306e-01 4.063392453054810005e+01
3.480000000000000315e-01 4.061904820275724148e+01
3.490000000000000324e-01 4.060357049411260277e+01
3.500000000000000333e-01 4.058749199930437612e+01
3.510000000000000342e-01 4.057081331055307771e+01
3.519999999999999796e-01 4.055353501762780866e+01
3.529999999999999805e-01 4.053565770786406119e+01
3.539999999999999813e-01 4.051718196618139700e+01
3.549999999999999822e-01 4.049810837510096917e+01
3.559999999999999831e-01 4.047843751476291629e+01
3.569999999999999840e-01 4.045816996294341550e+01
3.579999999999999849e-01 4.043730629507174967e+01
3.589999999999999858e-01 4.041584708424706207e+01
3.599999999999999867e-01 4.039379290125498301e+01
3.609999999999999876e-01 4.037114431458418551e+01
3.619999999999999885e-01 4.034790189044257147e+01
3.629999999999999893e-01 4.032406619277341520e+01
3.639999999999999902e-01 4.029963778327140744e+01
3.649999999999999911e-01 4.027461722139838685e+01
3.659999999999999920e-01 4.024900506439907133e+01
3.669999999999999929e-01 4.022280186731650531e+01
3.679999999999999938e-01 4.019600818300732215e+01
3.689999999999999947e-01 4.016862456215712029e+01
3.699999999999999956e-01 4.014065155329529944e+01
3.709999999999999964e-01 4.011208970281013819e+01
3.719999999999999973e-01 4.008293955496333183e+01
3.729999999999999982e-01 4.005320165190481418e+01
3.739999999999999991e-01 4.002287653368698273e+01
3.750000000000000000e-01 3.999196473827922205e+01
3.760000000000000009e-01 3.996046680158195841e+01
3.770000000000000018e-01 3.992838325744070005e+01
3.780000000000000027e-01 3.989571463765994963e+01
3.790000000000000036e-01 3.986246147201704559e+01
3.800000000000000044e-01 3.982862428827567669e+01
3.810000000000000053e-01 3.979420361219946756e+01
3.820000000000000062e-01 3.975919996756530850e+01
3.830000000000000071e-01 3.972361387617667106e+01
3.840000000000000080e-01 3.968744585787662515e+01
3.850000000000000089e-01 3.965069643056091309e+01
3.860000000000000098e-01 3.961336611019081033e+01
3.870000000000000107e-01 3.957545541080587270e+01
3.880000000000000115e-01 3.953696484453658400e+01
3.890000000000000124e-01 3.949789492161679050e+01
3.900000000000000133e-01 3.945824615039623495e+01
3.910000000000000142e-01 3.941801903735270685e+01
3.920000000000000151e-01 3.937721408710429216e+01
3.930000000000000160e-01 3.933583180242136734e+01
3.940000000000000169e-01 3.929387268423865009e+01
3.950000000000000178e-01 3.925133723166690913e+01
3.960000000000000187e-01 3.920822594200468814e+01
3.970000000000000195e-01 3.916453931075010075e+01
3.980000000000000204e-01 3.912027783161207140e+01
3.990000000000000213e-01 3.907544199652195971e+01
4.000000000000000222e-01 3.903003229564477294e+01
4.010000000000000231e-01 3.898404921739034990e+01
4.020000000000000240e-01 3.893749324842450221e+01
4.030000000000000249e-01 3.889036487367999939e+01
4.040000000000000258e-01 3.884266457636739744e+01
4.050000000000000266e-01 3.879439283798596705e+01
4.060000000000000275e-01 3.874555013833433748e+01
4.070000000000000284e-01 3.869613695552102683e+01
4.080000000000000293e-01 3.864615376597510021e+01
4.090000000000000302e-01 3.859560104445645834e+01
4.100000000000000311e-01 3.854447926406622571e+01
4.110000000000000320e-01 3.849278889625711031e+01
4.120000000000000329e-01 3.844053041084319489e+01
4.130000000000000338e-01 3.838770427601036772e+01
4.140000000000000346e-01 3.833431095832619917e+01
4.150000000000000355e-01 3.828035092274964768e+01
4.160000000000000364e-01 3.822582463264107844e+01
4.169999999999999818e-01 3.817073254977177044e+01
4.179999999999999827e-01 3.811507513433373617e+01
4.189999999999999836e-01 3.805885284494914345e+01
4.199999999999999845e-01 3.800206613867977978e+01
4.209999999999999853e-01 3.794471547103654530e+01
4.219999999999999862e-01 3.788680129598859025e+01
4.229999999999999871e-01 3.782832406597259478e+01
4.239999999999999880e-01 3.776928423190199169e+01
4.249999999999999889e-01 3.770968224317594775e+01
4.259999999999999898e-01 3.764951854768830231e+01
4.269999999999999907e-01 3.758879359183661961e+01
4.279999999999999916e-01 3.752750782053087164e+01
4.289999999999999925e-01 3.746566167720231988e+01
4.299999999999999933e-01 3.740325560381209868e+01
4.309999999999999942e-01 3.734029004085988390e+01
4.319999999999999951e-01 3.727676542739246202e+01
4.329999999999999960e-01 3.721268220101214297e+01
4.339999999999999969e-01 3.714804079788518720e+01
4.349999999999999978e-01 3.708284165275004796e+01
4.359999999999999987e-01 3.701708519892586935e+01
4.369999999999999996e-01 3.695077186832038763e+01
4.380000000000000004e-01 3.688390209143817344e+01
4.390000000000000013e-01 3.681647629738881733e+01
4.400000000000000022e-01 3.674849491389470302e+01
4.410000000000000031e-01 3.667995836729905079e+01
4.420000000000000040e-01 3.661086708257386135e+01
4.430000000000000049e-01 3.654122148332744757e+01
4.440000000000000058e-01 3.647102199181249205e+01
4.450000000000000067e-01 3.640026902893342253e+01
4.460000000000000075e-01 3.632896301425428476e+01
4.470000000000000084e-01 3.625710436600604680e+01
4.480000000000000093e-01 3.618469350109428717e+01
4.490000000000000102e-01 3.611173083510652759e+01
4.500000000000000111e-01 3.603821678231955161e+01
4.510000000000000120e-01 3.596415175570685108e+01
4.520000000000000129e-01 3.588953616694568893e+01
4.530000000000000138e-01 3.581437042642447466e+01
4.540000000000000147e-01 3.573865494324984127e+01
4.550000000000000155e-01 3.566239012525366547e+01
4.560000000000000164e-01 3.558557637900010207e+01
4.570000000000000173e-01 3.550821410979264670e+01
4.580000000000000182e-01 3.543030372168091446e+01
4.590000000000000191e-01 3.535184561746761744e+01
4.600000000000000200e-01 3.527284019871528642e+01
4.610000000000000209e-01 3.519328786575307788e+01
4.620000000000000218e-01 3.511318901768338208e+01
4.630000000000000226e-01 3.503254405238865843e+01
4.640000000000000235e-01 3.495135336653780200e+01
4.650000000000000244e-01 3.486961735559280839e+01
4.660000000000000253e-01 3.478733641381532493e+01
4.670000000000000262e-01 3.470451093427293188e+01
4.680000000000000271e-01 3.462114130884567942e+01
4.690000000000000280e-01 3.453722792823242571e+01
4.700000000000000289e-01 3.445277118195700439e+01
4.710000000000000298e-01 3.436777145837459102e+01
4.720000000000000306e-01 3.428222914467792748e+01
4.730000000000000315e-01 3.419614462690334733e+01
4.740000000000000324e-01 3.410951828993702861e+01
4.750000000000000333e-01 3.402235051752090556e+01
4.760000000000000342e-01 3.393464169225885030e+01
4.770000000000000351e-01 3.384639219562251355e+01
4.780000000000000360e-01 3.375760240795730738e+01
4.790000000000000369e-01 3.366827270848828846e+01
4.799999999999999822e-01 3.357840347532598457e+01
4.809999999999999831e-01 3.348799508547210735e+01
4.819999999999999840e-01 3.339704791482552082e+01
4.829999999999999849e-01 3.330556233818768419e+01
4.839999999999999858e-01 3.321353872926854933e+01
4.849999999999999867e-01 3.312097746069203197e+01
4.859999999999999876e-01 3.302787890400158233e+01
4.869999999999999885e-01 3.293424342966594054e+01
4.879999999999999893e-01 3.284007140708433781e+01
4.889999999999999902e-01 3.274536320459218075e+01
4.899999999999999911e-01 3.265011918946639469e+01
4.909999999999999920e-01 3.255433972793080954e+01
4.919999999999999929e-01 3.245802518516141788e+01
4.929999999999999938e-01 3.236117592529186027e+01
4.939999999999999947e-01 3.226379231141861226e+01
4.949999999999999956e-01 3.216587470560601503e+01
4.959999999999999964e-01 3.206742346889180340e+01
4.969999999999999973e-01 3.196843896129203699e+01
4.979999999999999982e-01 3.186892154180630143e+01
4.989999999999999991e-01 3.176887156842268212e+01
5.000000000000000000e-01 3.166828939812290855e+01
5.010000000000000009e-01 3.156717538688738500e+01
5.020000000000000018e-01 3.146552988970005060e+01
5.030000000000000027e-01 3.136335326055339578e+01
5.040000000000000036e-01 3.126064585245327976e+01
5.050000000000000044e-01 3.115740801742393273e+01
5.060000000000000053e-01 3.105364010651263129e+01
5.070000000000000062e-01 3.094934246979464376e+01
5.080000000000000071e-01 3.084451545637790559e+01
5.090000000000000080e-01 3.073915941440765209e+01
5.100000000000000089e-01 3.063327469107139223e+01
5.110000000000000098e-01 3.052686163260329977e+01
5.120000000000000107e-01 3.041992058428900236e+01
5.130000000000000115e-01 3.031245189047004374e+01
5.140000000000000124e-01 3.020445589454868696e+01
5.150000000000000133e-01 3.009593293899212085e+01
5.160000000000000142e-01 2.998688336533729171e+01
5.170000000000000151e-01 2.987730751419513808e+01
5.180000000000000160e-01 2.976720572525516673e+01
5.190000000000000169e-01 2.965657833728980108e+01
5.200000000000000178e-01 2.954542568815878667e+01
5.210000000000000187e-01 2.943374811481351117e+01
5.220000000000000195e-01 2.932154595330143820e+01
5.230000000000000204e-01 2.920881953877017168e+01
5.240000000000000213e-01 2.909556920547203163e+01
5.250000000000000222e-01 2.898179528676797645e+01
5.260000000000000231e-01 2.886749811513197983e+01
5.270000000000000240e-01 2.875267802215518032e+01
5.280000000000000249e-01 2.863733533855014457e+01
5.290000000000000258e-01 2.852147039415476115e+01
5.300000000000000266e-01 2.840508351793639008e+01
5.310000000000000275e-01 2.828817503799604083e+01
5.320000000000000284e-01 2.817074528157246505e+01
5.330000000000000293e-01 2.805279457504590823e+01
5.340000000000000302e-01 2.793432324394225930e+01
5.350000000000000311e-01 2.781533161293708645e+01
5.360000000000000320e-01 2.769582000585938886e+01
5.370000000000000329e-01 2.757578874569560412e+01
5.380000000000000338e-01 2.745523815459353045e+01
5.390000000000000346e-01 2.733416855386602151e+01
5.400000000000000355e-01 2.721258026399505070e+01
5.410000000000000364e-01 2.709047360463523546e+01
5.420000000000000373e-01 2.696784889461795842e+01
5.430000000000000382e-01 2.684470645195474958e+01
5.440000000000000391e-01 2.672104659384129377e+01
5.450000000000000400e-01 2.659686963666098336e+01
5.460000000000000409e-01 2.647217589598869836e+01
5.470000000000000417e-01 2.634696568659444438e+01
5.480000000000000426e-01 2.622123932244687694e+01
5.490000000000000435e-01 2.609499711671702471e+01
5.500000000000000444e-01 2.596823938178195590e+01
5.510000000000000453e-01 2.584096642922810361e+01
5.520000000000000462e-01 2.571317856985504591e+01
5.530000000000000471e-01 2.558487611367877435e+01
5.540000000000000480e-01 2.545605936993550245e+01
5.550000000000000488e-01 2.532672864708487737e+01
5.560000000000000497e-01 2.519688425281353261e+01
5.570000000000000506e-01 2.506652649403855548e+01
5.580000000000000515e-01 2.493565567691072715e+01
5.590000000000000524e-01 2.480427210681818906e+01
5.600000000000000533e-01 2.467237608838956930e+01
5.610000000000000542e-01 2.453996792549745010e+01
5.620000000000000551e-01 2.440704792126152256e+01
5.630000000000000560e-01 2.427361637805219630e+01
5.640000000000000568e-01 2.413967359749352681e+01
5.650000000000000577e-01 2.400521988046668298e+01
5.660000000000000586e-01 2.387025552711330079e+01
5.670000000000000595e-01 2.373478083683832551e+01
5.680000000000000604e-01 2.359879610831356445e+01
5.690000000000000613e-01 2.346230163948067116e+01
5.700000000000000622e-01 2.332529772755447084e+01
5.710000000000000631e-01 2.318778466902588775e+01
5.720000000000000639e-01 2.304976275966524213e+01
5.730000000000000648e-01 2.291123229452523447e+01
5.740000000000000657e-01 2.277219356794418559e+01
5.750000000000000666e-01 2.263264687354885041e+01
5.760000000000000675e-01 2.249259250425762957e+01
5.769999999999999574e-01 2.235203075228378111e+01
5.779999999999999583e-01 2.221096190913786472e+01
5.789999999999999591e-01 2.206938626563143657e+01
5.799999999999999600e-01 2.192730411187937989e+01
5.809999999999999609e-01 2.178471573730334399e+01
5.819999999999999618e-01 2.164162143063438748e+01
5.829999999999999627e-01 2.149802147991596257e+01
5.839999999999999636e-01 2.135391617250689933e+01
5.849999999999999645e-01 2.120930579508427627e+01
5.859999999999999654e-01 2.106419063364600675e+01
5.869999999999999662e-01 2.091857097351416428e+01
5.879999999999999671e-01 2.077244709933754052e+01
5.889999999999999680e-01 2.062581929509428846e+01
5.899999999999999689e-01 2.047868784409504883e+01
5.909999999999999698e-01 2.033105302898559330e+01
5.919999999999999707e-01 2.018291513174949614e+01
5.929999999999999716e-01 2.003427443371111849e+01
5.939999999999999725e-01 1.988513121553802421e+01
5.949999999999999734e-01 1.973548575724393572e+01
5.959999999999999742e-01 1.958533833819134884e+01
5.969999999999999751e-01 1.943468923709423279e+01
5.979999999999999760e-01 1.928353873202067348e+01
5.989999999999999769e-01 1.913188710039543139e+01
5.999999999999999778e-01 1.897973461900289749e+01
6.009999999999999787e-01 1.882708156398922483e+01
6.019999999999999796e-01 1.867392821086542654e+01
6.029999999999999805e-01 1.852027483450959267e+01
6.039999999999999813e-01 1.836612170916967557e+01
6.049999999999999822e-01 1.821146910846599098e+01
6.059999999999999831e-01 1.805631730539363389e+01
6.069999999999999840e-01 1.790066657232526381e+01
6.079999999999999849e-01 1.774451718101340703e+01
6.089999999999999858e-01 1.758786940259307130e+01
6.099999999999999867e-01 1.743072350758413336e+01
6.109999999999999876e-01 1.727307976589386840e+01
6.119999999999999885e-01 1.711493844681947962e+01
6.129999999999999893e-01 1.695629981905031514e+01
6.139999999999999902e-01 1.679716415067059643e+01
6.149999999999999911e-01 1.663753170916160684e+01
6.159999999999999920e-01 1.647740276140416427e+01
6.169999999999999929e-01 1.631677757368103698e+01
6.179999999999999938e-01 1.615565641167924582e+01
6.189999999999999947e-01 1.599403954049245158e+01
6.199999999999999956e-01 1.583192722462345614e+01
6.209999999999999964e-01 1.566931972798622041e+01
6.219999999999999973e-01 1.550621731390845071e+01
6.229999999999999982e-01 1.534262024513381562e+01
6.239999999999999991e-01 1.517852878382421977e+01
6.250000000000000000e-01 1.501394319156207757e+01
6.260000000000000009e-01 1.484886372935267218e+01
6.270000000000000018e-01 1.468329065762625874e+01
6.280000000000000027e-01 1.451722423624050862e+01
6.290000000000000036e-01 1.435066472448249897e+01
6.300000000000000044e-01 1.418361238107115696e+01
6.310000000000000053e-01 1.401606746415933458e+01
6.320000000000000062e-01 1.384803023133599709e+01
6.330000000000000071e-01 1.367950093962846836e+01
6.340000000000000080e-01 1.351047984550459091e+01
6.350000000000000089e-01 1.334096720487474386e+01
6.360000000000000098e-01 1.317096327309428716e+01
6.370000000000000107e-01 1.300046830496543748e+01
6.380000000000000115e-01 1.282948255473939980e+01
6.390000000000000124e-01 1.265800627611858431e+01
6.400000000000000133e-01 1.248603972225865277e+01
6.410000000000000142e-01 1.231358314577070701e+01
6.420000000000000151e-01 1.214063679872310786e+01
6.430000000000000160e-01 1.196720093264383422e+01
6.440000000000000169e-01 1.179327579852230201e+01
6.450000000000000178e-01 1.161886164681163791e+01
6.460000000000000187e-01 1.144395872743041309e+01
6.470000000000000195e-01 1.126856728976497379e+01
6.480000000000000204e-01 1.109268758267126032e+01
6.490000000000000213e-01 1.091631985447673969e+01
6.500000000000000222e-01 1.073946435298262259e+01
6.510000000000000231e-01 1.056212132546573912e+01
6.520000000000000240e-01 1.038429101868038629e+01
6.530000000000000249e-01 1.020597367886034590e+01
6.540000000000000258e-01 1.002716955172101621e+01
6.550000000000000266e-01 9.847878882461117200e+00
6.560000000000000275e-01 9.668101915764594878e+00
6.570000000000000284e-01 9.487838895802752859e+00
6.580000000000000293e-01 9.307090066235900849e+00
6.590000000000000302e-01 9.125855670215599957e+00
6.600000000000000311e-01 8.944135950385998513e+00
6.610000000000000320e-01 8.761931148886304754e+00
6.620000000000000329e-01 8.579241507352264762e+00
6.630000000000000338e-01 8.396067266918038285e+00
6.640000000000000346e-01 8.212408668218330376e+00
6.650000000000000355e-01 8.028265951389840893e+00
6.660000000000000364e-01 7.843639356073282443e+00
6.670000000000000373e-01 7.658529121415256213e+00
6.680000000000000382e-01 7.472935486069985700e+00
6.690000000000000391e-01 7.286858688201022005e+00
6.700000000000000400e-01 7.100298965483204938e+00
6.710000000000000409e-01 6.913256555104226209e+00
6.720000000000000417e-01 6.725731693766732633e+00
6.730000000000000426e-01 6.537724617689548268e+00
6.740000000000000435e-01 6.349235562610090255e+00
6.750000000000000444e-01 6.160264763785619380e+00
6.760000000000000453e-01 5.970812455994945367e+00
6.770000000000000462e-01 5.780878873540586937e+00
6.780000000000000471e-01 5.590464250250107625e+00
6.790000000000000480e-01 5.399568819477849502e+00
6.800000000000000488e-01 5.208192814106922697e+00
6.810000000000000497e-01 5.016336466550484374e+00
6.820000000000000506e-01 4.824000008753586144e+00
6.830000000000000515e-01 4.631183672195078316e+00
6.840000000000000524e-01 4.437887687888860455e+00
6.850000000000000533e-01 4.244112286385785637e+00
6.860000000000000542e-01 4.049857697775365750e+00
6.870000000000000551e-01 3.855124151687135736e+00
6.880000000000000560e-01 3.659911877292501003e+00
6.890000000000000568e-01 3.464221103306300620e+00
6.900000000000000577e-01 3.268052057988427350e+00
6.910000000000000586e-01 3.071404969145334007e+00
6.920000000000000595e-01 2.874280064131795598e+00
6.930000000000000604e-01 2.676677569852500937e+00
6.940000000000000613e-01 2.478597712763274785e+00
6.950000000000000622e-01 2.280040718873124206e+00
6.960000000000000631e-01 2.081006813745460704e+00
6.970000000000000639e-01 1.881496222499919213e+00
6.980000000000000648e-01 1.681509169813693916e+00
6.990000000000000657e-01 1.481045879923129860e+00
7.000000000000000666e-01 1.280106576625286152e+00
7.010000000000000675e-01 1.078691483279499153e+00
7.020000000000000684e-01 8.768008228088035594e-01
7.030000000000000693e-01 6.744348177015524470e-01
7.039999999999999591e-01 4.715936900128383513e-01
7.049999999999999600e-01 2.682776613658859333e-01
7.059999999999999609e-01 6.448695295381412507e-02
7.069999999999999618e-01 -1.397782144591133147e-01
7.079999999999999627e-01 -3.445176205359530286e-01
7.089999999999999636e-01 -5.497310453655188667e-01
7.099999999999999645e-01 -7.554182694611597526e-01
7.109999999999999654e-01 -9.615790737590259596e-01
7.119999999999999662e-01 -1.168213239616875398e+00
7.129999999999999671e-01 -1.375320548812482002e+00
7.139999999999999680e-01 -1.582900783542186218e+00
7.149999999999999689e-01 -1.790953726419587611e+00
7.159999999999999698e-01 -1.999479160474152195e+00
7.169999999999999707e-01 -2.208476869149592403e+00
7.179999999999999716e-01 -2.417946636302758634e+00
7.189999999999999725e-01 -2.627888246201877109e+00
7.199999999999999734e-01 -2.838301483525640379e+00
7.209999999999999742e-01 -3.049186133361359907e+00
7.219999999999999751e-01 -3.260541981203857631e+00
7.229999999999999760e-01 -3.472368812953988026e+00
7.239999999999999769e-01 -3.684666414917415977e+00
7.249999999999999778e-01 -3.897434573803110425e+00
7.259999999999999787e-01 -4.110673076722008545e+00
7.269999999999999796e-01 -4.324381711185822041e+00
7.279999999999999805e-01 -4.538560265105502367e+00
7.289999999999999813e-01 -4.753208526790103861e+00
7.299999999999999822e-01 -4.968326284945248972e+00
7.309999999999999831e-01 -5.183913328671962972e+00
7.319999999999999840e-01 -5.399969447465394978e+00
7.329999999999999849e-01 -5.616494431213482130e+00
7.339999999999999858e-01 -5.833488070195414821e+00
7.349999999999999867e-01 -6.050950155080727200e+00
7.359999999999999876e-01 -6.268880476927819245e+00
7.369999999999999885e-01 -6.487278827182535679e+00
7.379999999999999893e-01 -6.706144997677284891e+00
7.389999999999999902e-01 -6.925478780629418907e+00
7.399999999999999911e-01 -7.145279968639954404e+00
7.409999999999999920e-01 -7.365548354692663224e+00
7.419999999999999929e-01 -7.586283732152509174e+00
7.429999999999999938e-01 -7.807485894764568002e+00
7.439999999999999947e-01 -8.029154636652634736e+00
7.449999999999999956e-01 -8.251289752318143655e+00
7.459999999999999964e-01 -8.473891036638860896e+00
7.469999999999999973e-01 -8.696958284867719158e+00
7.479999999999999982e-01 -8.920491292631510305e+00
7.489999999999999991e-01 -9.144489855929833766e+00
7.500000000000000000e-01 -9.368953771133703867e+00
7.510000000000000009e-01 -9.593882834984412966e+00
7.520000000000000018e-01 -9.819276844592508269e+00
7.530000000000000027e-01 -1.004513559743628548e+01
7.540000000000000036e-01 -1.027145889136104984e+01
7.550000000000000044e-01 -1.049824652457735397e+01
7.560000000000000053e-01 -1.072549829566037261e+01
7.570000000000000062e-01 -1.095321400354845309e+01
7.580000000000000071e-01 -1.118139344754206377e+01
7.590000000000000080e-01 -1.141003642730240131e+01
7.600000000000000089e-01 -1.163914274285070860e+01
7.610000000000000098e-01 -1.186871219456665472e+01
7.620000000000000107e-01 -1.209874458318753909e+01
7.630000000000000115e-01 -1.232923970980689887e+01
7.640000000000000124e-01 -1.256019737587348573e+01
7.650000000000000133e-01 -1.279161738319029951e+01
7.660000000000000142e-01 -1.302349953391322401e+01
7.670000000000000151e-01 -1.325584363055000381e+01
7.680000000000000160e-01 -1.348864947595913577e+01
7.690000000000000169e-01 -1.372191687334884591e+01
7.700000000000000178e-01 -1.395564562627589567e+01
7.710000000000000187e-01 -1.418983553864441660e+01
7.720000000000000195e-01 -1.442448641470519988e+01
7.730000000000000204e-01 -1.465959805905393409e+01
7.740000000000000213e-01 -1.489517027663083582e+01
7.750000000000000222e-01 -1.513120287271908637e+01
7.760000000000000231e-01 -1.536769565294412132e+01
7.770000000000000240e-01 -1.560464842327223778e+01
7.780000000000000249e-01 -1.584206099000977019e+01
7.790000000000000258e-01 -1.607993315980189664e+01
7.800000000000000266e-01 -1.631826473963161561e+01
7.810000000000000275e-01 -1.655705553681877973e+01
7.820000000000000284e-01 -1.679630535901910093e+01
7.830000000000000293e-01 -1.703601401422278627e+01
7.840000000000000302e-01 -1.727618131075399788e+01
7.850000000000000311e-01 -1.751680705726926135e+01
7.860000000000000320e-01 -1.775789106275701101e+01
7.870000000000000329e-01 -1.799943313653631094e+01
7.880000000000000338e-01 -1.824143308825554755e+01
7.890000000000000346e-01 -1.848389072789206011e+01
7.900000000000000355e-01 -1.872680586575049233e+01
7.910000000000000364e-01 -1.897017831246245123e+01
7.920000000000000373e-01 -1.921400787898477347e+01
7.930000000000000382e-01 -1.945829437659907057e+01
7.940000000000000391e-01 -1.970303761691064892e+01
7.950000000000000400e-01 -1.994823741184731603e+01
7.960000000000000409e-01 -2.019389357365861315e+01
7.970000000000000417e-01 -2.044000591491487739e+01
7.980000000000000426e-01 -2.068657424850599114e+01
7.990000000000000435e-01 -2.093359838764069991e+01
8.000000000000000444e-01 -2.118107814584547555e+01
8.010000000000000453e-01 -2.142901333696374877e+01
8.020000000000000462e-01 -2.167740377515457340e+01
8.030000000000000471e-01 -2.192624927489225684e+01
8.040000000000000480e-01 -2.217554965096496744e+01
8.050000000000000488e-01 -2.242530471847379658e+01
8.060000000000000497e-01 -2.267551429283219022e+01
8.070000000000000506e-01 -2.292617818976458466e+01
8.080000000000000515e-01 -2.317729622530580968e+01
8.090000000000000524e-01 -2.342886821579969592e+01
8.100000000000000533e-01 -2.368089397789901795e+01
8.110000000000000542e-01 -2.393337332856350486e+01
8.120000000000000551e-01 -2.418630608505986856e+01
8.130000000000000560e-01 -2.443969206496018387e+01
8.140000000000000568e-01 -2.469353108614149050e+01
8.150000000000000577e-01 -2.494782296678465627e+01
8.160000000000000586e-01 -2.520256752537335387e+01
8.170000000000000595e-01 -2.545776458069354931e+01
8.180000000000000604e-01 -2.571341395183219447e+01
8.190000000000000613e-01 -2.596951545817654505e+01
8.200000000000000622e-01 -2.622606891941359208e+01
8.210000000000000631e-01 -2.648307415552835664e+01
8.220000000000000639e-01 -2.674053098680377616e+01
8.230000000000000648e-01 -2.699843923381968125e+01
8.240000000000000657e-01 -2.725679871745160199e+01
8.250000000000000666e-01 -2.751560925887019948e+01
8.260000000000000675e-01 -2.777487067954029953e+01
8.270000000000000684e-01 -2.803458280122032420e+01
8.280000000000000693e-01 -2.829474544596058649e+01
8.290000000000000702e-01 -2.855535843610363145e+01
8.300000000000000711e-01 -2.881642159428241712e+01
8.310000000000000719e-01 -2.907793474342014406e+01
8.320000000000000728e-01 -2.933989770672889108e+01
8.329999999999999627e-01 -2.960231030770893312e+01
8.339999999999999636e-01 -2.986517237014822967e+01
8.349999999999999645e-01 -3.012848371812117421e+01
8.359999999999999654e-01 -3.039224417598796890e+01
8.369999999999999662e-01 -3.065645356839394253e+01
8.379999999999999671e-01 -3.092111172026824306e+01
8.389999999999999680e-01 -3.118621845682372395e+01
8.399999999999999689e-01 -3.145177360355535257e+01
8.409999999999999698e-01 -3.171777698623998276e+01
8.419999999999999707e-01 -3.198422843093567280e+01
8.429999999999999716e-01 -3.225112776398003689e+01
8.439999999999999725e-01 -3.251847481199024514e+01
8.449999999999999734e-01 -3.278626940186211414e+01
8.459999999999999742e-01 -3.305451136076897001e+01
8.469999999999999751e-01 -3.332320051616108003e+01
8.479999999999999760e-01 -3.359233669576491366e+01
8.489999999999999769e-01 -3.386191972758234670e+01
8.499999999999999778e-01 -3.413194943988969499e+01
8.509999999999999787e-01 -3.440242566123714596e+01
8.519999999999999796e-01 -3.467334822044801967e+01
8.529999999999999805e-01 -3.494471694661751826e+01
8.539999999999999813e-01 -3.521653166911295330e+01
8.549999999999999822e-01 -3.548879221757169944e+01
8.559999999999999831e-01 -3.576149842190159234e+01
8.569999999999999840e-01 -3.603465011227945070e+01
8.579999999999999849e-01 -3.630824711915073522e+01
8.589999999999999858e-01 -3.658228927322818436e+01
8.599999999999999867e-01 -3.685677640549198486e+01
8.609999999999999876e-01 -3.713170834718840752e+01
8.619999999999999885e-01 -3.740708492982889766e+01
8.629999999999999893e-01 -3.768290598518990464e+01
8.639999999999999902e-01 -3.795917134531197235e+01
8.649999999999999911e-01 -3.823588084249860231e+01
8.659999999999999920e-01 -3.851303430931591265e+01
8.669999999999999929e-01 -3.879063157859206967e+01
8.679999999999999938e-01 -3.906867248341603727e+01
8.689999999999999947e-01 -3.934715685713717903e+01
8.699999999999999956e-01 -3.962608453336463299e+01
8.709999999999999964e-01 -3.990545534596617472e+01
8.719999999999999973e-01 -4.018526912906821735e+01
8.729999999999999982e-01 -4.046552571705427681e+01
8.739999999999999991e-01 -4.074622494456485811e+01
8.750000000000000000e-01 -4.102736664649654585e+01
8.760000000000000009e-01 -4.130895065800126531e+01
8.770000000000000018e-01 -4.159097681448542971e+01
8.780000000000000027e-01 -4.187344495160976976e+01
8.790000000000000036e-01 -4.215635490528825358e+01
8.800000000000000044e-01 -4.243970651168723407e+01
8.810000000000000053e-01 -4.272349960722516471e+01
8.820000000000000062e-01 -4.300773402857169003e+01
8.830000000000000071e-01 -4.329240961264684984e+01
8.840000000000000080e-01 -4.357752619662079496e+01
8.850000000000000089e-01 -4.386308361791276411e+01
8.860000000000000098e-01 -4.414908171419040173e+01
8.870000000000000107e-01 -4.443552032336930324e+01
8.880000000000000115e-01 -4.472239928361221928e+01
8.890000000000000124e-01 -4.500971843332837352e+01
8.900000000000000133e-01 -4.529747761117283744e+01
8.910000000000000142e-01 -4.558567665604584818e+01
8.920000000000000151e-01 -4.587431540709206956e+01
8.930000000000000160e-01 -4.616339370370036477e+01
8.940000000000000169e-01 -4.645291138550237520e+01
8.950000000000000178e-01 -4.674286829237252050e+01
8.960000000000000187e-01 -4.703326426442714592e+01
8.970000000000000195e-01 -4.732409914202366963e+01
8.980000000000000204e-01 -4.761537276576024169e+01
8.990000000000000213e-01 -4.790708497647500508e+01
9.000000000000000222e-01 -4.819923561524552724e+01
9.010000000000000231e-01 -4.849182452338772009e+01
9.020000000000000240e-01 -4.878485154245589683e+01
9.030000000000000249e-01 -4.907831651424174879e+01
9.040000000000000258e-01 -4.937221928077354960e+01
9.050000000000000266e-01 -4.966655968431598467e+01
9.060000000000000275e-01 -4.996133756736912801e+01
9.070000000000000284e-01 -5.025655277266804433e+01
9.080000000000000293e-01 -5.055220514318216374e+01
9.090000000000000302e-01 -5.084829452211437228e+01
9.100000000000000311e-01 -5.114482075290078456e+01
9.110000000000000320e-01 -5.144178367921011841e+01
9.120000000000000329e-01 -5.173918314494267179e+01
9.130000000000000338e-01 -5.203701899423003852e+01
9.140000000000000346e-01 -5.233529107143459669e+01
9.150000000000000355e-01 -5.263399922114848550e+01
9.160000000000000364e-01 -5.293314328819349157e+01
9.170000000000000373e-01 -5.323272311762013942e+01
9.180000000000000382e-01 -5.353273855470723674e+01
9.190000000000000391e-01 -5.383318944496102176e+01
9.200000000000000400e-01 -5.413407563411510637e+01
9.210000000000000409e-01 -5.443539696812916873e+01
9.220000000000000417e-01 -5.473715329318912381e+01
9.230000000000000426e-01 -5.503934445570604339e+01
9.240000000000000435e-01 -5.534197030231530334e+01
9.250000000000000444e-01 -5.564503067987692475e+01
9.260000000000000453e-01 -5.594852543547426649e+01
9.270000000000000462e-01 -5.625245441641345678e+01
9.280000000000000471e-01 -5.655681747022327954e+01
9.290000000000000480e-01 -5.686161444465415116e+01
9.300000000000000488e-01 -5.716684518767772261e+01
9.310000000000000497e-01 -5.747250954748642471e+01
9.320000000000000506e-01 -5.777860737249255862e+01
9.330000000000000515e-01 -5.808513851132823902e+01
9.340000000000000524e-01 -5.839210281284437087e+01
9.350000000000000533e-01 -5.869950012611025159e+01
9.360000000000000542e-01 -5.900733030041317306e+01
9.370000000000000551e-01 -5.931559318525745539e+01
9.380000000000000560e-01 -5.962428863036444682e+01
9.390000000000000568e-01 -5.993341648567144375e+01
9.400000000000000577e-01 -6.024297660133169074e+01
9.410000000000000586e-01 -6.055296882771307310e+01
9.420000000000000595e-01 -6.086339301539840108e+01
9.430000000000000604e-01 -6.117424901518421620e+01
9.440000000000000613e-01 -6.148553667808079126e+01
9.450000000000000622e-01 -6.179725585531099341e+01
9.460000000000000631e-01 -6.210940639831028420e+01
9.470000000000000639e-01 -6.242198815872586692e+01
9.480000000000000648e-01 -6.273500098841634554e+01
9.490000000000000657e-01 -6.304844473945098571e+01
9.500000000000000666e-01 -6.336231926410926008e+01
9.510000000000000675e-01 -6.367662441488045033e+01
9.520000000000000684e-01 -6.399136004446307879e+01
9.530000000000000693e-01 -6.430652600576411260e+01
9.540000000000000702e-01 -6.462212215189879316e+01
9.550000000000000711e-01 -6.493814833619001092e+01
9.560000000000000719e-01 -6.525460441216768004e+01
9.570000000000000728e-01 -6.557149023356834050e+01
9.580000000000000737e-01 -6.588880565433447600e+01
9.590000000000000746e-01 -6.620655052861434342e+01
9.599999999999999645e-01 -6.652472471076089278e+01
9.609999999999999654e-01 -6.684332805533199462e+01
9.619999999999999662e-01 -6.716236041708924631e+01
9.629999999999999671e-01 -6.748182165099785834e+01
9.639999999999999680e-01 -6.780171161222608589e+01
9.649999999999999689e-01 -6.812203015614454671e+01
9.659999999999999698e-01 -6.844277713832605059e+01
9.669999999999999707e-01 -6.876395241454474672e+01
9.679999999999999716e-01 -6.908555584077589629e+01
9.689999999999999725e-01 -6.940758727319519039e+01
9.699999999999999734e-01 -6.973004656817840896e+01
9.709999999999999742e-01 -7.005293358230079548e+01
9.719999999999999751e-01 -7.037624817233671592e+01
9.729999999999999760e-01 -7.069999019525891981e+01
9.739999999999999769e-01 -7.102415950823831281e+01
9.749999999999999778e-01 -7.134875596864338831e+01
9.759999999999999787e-01 -7.167377943403982954e+01
9.769999999999999796e-01 -7.199922976218948634e+01
9.779999999999999805e-01 -7.232510681105094363e+01
9.789999999999999813e-01 -7.265141043877798666e+01
9.799999999999999822e-01 -7.297814050371977146e+01
9.809999999999999831e-01 -7.330529686442008597e+01
9.819999999999999840e-01 -7.363287937961689522e+01
9.829999999999999849e-01 -7.396088790824205716e+01
9.839999999999999858e-01 -7.428932230942052684e+01
9.849999999999999867e-01 -7.461818244247024268e+01
9.859999999999999876e-01 -7.494746816690133073e+01
9.869999999999999885e-01 -7.527717934241587727e+01
9.879999999999999893e-01 -7.560731582890741720e+01
9.889999999999999902e-01 -7.593787748646036562e+01
9.899999999999999911e-01 -7.626886417534961993e+01
9.909999999999999920e-01 -7.660027575604016192e+01
9.919999999999999929e-01 -7.693211208918654620e+01
9.929999999999999938e-01 -7.726437303563238856e+01
9.939999999999999947e-01 -7.759705845641002497e+01
9.949999999999999956e-01 -7.793016821273999994e+01
9.959999999999999964e-01 -7.826370216603061181e+01
9.969999999999999973e-01 -7.859766017787745795e+01
9.979999999999999982e-01 -7.893204211006303694e+01
9.989999999999999991e-01 -7.926684782455618006e+01
1.000000000000000000e+00 -7.960207718351176709e+01
