0.000000000000000000e+00 0.000000000000000000e+00
1.000000000000000021e-03 9.707943137175202297e-01
2.000000000000000042e-03 1.665900712428420638e+00
3.000000000000000062e-03 2.277018735623778767e+00
4.000000000000000083e-03 2.835793737863383956e+00
5.000000000000000104e-03 3.356524901134722683e+00
6.000000000000000125e-03 3.847397861159282062e+00
7.000000000000000146e-03 4.313720461269793027e+00
8.000000000000000167e-03 4.759215077717093401e+00
9.000000000000001055e-03 5.186637519225787862e+00
1.000000000000000021e-02 5.598110818284470547e+00
1.099999999999999936e-02 5.995321172879073401e+00
1.200000000000000025e-02 6.379640545257903028e+00
1.300000000000000114e-02 6.752207296752385624e+00
1.400000000000000029e-02 7.113981397010785912e+00
1.499999999999999944e-02 7.465783496340593572e+00
1.600000000000000033e-02 7.808323355355069495e+00
1.700000000000000122e-02 8.142221024688982567e+00
1.800000000000000211e-02 8.468022947571498094e+00
1.899999999999999953e-02 8.786214420877334064e+00
2.000000000000000042e-02 9.097229389249189779e+00
2.100000000000000130e-02 9.401458249791669886e+00
2.199999999999999872e-02 9.699254148286261312e+00
2.299999999999999961e-02 9.990938114777421220e+00
2.400000000000000050e-02 1.027680329435719386e+01
2.500000000000000139e-02 1.055711846415443667e+01
2.600000000000000228e-02 1.083213098109827754e+01
2.699999999999999969e-02 1.110206927124738385e+01
2.800000000000000058e-02 1.136714494656157370e+01
2.900000000000000147e-02 1.162755461637783583e+01
2.999999999999999889e-02 1.188348144678232288e+01
3.099999999999999978e-02 1.213509651031837677e+01
3.200000000000000067e-02 1.238255996017157301e+01
3.300000000000000155e-02 1.262602205650843601e+01
3.400000000000000244e-02 1.286562406756516808e+01
3.500000000000000333e-02 1.310149906405877651e+01
3.600000000000000422e-02 1.333377262228094295e+01
3.699999999999999817e-02 1.356256344865301244e+01
3.799999999999999906e-02 1.378798393643174336e+01
3.899999999999999994e-02 1.401014066355387122e+01
4.000000000000000083e-02 1.422913483921460376e+01
4.100000000000000172e-02 1.444506270562741967e+01
4.200000000000000261e-02 1.465801590046251057e+01
4.300000000000000350e-02 1.486808178467064678e+01
4.399999999999999745e-02 1.507534373973789599e+01
4.499999999999999833e-02 1.527988143786200759e+01
4.599999999999999922e-02 1.548177108807280433e+01
4.700000000000000011e-02 1.568108566092242029e+01
4.800000000000000100e-02 1.587789509403421917e+01
4.900000000000000189e-02 1.607226648051193862e+01
5.000000000000000278e-02 1.626426424196354859e+01
5.100000000000000366e-02 1.645395028768363233e+01
5.200000000000000455e-02 1.664138416135497067e+01
5.299999999999999850e-02 1.682662317647273653e+01
5.399999999999999939e-02 1.700972254155766095e+01
5.500000000000000028e-02 1.719073547610580022e+01
5.600000000000000117e-02 1.736971331811849595e+01
5.700000000000000205e-02 1.754670562396575662e+01
5.800000000000000294e-02 1.772176026125618620e+01
5.900000000000000383e-02 1.789492349531773385e+01
5.999999999999999778e-02 1.806624006983044595e+01
6.099999999999999867e-02 1.823575328209976121e+01
6.199999999999999956e-02 1.840350505340921927e+01
6.300000000000000044e-02 1.856953599484996786e+01
6.400000000000000133e-02 1.873388546898616980e+01
6.500000000000000222e-02 1.889659164768110600e+01
6.600000000000000311e-02 1.905769156637984096e+01
6.700000000000000400e-02 1.921722117511649941e+01
6.800000000000000488e-02 1.937521538649033204e+01
6.900000000000000577e-02 1.953170812083355656e+01
7.000000000000000666e-02 1.968673234877401867e+01
7.100000000000000755e-02 1.984032013137869654e+01
7.200000000000000844e-02 1.999250265804807825e+01
7.299999999999999545e-02 2.014331028231739751e+01
7.399999999999999634e-02 2.029277255570800520e+01
7.499999999999999722e-02 2.044091825975998233e+01
7.599999999999999811e-02 2.058777543636745833e+01
7.699999999999999900e-02 2.073337141652785220e+01
7.799999999999999989e-02 2.087773284760754677e+01
7.900000000000000078e-02 2.102088571921938609e+01
8.000000000000000167e-02 2.116285538779902353e+01
8.100000000000000255e-02 2.130366659996185419e+01
8.200000000000000344e-02 2.144334351471485078e+01
8.300000000000000433e-02 2.158190972459356516e+01
8.400000000000000522e-02 2.171938827578844666e+01
8.500000000000000611e-02 2.185580168732052542e+01
8.600000000000000699e-02 2.199117196932217766e+01
8.700000000000000788e-02 2.212552064047481792e+01
8.799999999999999489e-02 2.225886874465195930e+01
8.899999999999999578e-02 2.239123686681202940e+01
8.999999999999999667e-02 2.252264514818376995e+01
9.099999999999999756e-02 2.265311330078261065e+01
9.199999999999999845e-02 2.278266062129491587e+01
9.299999999999999933e-02 2.291130600436441256e+01
9.400000000000000022e-02 2.303906795531263541e+01
9.500000000000000111e-02 2.316596460232319288e+01
9.600000000000000200e-02 2.329201370811848193e+01
9.700000000000000289e-02 2.341723268115434209e+01
9.800000000000000377e-02 2.354163858635819651e+01
9.900000000000000466e-02 2.366524815543316862e+01
1.000000000000000056e-01 2.378807779675053879e+01
1.010000000000000064e-01 2.391014360485046808e+01
1.020000000000000073e-01 2.403146136957072088e+01
1.030000000000000082e-01 2.415204658482138811e+01
1.040000000000000091e-01 2.427191445702225536e+01
1.049999999999999961e-01 2.439107991321996138e+01
1.059999999999999970e-01 2.450955760889879542e+01
1.069999999999999979e-01 2.462736193550054509e+01
1.079999999999999988e-01 2.474450702766662147e+01
1.089999999999999997e-01 2.486100677021457983e+01
1.100000000000000006e-01 2.497687480486243317e+01
1.110000000000000014e-01 2.509212453671068843e+01
1.120000000000000023e-01 2.520676914049409589e+01
1.130000000000000032e-01 2.532082156661297745e+01
1.140000000000000041e-01 2.543429454695305125e+01
1.150000000000000050e-01 2.554720060050450314e+01
1.160000000000000059e-01 2.565955203878745294e+01
1.170000000000000068e-01 2.577136097109310242e+01
1.180000000000000077e-01 2.588263930954783376e+01
1.190000000000000085e-01 2.599339877400785426e+01
1.199999999999999956e-01 2.610365089679182304e+01
1.209999999999999964e-01 2.621340702725739646e+01
1.219999999999999973e-01 2.632267833622883302e+01
1.229999999999999982e-01 2.643147582028115039e+01
1.239999999999999991e-01 2.653981030588739998e+01
1.250000000000000000e-01 2.664769245343298465e+01
1.260000000000000009e-01 2.675513276110459415e+01
1.270000000000000018e-01 2.686214156865622016e+01
1.280000000000000027e-01 2.696872906105921075e+01
1.290000000000000036e-01 2.707490527203922426e+01
1.300000000000000044e-01 2.718068008750525522e+01
1.310000000000000053e-01 2.728606324887493884e+01
1.320000000000000062e-01 2.739106435629946645e+01
1.330000000000000071e-01 2.749569287179249599e+01
1.340000000000000080e-01 2.759995812226591383e+01
1.350000000000000089e-01 2.770386930247703106e+01
1.360000000000000098e-01 2.780743547788889813e+01
1.370000000000000107e-01 2.791066558744867621e+01
1.380000000000000115e-01 2.801356844628528364e+01
1.390000000000000124e-01 2.811615274833074807e+01
1.400000000000000133e-01 2.821842706886664587e+01
1.410000000000000142e-01 2.832039986699957979e+01
1.420000000000000151e-01 2.842207948806688478e+01
1.430000000000000160e-01 2.852347416597615393e+01
1.440000000000000169e-01 2.862459202547999837e+01
1.449999999999999900e-01 2.872544108438883370e+01
1.459999999999999909e-01 2.882602925572349051e+01
1.469999999999999918e-01 2.892636434980987303e+01
1.479999999999999927e-01 2.902645407631752050e+01
1.489999999999999936e-01 2.912630604624386876e+01
1.499999999999999944e-01 2.922592777384632967e+01
1.509999999999999953e-01 2.932532667852343167e+01
1.519999999999999962e-01 2.942451008664720291e+01
1.529999999999999971e-01 2.952348523334802621e+01
1.539999999999999980e-01 2.962225926425346501e+01
1.549999999999999989e-01 2.972083923718305698e+01
1.559999999999999998e-01 2.981923212379960120e+01
1.570000000000000007e-01 2.991744481121943977e+01
1.580000000000000016e-01 3.001548410358183361e+01
1.590000000000000024e-01 3.011335672357964199e+01
1.600000000000000033e-01 3.021106931395199524e+01
1.610000000000000042e-01 3.030862843894036729e+01
1.620000000000000051e-01 3.040604058570912116e+01
1.630000000000000060e-01 3.050331216573171389e+01
1.640000000000000069e-01 3.060044951614293041e+01
1.650000000000000078e-01 3.069745890105952668e+01
1.660000000000000087e-01 3.079434651286871372e+01
1.670000000000000095e-01 3.089111847348682005e+01
1.680000000000000104e-01 3.098778083558757146e+01
1.690000000000000113e-01 3.108433958380224738e+01
1.700000000000000122e-01 3.118080063589184192e+01
1.710000000000000131e-01 3.127716984389200405e+01
1.720000000000000140e-01 3.137345299523160946e+01
1.730000000000000149e-01 3.146965581382600874e+01
1.740000000000000158e-01 3.156578396114556284e+01
1.750000000000000167e-01 3.166184303725952276e+01
1.759999999999999898e-01 3.175783858185715047e+01
1.769999999999999907e-01 3.185377607524567622e+01
1.779999999999999916e-01 3.194966093932628581e+01
1.789999999999999925e-01 3.204549853854820185e+01
1.799999999999999933e-01 3.214129418084253587e+01
1.809999999999999942e-01 3.223705311853532862e+01
1.819999999999999951e-01 3.233278054924072364e+01
1.829999999999999960e-01 3.242848161673518348e+01
1.839999999999999969e-01 3.252416141181258524e+01
1.849999999999999978e-01 3.261982497312165208e+01
1.859999999999999987e-01 3.271547728798502419e+01
1.869999999999999996e-01 3.281112329320144738e+01
1.880000000000000004e-01 3.290676787583083751e+01
1.890000000000000013e-01 3.300241587396338616e+01
1.900000000000000022e-01 3.309807207747225277e+01
1.910000000000000031e-01 3.319374122875095168e+01
1.920000000000000040e-01 3.328942802343567564e+01
1.930000000000000049e-01 3.338513711111261273e+01
1.940000000000000058e-01 3.348087309601127970e+01
1.950000000000000067e-01 3.357664053768316137e+01
1.960000000000000075e-01 3.367244395166788706e+01
1.970000000000000084e-01 3.376828781014448566e+01
1.980000000000000093e-01 3.386417654257121512e+01
1.990000000000000102e-01 3.396011453631172117e+01
2.000000000000000111e-01 3.405610613724937252e+01
2.010000000000000120e-01 3.415215565038926115e+01
2.020000000000000129e-01 3.424826734044859222e+01
2.030000000000000138e-01 3.434444543243583325e+01
2.040000000000000147e-01 3.444069411221816779e+01
2.050000000000000155e-01 3.453701752707850403e+01
2.060000000000000164e-01 3.463341978626181117e+01
2.070000000000000173e-01 3.472990496151068385e+01
2.080000000000000182e-01 3.482647708759124328e+01
2.089999999999999913e-01 3.492314016280883493e+01
2.099999999999999922e-01 3.501989814951417657e+01
2.109999999999999931e-01 3.511675497459988549e+01
2.119999999999999940e-01 3.521371452998849350e+01
2.129999999999999949e-01 3.531078067310994584e+01
2.139999999999999958e-01 3.540795722737234996e+01
2.149999999999999967e-01 3.550524798262213722e+01
2.159999999999999976e-01 3.560265669559733226e+01
2.169999999999999984e-01 3.570018709037168492e+01
2.179999999999999993e-01 3.579784285879136974e+01
2.190000000000000002e-01 3.589562766090338641e+01
2.200000000000000011e-01 3.599354512537675532e+01
2.210000000000000020e-01 3.609159884991544232e+01
2.220000000000000029e-01 3.618979240166530076e+01
2.230000000000000038e-01 3.628812931761243021e+01
2.240000000000000047e-01 3.638661310497538182e+01
2.250000000000000056e-01 3.648524724159045718e+01
2.260000000000000064e-01 3.658403517628951818e+01
2.270000000000000073e-01 3.668298032927262398e+01
2.280000000000000082e-01 3.678208609247323579e+01
2.290000000000000091e-01 3.688135582991711203e+01
2.300000000000000100e-01 3.698079287807580329e+01
2.310000000000000109e-01 3.708040054621338300e+01
2.320000000000000118e-01 3.718018211672782058e+01
2.330000000000000127e-01 3.728014084548634344e+01
2.340000000000000135e-01 3.738027996215551241e+01
2.350000000000000144e-01 3.748060267052470351e+01
2.360000000000000153e-01 3.758111214882575268e+01
2.370000000000000162e-01 3.768181155004693039e+01
2.380000000000000171e-01 3.778270400223966874e+01
2.390000000000000180e-01 3.788379260882393851e+01
2.399999999999999911e-01 3.798508044888535551e+01
2.409999999999999920e-01 3.808657057746924579e+01
2.419999999999999929e-01 3.818826602586914021e+01
2.429999999999999938e-01 3.829016980191099151e+01
2.439999999999999947e-01 3.839228489023302870e+01
2.449999999999999956e-01 3.849461425256028235e+01
2.459999999999999964e-01 3.859716082797555714e+01
2.469999999999999973e-01 3.869992753318575751e+01
2.479999999999999982e-01 3.880291726278423425e+01
2.489999999999999991e-01 3.890613288950825677e+01
2.500000000000000000e-01 3.900957726449362895e+01
2.510000000000000009e-01 3.911325321752420336e+01
2.520000000000000018e-01 3.921716355727849646e+01
2.530000000000000027e-01 3.932131107157141514e+01
2.540000000000000036e-01 3.942569852759316973e+01
2.550000000000000044e-01 3.953032867214406565e+01
2.560000000000000053e-01 3.963520423186585617e+01
2.570000000000000062e-01 3.974032791346959925e+01
2.580000000000000071e-01 3.984570240395930796e+01
2.590000000000000080e-01 3.995133037085375349e+01
2.600000000000000089e-01 4.005721446240343653e+01
2.610000000000000098e-01 4.016335730780528479e+01
2.620000000000000107e-01 4.026976151741311583e+01
2.630000000000000115e-01 4.037642968294630919e+01
2.640000000000000124e-01 4.048336437769418694e+01
2.650000000000000133e-01 4.059056815671823415e+01
2.660000000000000142e-01 4.069804355705025500e+01
2.670000000000000151e-01 4.080579309788910791e+01
2.680000000000000160e-01 4.091381928079331942e+01
2.690000000000000169e-01 4.102212458987139598e+01
2.700000000000000178e-01 4.113071149196943566e+01
2.710000000000000187e-01 4.123958243685558500e+01
2.720000000000000195e-01 4.134873985740273383e+01
2.730000000000000204e-01 4.145818616976762883e+01
2.740000000000000213e-01 4.156792377356762813e+01
2.750000000000000222e-01 4.167795505205552331e+01
2.760000000000000231e-01 4.178828237229123488e+01
2.770000000000000240e-01 4.189890808531151833e+01
2.780000000000000249e-01 4.200983452629691328e+01
2.790000000000000258e-01 4.212106401473658934e+01
2.800000000000000266e-01 4.223259885459069096e+01
2.810000000000000275e-01 4.234444133445069269e+01
2.820000000000000284e-01 4.245659372769736706e+01
2.830000000000000293e-01 4.256905829265662078e+01
2.840000000000000302e-01 4.268183727275297201e+01
2.850000000000000311e-01 4.279493289666120859e+01
2.860000000000000320e-01 4.290834737845574409e+01
2.870000000000000329e-01 4.302208291775812654e+01
2.880000000000000338e-01 4.313614169988267122e+01
2.889999999999999791e-01 4.325052589597916608e+01
2.899999999999999800e-01 4.336523766317549189e+01
2.909999999999999809e-01 4.348027914471617805e+01
2.919999999999999818e-01 4.359565247010104372e+01
2.929999999999999827e-01 4.371135975522003037e+01
2.939999999999999836e-01 4.382740310248834703e+01
2.949999999999999845e-01 4.394378460097811967e+01
2.959999999999999853e-01 4.406050632654955734e+01
2.969999999999999862e-01 4.417757034197882149e+01
2.979999999999999871e-01 4.429497869708595204e+01
2.989999999999999880e-01 4.441273342886032083e+01
2.999999999999999889e-01 4.453083656158418080e+01
3.009999999999999898e-01 4.464929010695496459e+01
3.019999999999999907e-01 4.476809606420587784e+01
3.029999999999999916e-01 4.488725642022541251e+01
3.039999999999999925e-01 4.500677314967438747e+01
3.049999999999999933e-01 4.512664821510239221e+01
3.059999999999999942e-01 4.524688356706175796e+01
3.069999999999999951e-01 4.536748114422158551e+01
3.079999999999999960e-01 4.548844287347867521e+01
3.089999999999999969e-01 4.560977067006814423e+01
3.099999999999999978e-01 4.573146643767208275e+01
3.109999999999999987e-01 4.585353206852718699e+01
3.119999999999999996e-01 4.597596944353088588e+01
3.130000000000000004e-01 4.609878043234621714e+01
3.140000000000000013e-01 4.622196689350528231e+01
3.150000000000000022e-01 4.634553067451156494e+01
3.160000000000000031e-01 4.646947361194065707e+01
3.170000000000000040e-01 4.659379753154050263e+01
3.180000000000000049e-01 4.671850424832925341e+01
3.190000000000000058e-01 4.684359556669278390e+01
3.200000000000000067e-01 4.696907328048126828e+01
3.210000000000000075e-01 4.709493917310356892e+01
3.220000000000000084e-01 4.722119501762128380e+01
3.230000000000000093e-01 4.734784257684077602e+01
3.240000000000000102e-01 4.747488360340585700e+01
3.250000000000000111e-01 4.760231983988745696e+01
3.260000000000000120e-01 4.773015301887301121e+01
3.270000000000000129e-01 4.785838486305468109e+01
3.280000000000000138e-01 4.798701708531686450e+01
3.290000000000000147e-01 4.811605138882211463e+01
3.300000000000000155e-01 4.824548946709683150e+01
3.310000000000000164e-01 4.837533300411428172e+01
3.320000000000000173e-01 4.850558367437949414e+01
3.330000000000000182e-01 4.863624314300966489e+01
3.340000000000000191e-01 4.876731306581666558e+01
3.350000000000000200e-01 4.889879508938673780e+01
3.360000000000000209e-01 4.903069085115996018e+01
3.370000000000000218e-01 4.916300197950849338e+01
3.380000000000000226e-01 4.929573009381510929e+01
3.390000000000000235e-01 4.942887680454822430e+01
3.400000000000000244e-01 4.956244371333872323e+01
3.410000000000000253e-01 4.969643241305485049e+01
3.420000000000000262e-01 4.983084448787570864e+01
3.430000000000000271e-01 4.996568151336504116e+01
3.440000000000000280e-01 5.010094505654285513e+01
3.450000000000000289e-01 5.023663667595769766e+01
3.460000000000000298e-01 5.037275792175711331e+01
3.470000000000000306e-01 5.050931033575747620e+01
3.480000000000000315e-01 5.064629545151316847e+01
3.490000000000000324e-01 5.078371479438496294e+01
3.500000000000000333e-01 5.092156988160780884e+01
3.510000000000000342e-01 5.105986222235765126e+01
3.519999999999999796e-01 5.119859331781731271e+01
3.529999999999999805e-01 5.133776466124214721e+01
3.539999999999999813e-01 5.147737773802424499e+01
3.549999999999999822e-01 5.161743402575746131e+01
3.559999999999999831e-01 5.175793499429931899e+01
3.569999999999999840e-01 5.189888210583478667e+01
3.579999999999999849e-01 5.204027681493687396e+01
3.589999999999999858e-01 5.218212056862938653e+01
3.599999999999999867e-01 5.232441480644610010e+01
3.609999999999999876e-01 5.246716096049141242e+01
3.619999999999999885e-01 5.261036045549923301e+01
3.629999999999999893e-01 5.275401470889215716e+01
3.639999999999999902e-01 5.289812513083825252e+01
3.649999999999999911e-01 5.304269312431028993e+01
3.659999999999999920e-01 5.318772008514048366e+01
3.669999999999999929e-01 5.333320740207796007e+01
3.679999999999999938e-01 5.347915645684400943e+01
3.689999999999999947e-01 5.362556862418676928e+01
3.699999999999999956e-01 5.377244527193585100e+01
3.709999999999999964e-01 5.391978776105605675e+01
3.719999999999999973e-01 5.406759744570086923e+01
3.729999999999999982e-01 5.421587567326469070e+01
3.739999999999999991e-01 5.436462378443565058e+01
3.750000000000000000e-01 5.451384311324630971e+01
3.760000000000000009e-01 5.466353498712538794e+01
3.770000000000000018e-01 5.481370072694841156e+01
3.780000000000000027e-01 5.496434164708711023e+01
3.790000000000000036e-01 5.511545905545926871e+01
3.800000000000000044e-01 5.526705425357795320e+01
3.810000000000000053e-01 5.541912853659954408e+01
3.820000000000000062e-01 5.557168319337199591e+01
3.830000000000000071e-01 5.572471950648247230e+01
3.840000000000000080e-01 5.587823875230401427e+01
3.850000000000000089e-01 5.603224220104220876e+01
3.860000000000000098e-01 5.618673111678128862e+01
3.870000000000000107e-01 5.634170675753011892e+01
3.880000000000000115e-01 5.649717037526676222e+01
3.890000000000000124e-01 5.665312321598355538e+01
3.900000000000000133e-01 5.680956651973093585e+01
3.910000000000000142e-01 5.696650152066223427e+01
3.920000000000000151e-01 5.712392944707562492e+01
3.930000000000000160e-01 5.728185152145863412e+01
3.940000000000000169e-01 5.744026896052889697e+01
3.950000000000000178e-01 5.759918297527809727e+01
3.960000000000000187e-01 5.775859477101266748e+01
3.970000000000000195e-01 5.791850554739488643e+01
3.980000000000000204e-01 5.807891649848426141e+01
3.990000000000000213e-01 5.823982881277760271e+01
4.000000000000000222e-01 5.840124367324978039e+01
4.010000000000000231e-01 5.856316225739260517e+01
4.020000000000000240e-01 5.872558573725450515e+01
4.030000000000000249e-01 5.888851527947963405e+01
4.040000000000000258e-01 5.905195204534618370e+01
4.050000000000000266e-01 5.921589719080429859e+01
4.060000000000000275e-01 5.938035186651467257e+01
4.070000000000000284e-01 5.954531721788549703e+01
4.080000000000000293e-01 5.971079438510912496e+01
4.090000000000000302e-01 5.987678450319987178e+01
4.100000000000000311e-01 6.004328870202937196e+01
4.110000000000000320e-01 6.021030810636352726e+01
4.120000000000000329e-01 6.037784383589740855e+01
4.130000000000000338e-01 6.054589700529123775e+01
4.140000000000000346e-01 6.071446872420477803e+01
4.150000000000000355e-01 6.088356009733291785e+01
4.160000000000000364e-01 6.105317222443949277e+01
4.169999999999999818e-01 6.122330620039127780e+01
4.179999999999999827e-01 6.139396311519197980e+01
4.189999999999999836e-01 6.156514405401566137e+01
4.199999999999999845e-01 6.173685009723936901e+01
4.209999999999999853e-01 6.190908232047712545e+01
4.219999999999999862e-01 6.208184179461102303e+01
4.229999999999999871e-01 6.225512958582436340e+01
4.239999999999999880e-01 6.242894675563326246e+01
4.249999999999999889e-01 6.260329436091848265e+01
4.259999999999999898e-01 6.277817345395646953e+01
4.269999999999999907e-01 6.295358508245044504e+01
4.279999999999999916e-01 6.312953028956144408e+01
4.289999999999999925e-01 6.330601011393855515e+01
4.299999999999999933e-01 6.348302558974916110e+01
4.309999999999999942e-01 6.366057774670923664e+01
4.319999999999999951e-01 6.383866761011228164e+01
4.329999999999999960e-01 6.401729620085933448e+01
4.339999999999999969e-01 6.419646453548807585e+01
4.349999999999999978e-01 6.437617362620136419e+01
4.359999999999999987e-01 6.455642448089622576e+01
4.369999999999999996e-01 6.473721810319199221e+01
4.380000000000000004e-01 6.491855549245804013e+01
4.390000000000000013e-01 6.510043764384289489e+01
4.400000000000000022e-01 6.528286554830049226e+01
4.410000000000000031e-01 6.546584019261808862e+01
4.420000000000000040e-01 6.564936255944394361e+01
4.430000000000000049e-01 6.583343362731295656e+01
4.440000000000000058e-01 6.601805437067451976e+01
4.450000000000000067e-01 6.620322575991821168e+01
4.460000000000000075e-01 6.638894876140051338e+01
4.470000000000000084e-01 6.657522433747044488e+01
4.480000000000000093e-01 6.676205344649503104e+01
4.490000000000000102e-01 6.694943704288562003e+01
4.500000000000000111e-01 6.713737607712278077e+01
4.510000000000000120e-01 6.732587149578063190e+01
4.520000000000000129e-01 6.751492424155304661e+01
4.530000000000000138e-01 6.770453525327803845e+01
4.540000000000000147e-01 6.789470546596010081e+01
4.550000000000000155e-01 6.808543581079840123e+01
4.560000000000000164e-01 6.827672721520684718e+01
4.570000000000000173e-01 6.846858060284057501e+01
4.580000000000000182e-01 6.866099689361817582e+01
4.590000000000000191e-01 6.885397700374539909e+01
4.600000000000000200e-01 6.904752184573931117e+01
4.610000000000000209e-01 6.924163232844938420e+01
4.620000000000000218e-01 6.943630935708222296e+01
4.630000000000000226e-01 6.963155383322339276e+01
4.640000000000000235e-01 6.982736665485987260e+01
4.650000000000000244e-01 7.002374871640211040e+01
4.660000000000000253e-01 7.022070090870647618e+01
4.670000000000000262e-01 7.041822411909697621e+01
4.680000000000000271e-01 7.061631923138702405e+01
4.690000000000000280e-01 7.081498712590109790e+01
4.700000000000000289e-01 7.101422867949600004e+01
4.710000000000000298e-01 7.121404476558143415e+01
4.720000000000000306e-01 7.141443625414183316e+01
4.730000000000000315e-01 7.161540401175744819e+01
4.740000000000000324e-01 7.181694890162305001e+01
4.750000000000000333e-01 7.201907178357134853e+01
4.760000000000000342e-01 7.222177351409095536e+01
4.770000000000000351e-01 7.242505494634718843e+01
4.780000000000000360e-01 7.262891693020304729e+01
4.790000000000000369e-01 7.283336031223711871e+01
4.799999999999999822e-01 7.303838593576523408e+01
4.809999999999999831e-01 7.324399464085848876e+01
4.819999999999999840e-01 7.345018726436364886e+01
4.829999999999999849e-01 7.365696463992162535e+01
4.839999999999999858e-01 7.386432759798663028e+01
4.849999999999999867e-01 7.407227696584567411e+01
4.859999999999999876e-01 7.428081356763618714e+01
4.869999999999999885e-01 7.448993822436602841e+01
4.879999999999999893e-01 7.469965175393019763e+01
4.889999999999999902e-01 7.490995497113067358e+01
4.899999999999999911e-01 7.512084868769420609e+01
4.909999999999999920e-01 7.533233371228948272e+01
4.919999999999999929e-01 7.554441085054554605e+01
4.929999999999999938e-01 7.575708090507026782e+01
4.939999999999999947e-01 7.597034467546620817e+01
4.949999999999999956e-01 7.618420295835028355e+01
4.959999999999999964e-01 7.639865654736860279e+01
4.969999999999999973e-01 7.661370623321545281e+01
4.979999999999999982e-01 7.682935280365006747e+01
4.989999999999999991e-01 7.704559704351254368e+01
5.000000000000000000e-01 7.726243973474186078e+01
5.010000000000000009e-01 7.747988165639179670e+01
5.020000000000000018e-01 7.769792358464735571e+01
5.030000000000000027e-01 7.791656629284176461e+01
5.040000000000000036e-01 7.813581055147170673e+01
5.050000000000000044e-01 7.835565712821500028e+01
5.060000000000000053e-01 7.857610678794537762e+01
5.070000000000000062e-01 7.879716029274845823e+01
5.080000000000000071e-01 7.901881840193811968e+01
5.090000000000000080e-01 7.924108187207156107e+01
5.100000000000000089e-01 7.946395145696499185e+01
5.110000000000000098e-01 7.968742790770932061e+01
5.120000000000000107e-01 7.991151197268550277e+01
5.130000000000000115e-01 8.013620439757892200e+01
5.140000000000000124e-01 8.036150592539524951e+01
5.150000000000000133e-01 8.058741729647499596e+01
5.160000000000000142e-01 8.081393924850840449e+01
5.170000000000000151e-01 8.104107251655079835e+01
5.180000000000000160e-01 8.126881783303610973e+01
5.190000000000000169e-01 8.149717592779200004e+01
5.200000000000000178e-01 8.172614752805418448e+01
5.210000000000000187e-01 8.195573335848041552e+01
5.220000000000000195e-01 8.218593414116605800e+01
5.230000000000000204e-01 8.241675059565523043e+01
5.240000000000000213e-01 8.264818343895888120e+01
5.250000000000000222e-01 8.288023338556411090e+01
5.260000000000000231e-01 8.311290114745145274e+01
5.270000000000000240e-01 8.334618743410737807e+01
5.280000000000000249e-01 8.358009295253714299e+01
5.290000000000000258e-01 8.381461840727968138e+01
5.300000000000000266e-01 8.404976450041931457e+01
5.310000000000000275e-01 8.428553193160018964e+01
5.320000000000000284e-01 8.452192139803946702e+01
5.330000000000000293e-01 8.475893359453959874e+01
5.340000000000000302e-01 8.499656921350242555e+01
5.350000000000000311e-01 8.523482894494065931e+01
5.360000000000000320e-01 8.547371347649152540e+01
5.370000000000000329e-01 8.571322349342995039e+01
5.380000000000000338e-01 8.595335967868027183e+01
5.390000000000000346e-01 8.619412271282897109e+01
5.400000000000000355e-01 8.643551327413695162e+01
5.410000000000000364e-01 8.667753203855261290e+01
5.420000000000000373e-01 8.692017967972378756e+01
5.430000000000000382e-01 8.716345686900888268e+01
5.440000000000000391e-01 8.740736427549052223e+01
5.450000000000000400e-01 8.765190256598657470e+01
5.460000000000000409e-01 8.789707240506209018e+01
5.470000000000000417e-01 8.814287445504203333e+01
5.480000000000000426e-01 8.838930937602151516e+01
5.490000000000000435e-01 8.863637782587818492e+01
5.500000000000000444e-01 8.888408046028496301e+01
5.510000000000000453e-01 8.913241793271936331e+01
5.520000000000000462e-01 8.938139089447611241e+01
5.530000000000000471e-01 8.963099999467863199e+01
5.540000000000000480e-01 8.988124588028972539e+01
5.550000000000000488e-01 9.013212919612340102e+01
5.560000000000000497e-01 9.038365058485521786e+01
5.570000000000000506e-01 9.063581068703376786e+01
5.580000000000000515e-01 9.088861014109147618e+01
5.590000000000000524e-01 9.114204958335540141e+01
5.600000000000000533e-01 9.139612964805780848e+01
5.610000000000000542e-01 9.165085096734867420e+01
5.620000000000000551e-01 9.190621417130250848e+01
5.630000000000000560e-01 9.216221988793313358e+01
5.640000000000000568e-01 9.241886874320186962e+01
5.650000000000000577e-01 9.267616136102697055e+01
5.660000000000000586e-01 9.293409836329783502e+01
5.670000000000000595e-01 9.319268036988034964e+01
5.680000000000000604e-01 9.345190799863132725e+01
5.690000000000000613e-01 9.371178186540623756e+01
5.700000000000000622e-01 9.397230258406978010e+01
5.710000000000000631e-01 9.423347076650622967e+01
5.720000000000000639e-01 9.449528702262932711e+01
5.730000000000000648e-01 9.475775196039160164e+01
5.740000000000000657e-01 9.502086618579460264e+01
5.750000000000000666e-01 9.528463030289879043e+01
5.760000000000000675e-01 9.554904491383331333e+01
5.769999999999999574e-01 9.581411061880442048e+01
5.779999999999999583e-01 9.607982801610660317e+01
5.789999999999999591e-01 9.634619770213112133e+01
5.799999999999999600e-01 9.661322027137543955e+01
5.809999999999999609e-01 9.688089631645277677e+01
5.819999999999999618e-01 9.714922642810165598e+01
5.829999999999999627e-01 9.741821119519488548e+01
5.839999999999999636e-01 9.768785120474831274e+01
5.849999999999999645e-01 9.795814704193082889e+01
5.859999999999999654e-01 9.822909929007164465e+01
5.869999999999999662e-01 9.850070853067245480e+01
5.879999999999999671e-01 9.877297534341266783e+01
5.889999999999999680e-01 9.904590030616066088e+01
5.899999999999999689e-01 9.931948399498276103e+01
5.909999999999999698e-01 9.959372698414938441e+01
5.919999999999999707e-01 9.986862984614674588e+01
5.929999999999999716e-01 1.001441931516843624e+02
5.939999999999999725e-01 1.004204174697031249e+02
5.949999999999999734e-01 1.006973033673839382e+02
5.959999999999999742e-01 1.009748514101565888e+02
5.969999999999999751e-01 1.012530621617088400e+02
5.979999999999999760e-01 1.015319361839927979e+02
5.989999999999999769e-01 1.018114740372351434e+02
5.999999999999999778e-01 1.020916762799442949e+02
6.009999999999999787e-01 1.023725434689193889e+02
6.019999999999999796e-01 1.026540761592571016e+02
6.029999999999999805e-01 1.029362749043614258e+02
6.039999999999999813e-01 1.032191402559508333e+02
6.049999999999999822e-01 1.035026727640660056e+02
6.059999999999999831e-01 1.037868729770774507e+02
6.069999999999999840e-01 1.040717414416956217e+02
6.079999999999999849e-01 1.043572787029758047e+02
6.089999999999999858e-01 1.046434853043275552e+02
6.099999999999999867e-01 1.049303617875225427e+02
6.109999999999999876e-01 1.052179086927012577e+02
6.119999999999999885e-01 1.055061265583815384e+02
6.129999999999999893e-01 1.057950159214655059e+02
6.139999999999999902e-01 1.060845773172482041e+02
6.149999999999999911e-01 1.063748112794231702e+02
6.159999999999999920e-01 1.066657183400918711e+02
6.169999999999999929e-01 1.069572990297699562e+02
6.179999999999999938e-01 1.072495538773949875e+02
6.189999999999999947e-01 1.075424834103330340e+02
6.199999999999999956e-01 1.078360881543882215e+02
6.209999999999999964e-01 1.081303686338061425e+02
6.219999999999999973e-01 1.084253253712847709e+02
6.229999999999999982e-01 1.087209588879792364e+02
6.239999999999999991e-01 1.090172697035102374e+02
6.250000000000000000e-01 1.093142583359694981e+02
6.260000000000000009e-01 1.096119253019289772e+02
6.270000000000000018e-01 1.099102711164454149e+02
6.280000000000000027e-01 1.102092962930696558e+02
6.290000000000000036e-01 1.105090013438509686e+02
6.300000000000000044e-01 1.108093867793468235e+02
6.310000000000000053e-01 1.111104531086263023e+02
6.320000000000000062e-01 1.114122008392794214e+02
6.330000000000000071e-01 1.117146304774237251e+02
6.340000000000000080e-01 1.120177425277084922e+02
6.350000000000000089e-01 1.123215374933239445e+02
6.360000000000000098e-01 1.126260158760079548e+02
6.370000000000000107e-01 1.129311781760495705e+02
6.380000000000000115e-01 1.132370248922992459e+02
6.390000000000000124e-01 1.135435565221724801e+02
6.400000000000000133e-01 1.138507735616573200e+02
6.410000000000000142e-01 1.141586765053218642e+02
6.420000000000000151e-01 1.144672658463183552e+02
6.430000000000000160e-01 1.147765420763907969e+02
6.440000000000000169e-01 1.150865056858814341e+02
6.450000000000000178e-01 1.153971571637357556e+02
6.460000000000000187e-01 1.157084969975109061e+02
6.470000000000000195e-01 1.160205256733789838e+02
6.480000000000000204e-01 1.163332436761352255e+02
6.490000000000000213e-01 1.166466514892035775e+02
6.500000000000000222e-01 1.169607495946423796e+02
6.510000000000000231e-01 1.172755384731507320e+02
6.520000000000000240e-01 1.175910186040746339e+02
6.530000000000000249e-01 1.179071904654115315e+02
6.540000000000000258e-01 1.182240545338189577e+02
6.550000000000000266e-01 1.185416112846174883e+02
6.560000000000000275e-01 1.188598611917982453e+02
6.570000000000000284e-01 1.191788047280284673e+02
6.580000000000000293e-01 1.194984423646569667e+02
6.590000000000000302e-01 1.198187745717199277e+02
6.600000000000000311e-01 1.201398018179464771e+02
6.610000000000000320e-01 1.204615245707650502e+02
6.620000000000000329e-01 1.207839432963083937e+02
6.630000000000000338e-01 1.211070584594185675e+02
6.640000000000000346e-01 1.214308705236539936e+02
6.650000000000000355e-01 1.217553799512942305e+02
6.660000000000000364e-01 1.220805872033448622e+02
6.670000000000000373e-01 1.224064927395437508e+02
6.680000000000000382e-01 1.227330970183667205e+02
6.690000000000000391e-01 1.230604004970317646e+02
6.700000000000000400e-01 1.233884036315056392e+02
6.710000000000000409e-01 1.237171068765084101e+02
6.720000000000000417e-01 1.240465106855198201e+02
6.730000000000000426e-01 1.243766155107828126e+02
6.740000000000000435e-01 1.247074218033105808e+02
6.750000000000000444e-01 1.250389300128903187e+02
6.760000000000000453e-01 1.253711405880902703e+02
6.770000000000000462e-01 1.257040539762616618e+02
6.780000000000000471e-01 1.260376706235481379e+02
6.790000000000000480e-01 1.263719909748866712e+02
6.800000000000000488e-01 1.267070154740163161e+02
6.810000000000000497e-01 1.270427445634804826e+02
6.820000000000000506e-01 1.273791786846326204e+02
6.830000000000000515e-01 1.277163182776424719e+02
6.840000000000000524e-01 1.280541637815000513e+02
6.850000000000000533e-01 1.283927156340191686e+02
6.860000000000000542e-01 1.287319742718462976e+02
6.870000000000000551e-01 1.290719401304605753e+02
6.880000000000000560e-01 1.294126136441824428e+02
6.890000000000000568e-01 1.297539952461764869e+02
6.900000000000000577e-01 1.300960853684566700e+02
6.910000000000000586e-01 1.304388844418920144e+02
6.920000000000000595e-01 1.307823928962093305e+02
6.930000000000000604e-01 1.311266111600003796e+02
6.940000000000000613e-01 1.314715396607243747e+02
6.950000000000000622e-01 1.318171788247141194e+02
6.960000000000000631e-01 1.321635290771795326e+02
6.970000000000000639e-01 1.325105908422139009e+02
6.980000000000000648e-01 1.328583645427959254e+02
6.990000000000000657e-01 1.332068506007975657e+02
7.000000000000000666e-01 1.335560494369840399e+02
7.010000000000000675e-01 1.339059614710242840e+02
7.020000000000000684e-01 1.342565871214901563e+02
7.030000000000000693e-01 1.346079268058626894e+02
7.039999999999999591e-01 1.349599809405386850e+02
7.049999999999999600e-01 1.353127499408308267e+02
7.059999999999999609e-01 1.356662342209765484e+02
7.069999999999999618e-01 1.360204341941381472e+02
7.079999999999999627e-01 1.363753502724117652e+02
7.089999999999999636e-01 1.367309828668272758e+02
7.099999999999999645e-01 1.370873323873544223e+02
7.109999999999999654e-01 1.374443992429087302e+02
7.119999999999999662e-01 1.378021838413526439e+02
7.129999999999999671e-01 1.381606865895022338e+02
7.139999999999999680e-01 1.385199078931299255e+02
7.149999999999999689e-01 1.388798481569697287e+02
7.159999999999999698e-01 1.392405077847197390e+02
7.169999999999999707e-01 1.396018871790480489e+02
7.179999999999999716e-01 1.399639867415968411e+02
7.189999999999999725e-01 1.403268068729844344e+02
7.199999999999999734e-01 1.406903479728118782e+02
7.209999999999999742e-01 1.410546104396655664e+02
7.219999999999999751e-01 1.414195946711212173e+02
7.229999999999999760e-01 1.417853010637477382e+02
7.239999999999999769e-01 1.421517300131124557e+02
7.249999999999999778e-01 1.425188819137849805e+02
7.259999999999999787e-01 1.428867571593380035e+02
7.269999999999999796e-01 1.432553561423555948e+02
7.279999999999999805e-01 1.436246792544351365e+02
7.289999999999999813e-01 1.439947268861897101e+02
7.299999999999999822e-01 1.443654994272549175e+02
7.309999999999999831e-01 1.447369972662902455e+02
7.319999999999999840e-01 1.451092207909846366e+02
7.329999999999999849e-01 1.454821703880586483e+02
7.339999999999999858e-01 1.458558464432699111e+02
7.349999999999999867e-01 1.462302493414157425e+02
7.359999999999999876e-01 1.466053794663362169e+02
7.369999999999999885e-01 1.469812372009201908e+02
7.379999999999999893e-01 1.473578229271065538e+02
7.389999999999999902e-01 1.477351370258902534e+02
7.399999999999999911e-01 1.481131798773232049e+02
7.409999999999999920e-01 1.484919518605200892e+02
7.419999999999999929e-01 1.488714533536616500e+02
7.429999999999999938e-01 1.492516847339970809e+02
7.439999999999999947e-01 1.496326463778489142e+02
7.449999999999999956e-01 1.500143386606162039e+02
7.459999999999999964e-01 1.503967619567775955e+02
7.469999999999999973e-01 1.507799166398956459e+02
7.479999999999999982e-01 1.511638030826185286e+02
7.489999999999999991e-01 1.515484216566875375e+02
7.500000000000000000e-01 1.519337727329357222e+02
7.510000000000000009e-01 1.523198566812941408e+02
7.520000000000000018e-01 1.527066738707937930e+02
7.530000000000000027e-01 1.530942246695718723e+02
7.540000000000000036e-01 1.534825094448716527e+02
7.550000000000000044e-01 1.538715285630473772e+02
7.560000000000000053e-01 1.542612823895685779e+02
7.570000000000000062e-01 1.546517712890224630e+02
7.580000000000000071e-01 1.550429956251152817e+02
7.590000000000000080e-01 1.554349557606808503e+02
7.600000000000000089e-01 1.558276520576780513e+02
7.610000000000000098e-01 1.562210848771978817e+02
7.620000000000000107e-01 1.566152545794650450e+02
7.630000000000000115e-01 1.570101615238418162e+02
7.640000000000000124e-01 1.574058060688312253e+02
7.650000000000000133e-01 1.578021885720804676e+02
7.660000000000000142e-01 1.581993093903827230e+02
7.670000000000000151e-01 1.585971688796823855e+02
7.680000000000000160e-01 1.589957673950768822e+02
7.690000000000000169e-01 1.593951052908207657e+02
7.700000000000000178e-01 1.597951829203270790e+02
7.710000000000000187e-01 1.601960006361728119e+02
7.720000000000000195e-01 1.605975587900998107e+02
7.730000000000000204e-01 1.609998577330202352e+02
7.740000000000000213e-01 1.614028978150165585e+02
7.750000000000000222e-01 1.618066793853479339e+02
7.760000000000000231e-01 1.622112027924515587e+02
7.770000000000000240e-01 1.626164683839440386e+02
7.780000000000000249e-01 1.630224765066284363e+02
7.790000000000000258e-01 1.634292275064933619e+02
7.800000000000000266e-01 1.638367217287179756e+02
7.810000000000000275e-01 1.642449595176753974e+02
7.820000000000000284e-01 1.646539412169333900e+02
7.830000000000000293e-01 1.650636671692598156e+02
7.840000000000000302e-01 1.654741377166235452e+02
7.850000000000000311e-01 1.658853532001994608e+02
7.860000000000000320e-01 1.662973139603689106e+02
7.870000000000000329e-01 1.667100203367247104e+02
7.880000000000000338e-01 1.671234726680722815e+02
7.890000000000000346e-01 1.675376712924341973e+02
7.900000000000000355e-01 1.679526165470520027e+02
7.910000000000000364e-01 1.683683087683880331e+02
7.920000000000000373e-01 1.687847482921317805e+02
7.930000000000000382e-01 1.692019354531976205e+02
7.940000000000000391e-01 1.696198705857323148e+02
7.950000000000000400e-01 1.700385540231143295e+02
7.960000000000000409e-01 1.704579860979581554e+02
7.970000000000000417e-01 1.708781671421186275e+02
7.980000000000000426e-01 1.712990974866888791e+02
7.990000000000000435e-01 1.717207774620092096e+02
8.000000000000000444e-01 1.721432073976636730e+02
8.010000000000000453e-01 1.725663876224887190e+02
8.020000000000000462e-01 1.729903184645706915e+02
8.030000000000000471e-01 1.734150002512510582e+02
8.040000000000000480e-01 1.738404333091293665e+02
8.050000000000000488e-01 1.742666179640652899e+02
8.060000000000000497e-01 1.746935545411795374e+02
8.070000000000000506e-01 1.751212433648609021e+02
8.080000000000000515e-01 1.755496847587630782e+02
8.090000000000000524e-01 1.759788790458123913e+02
8.100000000000000533e-01 1.764088265482064344e+02
8.110000000000000542e-01 1.768395275874199797e+02
8.120000000000000551e-01 1.772709824842054331e+02
8.130000000000000560e-01 1.777031915585953357e+02
8.140000000000000568e-01 1.781361551299055463e+02
8.150000000000000577e-01 1.785698735167386531e+02
8.160000000000000586e-01 1.790043470369841998e+02
8.170000000000000595e-01 1.794395760078225521e+02
8.180000000000000604e-01 1.798755607457285350e+02
8.190000000000000613e-01 1.803123015664709783e+02
8.200000000000000622e-01 1.807497987851177186e+02
8.210000000000000631e-01 1.811880527160367365e+02
8.220000000000000639e-01 1.816270636729000216e+02
8.230000000000000648e-01 1.820668319686826635e+02
8.240000000000000657e-01 1.825073579156705819e+02
8.250000000000000666e-01 1.829486418254568889e+02
8.260000000000000675e-01 1.833906840089496200e+02
8.270000000000000684e-01 1.838334847763703692e+02
8.280000000000000693e-01 1.842770444372586098e+02
8.290000000000000702e-01 1.847213633004737403e+02
8.300000000000000711e-01 1.851664416741962214e+02
8.310000000000000719e-01 1.856122798659316686e+02
8.320000000000000728e-01 1.860588781825122169e+02
8.329999999999999627e-01 1.865062369300990213e+02
8.339999999999999636e-01 1.869543564141833940e+02
8.349999999999999645e-01 1.874032369395924889e+02
8.359999999999999654e-01 1.878528788104872547e+02
8.369999999999999662e-01 1.883032823303674377e+02
8.379999999999999671e-01 1.887544478020734005e+02
8.389999999999999680e-01 1.892063755277868040e+02
8.399999999999999689e-01 1.896590658090369743e+02
8.409999999999999698e-01 1.901125189466968095e+02
8.419999999999999707e-01 1.905667352409914201e+02
8.429999999999999716e-01 1.910217149914951733e+02
8.439999999999999725e-01 1.914774584971369222e+02
8.449999999999999734e-01 1.919339660562025074e+02
8.459999999999999742e-01 1.923912379663340744e+02
8.469999999999999751e-01 1.928492745245353035e+02
8.479999999999999760e-01 1.933080760271707277e+02
8.489999999999999769e-01 1.937676427699705073e+02
8.499999999999999778e-01 1.942279750480313396e+02
8.509999999999999787e-01 1.946890731558187326e+02
8.519999999999999796e-01 1.951509373871683692e+02
8.529999999999999805e-01 1.956135680352895179e+02
8.539999999999999813e-01 1.960769653927661693e+02
8.549999999999999822e-01 1.965411297515599927e+02
8.559999999999999831e-01 1.970060614030112447e+02
8.569999999999999840e-01 1.974717606378421806e+02
8.579999999999999849e-01 1.979382277461577360e+02
8.589999999999999858e-01 1.984054630174482554e+02
8.599999999999999867e-01 1.988734667405926757e+02
8.609999999999999876e-01 1.993422392038571616e+02
8.619999999999999885e-01 1.998117806949021542e+02
8.629999999999999893e-01 2.002820915007791882e+02
8.639999999999999902e-01 2.007531719079374852e+02
8.649999999999999911e-01 2.012250222022214530e+02
8.659999999999999920e-01 2.016976426688765969e+02
8.669999999999999929e-01 2.021710335925502022e+02
8.679999999999999938e-01 2.026451952572915616e+02
8.689999999999999947e-01 2.031201279465565221e+02
8.699999999999999956e-01 2.035958319432072585e+02
8.709999999999999964e-01 2.040723075295163653e+02
8.719999999999999973e-01 2.045495549871673120e+02
8.729999999999999982e-01 2.050275745972564891e+02
8.739999999999999991e-01 2.055063666402952549e+02
8.750000000000000000e-01 2.059859313962124361e+02
8.760000000000000009e-01 2.064662691443543281e+02
8.770000000000000018e-01 2.069473801634908341e+02
8.780000000000000027e-01 2.074292647318127365e+02
8.790000000000000036e-01 2.079119231269339707e+02
8.800000000000000044e-01 2.083953556258977642e+02
8.810000000000000053e-01 2.088795625051727711e+02
8.820000000000000062e-01 2.093645440406605758e+02
8.830000000000000071e-01 2.098503005076922818e+02
8.840000000000000080e-01 2.103368321810344241e+02
8.850000000000000089e-01 2.108241393348880592e+02
8.860000000000000098e-01 2.113122222428928580e+02
8.870000000000000107e-01 2.118010811781257416e+02
8.880000000000000115e-01 2.122907164131074751e+02
8.890000000000000124e-01 2.127811282197988021e+02
8.900000000000000133e-01 2.132723168696072662e+02
8.910000000000000142e-01 2.137642826333849371e+02
8.920000000000000151e-01 2.142570257814343222e+02
8.930000000000000160e-01 2.147505465835056384e+02
8.940000000000000169e-01 2.152448453088027236e+02
8.950000000000000178e-01 2.157399222259803082e+02
8.960000000000000187e-01 2.162357776031517460e+02
8.970000000000000195e-01 2.167324117078840118e+02
8.980000000000000204e-01 2.172298248072049773e+02
8.990000000000000213e-01 2.177280171676018199e+02
9.000000000000000222e-01 2.182269890550239779e+02
9.010000000000000231e-01 2.187267407348849702e+02
9.020000000000000240e-01 2.192272724720626229e+02
9.030000000000000249e-01 2.197285845309040724e+02
9.040000000000000258e-01 2.202306771752230361e+02
9.050000000000000266e-01 2.207335506683057247e+02
9.060000000000000275e-01 2.212372052729090228e+02
9.070000000000000284e-01 2.217416412512634452e+02
9.080000000000000293e-01 2.222468588650765469e+02
9.090000000000000302e-01 2.227528583755329237e+02
9.100000000000000311e-01 2.232596400432939845e+02
9.110000000000000320e-01 2.237672041285034084e+02
9.120000000000000329e-01 2.242755508907864623e+02
9.130000000000000338e-01 2.247846805892515931e+02
9.140000000000000346e-01 2.252945934824931555e+02
9.150000000000000355e-01 2.258052898285920946e+02
9.160000000000000364e-01 2.263167698851177647e+02
9.170000000000000373e-01 2.268290339091295209e+02
9.180000000000000382e-01 2.273420821571787656e+02
9.190000000000000391e-01 2.278559148853096303e+02
9.200000000000000400e-01 2.283705323490612500e+02
9.210000000000000409e-01 2.288859348034698087e+02
9.220000000000000417e-01 2.294021225030683127e+02
9.230000000000000426e-01 2.299190957018893187e+02
9.240000000000000435e-01 2.304368546534672078e+02
9.250000000000000444e-01 2.309553996108386400e+02
9.260000000000000453e-01 2.314747308265436914e+02
9.270000000000000462e-01 2.319948485526294917e+02
9.280000000000000471e-01 2.325157530406484057e+02
9.290000000000000480e-01 2.330374445416634899e+02
9.300000000000000488e-01 2.335599233062459916e+02
9.310000000000000497e-01 2.340831895844798964e+02
9.320000000000000506e-01 2.346072436259626102e+02
9.330000000000000515e-01 2.351320856798058685e+02
9.340000000000000524e-01 2.356577159946368738e+02
9.350000000000000533e-01 2.361841348186014784e+02
9.360000000000000542e-01 2.367113423993635024e+02
9.370000000000000551e-01 2.372393389841092812e+02
9.380000000000000560e-01 2.377681248195435728e+02
9.390000000000000568e-01 2.382977001518991074e+02
9.400000000000000577e-01 2.388280652269295388e+02
9.410000000000000586e-01 2.393592202899178574e+02
9.420000000000000595e-01 2.398911655856720699e+02
9.430000000000000604e-01 2.404239013585317934e+02
9.440000000000000613e-01 2.409574278523657540e+02
9.450000000000000622e-01 2.414917453105751974e+02
9.460000000000000631e-01 2.420268539760950262e+02
9.470000000000000639e-01 2.425627540913949360e+02
9.480000000000000648e-01 2.430994458984805533e+02
9.490000000000000657e-01 2.436369296388947987e+02
9.500000000000000666e-01 2.441752055537212982e+02
9.510000000000000675e-01 2.447142738835818818e+02
9.520000000000000684e-01 2.452541348686418132e+02
9.530000000000000693e-01 2.457947887486084255e+02
9.540000000000000702e-01 2.463362357627340771e+02
9.550000000000000711e-01 2.468784761498177431e+02
9.560000000000000719e-01 2.474215101482045611e+02
9.570000000000000728e-01 2.479653379957876496e+02
9.580000000000000737e-01 2.485099599300124282e+02
9.590000000000000746e-01 2.490553761878738896e+02
9.599999999999999645e-01 2.496015870059195549e+02
9.609999999999999654e-01 2.501485926202512928e+02
9.619999999999999662e-01 2.506963932665262291e+02
9.629999999999999671e-01 2.512449891799581110e+02
9.639999999999999680e-01 2.517943805953182164e+02
9.649999999999999689e-01 2.523445677469371731e+02
9.659999999999999698e-01 2.528955508687067777e+02
9.669999999999999707e-01 2.534473301940797683e+02
9.679999999999999716e-01 2.539999059560720980e+02
9.689999999999999725e-01 2.545532783872642995e+02
9.699999999999999734e-01 2.551074477198028490e+02
9.709999999999999742e-01 2.556624141854001664e+02
9.719999999999999751e-01 2.562181780153368891e+02
9.729999999999999760e-01 2.567747394404655097e+02
9.739999999999999769e-01 2.573320986912060562e+02
9.749999999999999778e-01 2.578902559975520035e+02
9.759999999999999787e-01 2.584492115890702735e+02
9.769999999999999796e-01 2.590089656949014625e+02
9.779999999999999805e-01 2.595695185437630244e+02
9.789999999999999813e-01 2.601308703639481337e+02
9.799999999999999822e-01 2.606930213833281869e+02
9.809999999999999831e-01 2.612559718293553033e+02
9.819999999999999840e-01 2.618197219290611883e+02
9.829999999999999849e-01 2.623842719090596347e+02
9.839999999999999858e-01 2.629496219955467495e+02
9.849999999999999867e-01 2.635157724143041378e+02
9.859999999999999876e-01 2.640827233906986748e+02
9.869999999999999885e-01 2.646504751496820518e+02
9.879999999999999893e-01 2.652190279157966870e+02
9.889999999999999902e-01 2.657883819131723158e+02
9.899999999999999911e-01 2.663585373655291733e+02
9.909999999999999920e-01 2.669294944961786769e+02
9.919999999999999929e-01 2.675012535280245629e+02
9.929999999999999938e-01 2.680738146835656153e+02
9.939999999999999947e-01 2.686471781848943010e+02
9.949999999999999956e-01 2.692213442537001811e+02
9.959999999999999964e-01 2.697963131112685460e+02
9.969999999999999973e-01 2.703720849784840539e+02
9.979999999999999982e-01 2.709486600758311852e+02
9.989999999999999991e-01 2.715260386233946974e+02
1.000000000000000000e+00 2.721042208408607621e+02
