0.000000000000000000e+00 0.000000000000000000e+00
1.000000000000000021e-03 8.104239696980225505e-01
2.000000000000000042e-03 1.418852594759003605e+00
3.000000000000000062e-03 1.970631745938664858e+00
4.000000000000000083e-03 2.487201289948387295e+00
5.000000000000000104e-03 2.977990983727292207e+00
6.000000000000000125e-03 3.448315444139730346e+00
7.000000000000000146e-03 3.901586449946727431e+00
8.000000000000000167e-03 4.340180644998644865e+00
9.000000000000001055e-03 4.765849568073389442e+00
1.000000000000000021e-02 5.179938506257461661e+00
1.099999999999999936e-02 5.583513897541714677e+00
1.200000000000000025e-02 5.977442501692556753e+00
1.300000000000000114e-02 6.362443176697423652e+00
1.400000000000000029e-02 6.739122160384062532e+00
1.499999999999999944e-02 7.107997939187839620e+00
1.600000000000000033e-02 7.469519281165948321e+00
1.700000000000000122e-02 7.824078631206818457e+00
1.800000000000000211e-02 8.172022269855224508e+00
1.899999999999999953e-02 8.513658158092326289e+00
2.000000000000000042e-02 8.849262092029707816e+00
2.100000000000000130e-02 9.179082599914048402e+00
2.199999999999999872e-02 9.503344887532765739e+00
2.299999999999999961e-02 9.822254052842511740e+00
2.400000000000000050e-02 1.013599773185348596e+01
2.500000000000000139e-02 1.044474829649704262e+01
2.600000000000000228e-02 1.074866469568288352e+01
2.699999999999999969e-02 1.104789400932411603e+01
2.800000000000000058e-02 1.134257276933374925e+01
2.900000000000000147e-02 1.163282808983207772e+01
2.999999999999999889e-02 1.191877863992660735e+01
3.099999999999999978e-02 1.220053548565246615e+01
3.200000000000000067e-02 1.247820282244062540e+01
3.300000000000000155e-02 1.275187861541919965e+01
3.400000000000000244e-02 1.302165516166523140e+01
3.500000000000000333e-02 1.328761958600146542e+01
3.600000000000000422e-02 1.354985427992119185e+01
3.699999999999999817e-02 1.380843729160879718e+01
3.799999999999999906e-02 1.406344267371755841e+01
3.899999999999999994e-02 1.431494079450355272e+01
4.000000000000000083e-02 1.456299861704478893e+01
4.100000000000000172e-02 1.480767995055881769e+01
4.200000000000000261e-02 1.504904567723953157e+01
4.300000000000000350e-02 1.528715395754128892e+01
4.399999999999999745e-02 1.552206041642679857e+01
4.499999999999999833e-02 1.575381831274942002e+01
4.599999999999999922e-02 1.598247869364936946e+01
4.700000000000000011e-02 1.620809053559652924e+01
4.800000000000000100e-02 1.643070087350283970e+01
4.900000000000000189e-02 1.665035491914869681e+01
5.000000000000000278e-02 1.686709617001428185e+01
5.100000000000000366e-02 1.708096650947564044e+01
5.200000000000000455e-02 1.729200629921160726e+01
5.299999999999999850e-02 1.750025446456996647e+01
5.399999999999999939e-02 1.770574857355611087e+01
5.500000000000000028e-02 1.790852491003346714e+01
5.600000000000000117e-02 1.810861854166082807e+01
5.700000000000000205e-02 1.830606338303498148e+01
5.800000000000000294e-02 1.850089225445789864e+01
5.900000000000000383e-02 1.869313693670425280e+01
5.999999999999999778e-02 1.888282822212668677e+01
6.099999999999999867e-02 1.906999596240272510e+01
6.199999999999999956e-02 1.925466911319701424e+01
6.300000000000000044e-02 1.943687577598646499e+01
6.400000000000000133e-02 1.961664323727185177e+01
6.500000000000000222e-02 1.979399800537904497e+01
6.600000000000000311e-02 1.996896584503375749e+01
6.700000000000000400e-02 2.014157180987739792e+01
6.800000000000000488e-02 2.031184027307649487e+01
6.900000000000000577e-02 2.047979495616462486e+01
7.000000000000000666e-02 2.064545895624407024e+01
7.100000000000000755e-02 2.080885477166308206e+01
7.200000000000000844e-02 2.097000432627528710e+01
7.299999999999999545e-02 2.112892899237871447e+01
7.399999999999999634e-02 2.128564961242391007e+01
7.499999999999999722e-02 2.144018651957360078e+01
7.599999999999999811e-02 2.159255955718947817e+01
7.699999999999999900e-02 2.174278809731608675e+01
7.799999999999999989e-02 2.189089105822601766e+01
7.900000000000000078e-02 2.203688692108606872e+01
8.000000000000000167e-02 2.218079374579917484e+01
8.100000000000000255e-02 2.232262918607306190e+01
8.200000000000000344e-02 2.246241050376278992e+01
8.300000000000000433e-02 2.260015458253077014e+01
8.400000000000000522e-02 2.273587794086493119e+01
8.500000000000000611e-02 2.286959674449265378e+01
8.600000000000000699e-02 2.300132681822557501e+01
8.700000000000000788e-02 2.313108365726780136e+01
8.799999999999999489e-02 2.325888243801800925e+01
8.899999999999999578e-02 2.338473802839371274e+01
8.999999999999999667e-02 2.350866499770408780e+01
9.099999999999999756e-02 2.363067762609615841e+01
9.199999999999999845e-02 2.375078991359734815e+01
9.299999999999999933e-02 2.386901558877595875e+01
9.400000000000000022e-02 2.398536811703983318e+01
9.500000000000000111e-02 2.409986070859210017e+01
9.600000000000000200e-02 2.421250632606178499e+01
9.700000000000000289e-02 2.432331769182582448e+01
9.800000000000000377e-02 2.443230729503828158e+01
9.900000000000000466e-02 2.453948739838126158e+01
1.000000000000000056e-01 2.464487004455143548e+01
1.010000000000000064e-01 2.474846706249516970e+01
1.020000000000000073e-01 2.485029007340435925e+01
1.030000000000000082e-01 2.495035049648461012e+01
1.040000000000000091e-01 2.504865955450648585e+01
1.049999999999999961e-01 2.514522827915020997e+01
1.059999999999999970e-01 2.524006751615326749e+01
1.069999999999999979e-01 2.533318793027016014e+01
1.079999999999999988e-01 2.542460001005290593e+01
1.089999999999999997e-01 2.551431407246034411e+01
1.100000000000000006e-01 2.560234026730401879e+01
1.110000000000000014e-01 2.568868858153783208e+01
1.120000000000000023e-01 2.577336884339842626e+01
1.130000000000000032e-01 2.585639072640282166e+01
1.140000000000000041e-01 2.593776375320942407e+01
1.150000000000000050e-01 2.601749729934829958e+01
1.160000000000000059e-01 2.609560059682629074e+01
1.170000000000000068e-01 2.617208273761228554e+01
1.180000000000000077e-01 2.624695267700752410e+01
1.190000000000000085e-01 2.632021923690581033e+01
1.199999999999999956e-01 2.639189110894817247e+01
1.209999999999999964e-01 2.646197685757612561e+01
1.219999999999999973e-01 2.653048492298777816e+01
1.229999999999999982e-01 2.659742362400063342e+01
1.239999999999999991e-01 2.666280116082471352e+01
1.250000000000000000e-01 2.672662561774961176e+01
1.260000000000000009e-01 2.678890496574884850e+01
1.270000000000000018e-01 2.684964706500466747e+01
1.280000000000000027e-01 2.690885966735633872e+01
1.290000000000000036e-01 2.696655041867495228e+01
1.300000000000000044e-01 2.702272686116743472e+01
1.310000000000000053e-01 2.707739643561237841e+01
1.320000000000000062e-01 2.713056648353034106e+01
1.330000000000000071e-01 2.718224424929093175e+01
1.340000000000000080e-01 2.723243688215911362e+01
1.350000000000000089e-01 2.728115143828280154e+01
1.360000000000000098e-01 2.732839488262392180e+01
1.370000000000000107e-01 2.737417409083506570e+01
1.380000000000000115e-01 2.741849585108346332e+01
1.390000000000000124e-01 2.746136686582428510e+01
1.400000000000000133e-01 2.750279375352507572e+01
1.410000000000000142e-01 2.754278305034286944e+01
1.420000000000000151e-01 2.758134121175570286e+01
1.430000000000000160e-01 2.761847461415015914e+01
1.440000000000000169e-01 2.765418955636627274e+01
1.449999999999999900e-01 2.768849226120138241e+01
1.459999999999999909e-01 2.772138887687432174e+01
1.469999999999999918e-01 2.775288547845094911e+01
1.479999999999999927e-01 2.778298806923291764e+01
1.489999999999999936e-01 2.781170258211017199e+01
1.499999999999999944e-01 2.783903488087891276e+01
1.509999999999999953e-01 2.786499076152591314e+01
1.519999999999999962e-01 2.788957595348014351e+01
1.529999999999999971e-01 2.791279612083314987e+01
1.539999999999999980e-01 2.793465686352868005e+01
1.549999999999999989e-01 2.795516371852291826e+01
1.559999999999999998e-01 2.797432216091610258e+01
1.570000000000000007e-01 2.799213760505632820e+01
1.580000000000000016e-01 2.800861540561654905e+01
1.590000000000000024e-01 2.802376085864551669e+01
1.600000000000000033e-01 2.803757920259352687e+01
1.610000000000000042e-01 2.805007561931355298e+01
1.620000000000000051e-01 2.806125523503877517e+01
1.630000000000000060e-01 2.807112312133693877e+01
1.640000000000000069e-01 2.807968429604253657e+01
1.650000000000000078e-01 2.808694372416707807e+01
1.660000000000000087e-01 2.809290631878850064e+01
1.670000000000000095e-01 2.809757694192011002e+01
1.680000000000000104e-01 2.810096040535949413e+01
1.690000000000000113e-01 2.810306147151840861e+01
1.700000000000000122e-01 2.810388485423376181e+01
1.710000000000000131e-01 2.810343521956060187e+01
1.720000000000000140e-01 2.810171718654713402e+01
1.730000000000000149e-01 2.809873532799289819e+01
1.740000000000000158e-01 2.809449417118998582e+01
1.750000000000000167e-01 2.808899819864820557e+01
1.759999999999999898e-01 2.808225184880433289e+01
1.769999999999999907e-01 2.807425951671610420e+01
1.779999999999999916e-01 2.806502555474122929e+01
1.789999999999999925e-01 2.805455427320195128e+01
1.799999999999999933e-01 2.804284994103536377e+01
1.809999999999999942e-01 2.802991678643002160e+01
1.819999999999999951e-01 2.801575899744928577e+01
1.829999999999999960e-01 2.800038072264144517e+01
1.839999999999999969e-01 2.798378607163723331e+01
1.849999999999999978e-01 2.796597911573512008e+01
1.859999999999999987e-01 2.794696388847435742e+01
1.869999999999999996e-01 2.792674438619642174e+01
1.880000000000000004e-01 2.790532456859509836e+01
1.890000000000000013e-01 2.788270835925525049e+01
1.900000000000000022e-01 2.785889964618108650e+01
1.910000000000000031e-01 2.783390228231345986e+01
1.920000000000000040e-01 2.780772008603720025e+01
1.930000000000000049e-01 2.778035684167824826e+01
1.940000000000000058e-01 2.775181629999102029e+01
1.950000000000000067e-01 2.772210217863630888e+01
1.960000000000000075e-01 2.769121816264980751e+01
1.970000000000000084e-01 2.765916790490155108e+01
1.980000000000000093e-01 2.762595502654656343e+01
1.990000000000000102e-01 2.759158311746682557e+01
2.000000000000000111e-01 2.755605573670483821e+01
2.010000000000000120e-01 2.751937641288893133e+01
2.020000000000000129e-01 2.748154864465053748e+01
2.030000000000000138e-01 2.744257590103373445e+01
2.040000000000000147e-01 2.740246162189695767e+01
2.050000000000000155e-01 2.736120921830744379e+01
2.060000000000000164e-01 2.731882207292816389e+01
2.070000000000000173e-01 2.727530354039786431e+01
2.080000000000000182e-01 2.723065694770397016e+01
2.089999999999999913e-01 2.718488559454877063e+01
2.099999999999999922e-01 2.713799275370895003e+01
2.109999999999999931e-01 2.708998167138869917e+01
2.119999999999999940e-01 2.704085556756627540e+01
2.129999999999999949e-01 2.699061763633469724e+01
2.139999999999999958e-01 2.693927104623608670e+01
2.149999999999999967e-01 2.688681894059021360e+01
2.159999999999999976e-01 2.683326443781729509e+01
2.169999999999999984e-01 2.677861063175512513e+01
2.179999999999999993e-01 2.672286059197053731e+01
2.190000000000000002e-01 2.666601736406562040e+01
2.200000000000000011e-01 2.660808396997861536e+01
2.210000000000000020e-01 2.654906340827952960e+01
2.220000000000000029e-01 2.648895865446085907e+01
2.230000000000000038e-01 2.642777266122318736e+01
2.240000000000000047e-01 2.636550835875603838e+01
2.250000000000000056e-01 2.630216865501401458e+01
2.260000000000000064e-01 2.623775643598819585e+01
2.270000000000000073e-01 2.617227456597302648e+01
2.280000000000000082e-01 2.610572588782882875e+01
2.290000000000000091e-01 2.603811322323990396e+01
2.300000000000000100e-01 2.596943937296840232e+01
2.310000000000000109e-01 2.589970711710391527e+01
2.320000000000000118e-01 2.582891921530915624e+01
2.330000000000000127e-01 2.575707840706161278e+01
2.340000000000000135e-01 2.568418741189100984e+01
2.350000000000000144e-01 2.561024892961340882e+01
2.360000000000000153e-01 2.553526564056106452e+01
2.370000000000000162e-01 2.545924020580903857e+01
2.380000000000000171e-01 2.538217526739779828e+01
2.390000000000000180e-01 2.530407344855264995e+01
2.399999999999999911e-01 2.522493735389936020e+01
2.409999999999999920e-01 2.514476956967671128e+01
2.419999999999999929e-01 2.506357266394551075e+01
2.429999999999999938e-01 2.498134918679441796e+01
2.439999999999999947e-01 2.489810167054251266e+01
2.449999999999999956e-01 2.481383262993886163e+01
2.459999999999999964e-01 2.472854456235887710e+01
2.469999999999999973e-01 2.464223994799778339e+01
2.479999999999999982e-01 2.455492125006099258e+01
2.489999999999999991e-01 2.446659091495164162e+01
2.500000000000000000e-01 2.437725137245540807e+01
2.510000000000000009e-01 2.428690503592239125e+01
2.520000000000000018e-01 2.419555430244622585e+01
2.530000000000000027e-01 2.410320155304071932e+01
2.540000000000000036e-01 2.400984915281367904e+01
2.550000000000000044e-01 2.391549945113812115e+01
2.560000000000000053e-01 2.382015478182126955e+01
2.570000000000000062e-01 2.372381746327060981e+01
2.580000000000000071e-01 2.362648979865789300e+01
2.590000000000000080e-01 2.352817407608053557e+01
2.600000000000000089e-01 2.342887256872067425e+01
2.610000000000000098e-01 2.332858753500205751e+01
2.620000000000000107e-01 2.322732121874458144e+01
2.630000000000000115e-01 2.312507584931655558e+01
2.640000000000000124e-01 2.302185364178486537e+01
2.650000000000000133e-01 2.291765679706295344e+01
2.660000000000000142e-01 2.281248750205675080e+01
2.670000000000000151e-01 2.270634792980850847e+01
2.680000000000000160e-01 2.259924023963854012e+01
2.690000000000000169e-01 2.249116657728515634e+01
2.700000000000000178e-01 2.238212907504230387e+01
2.710000000000000187e-01 2.227212985189575534e+01
2.720000000000000195e-01 2.216117101365697550e+01
2.730000000000000204e-01 2.204925465309539589e+01
2.740000000000000213e-01 2.193638285006872124e+01
2.750000000000000222e-01 2.182255767165159455e+01
2.760000000000000231e-01 2.170778117226240056e+01
2.770000000000000240e-01 2.159205539378831062e+01
2.780000000000000249e-01 2.147538236570869330e+01
2.790000000000000258e-01 2.135776410521686230e+01
2.800000000000000266e-01 2.123920261734017956e+01
2.810000000000000275e-01 2.111969989505854173e+01
2.820000000000000284e-01 2.099925791942115438e+01
2.830000000000000293e-01 2.087787865966201295e+01
2.840000000000000302e-01 2.075556407331369613e+01
2.850000000000000311e-01 2.063231610631942203e+01
2.860000000000000320e-01 2.050813669314428367e+01
2.870000000000000329e-01 2.038302775688420354e+01
2.880000000000000338e-01 2.025699120937406050e+01
2.889999999999999791e-01 2.013002895129426051e+01
2.899999999999999800e-01 2.000214287227572285e+01
2.909999999999999809e-01 1.987333485100369401e+01
2.919999999999999818e-01 1.974360675532031095e+01
2.929999999999999827e-01 1.961296044232553371e+01
2.939999999999999836e-01 1.948139775847707966e+01
2.949999999999999845e-01 1.934892053968895453e+01
2.959999999999999853e-01 1.921553061142870433e+01
2.969999999999999862e-01 1.908122978881353049e+01
2.979999999999999871e-01 1.894601987670509757e+01
2.989999999999999880e-01 1.880990266980320769e+01
2.999999999999999889e-01 1.867287995273824208e+01
3.009999999999999898e-01 1.853495350016247301e+01
3.019999999999999907e-01 1.839612507684034881e+01
3.029999999999999916e-01 1.825639643773741838e+01
3.039999999999999925e-01 1.811576932810834961e+01
3.049999999999999933e-01 1.797424548358376839e+01
3.059999999999999942e-01 1.783182663025617387e+01
3.069999999999999951e-01 1.768851448476452504e+01
3.079999999999999960e-01 1.754431075437807408e+01
3.089999999999999969e-01 1.739921713707899542e+01
3.099999999999999978e-01 1.725323532164416562e+01
3.109999999999999987e-01 1.710636698772580289e+01
3.119999999999999996e-01 1.695861380593112600e+01
3.130000000000000004e-01 1.680997743790133114e+01
3.140000000000000013e-01 1.666045953638923294e+01
3.150000000000000022e-01 1.651006174533622683e+01
3.160000000000000031e-01 1.635878569994837051e+01
3.170000000000000040e-01 1.620663302677133544e+01
3.180000000000000049e-01 1.605360534376467285e+01
3.190000000000000058e-01 1.589970426037508844e+01
3.200000000000000067e-01 1.574493137760894612e+01
3.210000000000000075e-01 1.558928828810396894e+01
3.220000000000000084e-01 1.543277657619978172e+01
3.230000000000000093e-01 1.527539781800814822e+01
3.240000000000000102e-01 1.511715358148187605e+01
3.250000000000000111e-01 1.495804542648332003e+01
3.260000000000000120e-01 1.479807490485188382e+01
3.270000000000000129e-01 1.463724356047075759e+01
3.280000000000000138e-01 1.447555292933306959e+01
3.290000000000000147e-01 1.431300453960693275e+01
3.300000000000000155e-01 1.414959991170021780e+01
3.310000000000000164e-01 1.398534055832414325e+01
3.320000000000000173e-01 1.382022798455642842e+01
3.330000000000000182e-01 1.365426368790369693e+01
3.340000000000000191e-01 1.348744915836297409e+01
3.350000000000000200e-01 1.331978587848284334e+01
3.360000000000000209e-01 1.315127532342355465e+01
3.370000000000000218e-01 1.298191896101684506e+01
3.380000000000000226e-01 1.281171825182462953e+01
3.390000000000000235e-01 1.264067464919749284e+01
3.400000000000000244e-01 1.246878959933232522e+01
3.410000000000000253e-01 1.229606454132929017e+01
3.420000000000000262e-01 1.212250090724818818e+01
3.430000000000000271e-01 1.194810012216428419e+01
3.440000000000000280e-01 1.177286360422359124e+01
3.450000000000000289e-01 1.159679276469713471e+01
3.460000000000000298e-01 1.141988900803533014e+01
3.470000000000000306e-01 1.124215373192099321e+01
3.480000000000000315e-01 1.106358832732252750e+01
3.490000000000000324e-01 1.088419417854574789e+01
3.500000000000000333e-01 1.070397266328599883e+01
3.510000000000000342e-01 1.052292515267908257e+01
3.519999999999999796e-01 1.034105301135184973e+01
3.529999999999999805e-01 1.015835759747232458e+01
3.539999999999999813e-01 9.974840262799123281e+00
3.549999999999999822e-01 9.790502352730658941e+00
3.559999999999999831e-01 9.605345206353472776e+00
3.569999999999999840e-01 9.419370156490245449e+00
3.579999999999999849e-01 9.232578529747261342e+00
3.589999999999999858e-01 9.044971646561474898e+00
3.599999999999999867e-01 8.856550821246933936e+00
3.609999999999999876e-01 8.667317362040833473e+00
3.619999999999999885e-01 8.477272571148986913e+00
3.629999999999999893e-01 8.286417744790924189e+00
3.639999999999999902e-01 8.094754173244595563e+00
3.649999999999999911e-01 7.902283140890361324e+00
3.659999999999999920e-01 7.709005926254782537e+00
3.669999999999999929e-01 7.514923802053807833e+00
3.679999999999999938e-01 7.320038035235675977e+00
3.689999999999999947e-01 7.124349887023107897e+00
3.699999999999999956e-01 6.927860612955555553e+00
3.709999999999999964e-01 6.730571462930392101e+00
3.719999999999999973e-01 6.532483681244215745e+00
3.729999999999999982e-01 6.333598506633542513e+00
3.739999999999999991e-01 6.133917172314930610e+00
3.750000000000000000e-01 5.933440906025090555e+00
3.760000000000000009e-01 5.732170930060277669e+00
3.770000000000000018e-01 5.530108461315158763e+00
3.780000000000000027e-01 5.327254711321877778e+00
3.790000000000000036e-01 5.123610886288290089e+00
3.800000000000000044e-01 4.919178187135699432e+00
3.810000000000000053e-01 4.713957809536680088e+00
3.820000000000000062e-01 4.507950943952195644e+00
3.830000000000000071e-01 4.301158775668334044e+00
3.840000000000000080e-01 4.093582484832992918e+00
3.850000000000000089e-01 3.885223246491875670e+00
3.860000000000000098e-01 3.676082230624302838e+00
3.870000000000000107e-01 3.466160602178653960e+00
3.880000000000000115e-01 3.255459521107503917e+00
3.890000000000000124e-01 3.043980142402240574e+00
3.900000000000000133e-01 2.831723616127675314e+00
3.910000000000000142e-01 2.618691087456049615e+00
3.920000000000000151e-01 2.404883696700757412e+00
3.930000000000000160e-01 2.190302579349804546e+00
3.940000000000000169e-01 1.974948866098998224e+00
3.950000000000000178e-01 1.758823682884845141e+00
3.960000000000000187e-01 1.541928150916838547e+00
3.970000000000000195e-01 1.324263386709709778e+00
3.980000000000000204e-01 1.105830502115630054e+00
3.990000000000000213e-01 8.866306043554104122e-01
4.000000000000000222e-01 6.666647960499219039e-01
4.010000000000000231e-01 4.459341752512528956e-01
4.020000000000000240e-01 2.244398354733974088e-01
4.030000000000000249e-01 2.182865722573978928e-03
4.040000000000000258e-01 -2.208356494726544383e-01
4.050000000000000266e-01 -4.446146300311824007e-01
4.060000000000000275e-01 -6.691530002900520913e-01
4.070000000000000284e-01 -8.944496889751576418e-01
4.080000000000000293e-01 -1.120503629171743398e+00
4.090000000000000302e-01 -1.347313758296166952e+00
4.100000000000000311e-01 -1.574879018067058212e+00
4.110000000000000320e-01 -1.803198354476990062e+00
4.120000000000000329e-01 -2.032270717764617984e+00
4.130000000000000338e-01 -2.262095062386812572e+00
4.140000000000000346e-01 -2.492670346991125996e+00
4.150000000000000355e-01 -2.723995534388606643e+00
4.160000000000000364e-01 -2.956069591526670592e+00
4.169999999999999818e-01 -3.188891489462413631e+00
4.179999999999999827e-01 -3.422460203335973006e+00
4.189999999999999836e-01 -3.656774712344329714e+00
4.199999999999999845e-01 -3.891833999715039738e+00
4.209999999999999853e-01 -4.127637052680611873e+00
4.219999999999999862e-01 -4.364182862452707923e+00
4.229999999999999871e-01 -4.601470424196847375e+00
4.239999999999999880e-01 -4.839498737007239981e+00
4.249999999999999889e-01 -5.078266803881795965e+00
4.259999999999999898e-01 -5.317773631697463088e+00
4.269999999999999907e-01 -5.558018231185613445e+00
4.279999999999999916e-01 -5.798999616907792642e+00
4.289999999999999925e-01 -6.040716807231675034e+00
4.299999999999999933e-01 -6.283168824307125533e+00
4.309999999999999942e-01 -6.526354694042538540e+00
4.319999999999999951e-01 -6.770273446081439772e+00
4.329999999999999960e-01 -7.014924113779102299e+00
4.339999999999999969e-01 -7.260305734179482329e+00
4.349999999999999978e-01 -7.506417347992467626e+00
4.359999999999999987e-01 -7.753257999571161463e+00
4.369999999999999996e-01 -8.000826736889344204e+00
4.380000000000000004e-01 -8.249122611519204895e+00
4.390000000000000013e-01 -8.498144678609314440e+00
4.400000000000000022e-01 -8.747891996862577457e+00
4.410000000000000031e-01 -8.998363628514560730e+00
4.420000000000000040e-01 -9.249558639312141395e+00
4.430000000000000049e-01 -9.501476098491785649e+00
4.440000000000000058e-01 -9.754115078758694324e+00
4.450000000000000067e-01 -1.000747465626550081e+01
4.460000000000000075e-01 -1.026155391059169375e+01
4.470000000000000084e-01 -1.051635192472285496e+01
4.480000000000000093e-01 -1.077186778503013187e+01
4.490000000000000102e-01 -1.102810058125003678e+01
4.500000000000000111e-01 -1.128504940646416799e+01
4.510000000000000120e-01 -1.154271335707925772e+01
4.520000000000000129e-01 -1.180109153280754697e+01
4.530000000000000138e-01 -1.206018303664674107e+01
4.540000000000000147e-01 -1.231998697486096717e+01
4.550000000000000155e-01 -1.258050245696106373e+01
4.560000000000000164e-01 -1.284172859568563752e+01
4.570000000000000173e-01 -1.310366450698199969e+01
4.580000000000000182e-01 -1.336630930998714462e+01
4.590000000000000191e-01 -1.362966212700930413e+01
4.600000000000000200e-01 -1.389372208350916083e+01
4.610000000000000209e-01 -1.415848830808160130e+01
4.620000000000000218e-01 -1.442395993243729890e+01
4.630000000000000226e-01 -1.469013609138473697e+01
4.640000000000000235e-01 -1.495701592281213976e+01
4.650000000000000244e-01 -1.522459856766969466e+01
4.660000000000000253e-01 -1.549288316995195913e+01
4.670000000000000262e-01 -1.576186887667996928e+01
4.680000000000000271e-01 -1.603155483788440705e+01
4.690000000000000280e-01 -1.630194020658779408e+01
4.700000000000000289e-01 -1.657302413878763758e+01
4.710000000000000298e-01 -1.684480579343937734e+01
4.720000000000000306e-01 -1.711728433243958136e+01
4.730000000000000315e-01 -1.739045892060912735e+01
4.740000000000000324e-01 -1.766432872567666834e+01
4.750000000000000333e-01 -1.793889291826216237e+01
4.760000000000000342e-01 -1.821415067186038073e+01
4.770000000000000351e-01 -1.849010116282514105e+01
4.780000000000000360e-01 -1.876674357035253848e+01
4.790000000000000369e-01 -1.904407707646571879e+01
4.799999999999999822e-01 -1.932210086599844345e+01
4.809999999999999831e-01 -1.960081412657978461e+01
4.819999999999999840e-01 -1.988021604861832969e+01
4.829999999999999849e-01 -2.016030582528671999e+01
4.839999999999999858e-01 -2.044108265250634560e+01
4.849999999999999867e-01 -2.072254572893221791e+01
4.859999999999999876e-01 -2.100469425593755801e+01
4.869999999999999885e-01 -2.128752743759904575e+01
4.879999999999999893e-01 -2.157104448068186997e+01
4.889999999999999902e-01 -2.185524459462496338e+01
4.899999999999999911e-01 -2.214012699152624464e+01
4.909999999999999920e-01 -2.242569088612813744e+01
4.919999999999999929e-01 -2.271193549580323889e+01
4.929999999999999938e-01 -2.299886004053974631e+01
4.939999999999999947e-01 -2.328646374292739551e+01
4.949999999999999956e-01 -2.357474582814329267e+01
4.959999999999999964e-01 -2.386370552393800892e+01
4.969999999999999973e-01 -2.415334206062143352e+01
4.979999999999999982e-01 -2.444365467104915268e+01
4.989999999999999991e-01 -2.473464259060880011e+01
5.000000000000000000e-01 -2.502630505720617293e+01
5.010000000000000009e-01 -2.531864131125217199e+01
5.020000000000000018e-01 -2.561165059564891777e+01
5.030000000000000027e-01 -2.590533215577679016e+01
5.040000000000000036e-01 -2.619968523948115546e+01
5.050000000000000044e-01 -2.649470909705912902e+01
5.060000000000000053e-01 -2.679040298124680675e+01
5.070000000000000062e-01 -2.708676614720597797e+01
5.080000000000000071e-01 -2.738379785251176912e+01
5.090000000000000080e-01 -2.768149735713952708e+01
5.100000000000000089e-01 -2.797986392345237761e+01
5.110000000000000098e-01 -2.827889681618874818e+01
5.120000000000000107e-01 -2.857859530244961377e+01
5.130000000000000115e-01 -2.887895865168660237e+01
5.140000000000000124e-01 -2.917998613568914834e+01
5.150000000000000133e-01 -2.948167702857289640e+01
5.160000000000000142e-01 -2.978403060676716052e+01
5.170000000000000151e-01 -3.008704614900320706e+01
5.180000000000000160e-01 -3.039072293630212585e+01
5.190000000000000169e-01 -3.069506025196309906e+01
5.200000000000000178e-01 -3.100005738155157076e+01
5.210000000000000187e-01 -3.130571361288777155e+01
5.220000000000000195e-01 -3.161202823603490231e+01
5.230000000000000204e-01 -3.191900054328770864e+01
5.240000000000000213e-01 -3.222662982916109087e+01
5.250000000000000222e-01 -3.253491539037884905e+01
5.260000000000000231e-01 -3.284385652586217930e+01
5.270000000000000240e-01 -3.315345253671866743e+01
5.280000000000000249e-01 -3.346370272623116193e+01
5.290000000000000258e-01 -3.377460639984678181e+01
5.300000000000000266e-01 -3.408616286516574689e+01
5.310000000000000275e-01 -3.439837143193099678e+01
5.320000000000000284e-01 -3.471123141201675821e+01
5.330000000000000293e-01 -3.502474211941824933e+01
5.340000000000000302e-01 -3.533890287024096466e+01
5.350000000000000311e-01 -3.565371298269004541e+01
5.360000000000000320e-01 -3.596917177705985580e+01
5.370000000000000329e-01 -3.628527857572331783e+01
5.380000000000000338e-01 -3.660203270312199209e+01
5.390000000000000346e-01 -3.691943348575528461e+01
5.400000000000000355e-01 -3.723748025217064850e+01
5.410000000000000364e-01 -3.755617233295317448e+01
5.420000000000000373e-01 -3.787550906071572854e+01
5.430000000000000382e-01 -3.819548977008876989e+01
5.440000000000000391e-01 -3.851611379771045307e+01
5.450000000000000400e-01 -3.883738048221687222e+01
5.460000000000000409e-01 -3.915928916423204953e+01
5.470000000000000417e-01 -3.948183918635842815e+01
5.480000000000000426e-01 -3.980502989316714491e+01
5.490000000000000435e-01 -4.012886063118820346e+01
5.500000000000000444e-01 -4.045333074890123726e+01
5.510000000000000453e-01 -4.077843959672577512e+01
5.520000000000000462e-01 -4.110418652701220310e+01
5.530000000000000471e-01 -4.143057089403183113e+01
5.540000000000000480e-01 -4.175759205396825280e+01
5.550000000000000488e-01 -4.208524936490762514e+01
5.560000000000000497e-01 -4.241354218682971577e+01
5.570000000000000506e-01 -4.274246988159883642e+01
5.580000000000000515e-01 -4.307203181295467687e+01
5.590000000000000524e-01 -4.340222734650348002e+01
5.600000000000000533e-01 -4.373305584970889015e+01
5.610000000000000542e-01 -4.406451669188328424e+01
5.620000000000000551e-01 -4.439660924417904653e+01
5.630000000000000560e-01 -4.472933287957935988e+01
5.640000000000000568e-01 -4.506268697289007719e+01
5.650000000000000577e-01 -4.539667090073083955e+01
5.660000000000000586e-01 -4.573128404152649296e+01
5.670000000000000595e-01 -4.606652577549849070e+01
5.680000000000000604e-01 -4.640239548465653741e+01
5.690000000000000613e-01 -4.673889255279040356e+01
5.700000000000000622e-01 -4.707601636546085899e+01
5.710000000000000631e-01 -4.741376630999226904e+01
5.720000000000000639e-01 -4.775214177546384064e+01
5.730000000000000648e-01 -4.809114215270129478e+01
5.740000000000000657e-01 -4.843076683426913576e+01
5.750000000000000666e-01 -4.877101521446229526e+01
5.760000000000000675e-01 -4.911188668929814582e+01
5.769999999999999574e-01 -4.945338065650867065e+01
5.779999999999999583e-01 -4.979549651553219292e+01
5.789999999999999591e-01 -5.013823366750590083e+01
5.799999999999999600e-01 -5.048159151525759114e+01
5.809999999999999609e-01 -5.082556946329825109e+01
5.819999999999999618e-01 -5.117016691781414295e+01
5.829999999999999627e-01 -5.151538328665917277e+01
5.839999999999999636e-01 -5.186121797934718813e+01
5.849999999999999645e-01 -5.220767040704441797e+01
5.859999999999999654e-01 -5.255473998256211132e+01
5.869999999999999662e-01 -5.290242612034865033e+01
5.879999999999999671e-01 -5.325072823648253006e+01
5.889999999999999680e-01 -5.359964574866472731e+01
5.899999999999999689e-01 -5.394917807621131089e+01
5.909999999999999698e-01 -5.429932464004636472e+01
5.919999999999999707e-01 -5.465008486269442756e+01
5.929999999999999716e-01 -5.500145816827347289e+01
5.939999999999999725e-01 -5.535344398248786035e+01
5.949999999999999734e-01 -5.570604173262087500e+01
5.959999999999999742e-01 -5.605925084752789189e+01
5.969999999999999751e-01 -5.641307075762904333e+01
5.979999999999999760e-01 -5.676750089490298024e+01
5.989999999999999769e-01 -5.712254069287885727e+01
5.999999999999999778e-01 -5.747818958663023636e+01
6.009999999999999787e-01 -5.783444701276781075e+01
6.019999999999999796e-01 -5.819131240943301009e+01
6.029999999999999805e-01 -5.854878521629035504e+01
6.039999999999999813e-01 -5.890686487452190079e+01
6.049999999999999822e-01 -5.926555082681956321e+01
6.059999999999999831e-01 -5.962484251737893715e+01
6.069999999999999840e-01 -5.998473939189257464e+01
6.079999999999999849e-01 -6.034524089754346221e+01
6.089999999999999858e-01 -6.070634648299812852e+01
6.099999999999999867e-01 -6.106805559840098852e+01
6.109999999999999876e-01 -6.143036769536668373e+01
6.119999999999999885e-01 -6.179328222697492379e+01
6.129999999999999893e-01 -6.215679864776305408e+01
6.139999999999999902e-01 -6.252091641372038566e+01
6.149999999999999911e-01 -6.288563498228160142e+01
6.159999999999999920e-01 -6.325095381232083014e+01
6.169999999999999929e-01 -6.361687236414451263e+01
6.179999999999999938e-01 -6.398339009948645639e+01
6.189999999999999947e-01 -6.435050648150084385e+01
6.199999999999999956e-01 -6.471822097475637747e+01
6.209999999999999964e-01 -6.508653304522995597e+01
6.219999999999999973e-01 -6.545544216030130258e+01
6.229999999999999982e-01 -6.582494778874588803e+01
6.239999999999999991e-01 -6.619504940073011312e+01
6.250000000000000000e-01 -6.656574646780451587e+01
6.260000000000000009e-01 -6.693703846289818671e+01
6.270000000000000018e-01 -6.730892486031298461e+01
6.280000000000000027e-01 -6.768140513571766803e+01
6.290000000000000036e-01 -6.805447876614172742e+01
6.300000000000000044e-01 -6.842814522997029769e+01
6.310000000000000053e-01 -6.880240400693763547e+01
6.320000000000000062e-01 -6.917725457812242951e+01
6.330000000000000071e-01 -6.955269642594093682e+01
6.340000000000000080e-01 -6.992872903414239261e+01
6.350000000000000089e-01 -7.030535188780265798e+01
6.360000000000000098e-01 -7.068256447331930303e+01
6.370000000000000107e-01 -7.106036627840535402e+01
6.380000000000000115e-01 -7.143875679208457541e+01
6.390000000000000124e-01 -7.181773550468540179e+01
6.400000000000000133e-01 -7.219730190783576518e+01
6.410000000000000142e-01 -7.257745549445746747e+01
6.420000000000000151e-01 -7.295819575876127772e+01
6.430000000000000160e-01 -7.333952219624094937e+01
6.440000000000000169e-01 -7.372143430366845962e+01
6.450000000000000178e-01 -7.410393157908833928e+01
6.460000000000000187e-01 -7.448701352181272739e+01
6.470000000000000195e-01 -7.487067963241580060e+01
6.480000000000000204e-01 -7.525492941272898406e+01
6.490000000000000213e-01 -7.563976236583539503e+01
6.500000000000000222e-01 -7.602517799606509641e+01
6.510000000000000231e-01 -7.641117580898942663e+01
6.520000000000000240e-01 -7.679775531141672218e+01
6.530000000000000249e-01 -7.718491601138647695e+01
6.540000000000000258e-01 -7.757265741816488003e+01
6.550000000000000266e-01 -7.796097904223951502e+01
6.560000000000000275e-01 -7.834988039531444315e+01
6.570000000000000284e-01 -7.873936099030539992e+01
6.580000000000000293e-01 -7.912942034133492086e+01
6.590000000000000302e-01 -7.952005796372712609e+01
6.600000000000000311e-01 -7.991127337400314445e+01
6.610000000000000320e-01 -8.030306608987638128e+01
6.620000000000000329e-01 -8.069543563024738830e+01
6.630000000000000338e-01 -8.108838151519928772e+01
6.640000000000000346e-01 -8.148190326599318212e+01
6.650000000000000355e-01 -8.187600040506303856e+01
6.660000000000000364e-01 -8.227067245601142531e+01
6.670000000000000373e-01 -8.266591894360445281e+01
6.680000000000000382e-01 -8.306173939376742510e+01
6.690000000000000391e-01 -8.345813333358012187e+01
6.700000000000000400e-01 -8.385510029127209464e+01
6.710000000000000409e-01 -8.425263979621828980e+01
6.720000000000000417e-01 -8.465075137893455803e+01
6.730000000000000426e-01 -8.504943457107263782e+01
6.740000000000000435e-01 -8.544868890541646067e+01
6.750000000000000444e-01 -8.584851391587687885e+01
6.760000000000000453e-01 -8.624890913748798482e+01
6.770000000000000462e-01 -8.664987410640189580e+01
6.780000000000000471e-01 -8.705140835988521530e+01
6.790000000000000480e-01 -8.745351143631378932e+01
6.800000000000000488e-01 -8.785618287516913938e+01
6.810000000000000497e-01 -8.825942221703357404e+01
6.820000000000000506e-01 -8.866322900358625247e+01
6.830000000000000515e-01 -8.906760277759862277e+01
6.840000000000000524e-01 -8.947254308293054237e+01
6.850000000000000533e-01 -8.987804946452546062e+01
6.860000000000000542e-01 -9.028412146840696550e+01
6.870000000000000551e-01 -9.069075864167399459e+01
6.880000000000000560e-01 -9.109796053249684178e+01
6.890000000000000568e-01 -9.150572669011322091e+01
6.900000000000000577e-01 -9.191405666482373249e+01
6.910000000000000586e-01 -9.232295000798829676e+01
6.920000000000000595e-01 -9.273240627202162045e+01
6.930000000000000604e-01 -9.314242501038934563e+01
6.940000000000000613e-01 -9.355300577760417013e+01
6.950000000000000622e-01 -9.396414812922144222e+01
6.960000000000000631e-01 -9.437585162183542309e+01
6.970000000000000639e-01 -9.478811581307550682e+01
6.980000000000000648e-01 -9.520094026160184342e+01
6.990000000000000657e-01 -9.561432452710158714e+01
7.000000000000000666e-01 -9.602826817028532957e+01
7.010000000000000675e-01 -9.644277075288272272e+01
7.020000000000000684e-01 -9.685783183763878412e+01
7.030000000000000693e-01 -9.727345098831001735e+01
7.039999999999999591e-01 -9.768962776966102979e+01
7.049999999999999600e-01 -9.810636174745992832e+01
7.059999999999999609e-01 -9.852365248847523560e+01
7.069999999999999618e-01 -9.894149956047161254e+01
7.079999999999999627e-01 -9.935990253220663249e+01
7.089999999999999636e-01 -9.977886097342656058e+01
7.099999999999999645e-01 -1.001983744548630284e+02
7.109999999999999654e-01 -1.006184425482288418e+02
7.119999999999999662e-01 -1.010390648262153803e+02
7.129999999999999671e-01 -1.014602408624874386e+02
7.139999999999999680e-01 -1.018819702316807252e+02
7.149999999999999689e-01 -1.023042525093979691e+02
7.159999999999999698e-01 -1.027270872722053241e+02
7.169999999999999707e-01 -1.031504740976284040e+02
7.179999999999999716e-01 -1.035744125641494122e+02
7.189999999999999725e-01 -1.039989022512029635e+02
7.199999999999999734e-01 -1.044239427391733130e+02
7.209999999999999742e-01 -1.048495336093898942e+02
7.219999999999999751e-01 -1.052756744441247037e+02
7.229999999999999760e-01 -1.057023648265880951e+02
7.239999999999999769e-01 -1.061296043409262495e+02
7.249999999999999778e-01 -1.065573925722167274e+02
7.259999999999999787e-01 -1.069857291064657403e+02
7.269999999999999796e-01 -1.074146135306045124e+02
7.279999999999999805e-01 -1.078440454324861264e+02
7.289999999999999813e-01 -1.082740244008815580e+02
7.299999999999999822e-01 -1.087045500254771895e+02
7.309999999999999831e-01 -1.091356218968707594e+02
7.319999999999999840e-01 -1.095672396065686200e+02
7.329999999999999849e-01 -1.099994027469816871e+02
7.339999999999999858e-01 -1.104321109114230381e+02
7.349999999999999867e-01 -1.108653636941042606e+02
7.359999999999999876e-01 -1.112991606901319415e+02
7.369999999999999885e-01 -1.117335014955047825e+02
7.379999999999999893e-01 -1.121683857071104882e+02
7.389999999999999902e-01 -1.126038129227220566e+02
7.399999999999999911e-01 -1.130397827409952072e+02
7.409999999999999920e-01 -1.134762947614647146e+02
7.419999999999999929e-01 -1.139133485845416800e+02
7.429999999999999938e-01 -1.143509438115099215e+02
7.439999999999999947e-01 -1.147890800445235300e+02
7.449999999999999956e-01 -1.152277568866028048e+02
7.459999999999999964e-01 -1.156669739416323779e+02
7.469999999999999973e-01 -1.161067308143568937e+02
7.479999999999999982e-01 -1.165470271103789912e+02
7.489999999999999991e-01 -1.169878624361555239e+02
7.500000000000000000e-01 -1.174292363989950019e+02
7.510000000000000009e-01 -1.178711486070543373e+02
7.520000000000000018e-01 -1.183135986693358603e+02
7.530000000000000027e-01 -1.187565861956845765e+02
7.540000000000000036e-01 -1.192001107967848412e+02
7.550000000000000044e-01 -1.196441720841576597e+02
7.560000000000000053e-01 -1.200887696701575038e+02
7.570000000000000062e-01 -1.205339031679699673e+02
7.580000000000000071e-01 -1.209795721916078719e+02
7.590000000000000080e-01 -1.214257763559095338e+02
7.600000000000000089e-01 -1.218725152765346280e+02
7.610000000000000098e-01 -1.223197885699626823e+02
7.620000000000000107e-01 -1.227675958534888281e+02
7.630000000000000115e-01 -1.232159367452222796e+02
7.640000000000000124e-01 -1.236648108640823409e+02
7.650000000000000133e-01 -1.241142178297965870e+02
7.660000000000000142e-01 -1.245641572628971971e+02
7.670000000000000151e-01 -1.250146287847189086e+02
7.680000000000000160e-01 -1.254656320173956203e+02
7.690000000000000169e-01 -1.259171665838581760e+02
7.700000000000000178e-01 -1.263692321078310954e+02
7.710000000000000187e-01 -1.268218282138304431e+02
7.720000000000000195e-01 -1.272749545271603893e+02
7.730000000000000204e-01 -1.277286106739113194e+02
7.740000000000000213e-01 -1.281827962809561541e+02
7.750000000000000222e-01 -1.286375109759488282e+02
7.760000000000000231e-01 -1.290927543873205536e+02
7.770000000000000240e-01 -1.295485261442777869e+02
7.780000000000000249e-01 -1.300048258767994867e+02
7.790000000000000258e-01 -1.304616532156343283e+02
7.800000000000000266e-01 -1.309190077922979754e+02
7.810000000000000275e-01 -1.313768892390710903e+02
7.820000000000000284e-01 -1.318352971889960088e+02
7.830000000000000293e-01 -1.322942312758746084e+02
7.840000000000000302e-01 -1.327536911342654093e+02
7.850000000000000311e-01 -1.332136763994814714e+02
7.860000000000000320e-01 -1.336741867075871255e+02
7.870000000000000329e-01 -1.341352216953965808e+02
7.880000000000000338e-01 -1.345967810004700596e+02
7.890000000000000346e-01 -1.350588642611123191e+02
7.900000000000000355e-01 -1.355214711163694403e+02
7.910000000000000364e-01 -1.359846012060271789e+02
7.920000000000000373e-01 -1.364482541706074699e+02
7.930000000000000382e-01 -1.369124296513668924e+02
7.940000000000000391e-01 -1.373771272902932878e+02
7.950000000000000400e-01 -1.378423467301043672e+02
7.960000000000000409e-01 -1.383080876142443856e+02
7.970000000000000417e-01 -1.387743495868823231e+02
7.980000000000000426e-01 -1.392411322929089010e+02
7.990000000000000435e-01 -1.397084353779349044e+02
8.000000000000000444e-01 -1.401762584882881697e+02
8.010000000000000453e-01 -1.406446012710116520e+02
8.020000000000000462e-01 -1.411134633738603270e+02
8.030000000000000471e-01 -1.415828444453001111e+02
8.040000000000000480e-01 -1.420527441345042803e+02
8.050000000000000488e-01 -1.425231620913517645e+02
8.060000000000000497e-01 -1.429940979664246470e+02
8.070000000000000506e-01 -1.434655514110060608e+02
8.080000000000000515e-01 -1.439375220770775172e+02
8.090000000000000524e-01 -1.444100096173169163e+02
8.100000000000000533e-01 -1.448830136850962731e+02
8.110000000000000542e-01 -1.453565339344791596e+02
8.120000000000000551e-01 -1.458305700202188007e+02
8.130000000000000560e-01 -1.463051215977557433e+02
8.140000000000000568e-01 -1.467801883232150999e+02
8.150000000000000577e-01 -1.472557698534052975e+02
8.160000000000000586e-01 -1.477318658458150651e+02
8.170000000000000595e-01 -1.482084759586114160e+02
8.180000000000000604e-01 -1.486855998506375727e+02
8.190000000000000613e-01 -1.491632371814109774e+02
8.200000000000000622e-01 -1.496413876111204502e+02
8.210000000000000631e-01 -1.501200508006247105e+02
8.220000000000000639e-01 -1.505992264114496493e+02
8.230000000000000648e-01 -1.510789141057868505e+02
8.240000000000000657e-01 -1.515591135464906358e+02
8.250000000000000666e-01 -1.520398243970768704e+02
8.260000000000000675e-01 -1.525210463217198367e+02
8.270000000000000684e-01 -1.530027789852509272e+02
8.280000000000000693e-01 -1.534850220531560296e+02
8.290000000000000702e-01 -1.539677751915738781e+02
8.300000000000000711e-01 -1.544510380672935526e+02
8.310000000000000719e-01 -1.549348103477526308e+02
8.320000000000000728e-01 -1.554190917010350006e+02
8.329999999999999627e-01 -1.559038817958690970e+02
8.339999999999999636e-01 -1.563891803016253732e+02
8.349999999999999645e-01 -1.568749868883147940e+02
8.359999999999999654e-01 -1.573613012265861641e+02
8.369999999999999662e-01 -1.578481229877248779e+02
8.379999999999999671e-01 -1.583354518436502474e+02
8.389999999999999680e-01 -1.588232874669139392e+02
8.399999999999999689e-01 -1.593116295306975871e+02
8.409999999999999698e-01 -1.598004777088112860e+02
8.419999999999999707e-01 -1.602898316756910901e+02
8.429999999999999716e-01 -1.607796911063975926e+02
8.439999999999999725e-01 -1.612700556766134810e+02
8.449999999999999734e-01 -1.617609250626417747e+02
8.459999999999999742e-01 -1.622522989414040353e+02
8.469999999999999751e-01 -1.627441769904382056e+02
8.479999999999999760e-01 -1.632365588878967344e+02
8.489999999999999769e-01 -1.637294443125448424e+02
8.499999999999999778e-01 -1.642228329437582204e+02
8.509999999999999787e-01 -1.647167244615217214e+02
8.519999999999999796e-01 -1.652111185464268885e+02
8.529999999999999805e-01 -1.657060148796701640e+02
8.539999999999999813e-01 -1.662014131430515533e+02
8.549999999999999822e-01 -1.666973130189720962e+02
8.559999999999999831e-01 -1.671937141904321891e+02
8.569999999999999840e-01 -1.676906163410300508e+02
8.579999999999999849e-01 -1.681880191549594770e+02
8.589999999999999858e-01 -1.686859223170082203e+02
8.599999999999999867e-01 -1.691843255125561143e+02
8.609999999999999876e-01 -1.696832284275732547e+02
8.619999999999999885e-01 -1.701826307486180383e+02
8.629999999999999893e-01 -1.706825321628356562e+02
8.639999999999999902e-01 -1.711829323579561617e+02
8.649999999999999911e-01 -1.716838310222925941e+02
8.659999999999999920e-01 -1.721852278447390745e+02
8.669999999999999929e-01 -1.726871225147695839e+02
8.679999999999999938e-01 -1.731895147224355185e+02
8.689999999999999947e-01 -1.736924041583644396e+02
8.699999999999999956e-01 -1.741957905137577711e+02
8.709999999999999964e-01 -1.746996734803900040e+02
8.719999999999999973e-01 -1.752040527506057117e+02
8.729999999999999982e-01 -1.757089280173190389e+02
8.739999999999999991e-01 -1.762142989740107737e+02
8.750000000000000000e-01 -1.767201653147279501e+02
8.760000000000000009e-01 -1.772265267340808919e+02
8.770000000000000018e-01 -1.777333829272424452e+02
8.780000000000000027e-01 -1.782407335899455632e+02
8.790000000000000036e-01 -1.787485784184823956e+02
8.800000000000000044e-01 -1.792569171097018454e+02
8.810000000000000053e-01 -1.797657493610081758e+02
8.820000000000000062e-01 -1.802750748703596742e+02
8.830000000000000071e-01 -1.807848933362665775e+02
8.840000000000000080e-01 -1.812952044577895094e+02
8.850000000000000089e-01 -1.818060079345380586e+02
8.860000000000000098e-01 -1.823173034666685908e+02
8.870000000000000107e-01 -1.828290907548834241e+02
8.880000000000000115e-01 -1.833413695004284421e+02
8.890000000000000124e-01 -1.838541394050921554e+02
8.900000000000000133e-01 -1.843674001712031725e+02
8.910000000000000142e-01 -1.848811515016298586e+02
8.920000000000000151e-01 -1.853953930997773227e+02
8.930000000000000160e-01 -1.859101246695871623e+02
8.940000000000000169e-01 -1.864253459155347628e+02
8.950000000000000178e-01 -1.869410565426285586e+02
8.960000000000000187e-01 -1.874572562564079590e+02
8.970000000000000195e-01 -1.879739447629419544e+02
8.980000000000000204e-01 -1.884911217688273553e+02
8.990000000000000213e-01 -1.890087869811878534e+02
9.000000000000000222e-01 -1.895269401076716065e+02
9.010000000000000231e-01 -1.900455808564503570e+02
9.020000000000000240e-01 -1.905647089362175848e+02
9.030000000000000249e-01 -1.910843240561871141e+02
9.040000000000000258e-01 -1.916044259260915510e+02
9.050000000000000266e-01 -1.921250142561807479e+02
9.060000000000000275e-01 -1.926460887572200988e+02
9.070000000000000284e-01 -1.931676491404896865e+02
9.080000000000000293e-01 -1.936896951177819233e+02
9.090000000000000302e-01 -1.942122264014007271e+02
9.100000000000000311e-01 -1.947352427041596172e+02
9.110000000000000320e-01 -1.952587437393806056e+02
9.120000000000000329e-01 -1.957827292208921506e+02
9.130000000000000338e-01 -1.963071988630285034e+02
9.140000000000000346e-01 -1.968321523806275763e+02
9.150000000000000355e-01 -1.973575894890296354e+02
9.160000000000000364e-01 -1.978835099040760781e+02
9.170000000000000373e-01 -1.984099133421078420e+02
9.180000000000000382e-01 -1.989367995199636425e+02
9.190000000000000391e-01 -1.994641681549795749e+02
9.200000000000000400e-01 -1.999920189649860447e+02
9.210000000000000409e-01 -2.005203516683079954e+02
9.220000000000000417e-01 -2.010491659837624070e+02
9.230000000000000426e-01 -2.015784616306573582e+02
9.240000000000000435e-01 -2.021082383287905202e+02
9.250000000000000444e-01 -2.026384957984477921e+02
9.260000000000000453e-01 -2.031692337604017666e+02
9.270000000000000462e-01 -2.037004519359103938e+02
9.280000000000000471e-01 -2.042321500467157591e+02
9.290000000000000480e-01 -2.047643278150427193e+02
9.300000000000000488e-01 -2.052969849635969979e+02
9.310000000000000497e-01 -2.058301212155645885e+02
9.320000000000000506e-01 -2.063637362946099927e+02
9.330000000000000515e-01 -2.068978299248746566e+02
9.340000000000000524e-01 -2.074324018309760902e+02
9.350000000000000533e-01 -2.079674517380063890e+02
9.360000000000000542e-01 -2.085029793715302731e+02
9.370000000000000551e-01 -2.090389844575850304e+02
9.380000000000000560e-01 -2.095754667226777883e+02
9.390000000000000568e-01 -2.101124258937854563e+02
9.400000000000000577e-01 -2.106498616983520265e+02
9.410000000000000586e-01 -2.111877738642889142e+02
9.420000000000000595e-01 -2.117261621199719173e+02
9.430000000000000604e-01 -2.122650261942412726e+02
9.440000000000000613e-01 -2.128043658163995815e+02
9.450000000000000622e-01 -2.133441807162111843e+02
9.460000000000000631e-01 -2.138844706238999720e+02
9.470000000000000639e-01 -2.144252352701487609e+02
9.480000000000000648e-01 -2.149664743860980138e+02
9.490000000000000657e-01 -2.155081877033443050e+02
9.500000000000000666e-01 -2.160503749539388423e+02
9.510000000000000675e-01 -2.165930358703871832e+02
9.520000000000000684e-01 -2.171361701856465629e+02
9.530000000000000693e-01 -2.176797776331257808e+02
9.540000000000000702e-01 -2.182238579466834096e+02
9.550000000000000711e-01 -2.187684108606270286e+02
9.560000000000000719e-01 -2.193134361097111480e+02
9.570000000000000728e-01 -2.198589334291367834e+02
9.580000000000000737e-01 -2.204049025545497216e+02
9.590000000000000746e-01 -2.209513432220396680e+02
9.599999999999999645e-01 -2.214982551681385416e+02
9.609999999999999654e-01 -2.220456381298202757e+02
9.619999999999999662e-01 -2.225934918444979758e+02
9.629999999999999671e-01 -2.231418160500243175e+02
9.639999999999999680e-01 -2.236906104846892163e+02
9.649999999999999689e-01 -2.242398748872192584e+02
9.659999999999999698e-01 -2.247896089967763089e+02
9.669999999999999707e-01 -2.253398125529565732e+02
9.679999999999999716e-01 -2.258904852957885225e+02
9.689999999999999725e-01 -2.264416269657331213e+02
9.699999999999999734e-01 -2.269932373036813260e+02
9.709999999999999742e-01 -2.275453160509538009e+02
9.719999999999999751e-01 -2.280978629492993548e+02
9.729999999999999760e-01 -2.286508777408938897e+02
9.739999999999999769e-01 -2.292043601683388658e+02
9.749999999999999778e-01 -2.297583099746611310e+02
9.759999999999999787e-01 -2.303127269033105620e+02
9.769999999999999796e-01 -2.308676106981599503e+02
9.779999999999999805e-01 -2.314229611035028995e+02
9.789999999999999813e-01 -2.319787778640537965e+02
9.799999999999999822e-01 -2.325350607249454242e+02
9.809999999999999831e-01 -2.330918094317289615e+02
9.819999999999999840e-01 -2.336490237303722495e+02
9.829999999999999849e-01 -2.342067033672588252e+02
9.839999999999999858e-01 -2.347648480891866143e+02
9.849999999999999867e-01 -2.353234576433673624e+02
9.859999999999999876e-01 -2.358825317774247026e+02
9.869999999999999885e-01 -2.364420702393938996e+02
9.879999999999999893e-01 -2.370020727777200591e+02
9.889999999999999902e-01 -2.375625391412576732e+02
9.899999999999999911e-01 -2.381234690792688582e+02
9.909999999999999920e-01 -2.386848623414229280e+02
9.919999999999999929e-01 -2.392467186777945471e+02
9.929999999999999938e-01 -2.398090378388636168e+02
9.939999999999999947e-01 -2.403718195755131433e+02
9.949999999999999956e-01 -2.409350636390291811e+02
9.959999999999999964e-01 -2.414987697810989857e+02
9.969999999999999973e-01 -2.420629377538103597e+02
9.979999999999999982e-01 -2.426275673096503454e+02
9.989999999999999991e-01 -2.431926582015045426e+02
1.000000000000000000e+00 -2.437582101826557448e+02
