0.000000000000000000e+00 0.000000000000000000e+00
1.000000000000000021e-03 7.171414512423751608e-01
2.000000000000000042e-03 1.241980789541329955e+00
3.000000000000000062e-03 1.715902046273815484e+00
4.000000000000000083e-03 2.159070505363892334e+00
5.000000000000000104e-03 2.580209443224637855e+00
6.000000000000000125e-03 2.984170201143314216e+00
7.000000000000000146e-03 3.374031780165085870e+00
8.000000000000000167e-03 3.751917486824298820e+00
9.000000000000001055e-03 4.119378027723268332e+00
1.000000000000000021e-02 4.477594644262955725e+00
1.099999999999999936e-02 4.827496652664153842e+00
1.200000000000000025e-02 5.169834077738618028e+00
1.300000000000000114e-02 5.505224905755641274e+00
1.400000000000000029e-02 5.834187125070141811e+00
1.499999999999999944e-02 6.157161205253644631e+00
1.600000000000000033e-02 6.474526325229458479e+00
1.700000000000000122e-02 6.786612376994412443e+00
1.800000000000000211e-02 7.093709032499286415e+00
1.899999999999999953e-02 7.396072718216889719e+00
2.000000000000000042e-02 7.693932066852120499e+00
2.100000000000000130e-02 7.987492239578183550e+00
2.199999999999999872e-02 8.276938396427624411e+00
2.299999999999999961e-02 8.562438514539646661e+00
2.400000000000000050e-02 8.844145700383311492e+00
2.500000000000000139e-02 9.122200104527797393e+00
2.600000000000000228e-02 9.396730520763538763e+00
2.699999999999999969e-02 9.667855731996715107e+00
2.800000000000000058e-02 9.935685651106080485e+00
2.900000000000000147e-02 1.020032229436118953e+01
2.999999999999999889e-02 1.046186061702763936e+01
3.099999999999999978e-02 1.072038923471482086e+01
3.200000000000000067e-02 1.097599104935344982e+01
3.300000000000000155e-02 1.122874379506572673e+01
3.400000000000000244e-02 1.147872051635226320e+01
3.500000000000000333e-02 1.172598998877813159e+01
3.600000000000000422e-02 1.197061709055643064e+01
3.699999999999999817e-02 1.221266313199795484e+01
3.799999999999999906e-02 1.245218614864163875e+01
3.899999999999999994e-02 1.268924116294334858e+01
4.000000000000000083e-02 1.292388041863515014e+01
4.100000000000000172e-02 1.315615359123807160e+01
4.200000000000000261e-02 1.338610797769184124e+01
4.300000000000000350e-02 1.361378866763366702e+01
4.399999999999999745e-02 1.383923869849833643e+01
4.499999999999999833e-02 1.406249919631023815e+01
4.599999999999999922e-02 1.428360950378414529e+01
4.700000000000000011e-02 1.450260729713697927e+01
4.800000000000000100e-02 1.471952869283072296e+01
4.900000000000000189e-02 1.493440834531176087e+01
5.000000000000000278e-02 1.514727953667902050e+01
5.100000000000000366e-02 1.535817425910006584e+01
5.200000000000000455e-02 1.556712329069603129e+01
5.299999999999999850e-02 1.577415626553210792e+01
5.399999999999999939e-02 1.597930173827701417e+01
5.500000000000000028e-02 1.618258724403139581e+01
5.600000000000000117e-02 1.638403935376987164e+01
5.700000000000000205e-02 1.658368372579298367e+01
5.800000000000000294e-02 1.678154515354318477e+01
5.900000000000000383e-02 1.697764761010175860e+01
5.999999999999999778e-02 1.717201428965105592e+01
6.099999999999999867e-02 1.736466764615754244e+01
6.199999999999999956e-02 1.755562942950561833e+01
6.300000000000000044e-02 1.774492071929005377e+01
6.400000000000000133e-02 1.793256195645422935e+01
6.500000000000000222e-02 1.811857297294428903e+01
6.600000000000000311e-02 1.830297301953288525e+01
6.700000000000000400e-02 1.848578079195243618e+01
6.800000000000000488e-02 1.866701445546505767e+01
6.900000000000000577e-02 1.884669166798482465e+01
7.000000000000000666e-02 1.902482960185814420e+01
7.100000000000000755e-02 1.920144496439873549e+01
7.200000000000000844e-02 1.937655401726532389e+01
7.299999999999999545e-02 1.955017259476311509e+01
7.399999999999999634e-02 1.972231612114298827e+01
7.499999999999999722e-02 1.989299962696668800e+01
7.599999999999999811e-02 2.006223776460033292e+01
7.699999999999999900e-02 2.023004482289420380e+01
7.799999999999999989e-02 2.039643474110150478e+01
7.900000000000000078e-02 2.056142112208543438e+01
8.000000000000000167e-02 2.072501724485950803e+01
8.100000000000000255e-02 2.088723607650308267e+01
8.200000000000000344e-02 2.104809028349076527e+01
8.300000000000000433e-02 2.120759224247149177e+01
8.400000000000000522e-02 2.136575405053058674e+01
8.500000000000000611e-02 2.152258753496557020e+01
8.600000000000000699e-02 2.167810426260442114e+01
8.700000000000000788e-02 2.183231554869296076e+01
8.799999999999999489e-02 2.198523246537607889e+01
8.899999999999999578e-02 2.213686584979597072e+01
8.999999999999999667e-02 2.228722631182891334e+01
9.099999999999999756e-02 2.243632424148062299e+01
9.199999999999999845e-02 2.258416981595904716e+01
9.299999999999999933e-02 2.273077300644201415e+01
9.400000000000000022e-02 2.287614358455620689e+01
9.500000000000000111e-02 2.302029112858287263e+01
9.600000000000000200e-02 2.316322502940439421e+01
9.700000000000000289e-02 2.330495449620559256e+01
9.800000000000000377e-02 2.344548856194198905e+01
9.900000000000000466e-02 2.358483608858716352e+01
1.000000000000000056e-01 2.372300577217022877e+01
1.010000000000000064e-01 2.386000614761398353e+01
1.020000000000000073e-01 2.399584559338343936e+01
1.030000000000000082e-01 2.413053233595411839e+01
1.040000000000000091e-01 2.426407445410886865e+01
1.049999999999999961e-01 2.439647988307127591e+01
1.059999999999999970e-01 2.452775641848353771e+01
1.069999999999999979e-01 2.465791172023612887e+01
1.079999999999999988e-01 2.478695331615599073e+01
1.089999999999999997e-01 2.491488860556005847e+01
1.100000000000000006e-01 2.504172486267995978e+01
1.110000000000000014e-01 2.516746923996393903e+01
1.120000000000000023e-01 2.529212877126138892e+01
1.130000000000000032e-01 2.541571037489532259e+01
1.140000000000000041e-01 2.553822085662755725e+01
1.150000000000000050e-01 2.565966691252144827e+01
1.160000000000000059e-01 2.578005513170647589e+01
1.170000000000000068e-01 2.589939199904902267e+01
1.180000000000000077e-01 2.601768389773317125e+01
1.190000000000000085e-01 2.613493711175546608e+01
1.199999999999999956e-01 2.625115782833707812e+01
1.209999999999999964e-01 2.636635214025697138e+01
1.219999999999999973e-01 2.648052604810909472e+01
1.229999999999999982e-01 2.659368546248689569e+01
1.239999999999999991e-01 2.670583620609801656e+01
1.250000000000000000e-01 2.681698401581183688e+01
1.260000000000000009e-01 2.692713454464276168e+01
1.270000000000000018e-01 2.703629336367160718e+01
1.280000000000000027e-01 2.714446596390756383e+01
1.290000000000000036e-01 2.725165775809309565e+01
1.300000000000000044e-01 2.735787408245379382e+01
1.310000000000000053e-01 2.746312019839549023e+01
1.320000000000000062e-01 2.756740129415052820e+01
1.330000000000000071e-01 2.767072248637506604e+01
1.340000000000000080e-01 2.777308882169928594e+01
1.350000000000000089e-01 2.787450527823227020e+01
1.360000000000000098e-01 2.797497676702310443e+01
1.370000000000000107e-01 2.807450813348001262e+01
1.380000000000000115e-01 2.817310415874870699e+01
1.390000000000000124e-01 2.827076956105179661e+01
1.400000000000000133e-01 2.836750899699030271e+01
1.410000000000000142e-01 2.846332706280892211e+01
1.420000000000000151e-01 2.855822829562596255e+01
1.430000000000000160e-01 2.865221717462960171e+01
1.440000000000000169e-01 2.874529812224122338e+01
1.449999999999999900e-01 2.883747550524728709e+01
1.459999999999999909e-01 2.892875363590052018e+01
1.469999999999999918e-01 2.901913677299175376e+01
1.479999999999999927e-01 2.910862912289318416e+01
1.489999999999999936e-01 2.919723484057407603e+01
1.499999999999999944e-01 2.928495803058984492e+01
1.509999999999999953e-01 2.937180274804531166e+01
1.519999999999999962e-01 2.945777299953321204e+01
1.529999999999999971e-01 2.954287274404836339e+01
1.539999999999999980e-01 2.962710589387862470e+01
1.549999999999999989e-01 2.971047631547329004e+01
1.559999999999999998e-01 2.979298783028958653e+01
1.570000000000000007e-01 2.987464421561789507e+01
1.580000000000000016e-01 2.995544920538665323e+01
1.590000000000000024e-01 3.003540649094724557e+01
1.600000000000000033e-01 3.011451972183969161e+01
1.610000000000000042e-01 3.019279250653964652e+01
1.620000000000000051e-01 3.027022841318736113e+01
1.630000000000000060e-01 3.034683097029898136e+01
1.640000000000000069e-01 3.042260366746112510e+01
1.650000000000000078e-01 3.049754995600855878e+01
1.660000000000000087e-01 3.057167324968617450e+01
1.670000000000000095e-01 3.064497692529533879e+01
1.680000000000000104e-01 3.071746432332516719e+01
1.690000000000000113e-01 3.078913874856917232e+01
1.700000000000000122e-01 3.086000347072767624e+01
1.710000000000000131e-01 3.093006172499652706e+01
1.720000000000000140e-01 3.099931671264229038e+01
1.730000000000000149e-01 3.106777160156452311e+01
1.740000000000000158e-01 3.113542952684540666e+01
1.750000000000000167e-01 3.120229359128702384e+01
1.759999999999999898e-01 3.126836686593671999e+01
1.769999999999999907e-01 3.133365239060097096e+01
1.779999999999999916e-01 3.139815317434773334e+01
1.789999999999999925e-01 3.146187219599810447e+01
1.799999999999999933e-01 3.152481240460708278e+01
1.809999999999999942e-01 3.158697671993408918e+01
1.819999999999999951e-01 3.164836803290326372e+01
1.829999999999999960e-01 3.170898920605414517e+01
1.839999999999999969e-01 3.176884307398254847e+01
1.849999999999999978e-01 3.182793244377227637e+01
1.859999999999999987e-01 3.188626009541777506e+01
1.869999999999999996e-01 3.194382878223796496e+01
1.880000000000000004e-01 3.200064123128136373e+01
1.890000000000000013e-01 3.205670014372303456e+01
1.900000000000000022e-01 3.211200819525328853e+01
1.910000000000000031e-01 3.216656803645841478e+01
1.920000000000000040e-01 3.222038229319377933e+01
1.930000000000000049e-01 3.227345356694933542e+01
1.940000000000000058e-01 3.232578443520777256e+01
1.950000000000000067e-01 3.237737745179550330e+01
1.960000000000000075e-01 3.242823514722678624e+01
1.970000000000000084e-01 3.247836002904091401e+01
1.980000000000000093e-01 3.252775458213278625e+01
1.990000000000000102e-01 3.257642126907711599e+01
2.000000000000000111e-01 3.262436253044621992e+01
2.010000000000000120e-01 3.267158078512171215e+01
2.020000000000000129e-01 3.271807843060015841e+01
2.030000000000000138e-01 3.276385784329288953e+01
2.040000000000000147e-01 3.280892137882008797e+01
2.050000000000000155e-01 3.285327137229936767e+01
2.060000000000000164e-01 3.289691013862876190e+01
2.070000000000000173e-01 3.293983997276454545e+01
2.080000000000000182e-01 3.298206314999374200e+01
2.089999999999999913e-01 3.302358192620168609e+01
2.099999999999999922e-01 3.306439853813445495e+01
2.109999999999999931e-01 3.310451520365673872e+01
2.119999999999999940e-01 3.314393412200473676e+01
2.129999999999999949e-01 3.318265747403450661e+01
2.139999999999999958e-01 3.322068742246590034e+01
2.149999999999999967e-01 3.325802611212198201e+01
2.159999999999999976e-01 3.329467567016424567e+01
2.169999999999999984e-01 3.333063820632352758e+01
2.179999999999999993e-01 3.336591581312684696e+01
2.190000000000000002e-01 3.340051056612021796e+01
2.200000000000000011e-01 3.343442452408768872e+01
2.210000000000000020e-01 3.346765972926615973e+01
2.220000000000000029e-01 3.350021820755685553e+01
2.230000000000000038e-01 3.353210196873289561e+01
2.240000000000000047e-01 3.356331300664333384e+01
2.250000000000000056e-01 3.359385329941367360e+01
2.260000000000000064e-01 3.362372480964291555e+01
2.270000000000000073e-01 3.365292948459728706e+01
2.280000000000000082e-01 3.368146925640070322e+01
2.290000000000000091e-01 3.370934604222190956e+01
2.300000000000000100e-01 3.373656174445856948e+01
2.310000000000000109e-01 3.376311825091814001e+01
2.320000000000000118e-01 3.378901743499595511e+01
2.330000000000000127e-01 3.381426115585010450e+01
2.340000000000000135e-01 3.383885125857352705e+01
2.350000000000000144e-01 3.386278957436333314e+01
2.360000000000000153e-01 3.388607792068715696e+01
2.370000000000000162e-01 3.390871810144709286e+01
2.380000000000000171e-01 3.393071190714066176e+01
2.390000000000000180e-01 3.395206111501932611e+01
2.399999999999999911e-01 3.397276748924443268e+01
2.409999999999999920e-01 3.399283278104068273e+01
2.419999999999999929e-01 3.401225872884710810e+01
2.429999999999999938e-01 3.403104705846557465e+01
2.439999999999999947e-01 3.404919948320710432e+01
2.449999999999999956e-01 3.406671770403575294e+01
2.459999999999999964e-01 3.408360340971026403e+01
2.469999999999999973e-01 3.409985827692356963e+01
2.479999999999999982e-01 3.411548397043996061e+01
2.489999999999999991e-01 3.413048214323029583e+01
2.500000000000000000e-01 3.414485443660505126e+01
2.510000000000000009e-01 3.415860248034536539e+01
2.520000000000000018e-01 3.417172789283188905e+01
2.530000000000000027e-01 3.418423228117201518e+01
2.540000000000000036e-01 3.419611724132484198e+01
2.550000000000000044e-01 3.420738435822441659e+01
2.560000000000000053e-01 3.421803520590108150e+01
2.570000000000000062e-01 3.422807134760103764e+01
2.580000000000000071e-01 3.423749433590403868e+01
2.590000000000000080e-01 3.424630571283937996e+01
2.600000000000000089e-01 3.425450701000017517e+01
2.610000000000000098e-01 3.426209974865598440e+01
2.620000000000000107e-01 3.426908543986358069e+01
2.630000000000000115e-01 3.427546558457644466e+01
2.640000000000000124e-01 3.428124167375231934e+01
2.650000000000000133e-01 3.428641518845937242e+01
2.660000000000000142e-01 3.429098759998083779e+01
2.670000000000000151e-01 3.429496036991801589e+01
2.680000000000000160e-01 3.429833495029195234e+01
2.690000000000000169e-01 3.430111278364353922e+01
2.700000000000000178e-01 3.430329530313223785e+01
2.710000000000000187e-01 3.430488393263340186e+01
2.720000000000000195e-01 3.430588008683425016e+01
2.730000000000000204e-01 3.430628517132831945e+01
2.740000000000000213e-01 3.430610058270892182e+01
2.750000000000000222e-01 3.430532770866082615e+01
2.760000000000000231e-01 3.430396792805125017e+01
2.770000000000000240e-01 3.430202261101893413e+01
2.780000000000000249e-01 3.429949311906255360e+01
2.790000000000000258e-01 3.429638080512753362e+01
2.800000000000000266e-01 3.429268701369190353e+01
2.810000000000000275e-01 3.428841308085078765e+01
2.820000000000000284e-01 3.428356033439986561e+01
2.830000000000000293e-01 3.427813009391771715e+01
2.840000000000000302e-01 3.427212367084690214e+01
2.850000000000000311e-01 3.426554236857417379e+01
2.860000000000000320e-01 3.425838748250933463e+01
2.870000000000000329e-01 3.425066030016328966e+01
2.880000000000000338e-01 3.424236210122502655e+01
2.889999999999999791e-01 3.423349415763725290e+01
2.899999999999999800e-01 3.422405773367155746e+01
2.909999999999999809e-01 3.421405408600208631e+01
2.919999999999999818e-01 3.420348446377860085e+01
2.929999999999999827e-01 3.419235010869837055e+01
2.939999999999999836e-01 3.418065225507723426e+01
2.949999999999999845e-01 3.416839212991965979e+01
2.959999999999999853e-01 3.415557095298795076e+01
2.969999999999999862e-01 3.414218993687052262e+01
2.979999999999999871e-01 3.412825028704938291e+01
2.989999999999999880e-01 3.411375320196658123e+01
2.999999999999999889e-01 3.409869987308994865e+01
3.009999999999999898e-01 3.408309148497800578e+01
3.019999999999999907e-01 3.406692921534394713e+01
3.029999999999999916e-01 3.405021423511880130e+01
3.039999999999999925e-01 3.403294770851397288e+01
3.049999999999999933e-01 3.401513079308283238e+01
3.059999999999999942e-01 3.399676463978157415e+01
3.069999999999999951e-01 3.397785039302929277e+01
3.079999999999999960e-01 3.395838919076744133e+01
3.089999999999999969e-01 3.393838216451830903e+01
3.099999999999999978e-01 3.391783043944306542e+01
3.109999999999999987e-01 3.389673513439883124e+01
3.119999999999999996e-01 3.387509736199517363e+01
3.130000000000000004e-01 3.385291822864996902e+01
3.140000000000000013e-01 3.383019883464442046e+01
3.150000000000000022e-01 3.380694027417749226e+01
3.160000000000000031e-01 3.378314363541982601e+01
3.170000000000000040e-01 3.375881000056658365e+01
3.180000000000000049e-01 3.373394044589029050e+01
3.190000000000000058e-01 3.370853604179238516e+01
3.200000000000000067e-01 3.368259785285461305e+01
3.210000000000000075e-01 3.365612693788958154e+01
3.220000000000000084e-01 3.362912434999081768e+01
3.230000000000000093e-01 3.360159113658219354e+01
3.240000000000000102e-01 3.357352833946676895e+01
3.250000000000000111e-01 3.354493699487493075e+01
3.260000000000000120e-01 3.351581813351236860e+01
3.270000000000000129e-01 3.348617278060693536e+01
3.280000000000000138e-01 3.345600195595543624e+01
3.290000000000000147e-01 3.342530667396952282e+01
3.300000000000000155e-01 3.339408794372133116e+01
3.310000000000000164e-01 3.336234676898840235e+01
3.320000000000000173e-01 3.333008414829814114e+01
3.330000000000000182e-01 3.329730107497186964e+01
3.340000000000000191e-01 3.326399853716814903e+01
3.350000000000000200e-01 3.323017751792588825e+01
3.360000000000000209e-01 3.319583899520662129e+01
3.370000000000000218e-01 3.316098394193669208e+01
3.380000000000000226e-01 3.312561332604867914e+01
3.390000000000000235e-01 3.308972811052236551e+01
3.400000000000000244e-01 3.305332925342548123e+01
3.410000000000000253e-01 3.301641770795368558e+01
3.420000000000000262e-01 3.297899442247032198e+01
3.430000000000000271e-01 3.294106034054566834e+01
3.440000000000000280e-01 3.290261640099571139e+01
3.450000000000000289e-01 3.286366353792043071e+01
3.460000000000000298e-01 3.282420268074192649e+01
3.470000000000000306e-01 3.278423475424183664e+01
3.480000000000000315e-01 3.274376067859833483e+01
3.490000000000000324e-01 3.270278136942322789e+01
3.500000000000000333e-01 3.266129773779773160e+01
3.510000000000000342e-01 3.261931069030890029e+01
3.519999999999999796e-01 3.257682112908480576e+01
3.529999999999999805e-01 3.253382995182976600e+01
3.539999999999999813e-01 3.249033805185916179e+01
3.549999999999999822e-01 3.244634631813378434e+01
3.559999999999999831e-01 3.240185563529391999e+01
3.569999999999999840e-01 3.235686688369283104e+01
3.579999999999999849e-01 3.231138093943029332e+01
3.589999999999999858e-01 3.226539867438530251e+01
3.599999999999999867e-01 3.221892095624883723e+01
3.609999999999999876e-01 3.217194864855597558e+01
3.619999999999999885e-01 3.212448261071796907e+01
3.629999999999999893e-01 3.207652369805361303e+01
3.639999999999999902e-01 3.202807276182070240e+01
3.649999999999999911e-01 3.197913064924674842e+01
3.659999999999999920e-01 3.192969820355966704e+01
3.669999999999999929e-01 3.187977626401802667e+01
3.679999999999999938e-01 3.182936566594112549e+01
3.689999999999999947e-01 3.177846724073842921e+01
3.699999999999999956e-01 3.172708181593907995e+01
3.709999999999999964e-01 3.167521021522086144e+01
3.719999999999999973e-01 3.162285325843900452e+01
3.729999999999999982e-01 3.157001176165460876e+01
3.739999999999999991e-01 3.151668653716275870e+01
3.750000000000000000e-01 3.146287839352049076e+01
3.760000000000000009e-01 3.140858813557423446e+01
3.770000000000000018e-01 3.135381656448737786e+01
3.780000000000000027e-01 3.129856447776707284e+01
3.790000000000000036e-01 3.124283266929105096e+01
3.800000000000000044e-01 3.118662192933426169e+01
3.810000000000000053e-01 3.112993304459484278e+01
3.820000000000000062e-01 3.107276679822046006e+01
3.830000000000000071e-01 3.101512396983356012e+01
3.840000000000000080e-01 3.095700533555728740e+01
3.850000000000000089e-01 3.089841166804035666e+01
3.860000000000000098e-01 3.083934373648217786e+01
3.870000000000000107e-01 3.077980230665752259e+01
3.880000000000000115e-01 3.071978814094093480e+01
3.890000000000000124e-01 3.065930199833105263e+01
3.900000000000000133e-01 3.059834463447461417e+01
3.910000000000000142e-01 3.053691680169011491e+01
3.920000000000000151e-01 3.047501924899137649e+01
3.930000000000000160e-01 3.041265272211083115e+01
3.940000000000000169e-01 3.034981796352277073e+01
3.950000000000000178e-01 3.028651571246588148e+01
3.960000000000000187e-01 3.022274670496615556e+01
3.970000000000000195e-01 3.015851167385908482e+01
3.980000000000000204e-01 3.009381134881215658e+01
3.990000000000000213e-01 3.002864645634649321e+01
4.000000000000000222e-01 2.996301771985885765e+01
4.010000000000000231e-01 2.989692585964322546e+01
4.020000000000000240e-01 2.983037159291206208e+01
4.030000000000000249e-01 2.976335563381756799e+01
4.040000000000000258e-01 2.969587869347243725e+01
4.050000000000000266e-01 2.962794147997112404e+01
4.060000000000000275e-01 2.955954469840977339e+01
4.070000000000000284e-01 2.949068905090714310e+01
4.080000000000000293e-01 2.942137523662452026e+01
4.090000000000000302e-01 2.935160395178576920e+01
4.100000000000000311e-01 2.928137588969725513e+01
4.110000000000000320e-01 2.921069174076727393e+01
4.120000000000000329e-01 2.913955219252580875e+01
4.130000000000000338e-01 2.906795792964346958e+01
4.140000000000000346e-01 2.899590963395092302e+01
4.150000000000000355e-01 2.892340798445756178e+01
4.160000000000000364e-01 2.885045365737036605e+01
4.169999999999999818e-01 2.877704732611254101e+01
4.179999999999999827e-01 2.870318966134177430e+01
4.189999999999999836e-01 2.862888133096859988e+01
4.199999999999999845e-01 2.855412300017449923e+01
4.209999999999999853e-01 2.847891533142971099e+01
4.219999999999999862e-01 2.840325898451108344e+01
4.229999999999999871e-01 2.832715461651967459e+01
4.239999999999999880e-01 2.825060288189801128e+01
4.249999999999999889e-01 2.817360443244771417e+01
4.259999999999999898e-01 2.809615991734619556e+01
4.269999999999999907e-01 2.801826998316409600e+01
4.279999999999999916e-01 2.793993527388175835e+01
4.289999999999999925e-01 2.786115643090603555e+01
4.299999999999999933e-01 2.778193409308682149e+01
4.309999999999999942e-01 2.770226889673341475e+01
4.319999999999999951e-01 2.762216147563088953e+01
4.329999999999999960e-01 2.754161246105585548e+01
4.339999999999999969e-01 2.746062248179287835e+01
4.349999999999999978e-01 2.737919216414987389e+01
4.359999999999999987e-01 2.729732213197404178e+01
4.369999999999999996e-01 2.721501300666735190e+01
4.380000000000000004e-01 2.713226540720191338e+01
4.390000000000000013e-01 2.704907995013530098e+01
4.400000000000000022e-01 2.696545724962565060e+01
4.410000000000000031e-01 2.688139791744671214e+01
4.420000000000000040e-01 2.679690256300274598e+01
4.430000000000000049e-01 2.671197179334321348e+01
4.440000000000000058e-01 2.662660621317741416e+01
4.450000000000000067e-01 2.654080642488916908e+01
4.460000000000000075e-01 2.645457302855094284e+01
4.470000000000000084e-01 2.636790662193825341e+01
4.480000000000000093e-01 2.628080780054385457e+01
4.490000000000000102e-01 2.619327715759157371e+01
4.500000000000000111e-01 2.610531528405045520e+01
4.510000000000000120e-01 2.601692276864832465e+01
4.520000000000000129e-01 2.592810019788558407e+01
4.530000000000000138e-01 2.583884815604873353e+01
4.540000000000000147e-01 2.574916722522385371e+01
4.550000000000000155e-01 2.565905798530994630e+01
4.560000000000000164e-01 2.556852101403195121e+01
4.570000000000000173e-01 2.547755688695423615e+01
4.580000000000000182e-01 2.538616617749318394e+01
4.590000000000000191e-01 2.529434945693038017e+01
4.600000000000000200e-01 2.520210729442528574e+01
4.610000000000000209e-01 2.510944025702802662e+01
4.620000000000000218e-01 2.501634890969167913e+01
4.630000000000000226e-01 2.492283381528516273e+01
4.640000000000000235e-01 2.482889553460532284e+01
4.650000000000000244e-01 2.473453462638922673e+01
4.660000000000000253e-01 2.463975164732651990e+01
4.670000000000000262e-01 2.454454715207123527e+01
4.680000000000000271e-01 2.444892169325411402e+01
4.690000000000000280e-01 2.435287582149399555e+01
4.700000000000000289e-01 2.425641008541021293e+01
4.710000000000000298e-01 2.415952503163368803e+01
4.720000000000000306e-01 2.406222120481897164e+01
4.730000000000000315e-01 2.396449914765553757e+01
4.740000000000000324e-01 2.386635940087915486e+01
4.750000000000000333e-01 2.376780250328343058e+01
4.760000000000000342e-01 2.366882899173070243e+01
4.770000000000000351e-01 2.356943940116364189e+01
4.780000000000000360e-01 2.346963426461573832e+01
4.790000000000000369e-01 2.336941411322274931e+01
4.799999999999999822e-01 2.326877947623337661e+01
4.809999999999999831e-01 2.316773088102005929e+01
4.819999999999999840e-01 2.306626885308964603e+01
4.829999999999999849e-01 2.296439391609415281e+01
4.839999999999999858e-01 2.286210659184121141e+01
4.849999999999999867e-01 2.275940740030455700e+01
4.859999999999999876e-01 2.265629685963432749e+01
4.869999999999999885e-01 2.255277548616750138e+01
4.879999999999999893e-01 2.244884379443801237e+01
4.889999999999999902e-01 2.234450229718688163e+01
4.899999999999999911e-01 2.223975150537236090e+01
4.909999999999999920e-01 2.213459192817988708e+01
4.919999999999999929e-01 2.202902407303187360e+01
4.929999999999999938e-01 2.192304844559780008e+01
4.939999999999999947e-01 2.181666554980363060e+01
4.949999999999999956e-01 2.170987588784176836e+01
4.959999999999999964e-01 2.160267996018048819e+01
4.969999999999999973e-01 2.149507826557362478e+01
4.979999999999999982e-01 2.138707130106989851e+01
4.989999999999999991e-01 2.127865956202237285e+01
5.000000000000000000e-01 2.116984354209773400e+01
5.010000000000000009e-01 2.106062373328554571e+01
5.020000000000000018e-01 2.095100062590755741e+01
5.030000000000000027e-01 2.084097470862650425e+01
5.040000000000000036e-01 2.073054646845558224e+01
5.050000000000000044e-01 2.061971639076693563e+01
5.060000000000000053e-01 2.050848495930098991e+01
5.070000000000000062e-01 2.039685265617499255e+01
5.080000000000000071e-01 2.028481996189201553e+01
5.090000000000000080e-01 2.017238735534942862e+01
5.100000000000000089e-01 2.005955531384779178e+01
5.110000000000000098e-01 1.994632431309922538e+01
5.120000000000000107e-01 1.983269482723604682e+01
5.130000000000000115e-01 1.971866732881922957e+01
5.140000000000000124e-01 1.960424228884665965e+01
5.150000000000000133e-01 1.948942017676167282e+01
5.160000000000000142e-01 1.937420146046109082e+01
5.170000000000000151e-01 1.925858660630369812e+01
5.180000000000000160e-01 1.914257607911820713e+01
5.190000000000000169e-01 1.902617034221126957e+01
5.200000000000000178e-01 1.890936985737582532e+01
5.210000000000000187e-01 1.879217508489867328e+01
5.220000000000000195e-01 1.867458648356880246e+01
5.230000000000000204e-01 1.855660451068484562e+01
5.240000000000000213e-01 1.843822962206324334e+01
5.250000000000000222e-01 1.831946227204563371e+01
5.260000000000000231e-01 1.820030291350688145e+01
5.270000000000000240e-01 1.808075199786259191e+01
5.280000000000000249e-01 1.796080997507648291e+01
5.290000000000000258e-01 1.784047729366816881e+01
5.300000000000000266e-01 1.771975440072062824e+01
5.310000000000000275e-01 1.759864174188751207e+01
5.320000000000000284e-01 1.747713976140038739e+01
5.330000000000000293e-01 1.735524890207646820e+01
5.340000000000000302e-01 1.723296960532545796e+01
5.350000000000000311e-01 1.711030231115691080e+01
5.360000000000000320e-01 1.698724745818752879e+01
5.370000000000000329e-01 1.686380548364797960e+01
5.380000000000000338e-01 1.673997682339030035e+01
5.390000000000000346e-01 1.661576191189453766e+01
5.400000000000000355e-01 1.649116118227610883e+01
5.410000000000000364e-01 1.636617506629232821e+01
5.420000000000000373e-01 1.624080399434965827e+01
5.430000000000000382e-01 1.611504839551014001e+01
5.440000000000000391e-01 1.598890869749839894e+01
5.450000000000000400e-01 1.586238532670842361e+01
5.460000000000000409e-01 1.573547870820996408e+01
5.470000000000000417e-01 1.560818926575552368e+01
5.480000000000000426e-01 1.548051742178651224e+01
5.490000000000000435e-01 1.535246359744029121e+01
5.500000000000000444e-01 1.522402821255636596e+01
5.510000000000000453e-01 1.509521168568264216e+01
5.520000000000000462e-01 1.496601443408237486e+01
5.530000000000000471e-01 1.483643687374005182e+01
5.540000000000000480e-01 1.470647941936793757e+01
5.550000000000000488e-01 1.457614248441220894e+01
5.560000000000000497e-01 1.444542648105954896e+01
5.570000000000000506e-01 1.431433182024269968e+01
5.580000000000000515e-01 1.418285891164731183e+01
5.590000000000000524e-01 1.405100816371753325e+01
5.600000000000000533e-01 1.391877998366233982e+01
5.610000000000000542e-01 1.378617477746151110e+01
5.620000000000000551e-01 1.365319294987151011e+01
5.630000000000000560e-01 1.351983490443165437e+01
5.640000000000000568e-01 1.338610104346970076e+01
5.650000000000000577e-01 1.325199176810814805e+01
5.660000000000000586e-01 1.311750747826953045e+01
5.670000000000000595e-01 1.298264857268274142e+01
5.680000000000000604e-01 1.284741544888837694e+01
5.690000000000000613e-01 1.271180850324464018e+01
5.700000000000000622e-01 1.257582813093308971e+01
5.710000000000000631e-01 1.243947472596399706e+01
5.720000000000000639e-01 1.230274868118226550e+01
5.730000000000000648e-01 1.216565038827275202e+01
5.740000000000000657e-01 1.202818023776595169e+01
5.750000000000000666e-01 1.189033861904339773e+01
5.760000000000000675e-01 1.175212592034316827e+01
5.769999999999999574e-01 1.161354252876534332e+01
5.779999999999999583e-01 1.147458883027714904e+01
5.789999999999999591e-01 1.133526520971865637e+01
5.799999999999999600e-01 1.119557205080790396e+01
5.809999999999999609e-01 1.105550973614618471e+01
5.819999999999999618e-01 1.091507864722326104e+01
5.829999999999999627e-01 1.077427916442267986e+01
5.839999999999999636e-01 1.063311166702690258e+01
5.849999999999999645e-01 1.049157653322242822e+01
5.859999999999999654e-01 1.034967414010487374e+01
5.869999999999999662e-01 1.020740486368423916e+01
5.879999999999999671e-01 1.006476907888959715e+01
5.889999999999999680e-01 9.921767159574564232e+00
5.899999999999999689e-01 9.778399478521905053e+00
5.909999999999999698e-01 9.634666407448676750e+00
5.919999999999999707e-01 9.490568317010989574e+00
5.929999999999999716e-01 9.346105576809122795e+00
5.939999999999999725e-01 9.201278555392292446e+00
5.949999999999999734e-01 9.056087620263234328e+00
5.959999999999999742e-01 8.910533137883447807e+00
5.969999999999999751e-01 8.764615473677551449e+00
5.979999999999999760e-01 8.618334992038334974e+00
5.989999999999999769e-01 8.471692056331214360e+00
5.999999999999999778e-01 8.324687028899042218e+00
6.009999999999999787e-01 8.177320271066655266e+00
6.019999999999999796e-01 8.029592143145784178e+00
6.029999999999999805e-01 7.881503004439139204e+00
6.039999999999999813e-01 7.733053213245476343e+00
6.049999999999999822e-01 7.584243126863810858e+00
6.059999999999999831e-01 7.435073101598014489e+00
6.069999999999999840e-01 7.285543492761334505e+00
6.079999999999999849e-01 7.135654654680728015e+00
6.089999999999999858e-01 6.985406940701416545e+00
6.099999999999999867e-01 6.834800703191255877e+00
6.109999999999999876e-01 6.683836293544999307e+00
6.119999999999999885e-01 6.532514062188731430e+00
6.129999999999999893e-01 6.380834358584166921e+00
6.139999999999999902e-01 6.228797531232935114e+00
6.149999999999999911e-01 6.076403927680750883e+00
6.159999999999999920e-01 5.923653894521848429e+00
6.169999999999999929e-01 5.770547777402967426e+00
6.179999999999999938e-01 5.617085921027751283e+00
6.189999999999999947e-01 5.463268669160704860e+00
6.199999999999999956e-01 5.309096364631415099e+00
6.209999999999999964e-01 5.154569349338757434e+00
6.219999999999999973e-01 4.999687964254697192e+00
6.229999999999999982e-01 4.844452549428815757e+00
6.239999999999999991e-01 4.688863443991706959e+00
6.250000000000000000e-01 4.532920986159666654e+00
6.260000000000000009e-01 4.376625513238138865e+00
6.270000000000000018e-01 4.219977361625950607e+00
6.280000000000000027e-01 4.062976866819255406e+00
6.290000000000000036e-01 3.905624363415292066e+00
6.300000000000000044e-01 3.747920185116420555e+00
6.310000000000000053e-01 3.589864664733823929e+00
6.320000000000000062e-01 3.431458134191657905e+00
6.330000000000000071e-01 3.272700924530489885e+00
6.340000000000000080e-01 3.113593365911334843e+00
6.350000000000000089e-01 2.954135787619527775e+00
6.360000000000000098e-01 2.794328518068077472e+00
6.370000000000000107e-01 2.634171884801872920e+00
6.380000000000000115e-01 2.473666214501044180e+00
6.390000000000000124e-01 2.312811832984856153e+00
6.400000000000000133e-01 2.151609065215261296e+00
6.410000000000000142e-01 1.990058235300573131e+00
6.420000000000000151e-01 1.828159666499161062e+00
6.430000000000000160e-01 1.665913681222889409e+00
6.440000000000000169e-01 1.503320601040947224e+00
6.450000000000000178e-01 1.340380746683138113e+00
6.460000000000000187e-01 1.177094438043617686e+00
6.470000000000000195e-01 1.013461994184318371e+00
6.480000000000000204e-01 8.494837333384523959e-01
6.490000000000000213e-01 6.851599729140147588e-01
6.500000000000000222e-01 5.204910294973288387e-01
6.510000000000000231e-01 3.554772188562935753e-01
6.520000000000000240e-01 1.901188559439290771e-01
6.530000000000000249e-01 2.441625490178012114e-02
6.540000000000000258e-01 -1.416302709367869284e-01
6.550000000000000266e-01 -3.080204090431095665e-01
6.560000000000000275e-01 -4.747538476899890725e-01
6.570000000000000284e-01 -6.418302759482656938e-01
6.580000000000000293e-01 -8.092493836836709420e-01
6.590000000000000302e-01 -9.770108615533388274e-01
6.600000000000000311e-01 -1.145114401002750526e+00
6.610000000000000320e-01 -1.313559694262288247e+00
6.620000000000000329e-01 -1.482346434344229635e+00
6.630000000000000338e-01 -1.651474315039251906e+00
6.640000000000000346e-01 -1.820943030913497296e+00
6.650000000000000355e-01 -1.990752277305361417e+00
6.660000000000000364e-01 -2.160901750322125281e+00
6.670000000000000373e-01 -2.331391146837077599e+00
6.680000000000000382e-01 -2.502220164486175236e+00
6.690000000000000391e-01 -2.673388501665186823e+00
6.700000000000000400e-01 -2.844895857526367422e+00
6.710000000000000409e-01 -3.016741931975573721e+00
6.720000000000000417e-01 -3.188926425668903164e+00
6.730000000000000426e-01 -3.361449040010235478e+00
6.740000000000000435e-01 -3.534309477147616008e+00
6.750000000000000444e-01 -3.707507439970470386e+00
6.760000000000000453e-01 -3.881042632106854740e+00
6.770000000000000462e-01 -4.054914757920052182e+00
6.780000000000000471e-01 -4.229123522506078814e+00
6.790000000000000480e-01 -4.403668631690401014e+00
6.800000000000000488e-01 -4.578549792025043530e+00
6.810000000000000497e-01 -4.753766710785960470e+00
6.820000000000000506e-01 -4.929319095969923126e+00
6.830000000000000515e-01 -5.105206656291464640e+00
6.840000000000000524e-01 -5.281429101180727059e+00
6.850000000000000533e-01 -5.457986140779674145e+00
6.860000000000000542e-01 -5.634877485940002373e+00
6.870000000000000551e-01 -5.812102848219979023e+00
6.880000000000000560e-01 -5.989661939881841590e+00
6.890000000000000568e-01 -6.167554473888650080e+00
6.900000000000000577e-01 -6.345780163902183801e+00
6.910000000000000586e-01 -6.524338724279559187e+00
6.920000000000000595e-01 -6.703229870070700258e+00
6.930000000000000604e-01 -6.882453317015759353e+00
6.940000000000000613e-01 -7.062008781542310487e+00
6.950000000000000622e-01 -7.241895980762627971e+00
6.960000000000000631e-01 -7.422114632471064510e+00
6.970000000000000639e-01 -7.602664455141315614e+00
6.980000000000000648e-01 -7.783545167923982433e+00
6.990000000000000657e-01 -7.964756490643537745e+00
7.000000000000000666e-01 -8.146298143796244062e+00
7.010000000000000675e-01 -8.328169848546941978e+00
7.020000000000000684e-01 -8.510371326727124597e+00
7.030000000000000693e-01 -8.692902300831718776e+00
7.039999999999999591e-01 -8.875762494016996129e+00
7.049999999999999600e-01 -9.058951630097887175e+00
7.059999999999999609e-01 -9.242469433545181801e+00
7.069999999999999618e-01 -9.426315629483461578e+00
7.079999999999999627e-01 -9.610489943688286019e+00
7.089999999999999636e-01 -9.794992102583734095e+00
7.099999999999999645e-01 -9.979821833239924445e+00
7.109999999999999654e-01 -1.016497886337078427e+01
7.119999999999999662e-01 -1.035046292133124979e+01
7.129999999999999671e-01 -1.053627373611485041e+01
7.139999999999999680e-01 -1.072241103735166945e+01
7.149999999999999689e-01 -1.090887455530544514e+01
7.159999999999999698e-01 -1.109566402087153136e+01
7.169999999999999707e-01 -1.128277916557407679e+01
7.179999999999999716e-01 -1.147021972156421299e+01
7.189999999999999725e-01 -1.165798542161726914e+01
7.199999999999999734e-01 -1.184607599913044851e+01
7.209999999999999742e-01 -1.203449118812085317e+01
7.219999999999999751e-01 -1.222323072322237181e+01
7.229999999999999760e-01 -1.241229433968446472e+01
7.239999999999999769e-01 -1.260168177336882422e+01
7.249999999999999778e-01 -1.279139276074773335e+01
7.259999999999999787e-01 -1.298142703890136573e+01
7.269999999999999796e-01 -1.317178434551588850e+01
7.279999999999999805e-01 -1.336246441888091852e+01
7.289999999999999813e-01 -1.355346699788746889e+01
7.299999999999999822e-01 -1.374479182202556160e+01
7.309999999999999831e-01 -1.393643863138208161e+01
7.319999999999999840e-01 -1.412840716663855289e+01
7.329999999999999849e-01 -1.432069716906888601e+01
7.339999999999999858e-01 -1.451330838053725358e+01
7.349999999999999867e-01 -1.470624054349594445e+01
7.359999999999999876e-01 -1.489949340098301889e+01
7.369999999999999885e-01 -1.509306669662045408e+01
7.379999999999999893e-01 -1.528696017461160039e+01
7.389999999999999902e-01 -1.548117357973935526e+01
7.399999999999999911e-01 -1.567570665736403868e+01
7.409999999999999920e-01 -1.587055915342102708e+01
7.419999999999999929e-01 -1.606573081441887041e+01
7.429999999999999938e-01 -1.626122138743711787e+01
7.439999999999999947e-01 -1.645703062012431417e+01
7.449999999999999956e-01 -1.665315826069578264e+01
7.459999999999999964e-01 -1.684960405793166416e+01
7.469999999999999973e-01 -1.704636776117479968e+01
7.479999999999999982e-01 -1.724344912032891131e+01
7.489999999999999991e-01 -1.744084788585615797e+01
7.500000000000000000e-01 -1.763856380877560071e+01
7.510000000000000009e-01 -1.783659664066063755e+01
7.520000000000000018e-01 -1.803494613363762511e+01
7.530000000000000027e-01 -1.823361204038339167e+01
7.540000000000000036e-01 -1.843259411412342530e+01
7.550000000000000044e-01 -1.863189210863005485e+01
7.560000000000000053e-01 -1.883150577822015492e+01
7.570000000000000062e-01 -1.903143487775358267e+01
7.580000000000000071e-01 -1.923167916263087562e+01
7.590000000000000080e-01 -1.943223838879158194e+01
7.600000000000000089e-01 -1.963311231271219270e+01
7.610000000000000098e-01 -1.983430069140433005e+01
7.620000000000000107e-01 -2.003580328241266528e+01
7.630000000000000115e-01 -2.023761984381329881e+01
7.640000000000000124e-01 -2.043975013421161435e+01
7.650000000000000133e-01 -2.064219391274069437e+01
7.660000000000000142e-01 -2.084495093905891849e+01
7.670000000000000151e-01 -2.104802097334881950e+01
7.680000000000000160e-01 -2.125140377631471011e+01
7.690000000000000169e-01 -2.145509910918084984e+01
7.700000000000000178e-01 -2.165910673369012329e+01
7.710000000000000187e-01 -2.186342641210153914e+01
7.720000000000000195e-01 -2.206805790718899374e+01
7.730000000000000204e-01 -2.227300098223899738e+01
7.740000000000000213e-01 -2.247825540104918929e+01
7.750000000000000222e-01 -2.268382092792658966e+01
7.760000000000000231e-01 -2.288969732768546095e+01
7.770000000000000240e-01 -2.309588436564575886e+01
7.780000000000000249e-01 -2.330238180763173261e+01
7.790000000000000258e-01 -2.350918941996940958e+01
7.800000000000000266e-01 -2.371630696948528794e+01
7.810000000000000275e-01 -2.392373422350499368e+01
7.820000000000000284e-01 -2.413147094985056640e+01
7.830000000000000293e-01 -2.433951691683984819e+01
7.840000000000000302e-01 -2.454787189328365571e+01
7.850000000000000311e-01 -2.475653564848497723e+01
7.860000000000000320e-01 -2.496550795223714658e+01
7.870000000000000329e-01 -2.517478857482147703e+01
7.880000000000000338e-01 -2.538437728700637308e+01
7.890000000000000346e-01 -2.559427386004525573e+01
7.900000000000000355e-01 -2.580447806567503477e+01
7.910000000000000364e-01 -2.601498967611442481e+01
7.920000000000000373e-01 -2.622580846406226129e+01
7.930000000000000382e-01 -2.643693420269578098e+01
7.940000000000000391e-01 -2.664836666566914403e+01
7.950000000000000400e-01 -2.686010562711190630e+01
7.960000000000000409e-01 -2.707215086162702278e+01
7.970000000000000417e-01 -2.728450214428978882e+01
7.980000000000000426e-01 -2.749715925064543143e+01
7.990000000000000435e-01 -2.771012195670843425e+01
8.000000000000000444e-01 -2.792339003896046279e+01
8.010000000000000453e-01 -2.813696327434849564e+01
8.020000000000000462e-01 -2.835084144028396480e+01
8.030000000000000471e-01 -2.856502431464071634e+01
8.040000000000000480e-01 -2.877951167575362490e+01
8.050000000000000488e-01 -2.899430330241676756e+01
8.060000000000000497e-01 -2.920939897388220885e+01
8.070000000000000506e-01 -2.942479846985840908e+01
8.080000000000000515e-01 -2.964050157050858303e+01
8.090000000000000524e-01 -2.985650805644921491e+01
8.100000000000000533e-01 -3.007281770874853777e+01
8.110000000000000542e-01 -3.028943030892519772e+01
8.120000000000000551e-01 -3.050634563894635676e+01
8.130000000000000560e-01 -3.072356348122664116e+01
8.140000000000000568e-01 -3.094108361862638645e+01
8.150000000000000577e-01 -3.115890583445015238e+01
8.160000000000000586e-01 -3.137702991244543682e+01
8.170000000000000595e-01 -3.159545563680107705e+01
8.180000000000000604e-01 -3.181418279214584288e+01
8.190000000000000613e-01 -3.203321116354671716e+01
8.200000000000000622e-01 -3.225254053650795072e+01
8.210000000000000631e-01 -3.247217069696930736e+01
8.220000000000000639e-01 -3.269210143130462143e+01
8.230000000000000648e-01 -3.291233252632031281e+01
8.240000000000000657e-01 -3.313286376925433530e+01
8.250000000000000666e-01 -3.335369494777436472e+01
8.260000000000000675e-01 -3.357482584997634945e+01
8.270000000000000684e-01 -3.379625626438367192e+01
8.280000000000000693e-01 -3.401798597994501705e+01
8.290000000000000702e-01 -3.424001478603369719e+01
8.300000000000000711e-01 -3.446234247244549209e+01
8.310000000000000719e-01 -3.468496882939801651e+01
8.320000000000000728e-01 -3.490789364752902912e+01
8.329999999999999627e-01 -3.513111671789459933e+01
8.339999999999999636e-01 -3.535463783196895804e+01
8.349999999999999645e-01 -3.557845678164178338e+01
8.359999999999999654e-01 -3.580257335921774597e+01
8.369999999999999662e-01 -3.602698735741492442e+01
8.379999999999999671e-01 -3.625169856936324209e+01
8.389999999999999680e-01 -3.647670678860350790e+01
8.399999999999999689e-01 -3.670201180908585314e+01
8.409999999999999698e-01 -3.692761342516863721e+01
8.419999999999999707e-01 -3.715351143161680625e+01
8.429999999999999716e-01 -3.737970562360070659e+01
8.439999999999999725e-01 -3.760619579669516810e+01
8.449999999999999734e-01 -3.783298174687759996e+01
8.459999999999999742e-01 -3.806006327052714511e+01
8.469999999999999751e-01 -3.828744016442313836e+01
8.479999999999999760e-01 -3.851511222574403348e+01
8.489999999999999769e-01 -3.874307925206605319e+01
8.499999999999999778e-01 -3.897134104136175381e+01
8.509999999999999787e-01 -3.919989739199921530e+01
8.519999999999999796e-01 -3.942874810274022934e+01
8.529999999999999805e-01 -3.965789297273927616e+01
8.539999999999999813e-01 -3.988733180154267188e+01
8.549999999999999822e-01 -4.011706438908673533e+01
8.559999999999999831e-01 -4.034709053569672221e+01
8.569999999999999840e-01 -4.057741004208578772e+01
8.579999999999999849e-01 -4.080802270935376441e+01
8.589999999999999858e-01 -4.103892833898564163e+01
8.599999999999999867e-01 -4.127012673285078392e+01
8.609999999999999876e-01 -4.150161769320121152e+01
8.619999999999999885e-01 -4.173340102267087559e+01
8.629999999999999893e-01 -4.196547652427415187e+01
8.639999999999999902e-01 -4.219784400140487435e+01
8.649999999999999911e-01 -4.243050325783504206e+01
8.659999999999999920e-01 -4.266345409771361119e+01
8.669999999999999929e-01 -4.289669632556520185e+01
8.679999999999999938e-01 -4.313022974628931649e+01
8.689999999999999947e-01 -4.336405416515881939e+01
8.699999999999999956e-01 -4.359816938781888496e+01
8.709999999999999964e-01 -4.383257522028584674e+01
8.719999999999999973e-01 -4.406727146894603209e+01
8.729999999999999982e-01 -4.430225794055489530e+01
8.739999999999999991e-01 -4.453753444223511337e+01
8.750000000000000000e-01 -4.477310078147641548e+01
8.760000000000000009e-01 -4.500895676613384921e+01
8.770000000000000018e-01 -4.524510220442667219e+01
8.780000000000000027e-01 -4.548153690493749934e+01
8.790000000000000036e-01 -4.571826067661102400e+01
8.800000000000000044e-01 -4.595527332875298043e+01
8.810000000000000053e-01 -4.619257467102879389e+01
8.820000000000000062e-01 -4.643016451346289841e+01
8.830000000000000071e-01 -4.666804266643718790e+01
8.840000000000000080e-01 -4.690620894069047608e+01
8.850000000000000089e-01 -4.714466314731676277e+01
8.860000000000000098e-01 -4.738340509776450915e+01
8.870000000000000107e-01 -4.762243460383584193e+01
8.880000000000000115e-01 -4.786175147768457805e+01
8.890000000000000124e-01 -4.810135553181636681e+01
8.900000000000000133e-01 -4.834124657908640188e+01
8.910000000000000142e-01 -4.858142443269960609e+01
8.920000000000000151e-01 -4.882188890620820132e+01
8.930000000000000160e-01 -4.906263981351185066e+01
8.940000000000000169e-01 -4.930367696885605255e+01
8.950000000000000178e-01 -4.954500018683100393e+01
8.960000000000000187e-01 -4.978660928237096073e+01
8.970000000000000195e-01 -5.002850407075280259e+01
8.980000000000000204e-01 -5.027068436759532233e+01
8.990000000000000213e-01 -5.051314998885796115e+01
9.000000000000000222e-01 -5.075590075083985653e+01
9.010000000000000231e-01 -5.099893647017891851e+01
9.020000000000000240e-01 -5.124225696385077811e+01
9.030000000000000249e-01 -5.148586204916763620e+01
9.040000000000000258e-01 -5.172975154377748197e+01
9.050000000000000266e-01 -5.197392526566285653e+01
9.060000000000000275e-01 -5.221838303314014240e+01
9.070000000000000284e-01 -5.246312466485819925e+01
9.080000000000000293e-01 -5.270814997979776706e+01
9.090000000000000302e-01 -5.295345879727032923e+01
9.100000000000000311e-01 -5.319905093691674836e+01
9.110000000000000320e-01 -5.344492621870713833e+01
9.120000000000000329e-01 -5.369108446293908798e+01
9.130000000000000338e-01 -5.393752549023697895e+01
9.140000000000000346e-01 -5.418424912155126094e+01
9.150000000000000355e-01 -5.443125517815700221e+01
9.160000000000000364e-01 -5.467854348165350586e+01
9.170000000000000373e-01 -5.492611385396281776e+01
9.180000000000000382e-01 -5.517396611732905853e+01
9.190000000000000391e-01 -5.542210009431754258e+01
9.200000000000000400e-01 -5.567051560781355590e+01
9.210000000000000409e-01 -5.591921248102170239e+01
9.220000000000000417e-01 -5.616819053746499435e+01
9.230000000000000426e-01 -5.641744960098345985e+01
9.240000000000000435e-01 -5.666698949573385846e+01
9.250000000000000444e-01 -5.691681004618810391e+01
9.260000000000000453e-01 -5.716691107713322140e+01
9.270000000000000462e-01 -5.741729241366924441e+01
9.280000000000000471e-01 -5.766795388120934263e+01
9.290000000000000480e-01 -5.791889530547861398e+01
9.300000000000000488e-01 -5.817011651251284832e+01
9.310000000000000497e-01 -5.842161732865778845e+01
9.320000000000000506e-01 -5.867339758056880328e+01
9.330000000000000515e-01 -5.892545709520904040e+01
9.340000000000000524e-01 -5.917779569984912769e+01
9.350000000000000533e-01 -5.943041322206627797e+01
9.360000000000000542e-01 -5.968330948974306693e+01
9.370000000000000551e-01 -5.993648433106707785e+01
9.380000000000000560e-01 -6.018993757452946625e+01
9.390000000000000568e-01 -6.044366904892449099e+01
9.400000000000000577e-01 -6.069767858334850530e+01
9.410000000000000586e-01 -6.095196600719903302e+01
9.420000000000000595e-01 -6.120653115017384494e+01
9.430000000000000604e-01 -6.146137384227050404e+01
9.440000000000000613e-01 -6.171649391378502969e+01
9.450000000000000622e-01 -6.197189119531120127e+01
9.460000000000000631e-01 -6.222756551773989031e+01
9.470000000000000639e-01 -6.248351671225792359e+01
9.480000000000000648e-01 -6.273974461034765682e+01
9.490000000000000657e-01 -6.299624904378558199e+01
9.500000000000000666e-01 -6.325302984464182998e+01
9.510000000000000675e-01 -6.351008684527944581e+01
9.520000000000000684e-01 -6.376741987835326597e+01
9.530000000000000693e-01 -6.402502877680926474e+01
9.540000000000000702e-01 -6.428291337388370152e+01
9.550000000000000711e-01 -6.454107350310239610e+01
9.560000000000000719e-01 -6.479950899827957755e+01
9.570000000000000728e-01 -6.505821969351744372e+01
9.580000000000000737e-01 -6.531720542320543643e+01
9.590000000000000746e-01 -6.557646602201879205e+01
9.599999999999999645e-01 -6.583600132491845613e+01
9.609999999999999654e-01 -6.609581116714993243e+01
9.619999999999999662e-01 -6.635589538424237332e+01
9.629999999999999671e-01 -6.661625381200838092e+01
9.639999999999999680e-01 -6.687688628654234435e+01
9.649999999999999689e-01 -6.713779264422018400e+01
9.659999999999999698e-01 -6.739897272169864095e+01
9.669999999999999707e-01 -6.766042635591432486e+01
9.679999999999999716e-01 -6.792215338408279024e+01
9.689999999999999725e-01 -6.818415364369799647e+01
9.699999999999999734e-01 -6.844642697253149777e+01
9.709999999999999742e-01 -6.870897320863160473e+01
9.719999999999999751e-01 -6.897179219032258857e+01
9.729999999999999760e-01 -6.923488375620401314e+01
9.739999999999999769e-01 -6.949824774515001025e+01
9.749999999999999778e-01 -6.976188399630829906e+01
9.759999999999999787e-01 -7.002579234909958927e+01
9.769999999999999796e-01 -7.028997264321694161e+01
9.779999999999999805e-01 -7.055442471862485831e+01
9.789999999999999813e-01 -7.081914841555835949e+01
9.799999999999999822e-01 -7.108414357452275567e+01
9.809999999999999831e-01 -7.134941003629251099e+01
9.819999999999999840e-01 -7.161494764191031948e+01
9.829999999999999849e-01 -7.188075623268707659e+01
9.839999999999999858e-01 -7.214683565020050082e+01
9.849999999999999867e-01 -7.241318573629447997e+01
9.859999999999999876e-01 -7.267980633307868743e+01
9.869999999999999885e-01 -7.294669728292765853e+01
9.879999999999999893e-01 -7.321385842848000891e+01
9.889999999999999902e-01 -7.348128961263761028e+01
9.899999999999999911e-01 -7.374899067856523516e+01
9.909999999999999920e-01 -7.401696146968961898e+01
9.919999999999999929e-01 -7.428520182969879215e+01
9.929999999999999938e-01 -7.455371160254114216e+01
9.939999999999999947e-01 -7.482249063242515774e+01
9.949999999999999956e-01 -7.509153876381851944e+01
9.959999999999999964e-01 -7.536085584144693428e+01
9.969999999999999973e-01 -7.563044171029439156e+01
9.979999999999999982e-01 -7.590029621560164230e+01
9.989999999999999991e-01 -7.617041920286598611e+01
1.000000000000000000e+00 -7.644081051784026215e+01
