0.000000000000000000e+00 0.000000000000000000e+00
1.000000000000000021e-03 1.674603053998705571e+00
2.000000000000000042e-03 2.895888124786046625e+00
3.000000000000000062e-03 3.988057461202273668e+00
4.000000000000000083e-03 5.000956129850591125e+00
5.000000000000000104e-03 5.956624092530767633e+00
6.000000000000000125e-03 6.867492341591398208e+00
7.000000000000000146e-03 7.741530281588063112e+00
8.000000000000000167e-03 8.584275453108890730e+00
9.000000000000001055e-03 9.399795842396246215e+00
1.000000000000000021e-02 1.019120456207474845e+01
1.099999999999999936e-02 1.096095981921778062e+01
1.200000000000000025e-02 1.171105142660143450e+01
1.300000000000000114e-02 1.244312278951834116e+01
1.400000000000000029e-02 1.315855400840277056e+01
1.499999999999999944e-02 1.385852042303521969e+01
1.600000000000000033e-02 1.454403503188518876e+01
1.700000000000000122e-02 1.521597997194334972e+01
1.800000000000000211e-02 1.587513036659195365e+01
1.899999999999999953e-02 1.652217271881603011e+01
2.000000000000000042e-02 1.715771932275045231e+01
2.100000000000000130e-02 1.778231971422520985e+01
2.199999999999999872e-02 1.839646988266351002e+01
2.299999999999999961e-02 1.900061976528413155e+01
2.400000000000000050e-02 1.959517940570480476e+01
2.500000000000000139e-02 2.018052406149391231e+01
2.600000000000000228e-02 2.075699847551403465e+01
2.699999999999999969e-02 2.132492047531964019e+01
2.800000000000000058e-02 2.188458402764841537e+01
2.900000000000000147e-02 2.243626184729703965e+01
2.999999999999999889e-02 2.298020763874187367e+01
3.099999999999999978e-02 2.351665803290315182e+01
3.200000000000000067e-02 2.404583426915589328e+01
3.300000000000000155e-02 2.456794366312975342e+01
3.400000000000000244e-02 2.508318089334123968e+01
3.500000000000000333e-02 2.559172913377095782e+01
3.600000000000000422e-02 2.609376105477369379e+01
3.699999999999999817e-02 2.658943971091648351e+01
3.799999999999999906e-02 2.707891933127643824e+01
3.899999999999999994e-02 2.756234602523921140e+01
4.000000000000000083e-02 2.803985841480143293e+01
4.100000000000000172e-02 2.851158820270559602e+01
4.200000000000000261e-02 2.897766068435003461e+01
4.300000000000000350e-02 2.943819521026567898e+01
4.399999999999999745e-02 2.989330560499028167e+01
4.499999999999999833e-02 3.034310054736410578e+01
4.599999999999999922e-02 3.078768391659241388e+01
4.700000000000000011e-02 3.122715510784572857e+01
4.800000000000000100e-02 3.166160932068052958e+01
4.900000000000000189e-02 3.209113782314819474e+01
5.000000000000000278e-02 3.251582819410360514e+01
5.100000000000000366e-02 3.293576454592022884e+01
5.200000000000000455e-02 3.335102772955539763e+01
5.299999999999999850e-02 3.376169552368262572e+01
5.399999999999999939e-02 3.416784280941131158e+01
5.500000000000000028e-02 3.456954173194284863e+01
5.600000000000000117e-02 3.496686185036372763e+01
5.700000000000000205e-02 3.535987027664626936e+01
5.800000000000000294e-02 3.574863180481297320e+01
5.900000000000000383e-02 3.613320903112128235e+01
5.999999999999999778e-02 3.651366246603738830e+01
6.099999999999999867e-02 3.689005063868919621e+01
6.199999999999999956e-02 3.726243019442168247e+01
6.300000000000000044e-02 3.763085598601492165e+01
6.400000000000000133e-02 3.799538115907284919e+01
6.500000000000000222e-02 3.835605723204211870e+01
6.600000000000000311e-02 3.871293417127711933e+01
6.700000000000000400e-02 3.906606046153007838e+01
6.800000000000000488e-02 3.941548317220990327e+01
6.900000000000000577e-02 3.976124801972368061e+01
7.000000000000000666e-02 4.010339942618659137e+01
7.100000000000000755e-02 4.044198057476171471e+01
7.200000000000000844e-02 4.077703346186852684e+01
7.299999999999999545e-02 4.110859894647934709e+01
7.399999999999999634e-02 4.143671679670415386e+01
7.499999999999999722e-02 4.176142573384862544e+01
7.599999999999999811e-02 4.208276347411455021e+01
7.699999999999999900e-02 4.240076676809878364e+01
7.799999999999999989e-02 4.271547143823469384e+01
7.900000000000000078e-02 4.302691241430855484e+01
8.000000000000000167e-02 4.333512376717340686e+01
8.100000000000000255e-02 4.364013874077387101e+01
8.200000000000000344e-02 4.394198978258645383e+01
8.300000000000000433e-02 4.424070857257261480e+01
8.400000000000000522e-02 4.453632605073447337e+01
8.500000000000000611e-02 4.482887244335691435e+01
8.600000000000000699e-02 4.511837728801360470e+01
8.700000000000000788e-02 4.540486945740898506e+01
8.799999999999999489e-02 4.568837718212363797e+01
8.899999999999999578e-02 4.596892807232545408e+01
8.999999999999999667e-02 4.624654913850486793e+01
9.099999999999999756e-02 4.652126681128868313e+01
9.199999999999999845e-02 4.679310696038337625e+01
9.299999999999999933e-02 4.706209491269498812e+01
9.400000000000000022e-02 4.732825546967045227e+01
9.500000000000000111e-02 4.759161292390169962e+01
9.600000000000000200e-02 4.785219107503118607e+01
9.700000000000000289e-02 4.811001324499592613e+01
9.800000000000000377e-02 4.836510229264377614e+01
9.900000000000000466e-02 4.861748062775386359e+01
1.000000000000000056e-01 4.886717022449218462e+01
1.010000000000000064e-01 4.911419263432965465e+01
1.020000000000000073e-01 4.935856899844984014e+01
1.030000000000000082e-01 4.960032005967168089e+01
1.040000000000000091e-01 4.983946617390972733e+01
1.049999999999999961e-01 5.007602732119558198e+01
1.059999999999999970e-01 5.031002311628033397e+01
1.069999999999999979e-01 5.054147281883836484e+01
1.079999999999999988e-01 5.077039534329089321e+01
1.089999999999999997e-01 5.099680926826697913e+01
1.100000000000000006e-01 5.122073284571886376e+01
1.110000000000000014e-01 5.144218400970675731e+01
1.120000000000000023e-01 5.166118038486881403e+01
1.130000000000000032e-01 5.187773929458948885e+01
1.140000000000000041e-01 5.209187776888028765e+01
1.150000000000000050e-01 5.230361255198515380e+01
1.160000000000000059e-01 5.251296010972257733e+01
1.170000000000000068e-01 5.271993663657602269e+01
1.180000000000000077e-01 5.292455806254261574e+01
1.190000000000000085e-01 5.312684005975173562e+01
1.199999999999999956e-01 5.332679804886146968e+01
1.209999999999999964e-01 5.352444720524357535e+01
1.219999999999999973e-01 5.371980246496505629e+01
1.229999999999999982e-01 5.391287853057483659e+01
1.239999999999999991e-01 5.410368987670292995e+01
1.250000000000000000e-01 5.429225075548096413e+01
1.260000000000000009e-01 5.447857520178953195e+01
1.270000000000000018e-01 5.466267703834038372e+01
1.280000000000000027e-01 5.484456988059986315e+01
1.290000000000000036e-01 5.502426714155899390e+01
1.300000000000000044e-01 5.520178203635721559e+01
1.310000000000000053e-01 5.537712758676443059e+01
1.320000000000000062e-01 5.555031662552752891e+01
1.330000000000000071e-01 5.572136180058586774e+01
1.340000000000000080e-01 5.589027557916131173e+01
1.350000000000000089e-01 5.605707025172669233e+01
1.360000000000000098e-01 5.622175793585791581e+01
1.370000000000000107e-01 5.638435057997356381e+01
1.380000000000000115e-01 5.654485996696617178e+01
1.390000000000000124e-01 5.670329771772907890e+01
1.400000000000000133e-01 5.685967529458294933e+01
1.410000000000000142e-01 5.701400400460480000e+01
1.420000000000000151e-01 5.716629500286347820e+01
1.430000000000000160e-01 5.731655929556532669e+01
1.440000000000000169e-01 5.746480774311179829e+01
1.449999999999999900e-01 5.761105106307362433e+01
1.459999999999999909e-01 5.775529983308329207e+01
1.469999999999999918e-01 5.789756449364924151e+01
1.479999999999999927e-01 5.803785535089399161e+01
1.489999999999999936e-01 5.817618257921911606e+01
1.499999999999999944e-01 5.831255622389942062e+01
1.509999999999999953e-01 5.844698620360848906e+01
1.519999999999999962e-01 5.857948231287804219e+01
1.529999999999999971e-01 5.871005422449336919e+01
1.539999999999999980e-01 5.883871149182638050e+01
1.549999999999999989e-01 5.896546355110926640e+01
1.559999999999999998e-01 5.909031972364958563e+01
1.570000000000000007e-01 5.921328921798949807e+01
1.580000000000000016e-01 5.933438113201033559e+01
1.590000000000000024e-01 5.945360445498457125e+01
1.600000000000000033e-01 5.957096806957687818e+01
1.610000000000000042e-01 5.968648075379536522e+01
1.620000000000000051e-01 5.980015118289533405e+01
1.630000000000000060e-01 5.991198793123602684e+01
1.640000000000000069e-01 6.002199947409292236e+01
1.650000000000000078e-01 6.013019418942590022e+01
1.660000000000000087e-01 6.023658035960507817e+01
1.670000000000000095e-01 6.034116617309595654e+01
1.680000000000000104e-01 6.044395972610404755e+01
1.690000000000000113e-01 6.054496902418134141e+01
1.700000000000000122e-01 6.064420198379504257e+01
1.710000000000000131e-01 6.074166643385976272e+01
1.720000000000000140e-01 6.083737011723443544e+01
1.730000000000000149e-01 6.093132069218471258e+01
1.740000000000000158e-01 6.102352573381219258e+01
1.750000000000000167e-01 6.111399273545094957e+01
1.759999999999999898e-01 6.120272911003279859e+01
1.769999999999999907e-01 6.128974219142180857e+01
1.779999999999999916e-01 6.137503923571893694e+01
1.789999999999999925e-01 6.145862742253795119e+01
1.799999999999999933e-01 6.154051385625328408e+01
1.809999999999999942e-01 6.162070556722004255e+01
1.819999999999999951e-01 6.169920951296786882e+01
1.829999999999999960e-01 6.177603257936895886e+01
1.839999999999999969e-01 6.185118158178052994e+01
1.849999999999999978e-01 6.192466326616305849e+01
1.859999999999999987e-01 6.199648431017472205e+01
1.869999999999999996e-01 6.206665132424240028e+01
1.880000000000000004e-01 6.213517085261015183e+01
1.890000000000000013e-01 6.220204937436605519e+01
1.900000000000000022e-01 6.226729330444705823e+01
1.910000000000000031e-01 6.233090899462343515e+01
1.920000000000000040e-01 6.239290273446250268e+01
1.930000000000000049e-01 6.245328075227324405e+01
1.940000000000000058e-01 6.251204921603064690e+01
1.950000000000000067e-01 6.256921423428251217e+01
1.960000000000000075e-01 6.262478185703647426e+01
1.970000000000000084e-01 6.267875807663050125e+01
1.980000000000000093e-01 6.273114882858528318e+01
1.990000000000000102e-01 6.278195999243965986e+01
2.000000000000000111e-01 6.283119739257023184e+01
2.010000000000000120e-01 6.287886679899357034e+01
2.020000000000000129e-01 6.292497392815381829e+01
2.030000000000000138e-01 6.296952444369453161e+01
2.040000000000000147e-01 6.301252395721547828e+01
2.050000000000000155e-01 6.305397802901502047e+01
2.060000000000000164e-01 6.309389216881797324e+01
2.070000000000000173e-01 6.313227183648984209e+01
2.080000000000000182e-01 6.316912244273727595e+01
2.089999999999999913e-01 6.320444934979542495e+01
2.099999999999999922e-01 6.323825787210240890e+01
2.109999999999999931e-01 6.327055327696052700e+01
2.119999999999999940e-01 6.330134078518642582e+01
2.129999999999999949e-01 6.333062557174757501e+01
2.139999999999999958e-01 6.335841276638842601e+01
2.149999999999999967e-01 6.338470745424420016e+01
2.159999999999999976e-01 6.340951467644366346e+01
2.169999999999999984e-01 6.343283943070125019e+01
2.179999999999999993e-01 6.345468667189791745e+01
2.190000000000000002e-01 6.347506131265180329e+01
2.200000000000000011e-01 6.349396822387888051e+01
2.210000000000000020e-01 6.351141223534299485e+01
2.220000000000000029e-01 6.352739813619671594e+01
2.230000000000000038e-01 6.354193067551237561e+01
2.240000000000000047e-01 6.355501456280336470e+01
2.250000000000000056e-01 6.356665446853722301e+01
2.260000000000000064e-01 6.357685502463869653e+01
2.270000000000000073e-01 6.358562082498491463e+01
2.280000000000000082e-01 6.359295642589141551e+01
2.290000000000000091e-01 6.359886634659009275e+01
2.300000000000000100e-01 6.360335506969883568e+01
2.310000000000000109e-01 6.360642704168326134e+01
2.320000000000000118e-01 6.360808667331053812e+01
2.330000000000000127e-01 6.360833834009528687e+01
2.340000000000000135e-01 6.360718638273857550e+01
2.350000000000000144e-01 6.360463510755872818e+01
2.360000000000000153e-01 6.360068878691571825e+01
2.370000000000000162e-01 6.359535165962803660e+01
2.380000000000000171e-01 6.358862793138273872e+01
2.390000000000000180e-01 6.358052177513867775e+01
2.399999999999999911e-01 6.357103733152359837e+01
2.409999999999999920e-01 6.356017870922379132e+01
2.419999999999999929e-01 6.354794998536844730e+01
2.429999999999999938e-01 6.353435520590694097e+01
2.439999999999999947e-01 6.351939838598074317e+01
2.449999999999999956e-01 6.350308351028844811e+01
2.459999999999999964e-01 6.348541453344606111e+01
2.469999999999999973e-01 6.346639538034051498e+01
2.479999999999999982e-01 6.344602994647840433e+01
2.489999999999999991e-01 6.342432209832858803e+01
2.500000000000000000e-01 6.340127567365976091e+01
2.510000000000000009e-01 6.337689448187254015e+01
2.520000000000000018e-01 6.335118230432631492e+01
2.530000000000000027e-01 6.332414289466149171e+01
2.540000000000000036e-01 6.329577997911598430e+01
2.550000000000000044e-01 6.326609725683768204e+01
2.560000000000000053e-01 6.323509840019110584e+01
2.570000000000000062e-01 6.320278705506026995e+01
2.580000000000000071e-01 6.316916684114656277e+01
2.590000000000000080e-01 6.313424135226205181e+01
2.600000000000000089e-01 6.309801415661839741e+01
2.610000000000000098e-01 6.306048879711131860e+01
2.620000000000000107e-01 6.302166879160119350e+01
2.630000000000000115e-01 6.298155763318902700e+01
2.640000000000000124e-01 6.294015879048831152e+01
2.650000000000000133e-01 6.289747570789329245e+01
2.660000000000000142e-01 6.285351180584262920e+01
2.670000000000000151e-01 6.280827048107975941e+01
2.680000000000000160e-01 6.276175510690910642e+01
2.690000000000000169e-01 6.271396903344881224e+01
2.700000000000000178e-01 6.266491558787924987e+01
2.710000000000000187e-01 6.261459807468881422e+01
2.720000000000000195e-01 6.256301977591505903e+01
2.730000000000000204e-01 6.251018395138334682e+01
2.740000000000000213e-01 6.245609383894195332e+01
2.750000000000000222e-01 6.240075265469275223e+01
2.760000000000000231e-01 6.234416359321998158e+01
2.770000000000000240e-01 6.228632982781525129e+01
2.780000000000000249e-01 6.222725451069879909e+01
2.790000000000000258e-01 6.216694077323888479e+01
2.800000000000000266e-01 6.210539172616668679e+01
2.810000000000000275e-01 6.204261045978932287e+01
2.820000000000000284e-01 6.197860004419923996e+01
2.830000000000000293e-01 6.191336352948098920e+01
2.840000000000000302e-01 6.184690394591520857e+01
2.850000000000000311e-01 6.177922430417955724e+01
2.860000000000000320e-01 6.171032759554688596e+01
2.870000000000000329e-01 6.164021679208089921e+01
2.880000000000000338e-01 6.156889484682919544e+01
2.889999999999999791e-01 6.149636469401355754e+01
2.899999999999999800e-01 6.142262924921728739e+01
2.909999999999999809e-01 6.134769140957101285e+01
2.919999999999999818e-01 6.127155405393470033e+01
2.929999999999999827e-01 6.119422004307863006e+01
2.939999999999999836e-01 6.111569221986069778e+01
2.949999999999999845e-01 6.103597340940207516e+01
2.959999999999999853e-01 6.095506641926033353e+01
2.969999999999999862e-01 6.087297403960051412e+01
2.979999999999999871e-01 6.078969904336353380e+01
2.989999999999999880e-01 6.070524418643267950e+01
2.999999999999999889e-01 6.061961220779780035e+01
3.009999999999999898e-01 6.053280582971751755e+01
3.019999999999999907e-01 6.044482775787907514e+01
3.029999999999999916e-01 6.035568068155668442e+01
3.039999999999999925e-01 6.026536727376655733e+01
3.049999999999999933e-01 6.017389019142171946e+01
3.059999999999999942e-01 6.008125207548339120e+01
3.069999999999999951e-01 5.998745555111117511e+01
3.079999999999999960e-01 5.989250322781104785e+01
3.089999999999999969e-01 5.979639769958151163e+01
3.099999999999999978e-01 5.969914154505828208e+01
3.109999999999999987e-01 5.960073732765631149e+01
3.119999999999999996e-01 5.950118759571072502e+01
3.130000000000000004e-01 5.940049488261613675e+01
3.140000000000000013e-01 5.929866170696323024e+01
3.150000000000000022e-01 5.919569057267509748e+01
3.160000000000000031e-01 5.909158396914035194e+01
3.170000000000000040e-01 5.898634437134585085e+01
3.180000000000000049e-01 5.887997424000722901e+01
3.190000000000000058e-01 5.877247602169731522e+01
3.200000000000000067e-01 5.866385214897433542e+01
3.210000000000000075e-01 5.855410504050752962e+01
3.220000000000000084e-01 5.844323710120072946e+01
3.230000000000000093e-01 5.833125072231651842e+01
3.240000000000000102e-01 5.821814828159643440e+01
3.250000000000000111e-01 5.810393214338112955e+01
3.260000000000000120e-01 5.798860465872915881e+01
3.270000000000000129e-01 5.787216816553358711e+01
3.280000000000000138e-01 5.775462498863790728e+01
3.290000000000000147e-01 5.763597743995013190e+01
3.300000000000000155e-01 5.751622781855541433e+01
3.310000000000000164e-01 5.739537841082820080e+01
3.320000000000000173e-01 5.727343149054190974e+01
3.330000000000000182e-01 5.715038931897840513e+01
3.340000000000000191e-01 5.702625414503515344e+01
3.350000000000000200e-01 5.690102820533182637e+01
3.360000000000000209e-01 5.677471372431578800e+01
3.370000000000000218e-01 5.664731291436554983e+01
3.380000000000000226e-01 5.651882797589386342e+01
3.390000000000000235e-01 5.638926109744921433e+01
3.400000000000000244e-01 5.625861445581615072e+01
3.410000000000000253e-01 5.612689021611463858e+01
3.420000000000000262e-01 5.599409053189792473e+01
3.430000000000000271e-01 5.586021754525003047e+01
3.440000000000000280e-01 5.572527338688114185e+01
3.450000000000000289e-01 5.558926017622299298e+01
3.460000000000000298e-01 5.545218002152164871e+01
3.470000000000000306e-01 5.531403501993109728e+01
3.480000000000000315e-01 5.517482725760504536e+01
3.490000000000000324e-01 5.503455880978634696e+01
3.500000000000000333e-01 5.489323174089763313e+01
3.510000000000000342e-01 5.475084810462978879e+01
3.519999999999999796e-01 5.460740994402917892e+01
3.529999999999999805e-01 5.446291929158482503e+01
3.539999999999999813e-01 5.431737816931381246e+01
3.549999999999999822e-01 5.417078858884574544e+01
3.559999999999999831e-01 5.402315255150730167e+01
3.569999999999999840e-01 5.387447204840460557e+01
3.579999999999999849e-01 5.372474906050555887e+01
3.589999999999999858e-01 5.357398555872035928e+01
3.599999999999999867e-01 5.342218350398250948e+01
3.609999999999999876e-01 5.326934484732803554e+01
3.619999999999999885e-01 5.311547152997337662e+01
3.629999999999999893e-01 5.296056548339377201e+01
3.639999999999999902e-01 5.280462862939963742e+01
3.649999999999999911e-01 5.264766288021304064e+01
3.659999999999999920e-01 5.248967013854250752e+01
3.669999999999999929e-01 5.233065229765749393e+01
3.679999999999999938e-01 5.217061124146202644e+01
3.689999999999999947e-01 5.200954884456783134e+01
3.699999999999999956e-01 5.184746697236589341e+01
3.709999999999999964e-01 5.168436748109825629e+01
3.719999999999999973e-01 5.152025221792832355e+01
3.729999999999999982e-01 5.135512302101048476e+01
3.739999999999999991e-01 5.118898171955996901e+01
3.750000000000000000e-01 5.102183013392014743e+01
3.760000000000000009e-01 5.085367007563132802e+01
3.770000000000000018e-01 5.068450334749667263e+01
3.780000000000000027e-01 5.051433174364947831e+01
3.790000000000000036e-01 5.034315704961797167e+01
3.800000000000000044e-01 5.017098104239057932e+01
3.810000000000000053e-01 4.999780549048053047e+01
3.820000000000000062e-01 4.982363215398834910e+01
3.830000000000000071e-01 4.964846278466627183e+01
3.840000000000000080e-01 4.947229912597995849e+01
3.850000000000000089e-01 4.929514291316912278e+01
3.860000000000000098e-01 4.911699587331072792e+01
3.870000000000000107e-01 4.893785972537739326e+01
3.880000000000000115e-01 4.875773618029872125e+01
3.890000000000000124e-01 4.857662694101967560e+01
3.900000000000000133e-01 4.839453370255937870e+01
3.910000000000000142e-01 4.821145815206964613e+01
3.920000000000000151e-01 4.802740196889168089e+01
3.930000000000000160e-01 4.784236682461406787e+01
3.940000000000000169e-01 4.765635438312813932e+01
3.950000000000000178e-01 4.746936630068403673e+01
3.960000000000000187e-01 4.728140422594646708e+01
3.970000000000000195e-01 4.709246980004857619e+01
3.980000000000000204e-01 4.690256465664705132e+01
3.990000000000000213e-01 4.671169042197518451e+01
4.000000000000000222e-01 4.651984871489604245e+01
4.010000000000000231e-01 4.632704114695506803e+01
4.020000000000000240e-01 4.613326932243245437e+01
4.030000000000000249e-01 4.593853483839436080e+01
4.040000000000000258e-01 4.574283928474466876e+01
4.050000000000000266e-01 4.554618424427448531e+01
4.060000000000000275e-01 4.534857129271355092e+01
4.070000000000000284e-01 4.515000199877876241e+01
4.080000000000000293e-01 4.495047792422392519e+01
4.090000000000000302e-01 4.475000062388892275e+01
4.100000000000000311e-01 4.454857164574661255e+01
4.110000000000000320e-01 4.434619253095201685e+01
4.120000000000000329e-01 4.414286481388856487e+01
4.130000000000000338e-01 4.393859002221584831e+01
4.140000000000000346e-01 4.373336967691558641e+01
4.150000000000000355e-01 4.352720529233724989e+01
4.160000000000000364e-01 4.332009837624510595e+01
4.169999999999999818e-01 4.311205042986136249e+01
4.179999999999999827e-01 4.290306294791271569e+01
4.189999999999999836e-01 4.269313741867325973e+01
4.199999999999999845e-01 4.248227532400973416e+01
4.209999999999999853e-01 4.227047813942355958e+01
4.219999999999999862e-01 4.205774733409528210e+01
4.229999999999999871e-01 4.184408437092629640e+01
4.239999999999999880e-01 4.162949070658177675e+01
4.249999999999999889e-01 4.141396779153249952e+01
4.259999999999999898e-01 4.119751707009598363e+01
4.269999999999999907e-01 4.098013998047815676e+01
4.279999999999999916e-01 4.076183795481414052e+01
4.289999999999999925e-01 4.054261241920771397e+01
4.299999999999999933e-01 4.032246479377326409e+01
4.309999999999999942e-01 4.010139649267327400e+01
4.319999999999999951e-01 3.987940892415950600e+01
4.329999999999999960e-01 3.965650349061093038e+01
4.339999999999999969e-01 3.943268158857269157e+01
4.349999999999999978e-01 3.920794460879450583e+01
4.359999999999999987e-01 3.898229393626802164e+01
4.369999999999999996e-01 3.875573095026544479e+01
4.380000000000000004e-01 3.852825702437613131e+01
4.390000000000000013e-01 3.829987352654332255e+01
4.400000000000000022e-01 3.807058181910159078e+01
4.410000000000000031e-01 3.784038325881222420e+01
4.420000000000000040e-01 3.760927919689996202e+01
4.430000000000000049e-01 3.737727097908856422e+01
4.440000000000000058e-01 3.714435994563514498e+01
4.450000000000000067e-01 3.691054743136695038e+01
4.460000000000000075e-01 3.667583476571419965e+01
4.470000000000000084e-01 3.644022327274666395e+01
4.480000000000000093e-01 3.620371427120581131e+01
4.490000000000000102e-01 3.596630907453938164e+01
4.500000000000000111e-01 3.572800899093603277e+01
4.510000000000000120e-01 3.548881532335623490e+01
4.520000000000000129e-01 3.524872936956752767e+01
4.530000000000000138e-01 3.500775242217649463e+01
4.540000000000000147e-01 3.476588576866009817e+01
4.550000000000000155e-01 3.452313069139948709e+01
4.560000000000000164e-01 3.427948846771056424e+01
4.570000000000000173e-01 3.403496036987658613e+01
4.580000000000000182e-01 3.378954766517918529e+01
4.590000000000000191e-01 3.354325161592805671e+01
4.600000000000000200e-01 3.329607347949443863e+01
4.610000000000000209e-01 3.304801450833934950e+01
4.620000000000000218e-01 3.279907595004479504e+01
4.630000000000000226e-01 3.254925904734389519e+01
4.640000000000000235e-01 3.229856503815030067e+01
4.650000000000000244e-01 3.204699515558800726e+01
4.660000000000000253e-01 3.179455062802051657e+01
4.670000000000000262e-01 3.154123267907984030e+01
4.680000000000000271e-01 3.128704252769547622e+01
4.690000000000000280e-01 3.103198138812246043e+01
4.700000000000000289e-01 3.077605046997076954e+01
4.710000000000000298e-01 3.051925097823195188e+01
4.720000000000000306e-01 3.026158411330823128e+01
4.730000000000000315e-01 3.000305107103996249e+01
4.740000000000000324e-01 2.974365304273179333e+01
4.750000000000000333e-01 2.948339121518182537e+01
4.760000000000000342e-01 2.922226677070679557e+01
4.770000000000000351e-01 2.896028088717017113e+01
4.780000000000000360e-01 2.869743473800772904e+01
4.790000000000000369e-01 2.843372949225422985e+01
4.799999999999999822e-01 2.816916631456980724e+01
4.809999999999999831e-01 2.790374636526513541e+01
4.819999999999999840e-01 2.763747080032796077e+01
4.829999999999999849e-01 2.737034077144770094e+01
4.839999999999999858e-01 2.710235742604176323e+01
4.849999999999999867e-01 2.683352190727921993e+01
4.859999999999999876e-01 2.656383535410742525e+01
4.869999999999999885e-01 2.629329890127502267e+01
4.879999999999999893e-01 2.602191367935722610e+01
4.889999999999999902e-01 2.574968081478051829e+01
4.899999999999999911e-01 2.547660142984526033e+01
4.909999999999999920e-01 2.520267664275164066e+01
4.919999999999999929e-01 2.492790756762173032e+01
4.929999999999999938e-01 2.465229531452330036e+01
4.939999999999999947e-01 2.437584098949444922e+01
4.949999999999999956e-01 2.409854569456442164e+01
4.959999999999999964e-01 2.382041052777886136e+01
4.969999999999999973e-01 2.354143658322161059e+01
4.979999999999999982e-01 2.326162495103683625e+01
4.989999999999999991e-01 2.298097671745252057e+01
5.000000000000000000e-01 2.269949296480181999e+01
5.010000000000000009e-01 2.241717477154580251e+01
5.020000000000000018e-01 2.213402321229565928e+01
5.030000000000000027e-01 2.185003935783284135e+01
5.040000000000000036e-01 2.156522427513247919e+01
5.050000000000000044e-01 2.127957902738388896e+01
5.060000000000000053e-01 2.099310467401208768e+01
5.070000000000000062e-01 2.070580227069925172e+01
5.080000000000000071e-01 2.041767286940401505e+01
5.090000000000000080e-01 2.012871751838486034e+01
5.100000000000000089e-01 1.983893726221849363e+01
5.110000000000000098e-01 1.954833314182121740e+01
5.120000000000000107e-01 1.925690619446993423e+01
5.130000000000000115e-01 1.896465745382059254e+01
5.140000000000000124e-01 1.867158794992964488e+01
5.150000000000000133e-01 1.837769870927328952e+01
5.160000000000000142e-01 1.808299075476739404e+01
5.170000000000000151e-01 1.778746510578714890e+01
5.180000000000000160e-01 1.749112277818571215e+01
5.190000000000000169e-01 1.719396478431460196e+01
5.200000000000000178e-01 1.689599213304187231e+01
5.210000000000000187e-01 1.659720582977192294e+01
5.220000000000000195e-01 1.629760687646363237e+01
5.230000000000000204e-01 1.599719627164928681e+01
5.240000000000000213e-01 1.569597501045355159e+01
5.250000000000000222e-01 1.539394408461078001e+01
5.260000000000000231e-01 1.509110448248510750e+01
5.270000000000000240e-01 1.478745718908686513e+01
5.280000000000000249e-01 1.448300318609128112e+01
5.290000000000000258e-01 1.417774345185713969e+01
5.300000000000000266e-01 1.387167896144248402e+01
5.310000000000000275e-01 1.356481068662499467e+01
5.320000000000000284e-01 1.325713959591719515e+01
5.330000000000000293e-01 1.294866665458491184e+01
5.340000000000000302e-01 1.263939282466439806e+01
5.350000000000000311e-01 1.232931906497914554e+01
5.360000000000000320e-01 1.201844633115713634e+01
5.370000000000000329e-01 1.170677557564815174e+01
5.380000000000000338e-01 1.139430774773964572e+01
5.390000000000000346e-01 1.108104379357376956e+01
5.400000000000000355e-01 1.076698465616419753e+01
5.410000000000000364e-01 1.045213127541212828e+01
5.420000000000000373e-01 1.013648458812284048e+01
5.430000000000000382e-01 9.820045528021339010e+00
5.440000000000000391e-01 9.502815025769677959e+00
5.450000000000000400e-01 9.184794008980716740e+00
5.460000000000000409e-01 8.865983402236366828e+00
5.470000000000000417e-01 8.546384127101788408e+00
5.480000000000000426e-01 8.225997102141363371e+00
5.490000000000000435e-01 7.904823242934199357e+00
5.500000000000000444e-01 7.582863462089477480e+00
5.510000000000000453e-01 7.260118669262183744e+00
5.520000000000000462e-01 6.936589771167774643e+00
5.530000000000000471e-01 6.612277671596544337e+00
5.540000000000000480e-01 6.287183271430592413e+00
5.550000000000000488e-01 5.961307468656755759e+00
5.560000000000000497e-01 5.634651158382112612e+00
5.570000000000000506e-01 5.307215232849074482e+00
5.580000000000000515e-01 4.979000581448772778e+00
5.590000000000000524e-01 4.650008090736562849e+00
5.600000000000000533e-01 4.320238644446277476e+00
5.610000000000000542e-01 3.989693123503656125e+00
5.620000000000000551e-01 3.658372406041493718e+00
5.630000000000000560e-01 3.326277367412970420e+00
5.640000000000000568e-01 2.993408880205763012e+00
5.650000000000000577e-01 2.659767814256568386e+00
5.660000000000000586e-01 2.325355036663481201e+00
5.670000000000000595e-01 1.990171411801611612e+00
5.680000000000000604e-01 1.654217801334411320e+00
5.690000000000000613e-01 1.317495064229333934e+00
5.700000000000000622e-01 9.800040567694026095e-01
5.710000000000000631e-01 6.417456325676340612e-01
5.720000000000000639e-01 3.027206425803683487e-01
5.730000000000000648e-01 -3.707006488096453722e-02
5.740000000000000657e-01 -3.776256441346674819e-01
5.750000000000000666e-01 -7.189452521180470512e-01
5.760000000000000675e-01 -1.061028048373103161e+00
5.769999999999999574e-01 -1.403873195034066157e+00
5.779999999999999583e-01 -1.747479856814933896e+00
5.789999999999999591e-01 -2.091847200996852507e+00
5.799999999999999600e-01 -2.436974397415369253e+00
5.809999999999999609e-01 -2.782860618447983825e+00
5.819999999999999618e-01 -3.129505039001955424e+00
5.829999999999999627e-01 -3.476906836502465126e+00
5.839999999999999636e-01 -3.825065190878817134e+00
5.849999999999999645e-01 -4.173979284554320657e+00
5.859999999999999654e-01 -4.523648302433429080e+00
5.869999999999999662e-01 -4.874071431889163364e+00
5.879999999999999671e-01 -5.225247862752070205e+00
5.889999999999999680e-01 -5.577176787298370186e+00
5.899999999999999689e-01 -5.929857400237480647e+00
5.909999999999999698e-01 -6.283288898701485437e+00
5.919999999999999707e-01 -6.637470482232330937e+00
5.929999999999999716e-01 -6.992401352771565826e+00
5.939999999999999725e-01 -7.348080714648247636e+00
5.949999999999999734e-01 -7.704507774567190381e+00
5.959999999999999742e-01 -8.061681741598704320e+00
5.969999999999999751e-01 -8.419601827166474095e+00
5.979999999999999760e-01 -8.778267245037483235e+00
5.989999999999999769e-01 -9.137677211309494396e+00
5.999999999999999778e-01 -9.497830944401144393e+00
6.009999999999999787e-01 -9.858727665041243426e+00
6.019999999999999796e-01 -1.022036659625663901e+01
6.029999999999999805e-01 -1.058274696336297893e+01
6.039999999999999813e-01 -1.094586799395278831e+01
6.049999999999999822e-01 -1.130972891788545098e+01
6.059999999999999831e-01 -1.167432896727659397e+01
6.069999999999999840e-01 -1.203966737648732988e+01
6.079999999999999849e-01 -1.240574338211426664e+01
6.089999999999999858e-01 -1.277255622297867887e+01
6.099999999999999867e-01 -1.314010514011617659e+01
6.109999999999999876e-01 -1.350838937676697071e+01
6.119999999999999885e-01 -1.387740817836524343e+01
6.129999999999999893e-01 -1.424716079252920053e+01
6.139999999999999902e-01 -1.461764646905113807e+01
6.149999999999999911e-01 -1.498886445988711102e+01
6.159999999999999920e-01 -1.536081401914758260e+01
6.169999999999999929e-01 -1.573349440308660974e+01
6.179999999999999938e-01 -1.610690487009324556e+01
6.189999999999999947e-01 -1.648104468068086703e+01
6.199999999999999956e-01 -1.685591309747788102e+01
6.209999999999999964e-01 -1.723150938521824571e+01
6.219999999999999973e-01 -1.760783281073148032e+01
6.229999999999999982e-01 -1.798488264293358441e+01
6.239999999999999991e-01 -1.836265815281717551e+01
6.250000000000000000e-01 -1.874115861344257894e+01
6.260000000000000009e-01 -1.912038329992842023e+01
6.270000000000000018e-01 -1.950033148944172012e+01
6.280000000000000027e-01 -1.988100246118968073e+01
6.290000000000000036e-01 -2.026239549640963844e+01
6.300000000000000044e-01 -2.064450987836089269e+01
6.310000000000000053e-01 -2.102734489231450254e+01
6.320000000000000062e-01 -2.141089982554512972e+01
6.330000000000000071e-01 -2.179517396732258305e+01
6.340000000000000080e-01 -2.218016660890124570e+01
6.350000000000000089e-01 -2.256587704351268542e+01
6.360000000000000098e-01 -2.295230456635671601e+01
6.370000000000000107e-01 -2.333944847459203231e+01
6.380000000000000115e-01 -2.372730806732820952e+01
6.390000000000000124e-01 -2.411588264561700612e+01
6.400000000000000133e-01 -2.450517151244275738e+01
6.410000000000000142e-01 -2.489517397271592358e+01
6.420000000000000151e-01 -2.528588933326267352e+01
6.430000000000000160e-01 -2.567731690281758006e+01
6.440000000000000169e-01 -2.606945599201463892e+01
6.450000000000000178e-01 -2.646230591337925375e+01
6.460000000000000187e-01 -2.685586598132050540e+01
6.470000000000000195e-01 -2.725013551212165908e+01
6.480000000000000204e-01 -2.764511382393351369e+01
6.490000000000000213e-01 -2.804080023676493738e+01
6.500000000000000222e-01 -2.843719407247567688e+01
6.510000000000000231e-01 -2.883429465476802989e+01
6.520000000000000240e-01 -2.923210130917880178e+01
6.530000000000000249e-01 -2.963061336307197280e+01
6.540000000000000258e-01 -3.002983014562971675e+01
6.550000000000000266e-01 -3.042975098784538091e+01
6.560000000000000275e-01 -3.083037522251566998e+01
6.570000000000000284e-01 -3.123170218423291544e+01
6.580000000000000293e-01 -3.163373120937677641e+01
6.590000000000000302e-01 -3.203646163610764575e+01
6.600000000000000311e-01 -3.243989280435752676e+01
6.610000000000000320e-01 -3.284402405582483198e+01
6.620000000000000329e-01 -3.324885473396381030e+01
6.630000000000000338e-01 -3.365438418398008480e+01
6.640000000000000346e-01 -3.406061175282107456e+01
6.650000000000000355e-01 -3.446753678916928720e+01
6.660000000000000364e-01 -3.487515864343572503e+01
6.670000000000000373e-01 -3.528347666775144376e+01
6.680000000000000382e-01 -3.569249021596098714e+01
6.690000000000000391e-01 -3.610219864361488362e+01
6.700000000000000400e-01 -3.651260130796262615e+01
6.710000000000000409e-01 -3.692369756794525415e+01
6.720000000000000417e-01 -3.733548678418884492e+01
6.730000000000000426e-01 -3.774796831899686822e+01
6.740000000000000435e-01 -3.816114153634353556e+01
6.750000000000000444e-01 -3.857500580186635375e+01
6.760000000000000453e-01 -3.898956048286015630e+01
6.770000000000000462e-01 -3.940480494826908853e+01
6.780000000000000471e-01 -3.982073856868052530e+01
6.790000000000000480e-01 -4.023736071631799405e+01
6.800000000000000488e-01 -4.065467076503381350e+01
6.810000000000000497e-01 -4.107266809030414834e+01
6.820000000000000506e-01 -4.149135206921968688e+01
6.830000000000000515e-01 -4.191072208048180414e+01
6.840000000000000524e-01 -4.233077750439332476e+01
6.850000000000000533e-01 -4.275151772285371976e+01
6.860000000000000542e-01 -4.317294211935217163e+01
6.870000000000000551e-01 -4.359505007896041207e+01
6.880000000000000560e-01 -4.401784098832726499e+01
6.890000000000000568e-01 -4.444131423567100114e+01
6.900000000000000577e-01 -4.486546921077362526e+01
6.910000000000000586e-01 -4.529030530497533391e+01
6.920000000000000595e-01 -4.571582191116593208e+01
6.930000000000000604e-01 -4.614201842378133733e+01
6.940000000000000613e-01 -4.656889423879493961e+01
6.950000000000000622e-01 -4.699644875371245689e+01
6.960000000000000631e-01 -4.742468136756585295e+01
6.970000000000000639e-01 -4.785359148090691406e+01
6.980000000000000648e-01 -4.828317849580110988e+01
6.990000000000000657e-01 -4.871344181582119859e+01
7.000000000000000666e-01 -4.914438084604176993e+01
7.010000000000000675e-01 -4.957599499303327661e+01
7.020000000000000684e-01 -5.000828366485521315e+01
7.030000000000000693e-01 -5.044124627105063041e+01
7.039999999999999591e-01 -5.087488222264067872e+01
7.049999999999999600e-01 -5.130919093211801396e+01
7.059999999999999609e-01 -5.174417181344094274e+01
7.069999999999999618e-01 -5.217982428202847700e+01
7.079999999999999627e-01 -5.261614775475283068e+01
7.089999999999999636e-01 -5.305314164993626491e+01
7.099999999999999645e-01 -5.349080538734233414e+01
7.109999999999999654e-01 -5.392913838817216288e+01
7.119999999999999662e-01 -5.436814007505859081e+01
7.129999999999999671e-01 -5.480780987205986321e+01
7.139999999999999680e-01 -5.524814720465445816e+01
7.149999999999999689e-01 -5.568915149973540224e+01
7.159999999999999698e-01 -5.613082218560390402e+01
7.169999999999999707e-01 -5.657315869196662561e+01
7.179999999999999716e-01 -5.701616044992556454e+01
7.189999999999999725e-01 -5.745982689197740001e+01
7.199999999999999734e-01 -5.790415745200499487e+01
7.209999999999999742e-01 -5.834915156527270597e+01
7.219999999999999751e-01 -5.879480866842132514e+01
7.229999999999999760e-01 -5.924112819946270747e+01
7.239999999999999769e-01 -5.968810959777434277e+01
7.249999999999999778e-01 -6.013575230409375649e+01
7.259999999999999787e-01 -6.058405576051362118e+01
7.269999999999999796e-01 -6.103301941047644164e+01
7.279999999999999805e-01 -6.148264269876952426e+01
7.289999999999999813e-01 -6.193292507151912218e+01
7.299999999999999822e-01 -6.238386597618651308e+01
7.309999999999999831e-01 -6.283546486156086530e+01
7.319999999999999840e-01 -6.328772117775685047e+01
7.329999999999999849e-01 -6.374063437620688433e+01
7.339999999999999858e-01 -6.419420390965808565e+01
7.349999999999999867e-01 -6.464842923216599502e+01
7.359999999999999876e-01 -6.510330979909016946e+01
7.369999999999999885e-01 -6.555884506708918025e+01
7.379999999999999893e-01 -6.601503449411561064e+01
7.389999999999999902e-01 -6.647187753941099686e+01
7.399999999999999911e-01 -6.692937366350071215e+01
7.409999999999999920e-01 -6.738752232818998777e+01
7.419999999999999929e-01 -6.784632299655854126e+01
7.429999999999999938e-01 -6.830577513295534686e+01
7.439999999999999947e-01 -6.876587820299405962e+01
7.449999999999999956e-01 -6.922663167354903635e+01
7.459999999999999964e-01 -6.968803501274942391e+01
7.469999999999999973e-01 -7.015008768997580546e+01
7.479999999999999982e-01 -7.061278917585335080e+01
7.489999999999999991e-01 -7.107613894224974160e+01
7.500000000000000000e-01 -7.154013646226866285e+01
7.510000000000000009e-01 -7.200478121024596589e+01
7.520000000000000018e-01 -7.247007266174483675e+01
7.530000000000000027e-01 -7.293601029355085075e+01
7.540000000000000036e-01 -7.340259358366904507e+01
7.550000000000000044e-01 -7.386982201131701231e+01
7.560000000000000053e-01 -7.433769505692197299e+01
7.570000000000000062e-01 -7.480621220211580180e+01
7.580000000000000071e-01 -7.527537292973113381e+01
7.590000000000000080e-01 -7.574517672379593591e+01
7.600000000000000089e-01 -7.621562306952955623e+01
7.610000000000000098e-01 -7.668671145333880190e+01
7.620000000000000107e-01 -7.715844136281265264e+01
7.630000000000000115e-01 -7.763081228671902068e+01
7.640000000000000124e-01 -7.810382371499920851e+01
7.650000000000000133e-01 -7.857747513876461198e+01
7.660000000000000142e-01 -7.905176605029208758e+01
7.670000000000000151e-01 -7.952669594301895017e+01
7.680000000000000160e-01 -8.000226431154001716e+01
7.690000000000000169e-01 -8.047847065160277680e+01
7.700000000000000178e-01 -8.095531446010363652e+01
7.710000000000000187e-01 -8.143279523508195439e+01
7.720000000000000195e-01 -8.191091247571824852e+01
7.730000000000000204e-01 -8.238966568232910959e+01
7.740000000000000213e-01 -8.286905435636222705e+01
7.750000000000000222e-01 -8.334907800039377435e+01
7.760000000000000231e-01 -8.382973611812420245e+01
7.770000000000000240e-01 -8.431102821437173134e+01
7.780000000000000249e-01 -8.479295379507212260e+01
7.790000000000000258e-01 -8.527551236727177297e+01
7.800000000000000266e-01 -8.575870343912518479e+01
7.810000000000000275e-01 -8.624252651988965113e+01
7.820000000000000284e-01 -8.672698111992318104e+01
7.830000000000000293e-01 -8.721206675067972469e+01
7.840000000000000302e-01 -8.769778292470314796e+01
7.850000000000000311e-01 -8.818412915562689136e+01
7.860000000000000320e-01 -8.867110495816874050e+01
7.870000000000000329e-01 -8.915870984812542588e+01
7.880000000000000338e-01 -8.964694334237083240e+01
7.890000000000000346e-01 -9.013580495885136656e+01
7.900000000000000355e-01 -9.062529421658155115e+01
7.910000000000000364e-01 -9.111541063564149567e+01
7.920000000000000373e-01 -9.160615373717158150e+01
7.930000000000000382e-01 -9.209752304337141027e+01
7.940000000000000391e-01 -9.258951807749181739e+01
7.950000000000000400e-01 -9.308213836383592366e+01
7.960000000000000409e-01 -9.357538342775148976e+01
7.970000000000000417e-01 -9.406925279562958053e+01
7.980000000000000426e-01 -9.456374599489964794e+01
7.990000000000000435e-01 -9.505886255402768370e+01
8.000000000000000444e-01 -9.555460200250999492e+01
8.010000000000000453e-01 -9.605096387087178300e+01
8.020000000000000462e-01 -9.654794769066174354e+01
8.030000000000000471e-01 -9.704555299445073047e+01
8.040000000000000480e-01 -9.754377931582618544e+01
8.050000000000000488e-01 -9.804262618938912510e+01
8.060000000000000497e-01 -9.854209315075200948e+01
8.070000000000000506e-01 -9.904217973653214813e+01
8.080000000000000515e-01 -9.954288548435184225e+01
8.090000000000000524e-01 -1.000442099328324446e+02
8.100000000000000533e-01 -1.005461526215921424e+02
8.110000000000000542e-01 -1.010487130912409555e+02
8.120000000000000551e-01 -1.015518908833797980e+02
8.130000000000000560e-01 -1.020556855405942827e+02
8.140000000000000568e-01 -1.025600966064537545e+02
8.150000000000000577e-01 -1.030651236255066294e+02
8.160000000000000586e-01 -1.035707661432770124e+02
8.170000000000000595e-01 -1.040770237062610875e+02
8.180000000000000604e-01 -1.045838958619258392e+02
8.190000000000000613e-01 -1.050913821587026007e+02
8.200000000000000622e-01 -1.055994821459869684e+02
8.210000000000000631e-01 -1.061081953741319523e+02
8.220000000000000639e-01 -1.066175213944484312e+02
8.230000000000000648e-01 -1.071274597591992404e+02
8.240000000000000657e-01 -1.076380100215972107e+02
8.250000000000000666e-01 -1.081491717358008486e+02
8.260000000000000675e-01 -1.086609444569130574e+02
8.270000000000000684e-01 -1.091733277409757363e+02
8.280000000000000693e-01 -1.096863211449684457e+02
8.290000000000000702e-01 -1.101999242268029775e+02
8.300000000000000711e-01 -1.107141365453236972e+02
8.310000000000000719e-01 -1.112289576603005798e+02
8.320000000000000728e-01 -1.117443871324286704e+02
8.329999999999999627e-01 -1.122604245233239055e+02
8.339999999999999636e-01 -1.127770693955209538e+02
8.349999999999999645e-01 -1.132943213124681563e+02
8.359999999999999654e-01 -1.138121798385272427e+02
8.369999999999999662e-01 -1.143306445389676185e+02
8.379999999999999671e-01 -1.148497149799653698e+02
8.389999999999999680e-01 -1.153693907285989724e+02
8.399999999999999689e-01 -1.158896713528468752e+02
8.409999999999999698e-01 -1.164105564215848290e+02
8.419999999999999707e-01 -1.169320455045808558e+02
8.429999999999999716e-01 -1.174541381724956182e+02
8.439999999999999725e-01 -1.179768339968769908e+02
8.449999999999999734e-01 -1.185001325501579004e+02
8.459999999999999742e-01 -1.190240334056528866e+02
8.469999999999999751e-01 -1.195485361375564821e+02
8.479999999999999760e-01 -1.200736403209393472e+02
8.489999999999999769e-01 -1.205993455317441772e+02
8.499999999999999778e-01 -1.211256513467859008e+02
8.509999999999999787e-01 -1.216525573437466505e+02
8.519999999999999796e-01 -1.221800631011724363e+02
8.529999999999999805e-01 -1.227081681984722366e+02
8.539999999999999813e-01 -1.232368722159135928e+02
8.549999999999999822e-01 -1.237661747346205630e+02
8.559999999999999831e-01 -1.242960753365707092e+02
8.569999999999999840e-01 -1.248265736045924257e+02
8.579999999999999849e-01 -1.253576691223621538e+02
8.589999999999999858e-01 -1.258893614744010847e+02
8.599999999999999867e-01 -1.264216502460733125e+02
8.609999999999999876e-01 -1.269545350235826788e+02
8.619999999999999885e-01 -1.274880153939691070e+02
8.629999999999999893e-01 -1.280220909451082889e+02
8.639999999999999902e-01 -1.285567612657066547e+02
8.649999999999999911e-01 -1.290920259452994685e+02
8.659999999999999920e-01 -1.296278845742485544e+02
8.669999999999999929e-01 -1.301643367437389145e+02
8.679999999999999938e-01 -1.307013820457773932e+02
8.689999999999999947e-01 -1.312390200731878735e+02
8.699999999999999956e-01 -1.317772504196105103e+02
8.709999999999999964e-01 -1.323160726794986886e+02
8.719999999999999973e-01 -1.328554864481159257e+02
8.729999999999999982e-01 -1.333954913215332283e+02
8.739999999999999991e-01 -1.339360868966278701e+02
8.750000000000000000e-01 -1.344772727710787592e+02
8.760000000000000009e-01 -1.350190485433651020e+02
8.770000000000000018e-01 -1.355614138127644992e+02
8.780000000000000027e-01 -1.361043681793489100e+02
8.790000000000000036e-01 -1.366479112439825201e+02
8.800000000000000044e-01 -1.371920426083202642e+02
8.810000000000000053e-01 -1.377367618748043014e+02
8.820000000000000062e-01 -1.382820686466610027e+02
8.830000000000000071e-01 -1.388279625279000982e+02
8.840000000000000080e-01 -1.393744431233120338e+02
8.850000000000000089e-01 -1.399215100384630261e+02
8.860000000000000098e-01 -1.404691628796957446e+02
8.870000000000000107e-01 -1.410174012541250761e+02
8.880000000000000115e-01 -1.415662247696363920e+02
8.890000000000000124e-01 -1.421156330348822792e+02
8.900000000000000133e-01 -1.426656256592818863e+02
8.910000000000000142e-01 -1.432162022530166610e+02
8.920000000000000151e-01 -1.437673624270282460e+02
8.930000000000000160e-01 -1.443191057930175134e+02
8.940000000000000169e-01 -1.448714319634406422e+02
8.950000000000000178e-01 -1.454243405515073846e+02
8.960000000000000187e-01 -1.459778311711787921e+02
8.970000000000000195e-01 -1.465319034371649138e+02
8.980000000000000204e-01 -1.470865569649222948e+02
8.990000000000000213e-01 -1.476417913706514184e+02
9.000000000000000222e-01 -1.481976062712946316e+02
9.010000000000000231e-01 -1.487540012845344677e+02
9.020000000000000240e-01 -1.493109760287898382e+02
9.030000000000000249e-01 -1.498685301232152938e+02
9.040000000000000258e-01 -1.504266631876984945e+02
9.050000000000000266e-01 -1.509853748428567428e+02
9.060000000000000275e-01 -1.515446647100361020e+02
9.070000000000000284e-01 -1.521045324113084973e+02
9.080000000000000293e-01 -1.526649775694702953e+02
9.090000000000000302e-01 -1.532259998080380683e+02
9.100000000000000311e-01 -1.537875987512485949e+02
9.110000000000000320e-01 -1.543497740240563587e+02
9.120000000000000329e-01 -1.549125252521291429e+02
9.130000000000000338e-01 -1.554758520618489683e+02
9.140000000000000346e-01 -1.560397540803083700e+02
9.150000000000000355e-01 -1.566042309353071857e+02
9.160000000000000364e-01 -1.571692822553525843e+02
9.170000000000000373e-01 -1.577349076696550298e+02
9.180000000000000382e-01 -1.583011068081283668e+02
9.190000000000000391e-01 -1.588678793013844768e+02
9.200000000000000400e-01 -1.594352247807338756e+02
9.210000000000000409e-01 -1.600031428781831266e+02
9.220000000000000417e-01 -1.605716332264312030e+02
9.230000000000000426e-01 -1.611406954588696010e+02
9.240000000000000435e-01 -1.617103292095787310e+02
9.250000000000000444e-01 -1.622805341133254160e+02
9.260000000000000453e-01 -1.628513098055629484e+02
9.270000000000000462e-01 -1.634226559224272251e+02
9.280000000000000471e-01 -1.639945721007348425e+02
9.290000000000000480e-01 -1.645670579779821594e+02
9.300000000000000488e-01 -1.651401131923417438e+02
9.310000000000000497e-01 -1.657137373826612645e+02
9.320000000000000506e-01 -1.662879301884617860e+02
9.330000000000000515e-01 -1.668626912499347839e+02
9.340000000000000524e-01 -1.674380202079418893e+02
9.350000000000000533e-01 -1.680139167040090626e+02
9.360000000000000542e-01 -1.685903803803300889e+02
9.370000000000000551e-01 -1.691674108797597285e+02
9.380000000000000560e-01 -1.697450078458148823e+02
9.390000000000000568e-01 -1.703231709226705277e+02
9.400000000000000577e-01 -1.709018997551596044e+02
9.410000000000000586e-01 -1.714811939887701158e+02
9.420000000000000595e-01 -1.720610532696419455e+02
9.430000000000000604e-01 -1.726414772445683354e+02
9.440000000000000613e-01 -1.732224655609900026e+02
9.450000000000000622e-01 -1.738040178669960198e+02
9.460000000000000631e-01 -1.743861338113208888e+02
9.470000000000000639e-01 -1.749688130433426920e+02
9.480000000000000648e-01 -1.755520552130811609e+02
9.490000000000000657e-01 -1.761358599711956288e+02
9.500000000000000666e-01 -1.767202269689836953e+02
9.510000000000000675e-01 -1.773051558583793224e+02
9.520000000000000684e-01 -1.778906462919501905e+02
9.530000000000000693e-01 -1.784766979228964203e+02
9.540000000000000702e-01 -1.790633104050489237e+02
9.550000000000000711e-01 -1.796504833928668177e+02
9.560000000000000719e-01 -1.802382165414368558e+02
9.570000000000000728e-01 -1.808265095064702734e+02
9.580000000000000737e-01 -1.814153619443015941e+02
9.590000000000000746e-01 -1.820047735118867251e+02
9.599999999999999645e-01 -1.825947438668015650e+02
9.609999999999999654e-01 -1.831852726672387348e+02
9.619999999999999662e-01 -1.837763595720085732e+02
9.629999999999999671e-01 -1.843680042405341624e+02
9.639999999999999680e-01 -1.849602063328512997e+02
9.649999999999999689e-01 -1.855529655096076453e+02
9.659999999999999698e-01 -1.861462814320580037e+02
9.669999999999999707e-01 -1.867401537620659724e+02
9.679999999999999716e-01 -1.873345821620993661e+02
9.689999999999999725e-01 -1.879295662952305292e+02
9.699999999999999734e-01 -1.885251058251329823e+02
9.709999999999999742e-01 -1.891212004160818196e+02
9.719999999999999751e-01 -1.897178497329487641e+02
9.729999999999999760e-01 -1.903150534412037587e+02
9.739999999999999769e-01 -1.909128112069115559e+02
9.749999999999999778e-01 -1.915111226967301263e+02
9.759999999999999787e-01 -1.921099875779086119e+02
9.769999999999999796e-01 -1.927094055182875536e+02
9.779999999999999805e-01 -1.933093761862945144e+02
9.789999999999999813e-01 -1.939098992509445907e+02
9.799999999999999822e-01 -1.945109743818368315e+02
9.809999999999999831e-01 -1.951126012491545794e+02
9.819999999999999840e-01 -1.957147795236630259e+02
9.829999999999999849e-01 -1.963175088767065972e+02
9.839999999999999858e-01 -1.969207889802083855e+02
9.849999999999999867e-01 -1.975246195066683299e+02
9.859999999999999876e-01 -1.981290001291615681e+02
9.869999999999999885e-01 -1.987339305213363332e+02
9.879999999999999893e-01 -1.993394103574136125e+02
9.889999999999999902e-01 -1.999454393121843623e+02
9.899999999999999911e-01 -2.005520170610068362e+02
9.909999999999999920e-01 -2.011591432798088022e+02
9.919999999999999929e-01 -2.017668176450816873e+02
9.929999999999999938e-01 -2.023750398338814875e+02
9.939999999999999947e-01 -2.029838095238260962e+02
9.949999999999999956e-01 -2.035931263930953037e+02
9.959999999999999964e-01 -2.042029901204267048e+02
9.969999999999999973e-01 -2.048134003851162674e+02
9.979999999999999982e-01 -2.054243568670158311e+02
9.989999999999999991e-01 -2.060358592465323682e+02
1.000000000000000000e+00 -2.066479072046245165e+02
