0.000000000000000000e+00 0.000000000000000000e+00
1.000000000000000021e-03 1.950355970673478767e+00
2.000000000000000042e-03 3.322253950844300086e+00
3.000000000000000062e-03 4.512912086370041820e+00
4.000000000000000083e-03 5.589752677047497897e+00
5.000000000000000104e-03 6.583629458005959556e+00
6.000000000000000125e-03 7.512380676700113113e+00
7.000000000000000146e-03 8.387670242207619253e+00
8.000000000000000167e-03 9.217737881356157459e+00
9.000000000000001055e-03 1.000872357682795410e+01
1.000000000000000021e-02 1.076538543001114334e+01
1.099999999999999936e-02 1.149152296079373592e+01
1.200000000000000025e-02 1.219024306043388961e+01
1.300000000000000114e-02 1.286413558590966133e+01
1.400000000000000029e-02 1.351539401943073493e+01
1.499999999999999944e-02 1.414590115039343488e+01
1.600000000000000033e-02 1.475729161880213525e+01
1.700000000000000122e-02 1.535099865113724249e+01
1.800000000000000211e-02 1.592828969586767052e+01
1.899999999999999953e-02 1.649029407655792312e+01
2.000000000000000042e-02 1.703802478429892631e+01
2.100000000000000130e-02 1.757239588779258099e+01
2.199999999999999872e-02 1.809423661285401863e+01
2.299999999999999961e-02 1.860430285364411063e+01
2.400000000000000050e-02 1.910328667742833630e+01
2.500000000000000139e-02 1.959182424314179372e+01
2.600000000000000228e-02 2.007050245247588549e+01
2.699999999999999969e-02 2.053986457819043565e+01
2.800000000000000058e-02 2.100041505966815336e+01
2.900000000000000147e-02 2.145262361480233793e+01
2.999999999999999889e-02 2.189692878632260431e+01
3.099999999999999978e-02 2.233374101694687397e+01
3.200000000000000067e-02 2.276344532941461551e+01
3.300000000000000155e-02 2.318640367315302697e+01
3.400000000000000244e-02 2.360295698807060205e+01
3.500000000000000333e-02 2.401342702704315002e+01
3.600000000000000422e-02 2.441811797151957819e+01
3.699999999999999817e-02 2.481731786892880365e+01
3.799999999999999906e-02 2.521129991591491759e+01
3.899999999999999994e-02 2.560032360763123194e+01
4.000000000000000083e-02 2.598463577021119875e+01
4.100000000000000172e-02 2.636447149096710874e+01
4.200000000000000261e-02 2.674005495873937122e+01
4.300000000000000350e-02 2.711160022504578748e+01
4.399999999999999745e-02 2.747931189519648854e+01
4.499999999999999833e-02 2.784338575729234933e+01
4.599999999999999922e-02 2.820400935596990877e+01
4.700000000000000011e-02 2.856136251686461236e+01
4.800000000000000100e-02 2.891561782700174632e+01
4.900000000000000189e-02 2.926694107567611525e+01
5.000000000000000278e-02 2.961549165982485121e+01
5.100000000000000366e-02 2.996142295741755390e+01
5.200000000000000455e-02 3.030488267197718955e+01
5.299999999999999850e-02 3.064601315098426682e+01
5.399999999999999939e-02 3.098495168060973626e+01
5.500000000000000028e-02 3.132183075894855406e+01
5.600000000000000117e-02 3.165677834969246618e+01
5.700000000000000205e-02 3.198991811797188944e+01
5.800000000000000294e-02 3.232136964991733663e+01
5.900000000000000383e-02 3.265124865732984460e+01
5.999999999999999778e-02 3.297966716871047765e+01
6.099999999999999867e-02 3.330673370777365960e+01
6.199999999999999956e-02 3.363255346046020122e+01
6.300000000000000044e-02 3.395722843136752545e+01
6.400000000000000133e-02 3.428085759042748037e+01
6.500000000000000222e-02 3.460353701058598119e+01
6.600000000000000311e-02 3.492535999716809414e+01
6.700000000000000400e-02 3.524641720955169433e+01
6.800000000000000488e-02 3.556679677571667497e+01
6.900000000000000577e-02 3.588658440018749474e+01
7.000000000000000666e-02 3.620586346584173754e+01
7.100000000000000755e-02 3.652471513001766112e+01
7.200000000000000844e-02 3.684321841531658492e+01
7.299999999999999545e-02 3.716145029546500211e+01
7.399999999999999634e-02 3.747948577656859470e+01
7.499999999999999722e-02 3.779739797406712398e+01
7.599999999999999811e-02 3.811525818567200474e+01
7.699999999999999900e-02 3.843313596054714765e+01
7.799999999999999989e-02 3.875109916497463303e+01
7.900000000000000078e-02 3.906921404472576853e+01
8.000000000000000167e-02 3.938754528434485280e+01
8.100000000000000255e-02 3.970615606353473481e+01
8.200000000000000344e-02 4.002510811082053976e+01
8.300000000000000433e-02 4.034446175465522799e+01
8.400000000000000522e-02 4.066427597211929879e+01
8.500000000000000611e-02 4.098460843535495712e+01
8.600000000000000699e-02 4.130551555586593793e+01
8.700000000000000788e-02 4.162705252680569856e+01
8.799999999999999489e-02 4.194927336336786539e+01
8.899999999999999578e-02 4.227223094138432202e+01
8.999999999999999667e-02 4.259597703423051485e+01
9.099999999999999756e-02 4.292056234813037463e+01
9.199999999999999845e-02 4.324603655594782481e+01
9.299999999999999933e-02 4.357244832954496871e+01
9.400000000000000022e-02 4.389984537078338178e+01
9.500000000000000111e-02 4.422827444123896612e+01
9.600000000000000200e-02 4.455778139069759902e+01
9.700000000000000289e-02 4.488841118449356316e+01
9.800000000000000377e-02 4.522020792974889503e+01
9.900000000000000466e-02 4.555321490057016831e+01
1.000000000000000056e-01 4.588747456225286214e+01
1.010000000000000064e-01 4.622302859454308077e+01
1.020000000000000073e-01 4.655991791400231250e+01
1.030000000000000082e-01 4.689818269551798835e+01
1.040000000000000091e-01 4.723786239300096668e+01
1.049999999999999961e-01 4.757899575930829883e+01
1.059999999999999970e-01 4.792162086542700195e+01
1.069999999999999979e-01 4.826577511895433759e+01
1.079999999999999988e-01 4.861149528190478009e+01
1.089999999999999997e-01 4.895881748787618903e+01
1.100000000000000006e-01 4.930777725860372129e+01
1.110000000000000014e-01 4.965840951992717578e+01
1.120000000000000023e-01 5.001074861719999376e+01
1.130000000000000032e-01 5.036482833016250993e+01
1.140000000000000041e-01 5.072068188730392535e+01
1.150000000000000050e-01 5.107834197973457435e+01
1.160000000000000059e-01 5.143784077458860793e+01
1.170000000000000068e-01 5.179920992797843837e+01
1.180000000000000077e-01 5.216248059751859500e+01
1.190000000000000085e-01 5.252768345443709563e+01
1.199999999999999956e-01 5.289484869529164257e+01
1.209999999999999964e-01 5.326400605330653093e+01
1.219999999999999973e-01 5.363518480934519062e+01
1.229999999999999982e-01 5.400841380253444868e+01
1.239999999999999991e-01 5.438372144055267654e+01
1.250000000000000000e-01 5.476113570959537924e+01
1.260000000000000009e-01 5.514068418403289229e+01
1.270000000000000018e-01 5.552239403576857057e+01
1.280000000000000027e-01 5.590629204331258961e+01
1.290000000000000036e-01 5.629240460057999940e+01
1.300000000000000044e-01 5.668075772542380264e+01
1.310000000000000053e-01 5.707137706791414189e+01
1.320000000000000062e-01 5.746428791837212202e+01
1.330000000000000071e-01 5.785951521516682305e+01
1.340000000000000080e-01 5.825708355228613300e+01
1.350000000000000089e-01 5.865701718668731246e+01
1.360000000000000098e-01 5.905934004543763649e+01
1.370000000000000107e-01 5.946407573265034330e+01
1.380000000000000115e-01 5.987124753622487106e+01
1.390000000000000124e-01 6.028087843439794824e+01
1.400000000000000133e-01 6.069299110211181869e+01
1.410000000000000142e-01 6.110760791720605312e+01
1.420000000000000151e-01 6.152475096643911456e+01
1.430000000000000160e-01 6.194444205134595904e+01
1.440000000000000169e-01 6.236670269393727040e+01
1.449999999999999900e-01 6.279155414224413789e+01
1.459999999999999909e-01 6.321901737571556623e+01
1.469999999999999918e-01 6.364911311047347908e+01
1.479999999999999927e-01 6.408186180442714885e+01
1.489999999999999936e-01 6.451728366225620448e+01
1.499999999999999944e-01 6.495539864026210353e+01
1.509999999999999953e-01 6.539622645109631094e+01
1.519999999999999962e-01 6.583978656836535492e+01
1.529999999999999971e-01 6.628609823112032018e+01
1.539999999999999980e-01 6.673518044823129003e+01
1.549999999999999989e-01 6.718705200265378608e+01
1.559999999999999998e-01 6.764173145558538636e+01
1.570000000000000007e-01 6.809923715052343596e+01
1.580000000000000016e-01 6.855958721721975735e+01
1.590000000000000024e-01 6.902279957553957956e+01
1.600000000000000033e-01 6.948889193922582308e+01
1.610000000000000042e-01 6.995788181957379948e+01
1.620000000000000051e-01 7.042978652901683745e+01
1.630000000000000060e-01 7.090462318462596158e+01
1.640000000000000069e-01 7.138240871152680711e+01
1.650000000000000078e-01 7.186315984623627173e+01
1.660000000000000087e-01 7.234689313992078041e+01
1.670000000000000095e-01 7.283362496157883470e+01
1.680000000000000104e-01 7.332337150114938140e+01
1.690000000000000113e-01 7.381614877254901330e+01
1.700000000000000122e-01 7.431197261664016196e+01
1.710000000000000131e-01 7.481085870413073735e+01
1.720000000000000140e-01 7.531282253840930707e+01
1.730000000000000149e-01 7.581787945831598563e+01
1.740000000000000158e-01 7.632604464085147811e+01
1.750000000000000167e-01 7.683733310382609716e+01
1.759999999999999898e-01 7.735175970845051552e+01
1.769999999999999907e-01 7.786933916186956139e+01
1.779999999999999916e-01 7.839008601963922729e+01
1.789999999999999925e-01 7.891401468815377029e+01
1.799999999999999933e-01 7.944113942701523001e+01
1.809999999999999942e-01 7.997147435135673277e+01
1.819999999999999951e-01 8.050503343411378410e+01
1.829999999999999960e-01 8.104183050824764223e+01
1.839999999999999969e-01 8.158187926892225050e+01
1.849999999999999978e-01 8.212519327563575189e+01
1.859999999999999987e-01 8.267178595430578980e+01
1.869999999999999996e-01 8.322167059931518907e+01
1.880000000000000004e-01 8.377486037551022946e+01
1.890000000000000013e-01 8.433136832016282369e+01
1.900000000000000022e-01 8.489120734488955122e+01
1.910000000000000031e-01 8.545439023753255015e+01
1.920000000000000040e-01 8.602092966400351770e+01
1.930000000000000049e-01 8.659083817008894357e+01
1.940000000000000058e-01 8.716412818321981604e+01
1.950000000000000067e-01 8.774081201420636944e+01
1.960000000000000075e-01 8.832090185893980561e+01
1.970000000000000084e-01 8.890440980005701022e+01
1.980000000000000093e-01 8.949134780857610849e+01
1.990000000000000102e-01 9.008172774549882433e+01
2.000000000000000111e-01 9.067556136338203032e+01
2.010000000000000120e-01 9.127286030787718119e+01
2.020000000000000129e-01 9.187363611924456563e+01
2.030000000000000138e-01 9.247790023383402058e+01
2.040000000000000147e-01 9.308566398553989529e+01
2.050000000000000155e-01 9.369693860722748013e+01
2.060000000000000164e-01 9.431173523213487897e+01
2.070000000000000173e-01 9.493006489524486824e+01
2.080000000000000182e-01 9.555193853463470077e+01
2.089999999999999913e-01 9.617736699279885215e+01
2.099999999999999922e-01 9.680636101794857495e+01
2.109999999999999931e-01 9.743893126528610082e+01
2.119999999999999940e-01 9.807508829825712837e+01
2.129999999999999949e-01 9.871484258978068738e+01
2.139999999999999958e-01 9.935820452345376452e+01
2.149999999999999967e-01 1.000051843947389898e+02
2.159999999999999976e-01 1.006557924121264023e+02
2.169999999999999984e-01 1.013100386982785039e+02
2.179999999999999993e-01 1.019679332911510983e+02
2.190000000000000002e-01 1.026294861450979852e+02
2.200000000000000011e-01 1.032947071319534871e+02
2.210000000000000020e-01 1.039636060420976946e+02
2.220000000000000029e-01 1.046361925855018171e+02
2.230000000000000038e-01 1.053124763927575032e+02
2.240000000000000047e-01 1.059924670160846745e+02
2.250000000000000056e-01 1.066761739303267404e+02
2.260000000000000064e-01 1.073636065339250081e+02
2.270000000000000073e-01 1.080547741498779715e+02
2.280000000000000082e-01 1.087496860266846852e+02
2.290000000000000091e-01 1.094483513392713121e+02
2.300000000000000100e-01 1.101507791899032327e+02
2.310000000000000109e-01 1.108569786090796470e+02
2.320000000000000118e-01 1.115669585564169211e+02
2.330000000000000127e-01 1.122807279215128347e+02
2.340000000000000135e-01 1.129982955248013923e+02
2.350000000000000144e-01 1.137196701183885352e+02
2.360000000000000153e-01 1.144448603868778491e+02
2.370000000000000162e-01 1.151738749481831974e+02
2.380000000000000171e-01 1.159067223543231648e+02
2.390000000000000180e-01 1.166434110922087939e+02
2.399999999999999911e-01 1.173839495844152907e+02
2.409999999999999920e-01 1.181283461899413396e+02
2.419999999999999929e-01 1.188766092049578447e+02
2.429999999999999938e-01 1.196287468635425739e+02
2.439999999999999947e-01 1.203847673384067321e+02
2.449999999999999956e-01 1.211446787416051620e+02
2.459999999999999964e-01 1.219084891252398393e+02
2.469999999999999973e-01 1.226762064821499507e+02
2.479999999999999982e-01 1.234478387465924243e+02
2.489999999999999991e-01 1.242233937949099527e+02
2.500000000000000000e-01 1.250028794461916277e+02
2.510000000000000009e-01 1.257863034629206140e+02
2.520000000000000018e-01 1.265736735516144336e+02
2.530000000000000027e-01 1.273649973634530852e+02
2.540000000000000036e-01 1.281602824948990929e+02
2.550000000000000044e-01 1.289595364883077764e+02
2.560000000000000053e-01 1.297627668325285413e+02
2.570000000000000062e-01 1.305699809634966186e+02
2.580000000000000071e-01 1.313811862648160513e+02
2.590000000000000080e-01 1.321963900683354041e+02
2.600000000000000089e-01 1.330155996547121049e+02
2.610000000000000098e-01 1.338388222539709886e+02
2.620000000000000107e-01 1.346660650460536317e+02
2.630000000000000115e-01 1.354973351613592740e+02
2.640000000000000124e-01 1.363326396812792609e+02
2.650000000000000133e-01 1.371719856387211394e+02
2.660000000000000142e-01 1.380153800186282069e+02
2.670000000000000151e-01 1.388628297584884876e+02
2.680000000000000160e-01 1.397143417488396153e+02
2.690000000000000169e-01 1.405699228337633713e+02
2.700000000000000178e-01 1.414295798113759020e+02
2.710000000000000187e-01 1.422933194343082732e+02
2.720000000000000195e-01 1.431611484101825909e+02
2.730000000000000204e-01 1.440330734020803902e+02
2.740000000000000213e-01 1.449091010290031818e+02
2.750000000000000222e-01 1.457892378663290174e+02
2.760000000000000231e-01 1.466734904462614395e+02
2.770000000000000240e-01 1.475618652582718369e+02
2.780000000000000249e-01 1.484543687495355471e+02
2.790000000000000258e-01 1.493510073253628434e+02
2.800000000000000266e-01 1.502517873496249194e+02
2.810000000000000275e-01 1.511567151451687323e+02
2.820000000000000284e-01 1.520657969942348018e+02
2.830000000000000293e-01 1.529790391388618218e+02
2.840000000000000302e-01 1.538964477812894529e+02
2.850000000000000311e-01 1.548180290843534976e+02
2.860000000000000320e-01 1.557437891718790297e+02
2.870000000000000329e-01 1.566737341290651102e+02
2.880000000000000338e-01 1.576078700028664343e+02
2.889999999999999791e-01 1.585462028023654284e+02
2.899999999999999800e-01 1.594887384991494628e+02
2.909999999999999809e-01 1.604354830276696475e+02
2.919999999999999818e-01 1.613864422856065630e+02
2.929999999999999827e-01 1.623416221342247354e+02
2.939999999999999836e-01 1.633010283987223374e+02
2.949999999999999845e-01 1.642646668685822533e+02
2.959999999999999853e-01 1.652325432979100697e+02
2.969999999999999862e-01 1.662046634057755909e+02
2.979999999999999871e-01 1.671810328765429858e+02
2.989999999999999880e-01 1.681616573602043445e+02
2.999999999999999889e-01 1.691465424726995934e+02
3.009999999999999898e-01 1.701356937962425491e+02
3.019999999999999907e-01 1.711291168796335569e+02
3.029999999999999916e-01 1.721268172385741764e+02
3.039999999999999925e-01 1.731288003559759545e+02
3.049999999999999933e-01 1.741350716822660161e+02
3.059999999999999942e-01 1.751456366356858325e+02
3.069999999999999951e-01 1.761605006025906732e+02
3.079999999999999960e-01 1.771796689377426901e+02
3.089999999999999969e-01 1.782031469646001369e+02
3.099999999999999978e-01 1.792309399756038601e+02
3.109999999999999987e-01 1.802630532324610613e+02
3.119999999999999996e-01 1.812994919664238296e+02
3.130000000000000004e-01 1.823402613785651738e+02
3.140000000000000013e-01 1.833853666400500515e+02
3.150000000000000022e-01 1.844348128924075354e+02
3.160000000000000031e-01 1.854886052477943394e+02
3.170000000000000040e-01 1.865467487892578902e+02
3.180000000000000049e-01 1.876092485709962148e+02
3.190000000000000058e-01 1.886761096186137365e+02
3.200000000000000067e-01 1.897473369293750238e+02
3.210000000000000075e-01 1.908229354724551285e+02
3.220000000000000084e-01 1.919029101891860591e+02
3.230000000000000093e-01 1.929872659933007526e+02
3.240000000000000102e-01 1.940760077711761369e+02
3.250000000000000111e-01 1.951691403820714186e+02
3.260000000000000120e-01 1.962666686583611408e+02
3.270000000000000129e-01 1.973685974057711974e+02
3.280000000000000138e-01 1.984749314036071155e+02
3.290000000000000147e-01 1.995856754049821120e+02
3.300000000000000155e-01 2.007008341370437847e+02
3.310000000000000164e-01 2.018204123011919364e+02
3.320000000000000173e-01 2.029444145733036748e+02
3.330000000000000182e-01 2.040728456039462344e+02
3.340000000000000191e-01 2.052057100185925265e+02
3.350000000000000200e-01 2.063430124178360074e+02
3.360000000000000209e-01 2.074847573775966794e+02
3.370000000000000218e-01 2.086309494493300463e+02
3.380000000000000226e-01 2.097815931602333421e+02
3.390000000000000235e-01 2.109366930134463018e+02
3.400000000000000244e-01 2.120962534882512500e+02
3.410000000000000253e-01 2.132602790402740993e+02
3.420000000000000262e-01 2.144287741016769360e+02
3.430000000000000271e-01 2.156017430813533338e+02
3.440000000000000280e-01 2.167791903651191205e+02
3.450000000000000289e-01 2.179611203159017805e+02
3.460000000000000298e-01 2.191475372739312206e+02
3.470000000000000306e-01 2.203384455569175771e+02
3.480000000000000315e-01 2.215338494602417541e+02
3.490000000000000324e-01 2.227337532571320935e+02
3.500000000000000333e-01 2.239381611988449094e+02
3.510000000000000342e-01 2.251470775148422945e+02
3.519999999999999796e-01 2.263605064129669699e+02
3.529999999999999805e-01 2.275784520796139532e+02
3.539999999999999813e-01 2.288009186799044983e+02
3.549999999999999822e-01 2.300279103578552622e+02
3.559999999999999831e-01 2.312594312365438327e+02
3.569999999999999840e-01 2.324954854182785766e+02
3.579999999999999849e-01 2.337360769847580286e+02
3.589999999999999858e-01 2.349812099972375563e+02
3.599999999999999867e-01 2.362308884966882943e+02
3.609999999999999876e-01 2.374851165039553962e+02
3.619999999999999885e-01 2.387438980199165144e+02
3.629999999999999893e-01 2.400072370256380054e+02
3.639999999999999902e-01 2.412751374825259063e+02
3.649999999999999911e-01 2.425476033324816854e+02
3.659999999999999920e-01 2.438246384980529911e+02
3.669999999999999929e-01 2.451062468825778069e+02
3.679999999999999938e-01 2.463924323703395203e+02
3.689999999999999947e-01 2.476831988267072120e+02
3.699999999999999956e-01 2.489785500982834492e+02
3.709999999999999964e-01 2.502784900130450296e+02
3.719999999999999973e-01 2.515830223804866819e+02
3.729999999999999982e-01 2.528921509917599906e+02
3.739999999999999991e-01 2.542058796198127766e+02
3.750000000000000000e-01 2.555242120195252937e+02
3.760000000000000009e-01 2.568471519278477899e+02
3.770000000000000018e-01 2.581747030639332934e+02
3.780000000000000027e-01 2.595068691292706262e+02
3.790000000000000036e-01 2.608436538078196918e+02
3.800000000000000044e-01 2.621850607661374397e+02
3.810000000000000053e-01 2.635310936535081510e+02
3.820000000000000062e-01 2.648817561020739504e+02
3.830000000000000071e-01 2.662370517269580432e+02
3.840000000000000080e-01 2.675969841263918170e+02
3.850000000000000089e-01 2.689615568818380780e+02
3.860000000000000098e-01 2.703307735581142879e+02
3.870000000000000107e-01 2.717046377035142086e+02
3.880000000000000115e-01 2.730831528499288652e+02
3.890000000000000124e-01 2.744663225129622788e+02
3.900000000000000133e-01 2.758541501920558403e+02
3.910000000000000142e-01 2.772466393705992687e+02
3.920000000000000151e-01 2.786437935160488450e+02
3.930000000000000160e-01 2.800456160800424641e+02
3.940000000000000169e-01 2.814521104985110469e+02
3.950000000000000178e-01 2.828632801917945017e+02
3.960000000000000187e-01 2.842791285647483619e+02
3.970000000000000195e-01 2.856996590068574733e+02
3.980000000000000204e-01 2.871248748923451330e+02
3.990000000000000213e-01 2.885547795802779092e+02
4.000000000000000222e-01 2.899893764146761441e+02
4.010000000000000231e-01 2.914286687246183192e+02
4.020000000000000240e-01 2.928726598243474655e+02
4.030000000000000249e-01 2.943213530133721179e+02
4.040000000000000258e-01 2.957747515765740900e+02
4.050000000000000266e-01 2.972328587843048808e+02
4.060000000000000275e-01 2.986956778924932223e+02
4.070000000000000284e-01 3.001632121427383026e+02
4.080000000000000293e-01 3.016354647624145855e+02
4.090000000000000302e-01 3.031124389647663975e+02
4.100000000000000311e-01 3.045941379490079726e+02
4.110000000000000320e-01 3.060805649004180395e+02
4.120000000000000329e-01 3.075717229904357737e+02
4.130000000000000338e-01 3.090676153767558390e+02
4.140000000000000346e-01 3.105682452034229755e+02
4.150000000000000355e-01 3.120736156009218121e+02
4.160000000000000364e-01 3.135837296862730454e+02
4.169999999999999818e-01 3.150985905631205242e+02
4.179999999999999827e-01 3.166182013218251541e+02
4.189999999999999836e-01 3.181425650395526645e+02
4.199999999999999845e-01 3.196716847803625114e+02
4.209999999999999853e-01 3.212055635952956436e+02
4.219999999999999862e-01 3.227442045224620415e+02
4.229999999999999871e-01 3.242876105871268919e+02
4.239999999999999880e-01 3.258357848017963079e+02
4.249999999999999889e-01 3.273887301663010021e+02
4.259999999999999898e-01 3.289464496678822343e+02
4.269999999999999907e-01 3.305089462812727561e+02
4.279999999999999916e-01 3.320762229687825311e+02
4.289999999999999925e-01 3.336482826803758144e+02
4.299999999999999933e-01 3.352251283537564177e+02
4.309999999999999942e-01 3.368067629144468356e+02
4.319999999999999951e-01 3.383931892758673712e+02
4.329999999999999960e-01 3.399844103394143531e+02
4.339999999999999969e-01 3.415804289945394885e+02
4.349999999999999978e-01 3.431812481188264883e+02
4.359999999999999987e-01 3.447868705780701930e+02
4.369999999999999996e-01 3.463972992263491051e+02
4.380000000000000004e-01 3.480125369061038327e+02
4.390000000000000013e-01 3.496325864482107590e+02
4.400000000000000022e-01 3.512574506720536647e+02
4.410000000000000031e-01 3.528871323856060371e+02
4.420000000000000040e-01 3.545216343854917795e+02
4.430000000000000049e-01 3.561609594570650188e+02
4.440000000000000058e-01 3.578051103744819557e+02
4.450000000000000067e-01 3.594540899007688495e+02
4.460000000000000075e-01 3.611079007878947777e+02
4.470000000000000084e-01 3.627665457768384840e+02
4.480000000000000093e-01 3.644300275976602279e+02
4.490000000000000102e-01 3.660983489695718163e+02
4.500000000000000111e-01 3.677715126009993583e+02
4.510000000000000120e-01 3.694495211896560249e+02
4.520000000000000129e-01 3.711323774226052592e+02
4.530000000000000138e-01 3.728200839763303520e+02
4.540000000000000147e-01 3.745126435167953787e+02
4.550000000000000155e-01 3.762100586995188678e+02
4.560000000000000164e-01 3.779123321696265521e+02
4.570000000000000173e-01 3.796194665619273110e+02
4.580000000000000182e-01 3.813314645009677406e+02
4.590000000000000191e-01 3.830483286011017299e+02
4.600000000000000200e-01 3.847700614665491230e+02
4.610000000000000209e-01 3.864966656914571104e+02
4.620000000000000218e-01 3.882281438599652574e+02
4.630000000000000226e-01 3.899644985462650766e+02
4.640000000000000235e-01 3.917057323146582348e+02
4.650000000000000244e-01 3.934518477196193089e+02
4.660000000000000253e-01 3.952028473058530835e+02
4.670000000000000262e-01 3.969587336083563969e+02
4.680000000000000271e-01 3.987195091524745294e+02
4.690000000000000280e-01 4.004851764539585020e+02
4.700000000000000289e-01 4.022557380190241929e+02
4.710000000000000298e-01 4.040311963444114554e+02
4.720000000000000306e-01 4.058115539174350488e+02
4.730000000000000315e-01 4.075968132160451205e+02
4.740000000000000324e-01 4.093869767088826848e+02
4.750000000000000333e-01 4.111820468553328283e+02
4.760000000000000342e-01 4.129820261055838273e+02
4.770000000000000351e-01 4.147869169006735319e+02
4.780000000000000360e-01 4.165967216725530307e+02
4.790000000000000369e-01 4.184114428441316704e+02
4.799999999999999822e-01 4.202310828293379927e+02
4.809999999999999831e-01 4.220556440331624799e+02
4.819999999999999840e-01 4.238851288517221292e+02
4.829999999999999849e-01 4.257195396723009253e+02
4.839999999999999858e-01 4.275588788734098671e+02
4.849999999999999867e-01 4.294031488248292590e+02
4.859999999999999876e-01 4.312523518876701019e+02
4.869999999999999885e-01 4.331064904144145657e+02
4.879999999999999893e-01 4.349655667489691950e+02
4.889999999999999902e-01 4.368295832267185688e+02
4.899999999999999911e-01 4.386985421745680469e+02
4.909999999999999920e-01 4.405724459109965210e+02
4.919999999999999929e-01 4.424512967460987056e+02
4.929999999999999938e-01 4.443350969816447105e+02
4.939999999999999947e-01 4.462238489111155104e+02
4.949999999999999956e-01 4.481175548197570606e+02
4.959999999999999964e-01 4.500162169846230427e+02
4.969999999999999973e-01 4.519198376746244321e+02
4.979999999999999982e-01 4.538284191505763374e+02
4.989999999999999991e-01 4.557419636652380177e+02
5.000000000000000000e-01 4.576604734633665430e+02
5.010000000000000009e-01 4.595839507817527192e+02
5.020000000000000018e-01 4.615123978492742935e+02
5.030000000000000027e-01 4.634458168869346082e+02
5.040000000000000036e-01 4.653842101079089844e+02
5.050000000000000044e-01 4.673275797175874686e+02
5.060000000000000053e-01 4.692759279136193982e+02
5.070000000000000062e-01 4.712292568859543280e+02
5.080000000000000071e-01 4.731875688168884153e+02
5.090000000000000080e-01 4.751508658811017085e+02
5.100000000000000089e-01 4.771191502457031675e+02
5.110000000000000098e-01 4.790924240702747738e+02
5.120000000000000107e-01 4.810706895069083657e+02
5.130000000000000115e-01 4.830539487002483838e+02
5.140000000000000124e-01 4.850422037875332535e+02
5.150000000000000133e-01 4.870354568986372215e+02
5.160000000000000142e-01 4.890337101561067357e+02
5.170000000000000151e-01 4.910369656752045557e+02
5.180000000000000160e-01 4.930452255639465875e+02
5.190000000000000169e-01 4.950584919231423555e+02
5.200000000000000178e-01 4.970767668464332019e+02
5.210000000000000187e-01 4.991000524203313944e+02
5.220000000000000195e-01 5.011283507242610540e+02
5.230000000000000204e-01 5.031616638305904416e+02
5.240000000000000213e-01 5.051999938046783427e+02
5.250000000000000222e-01 5.072433427049018064e+02
5.260000000000000231e-01 5.092917125827002565e+02
5.270000000000000240e-01 5.113451054826141444e+02
5.280000000000000249e-01 5.134035234423122347e+02
5.290000000000000258e-01 5.154669684926420814e+02
5.300000000000000266e-01 5.175354426576514015e+02
5.310000000000000275e-01 5.196089479546358234e+02
5.320000000000000284e-01 5.216874863941684453e+02
5.330000000000000293e-01 5.237710599801375793e+02
5.340000000000000302e-01 5.258596707097813123e+02
5.350000000000000311e-01 5.279533205737234312e+02
5.360000000000000320e-01 5.300520115560061640e+02
5.370000000000000329e-01 5.321557456341251964e+02
5.380000000000000338e-01 5.342645247790683243e+02
5.390000000000000346e-01 5.363783509553431941e+02
5.400000000000000355e-01 5.384972261210132274e+02
5.410000000000000364e-01 5.406211522277330914e+02
5.420000000000000373e-01 5.427501312207796218e+02
5.430000000000000382e-01 5.448841650390845643e+02
5.440000000000000391e-01 5.470232556152745929e+02
5.450000000000000400e-01 5.491674048756881348e+02
5.460000000000000409e-01 5.513166147404276671e+02
5.470000000000000417e-01 5.534708871233742684e+02
5.480000000000000426e-01 5.556302239322308196e+02
5.490000000000000435e-01 5.577946270685492891e+02
5.500000000000000444e-01 5.599640984277612006e+02
5.510000000000000453e-01 5.621386398992144677e+02
5.520000000000000462e-01 5.643182533661947673e+02
5.530000000000000471e-01 5.665029407059673758e+02
5.540000000000000480e-01 5.686927037898008166e+02
5.550000000000000488e-01 5.708875444829955086e+02
5.560000000000000497e-01 5.730874646449228749e+02
5.570000000000000506e-01 5.752924661290485346e+02
5.580000000000000515e-01 5.775025507829591334e+02
5.590000000000000524e-01 5.797177204484009962e+02
5.600000000000000533e-01 5.819379769613028657e+02
5.610000000000000542e-01 5.841633221518086430e+02
5.620000000000000551e-01 5.863937578442996710e+02
5.630000000000000560e-01 5.886292858574352067e+02
5.640000000000000568e-01 5.908699080041697016e+02
5.650000000000000577e-01 5.931156260917855434e+02
5.660000000000000586e-01 5.953664419219267074e+02
5.670000000000000595e-01 5.976223572906142181e+02
5.680000000000000604e-01 5.998833739882852569e+02
5.690000000000000613e-01 6.021494937998190835e+02
5.700000000000000622e-01 6.044207185045584083e+02
5.710000000000000631e-01 6.066970498763398609e+02
5.720000000000000639e-01 6.089784896835253676e+02
5.730000000000000648e-01 6.112650396890235243e+02
5.740000000000000657e-01 6.135567016503173363e+02
5.750000000000000666e-01 6.158534773194928675e+02
5.760000000000000675e-01 6.181553684432642513e+02
5.769999999999999574e-01 6.204623767629987015e+02
5.779999999999999583e-01 6.227745040147451618e+02
5.789999999999999591e-01 6.250917519292579527e+02
5.799999999999999600e-01 6.274141222320254201e+02
5.809999999999999609e-01 6.297416166432881255e+02
5.819999999999999618e-01 6.320742368780756806e+02
5.829999999999999627e-01 6.344119846462217538e+02
5.839999999999999636e-01 6.367548616523940836e+02
5.849999999999999645e-01 6.391028695961163066e+02
5.859999999999999654e-01 6.414560101717988800e+02
5.869999999999999662e-01 6.438142850687545433e+02
5.879999999999999671e-01 6.461776959712296957e+02
5.889999999999999680e-01 6.485462445584248599e+02
5.899999999999999689e-01 6.509199325045242404e+02
5.909999999999999698e-01 6.532987614787102757e+02
5.919999999999999707e-01 6.556827331451936516e+02
5.929999999999999716e-01 6.580718491632396763e+02
5.939999999999999725e-01 6.604661111871837420e+02
5.949999999999999734e-01 6.628655208664599741e+02
5.959999999999999742e-01 6.652700798456239681e+02
5.969999999999999751e-01 6.676797897643737087e+02
5.979999999999999760e-01 6.700946522575745803e+02
5.989999999999999769e-01 6.725146689552821044e+02
5.999999999999999778e-01 6.749398414827610395e+02
6.009999999999999787e-01 6.773701714605117559e+02
6.019999999999999796e-01 6.798056605042906995e+02
6.029999999999999805e-01 6.822463102251326745e+02
6.039999999999999813e-01 6.846921222293744904e+02
6.049999999999999822e-01 6.871430981186717872e+02
6.059999999999999831e-01 6.895992394900276850e+02
6.069999999999999840e-01 6.920605479358100638e+02
6.079999999999999849e-01 6.945270250437729374e+02
6.089999999999999858e-01 6.969986723970782805e+02
6.099999999999999867e-01 6.994754915743192214e+02
6.109999999999999876e-01 7.019574841495377768e+02
6.119999999999999885e-01 7.044446516922494084e+02
6.129999999999999893e-01 7.069369957674584839e+02
6.139999999999999902e-01 7.094345179356864719e+02
6.149999999999999911e-01 7.119372197529851292e+02
6.159999999999999920e-01 7.144451027709606024e+02
6.169999999999999929e-01 7.169581685367929822e+02
6.179999999999999938e-01 7.194764185932567671e+02
6.189999999999999947e-01 7.219998544787399624e+02
6.199999999999999956e-01 7.245284777272659085e+02
6.209999999999999964e-01 7.270622898685105611e+02
6.219999999999999973e-01 7.296012924278247738e+02
6.229999999999999982e-01 7.321454869262497596e+02
6.239999999999999991e-01 7.346948748805411924e+02
6.250000000000000000e-01 7.372494578031842138e+02
6.260000000000000009e-01 7.398092372024184442e+02
6.270000000000000018e-01 7.423742145822479870e+02
6.280000000000000027e-01 7.449443914424728064e+02
6.290000000000000036e-01 7.475197692786941843e+02
6.300000000000000044e-01 7.501003495823424601e+02
6.310000000000000053e-01 7.526861338406915820e+02
6.320000000000000062e-01 7.552771235368809357e+02
6.330000000000000071e-01 7.578733201499308052e+02
6.340000000000000080e-01 7.604747251547582891e+02
6.350000000000000089e-01 7.630813400222041309e+02
6.360000000000000098e-01 7.656931662190413590e+02
6.370000000000000107e-01 7.683102052079971145e+02
6.380000000000000115e-01 7.709324584477722055e+02
6.390000000000000124e-01 7.735599273930574782e+02
6.400000000000000133e-01 7.761926134945488229e+02
6.410000000000000142e-01 7.788305181989667290e+02
6.420000000000000151e-01 7.814736429490767478e+02
6.430000000000000160e-01 7.841219891837022260e+02
6.440000000000000169e-01 7.867755583377420407e+02
6.450000000000000178e-01 7.894343518421892441e+02
6.460000000000000187e-01 7.920983711241487981e+02
6.470000000000000195e-01 7.947676176068525820e+02
6.480000000000000204e-01 7.974420927096780360e+02
6.490000000000000213e-01 8.001217978481595310e+02
6.500000000000000222e-01 8.028067344340142881e+02
6.510000000000000231e-01 8.054969038751514745e+02
6.520000000000000240e-01 8.081923075756881190e+02
6.530000000000000249e-01 8.108929469359745781e+02
6.540000000000000258e-01 8.135988233525963551e+02
6.550000000000000266e-01 8.163099382184063870e+02
6.560000000000000275e-01 8.190262929225259541e+02
6.570000000000000284e-01 8.217478888503710550e+02
6.580000000000000293e-01 8.244747273836646855e+02
6.590000000000000302e-01 8.272068099004491160e+02
6.600000000000000311e-01 8.299441377751095388e+02
6.610000000000000320e-01 8.326867123783827083e+02
6.620000000000000329e-01 8.354345350773737664e+02
6.630000000000000338e-01 8.381876072355757969e+02
6.640000000000000346e-01 8.409459302128798299e+02
6.650000000000000355e-01 8.437095053655921220e+02
6.660000000000000364e-01 8.464783340464473440e+02
6.670000000000000373e-01 8.492524176046317734e+02
6.680000000000000382e-01 8.520317573857873867e+02
6.690000000000000391e-01 8.548163547320273210e+02
6.700000000000000400e-01 8.576062109819667967e+02
6.710000000000000409e-01 8.604013274707131131e+02
6.720000000000000417e-01 8.632017055299011190e+02
6.730000000000000426e-01 8.660073464876950311e+02
6.740000000000000435e-01 8.688182516688111718e+02
6.750000000000000444e-01 8.716344223945216072e+02
6.760000000000000453e-01 8.744558599826832506e+02
6.770000000000000462e-01 8.772825657477396817e+02
6.780000000000000471e-01 8.801145410007420651e+02
6.790000000000000480e-01 8.829517870493582450e+02
6.800000000000000488e-01 8.857943051978918447e+02
6.810000000000000497e-01 8.886420967472931807e+02
6.820000000000000506e-01 8.914951629951683572e+02
6.830000000000000515e-01 8.943535052358056419e+02
6.840000000000000524e-01 8.972171247601791038e+02
6.850000000000000533e-01 9.000860228559622556e+02
6.860000000000000542e-01 9.029602008075462436e+02
6.870000000000000551e-01 9.058396598960471238e+02
6.880000000000000560e-01 9.087244013993340559e+02
6.890000000000000568e-01 9.116144265920165708e+02
6.900000000000000577e-01 9.145097367454845880e+02
6.910000000000000586e-01 9.174103331279020495e+02
6.920000000000000595e-01 9.203162170042323851e+02
6.930000000000000604e-01 9.232273896362476080e+02
6.940000000000000613e-01 9.261438522825337714e+02
6.950000000000000622e-01 9.290656061985200722e+02
6.960000000000000631e-01 9.319926526364715755e+02
6.970000000000000639e-01 9.349249928455210465e+02
6.980000000000000648e-01 9.378626280716698602e+02
6.990000000000000657e-01 9.408055595578034627e+02
7.000000000000000666e-01 9.437537885436995566e+02
7.010000000000000675e-01 9.467073162660535672e+02
7.020000000000000684e-01 9.496661439584750042e+02
7.030000000000000693e-01 9.526302728515138369e+02
7.039999999999999591e-01 9.555997041726586758e+02
7.049999999999999600e-01 9.585744391463631473e+02
7.059999999999999609e-01 9.615544789940458941e+02
7.069999999999999618e-01 9.645398249341105839e+02
7.079999999999999627e-01 9.675304781819568234e+02
7.089999999999999636e-01 9.705264399499837964e+02
7.099999999999999645e-01 9.735277114476148199e+02
7.109999999999999654e-01 9.765342938813028013e+02
7.119999999999999662e-01 9.795461884545356952e+02
7.129999999999999671e-01 9.825633963678646978e+02
7.139999999999999680e-01 9.855859188188969711e+02
7.149999999999999689e-01 9.886137570023220178e+02
7.159999999999999698e-01 9.916469121099116819e+02
7.169999999999999707e-01 9.946853853305401572e+02
7.179999999999999716e-01 9.977291778501903536e+02
7.189999999999999725e-01 1.000778290851969359e+03
7.199999999999999734e-01 1.003832725516112987e+03
7.209999999999999742e-01 1.006892483020005784e+03
7.219999999999999751e-01 1.009957564538186489e+03
7.229999999999999760e-01 1.013027971242357125e+03
7.239999999999999769e-01 1.016103704301397556e+03
7.249999999999999778e-01 1.019184764881380033e+03
7.259999999999999787e-01 1.022271154145570108e+03
7.269999999999999796e-01 1.025362873254445731e+03
7.279999999999999805e-01 1.028459923365708164e+03
7.289999999999999813e-01 1.031562305634282893e+03
7.299999999999999822e-01 1.034670021212345091e+03
7.309999999999999831e-01 1.037783071249315071e+03
7.319999999999999840e-01 1.040901456891883754e+03
7.329999999999999849e-01 1.044025179284009937e+03
7.339999999999999858e-01 1.047154239566935757e+03
7.349999999999999867e-01 1.050288638879205791e+03
7.359999999999999876e-01 1.053428378356656140e+03
7.369999999999999885e-01 1.056573459132449898e+03
7.379999999999999893e-01 1.059723882337067153e+03
7.389999999999999902e-01 1.062879649098328628e+03
7.399999999999999911e-01 1.066040760541394775e+03
7.409999999999999920e-01 1.069207217788788512e+03
7.419999999999999929e-01 1.072379021960388854e+03
7.429999999999999938e-01 1.075556174173461841e+03
7.439999999999999947e-01 1.078738675542646888e+03
7.449999999999999956e-01 1.081926527179985897e+03
7.459999999999999964e-01 1.085119730194923250e+03
7.469999999999999973e-01 1.088318285694318547e+03
7.479999999999999982e-01 1.091522194782456609e+03
7.489999999999999991e-01 1.094731458561050204e+03
7.500000000000000000e-01 1.097946078129264606e+03
7.510000000000000009e-01 1.101166054583713048e+03
7.520000000000000018e-01 1.104391389018470363e+03
7.530000000000000027e-01 1.107622082525084807e+03
7.540000000000000036e-01 1.110858136192588063e+03
7.550000000000000044e-01 1.114099551107500702e+03
7.560000000000000053e-01 1.117346328353841272e+03
7.570000000000000062e-01 1.120598469013143585e+03
7.580000000000000071e-01 1.123855974164451254e+03
7.590000000000000080e-01 1.127118844884343162e+03
7.600000000000000089e-01 1.130387082246935279e+03
7.610000000000000098e-01 1.133660687323882485e+03
7.620000000000000107e-01 1.136939661184399483e+03
7.630000000000000115e-01 1.140224004895266262e+03
7.640000000000000124e-01 1.143513719520833547e+03
7.650000000000000133e-01 1.146808806123030081e+03
7.660000000000000142e-01 1.150109265761384449e+03
7.670000000000000151e-01 1.153415099493015987e+03
7.680000000000000160e-01 1.156726308372655694e+03
7.690000000000000169e-01 1.160042893452653516e+03
7.700000000000000178e-01 1.163364855782981067e+03
7.710000000000000187e-01 1.166692196411246186e+03
7.720000000000000195e-01 1.170024916382696574e+03
7.730000000000000204e-01 1.173363016740239800e+03
7.740000000000000213e-01 1.176706498524434210e+03
7.750000000000000222e-01 1.180055362773508932e+03
7.760000000000000231e-01 1.183409610523372066e+03
7.770000000000000240e-01 1.186769242807617047e+03
7.780000000000000249e-01 1.190134260657526283e+03
7.790000000000000258e-01 1.193504665102090257e+03
7.800000000000000266e-01 1.196880457168002067e+03
7.810000000000000275e-01 1.200261637879681984e+03
7.820000000000000284e-01 1.203648208259267449e+03
7.830000000000000293e-01 1.207040169326638534e+03
7.840000000000000302e-01 1.210437522099410671e+03
7.850000000000000311e-01 1.213840267592961027e+03
7.860000000000000320e-01 1.217248406820409400e+03
7.870000000000000329e-01 1.220661940792658243e+03
7.880000000000000338e-01 1.224080870518374468e+03
7.890000000000000346e-01 1.227505197004011279e+03
7.900000000000000355e-01 1.230934921253813627e+03
7.910000000000000364e-01 1.234370044269820937e+03
7.920000000000000373e-01 1.237810567051882572e+03
7.930000000000000382e-01 1.241256490597658740e+03
7.940000000000000391e-01 1.244707815902635957e+03
7.950000000000000400e-01 1.248164543960122501e+03
7.960000000000000409e-01 1.251626675761266597e+03
7.970000000000000417e-01 1.255094212295068246e+03
7.980000000000000426e-01 1.258567154548367398e+03
7.990000000000000435e-01 1.262045503505873057e+03
8.000000000000000444e-01 1.265529260150155096e+03
8.010000000000000453e-01 1.269018425461665174e+03
8.020000000000000462e-01 1.272513000418726733e+03
8.030000000000000471e-01 1.276012985997560463e+03
8.040000000000000480e-01 1.279518383172280664e+03
8.050000000000000488e-01 1.283029192914909800e+03
8.060000000000000497e-01 1.286545416195373946e+03
8.070000000000000506e-01 1.290067053981526442e+03
8.080000000000000515e-01 1.293594107239139703e+03
8.090000000000000524e-01 1.297126576931923410e+03
8.100000000000000533e-01 1.300664464021524509e+03
8.110000000000000542e-01 1.304207769467537219e+03
8.120000000000000551e-01 1.307756494227514850e+03
8.130000000000000560e-01 1.311310639256965260e+03
8.140000000000000568e-01 1.314870205509368134e+03
8.150000000000000577e-01 1.318435193936182259e+03
8.160000000000000586e-01 1.322005605486839158e+03
8.170000000000000595e-01 1.325581441108770377e+03
8.180000000000000604e-01 1.329162701747396568e+03
8.190000000000000613e-01 1.332749388346142950e+03
8.200000000000000622e-01 1.336341501846445681e+03
8.210000000000000631e-01 1.339939043187756397e+03
8.220000000000000639e-01 1.343542013307554953e+03
8.230000000000000648e-01 1.347150413141339413e+03
8.240000000000000657e-01 1.350764243622657887e+03
8.250000000000000666e-01 1.354383505683093972e+03
8.260000000000000675e-01 1.358008200252285860e+03
8.270000000000000684e-01 1.361638328257925423e+03
8.280000000000000693e-01 1.365273890625767308e+03
8.290000000000000702e-01 1.368914888279638944e+03
8.300000000000000711e-01 1.372561322141443270e+03
8.310000000000000719e-01 1.376213193131162370e+03
8.320000000000000728e-01 1.379870502166874758e+03
8.329999999999999627e-01 1.383533250164748097e+03
8.339999999999999636e-01 1.387201438039055574e+03
8.349999999999999645e-01 1.390875066702176809e+03
8.359999999999999654e-01 1.394554137064609677e+03
8.369999999999999662e-01 1.398238650034966668e+03
8.379999999999999671e-01 1.401928606519997629e+03
8.389999999999999680e-01 1.405624007424576121e+03
8.399999999999999689e-01 1.409324853651719422e+03
8.409999999999999698e-01 1.413031146102593084e+03
8.419999999999999707e-01 1.416742885676510923e+03
8.429999999999999716e-01 1.420460073270953217e+03
8.439999999999999725e-01 1.424182709781549420e+03
8.449999999999999734e-01 1.427910796102115455e+03
8.459999999999999742e-01 1.431644333124634613e+03
8.469999999999999751e-01 1.435383321739277562e+03
8.479999999999999760e-01 1.439127762834399618e+03
8.489999999999999769e-01 1.442877657296552570e+03
8.499999999999999778e-01 1.446633006010491044e+03
8.509999999999999787e-01 1.450393809859172507e+03
8.519999999999999796e-01 1.454160069723768174e+03
8.529999999999999805e-01 1.457931786483668475e+03
8.539999999999999813e-01 1.461708961016484864e+03
8.549999999999999822e-01 1.465491594198062558e+03
8.559999999999999831e-01 1.469279686902482354e+03
8.569999999999999840e-01 1.473073240002063358e+03
8.579999999999999849e-01 1.476872254367373898e+03
8.589999999999999858e-01 1.480676730867234255e+03
8.599999999999999867e-01 1.484486670368726664e+03
8.609999999999999876e-01 1.488302073737190767e+03
8.619999999999999885e-01 1.492122941836243626e+03
8.629999999999999893e-01 1.495949275527772443e+03
8.639999999999999902e-01 1.499781075671949111e+03
8.649999999999999911e-01 1.503618343127231128e+03
8.659999999999999920e-01 1.507461078750365232e+03
8.669999999999999929e-01 1.511309283396399223e+03
8.679999999999999938e-01 1.515162957918686516e+03
8.689999999999999947e-01 1.519022103168882495e+03
8.699999999999999956e-01 1.522886719996960892e+03
8.709999999999999964e-01 1.526756809251213781e+03
8.719999999999999973e-01 1.530632371778262495e+03
8.729999999999999982e-01 1.534513408423049441e+03
8.739999999999999991e-01 1.538399920028860834e+03
8.750000000000000000e-01 1.542291907437320333e+03
8.760000000000000009e-01 1.546189371488399047e+03
8.770000000000000018e-01 1.550092313020420079e+03
8.780000000000000027e-01 1.554000732870063075e+03
8.790000000000000036e-01 1.557914631872366954e+03
8.800000000000000044e-01 1.561834010860740818e+03
8.810000000000000053e-01 1.565758870666967596e+03
8.820000000000000062e-01 1.569689212121204037e+03
8.830000000000000071e-01 1.573625036051991628e+03
8.840000000000000080e-01 1.577566343286257506e+03
8.850000000000000089e-01 1.581513134649327185e+03
8.860000000000000098e-01 1.585465410964920920e+03
8.870000000000000107e-01 1.589423173055157349e+03
8.880000000000000115e-01 1.593386421740572587e+03
8.890000000000000124e-01 1.597355157840109314e+03
8.900000000000000133e-01 1.601329382171131329e+03
8.910000000000000142e-01 1.605309095549422636e+03
8.920000000000000151e-01 1.609294298789198365e+03
8.930000000000000160e-01 1.613284992703106582e+03
8.940000000000000169e-01 1.617281178102229205e+03
8.950000000000000178e-01 1.621282855796093827e+03
8.960000000000000187e-01 1.625290026592675531e+03
8.970000000000000195e-01 1.629302691298405989e+03
8.980000000000000204e-01 1.633320850718166184e+03
8.990000000000000213e-01 1.637344505655303692e+03
9.000000000000000222e-01 1.641373656911630860e+03
9.010000000000000231e-01 1.645408305287439362e+03
9.020000000000000240e-01 1.649448451581482914e+03
9.030000000000000249e-01 1.653494096591010020e+03
9.040000000000000258e-01 1.657545241111745781e+03
9.050000000000000266e-01 1.661601885937913721e+03
9.060000000000000275e-01 1.665664031862223965e+03
9.070000000000000284e-01 1.669731679675892337e+03
9.080000000000000293e-01 1.673804830168639455e+03
9.090000000000000302e-01 1.677883484128690725e+03
9.100000000000000311e-01 1.681967642342788167e+03
9.110000000000000320e-01 1.686057305596188598e+03
9.120000000000000329e-01 1.690152474672678181e+03
9.130000000000000338e-01 1.694253150354565150e+03
9.140000000000000346e-01 1.698359333422687087e+03
9.150000000000000355e-01 1.702471024656427289e+03
9.160000000000000364e-01 1.706588224833698405e+03
9.170000000000000373e-01 1.710710934730964254e+03
9.180000000000000382e-01 1.714839155123241653e+03
9.190000000000000391e-01 1.718972886784094044e+03
9.200000000000000400e-01 1.723112130485646048e+03
9.210000000000000409e-01 1.727256886998587106e+03
9.220000000000000417e-01 1.731407157092173293e+03
9.230000000000000426e-01 1.735562941534228230e+03
9.240000000000000435e-01 1.739724241091153090e+03
9.250000000000000444e-01 1.743891056527934779e+03
9.260000000000000453e-01 1.748063388608140485e+03
9.270000000000000462e-01 1.752241238093921311e+03
9.280000000000000471e-01 1.756424605746027737e+03
9.290000000000000480e-01 1.760613492323805076e+03
9.300000000000000488e-01 1.764807898585201656e+03
9.310000000000000497e-01 1.769007825286767911e+03
9.320000000000000506e-01 1.773213273183667297e+03
9.330000000000000515e-01 1.777424243029677200e+03
9.340000000000000524e-01 1.781640735577186206e+03
9.350000000000000533e-01 1.785862751577220479e+03
9.360000000000000542e-01 1.790090291779413747e+03
9.370000000000000551e-01 1.794323356932043680e+03
9.380000000000000560e-01 1.798561947782017342e+03
9.390000000000000568e-01 1.802806065074883008e+03
9.400000000000000577e-01 1.807055709554823807e+03
9.410000000000000586e-01 1.811310881964684086e+03
9.420000000000000595e-01 1.815571583045943953e+03
9.430000000000000604e-01 1.819837813538744740e+03
9.440000000000000613e-01 1.824109574181886273e+03
9.450000000000000622e-01 1.828386865712834151e+03
9.460000000000000631e-01 1.832669688867712466e+03
9.470000000000000639e-01 1.836958044381328364e+03
9.480000000000000648e-01 1.841251932987143846e+03
9.490000000000000657e-01 1.845551355417321247e+03
9.500000000000000666e-01 1.849856312402693220e+03
9.510000000000000675e-01 1.854166804672776379e+03
9.520000000000000684e-01 1.858482832955783124e+03
9.530000000000000693e-01 1.862804397978619818e+03
9.540000000000000702e-01 1.867131500466884972e+03
9.550000000000000711e-01 1.871464141144885616e+03
9.560000000000000719e-01 1.875802320735627291e+03
9.570000000000000728e-01 1.880146039960831331e+03
9.580000000000000737e-01 1.884495299540923043e+03
9.590000000000000746e-01 1.888850100195057166e+03
9.599999999999999645e-01 1.893210442641093323e+03
9.609999999999999654e-01 1.897576327595628754e+03
9.619999999999999662e-01 1.901947755773978315e+03
9.629999999999999671e-01 1.906324727890197209e+03
9.639999999999999680e-01 1.910707244657063711e+03
9.649999999999999689e-01 1.915095306786108267e+03
9.659999999999999698e-01 1.919488914987598037e+03
9.669999999999999707e-01 1.923888069970542347e+03
9.679999999999999716e-01 1.928292772442704518e+03
9.689999999999999725e-01 1.932703023110606409e+03
9.699999999999999734e-01 1.937118822679508412e+03
9.709999999999999742e-01 1.941540171853456741e+03
9.719999999999999751e-01 1.945967071335240689e+03
9.729999999999999760e-01 1.950399521826426280e+03
9.739999999999999769e-01 1.954837524027347172e+03
9.749999999999999778e-01 1.959281078637119208e+03
9.759999999999999787e-01 1.963730186353630415e+03
9.769999999999999796e-01 1.968184847873544641e+03
9.779999999999999805e-01 1.972645063892322469e+03
9.789999999999999813e-01 1.977110835104206672e+03
9.799999999999999822e-01 1.981582162202229483e+03
9.809999999999999831e-01 1.986059045878229881e+03
9.819999999999999840e-01 1.990541486822829938e+03
9.829999999999999849e-01 1.995029485725467566e+03
9.839999999999999858e-01 1.999523043274377414e+03
9.849999999999999867e-01 2.004022160156609061e+03
9.859999999999999876e-01 2.008526837058023375e+03
9.869999999999999885e-01 2.013037074663294334e+03
9.879999999999999893e-01 2.017552873655911753e+03
9.889999999999999902e-01 2.022074234718204025e+03
9.899999999999999911e-01 2.026601158531305373e+03
9.909999999999999920e-01 2.031133645775187688e+03
9.919999999999999929e-01 2.035671697128662345e+03
9.929999999999999938e-01 2.040215313269363833e+03
9.939999999999999947e-01 2.044764494873777039e+03
9.949999999999999956e-01 2.049319242617219970e+03
9.959999999999999964e-01 2.053879557173859212e+03
9.969999999999999973e-01 2.058445439216712657e+03
9.979999999999999982e-01 2.063016889417648599e+03
9.989999999999999991e-01 2.067593908447389367e+03
1.000000000000000000e+00 2.072176496975516784e+03
