0.000000000000000000e+00 0.000000000000000000e+00
1.000000000000000021e-03 7.187039957723132533e-01
2.000000000000000042e-03 1.233874776177029897e+00
3.000000000000000062e-03 1.695177234058591109e+00
4.000000000000000083e-03 2.124372536998143435e+00
5.000000000000000104e-03 2.530879846604662475e+00
6.000000000000000125e-03 2.919928429597814290e+00
7.000000000000000146e-03 3.294827894718963091e+00
8.000000000000000167e-03 3.657852919038370842e+00
9.000000000000001055e-03 4.010658640593509183e+00
1.000000000000000021e-02 4.354500966001132234e+00
1.099999999999999936e-02 4.690364017473503289e+00
1.200000000000000025e-02 5.019038844900030050e+00
1.300000000000000114e-02 5.341174592318743031e+00
1.400000000000000029e-02 5.657313158254670071e+00
1.499999999999999944e-02 5.967913485482156943e+00
1.600000000000000033e-02 6.273369074602574536e+00
1.700000000000000122e-02 6.574020921389347905e+00
1.800000000000000211e-02 6.870167275181237265e+00
1.899999999999999953e-02 7.162071134427864472e+00
2.000000000000000042e-02 7.449966096791106551e+00
2.100000000000000130e-02 7.734060990062484819e+00
2.199999999999999872e-02 8.014543584533420528e+00
2.299999999999999961e-02 8.291583602918603191e+00
2.400000000000000050e-02 8.565335185832735121e+00
2.500000000000000139e-02 8.835938930127165136e+00
2.600000000000000228e-02 9.103523588398926947e+00
2.699999999999999969e-02 9.368207497003824713e+00
2.800000000000000058e-02 9.630099784506363392e+00
2.900000000000000147e-02 9.889301401049950258e+00
2.999999999999999889e-02 1.014590600051614366e+01
3.099999999999999978e-02 1.040000070078797023e+01
3.200000000000000067e-02 1.065166674239588041e+01
3.300000000000000155e-02 1.090098006191758095e+01
3.400000000000000244e-02 1.114801179344482307e+01
3.500000000000000333e-02 1.139282870901727662e+01
3.600000000000000422e-02 1.163549360700476853e+01
3.699999999999999817e-02 1.187606565588254703e+01
3.799999999999999906e-02 1.211460069960508612e+01
3.899999999999999994e-02 1.235115152977869180e+01
4.000000000000000083e-02 1.258576812901223896e+01
4.100000000000000172e-02 1.281849788915179822e+01
4.200000000000000261e-02 1.304938580754873989e+01
4.300000000000000350e-02 1.327847466404959320e+01
4.399999999999999745e-02 1.350580518101156180e+01
4.499999999999999833e-02 1.373141616832554845e+01
4.599999999999999922e-02 1.395534465515783573e+01
4.700000000000000011e-02 1.417762600989303934e+01
4.800000000000000100e-02 1.439829404956686787e+01
4.900000000000000189e-02 1.461738113991261834e+01
5.000000000000000278e-02 1.483491828700418580e+01
5.100000000000000366e-02 1.505093522135775785e+01
5.200000000000000455e-02 1.526546047525057759e+01
5.299999999999999850e-02 1.547852145392557865e+01
5.399999999999999939e-02 1.569014450127326832e+01
5.500000000000000028e-02 1.590035496051502584e+01
5.600000000000000117e-02 1.610917723035347748e+01
5.700000000000000205e-02 1.631663481700465823e+01
5.800000000000000294e-02 1.652275038248199124e+01
5.900000000000000383e-02 1.672754578946293691e+01
5.999999999999999778e-02 1.693104214303498978e+01
6.099999999999999867e-02 1.713325982958712146e+01
6.199999999999999956e-02 1.733421855308616344e+01
6.300000000000000044e-02 1.753393736895401744e+01
6.400000000000000133e-02 1.773243471574041763e+01
6.500000000000000222e-02 1.792972844476746275e+01
6.600000000000000311e-02 1.812583584790544933e+01
6.700000000000000400e-02 1.832077368362476122e+01
6.800000000000000488e-02 1.851455820145537601e+01
6.900000000000000577e-02 1.870720516497364017e+01
7.000000000000000666e-02 1.889872987342535282e+01
7.100000000000000755e-02 1.908914718208474426e+01
7.200000000000000844e-02 1.927847152144020271e+01
7.299999999999999545e-02 1.946671691529006765e+01
7.399999999999999634e-02 1.965389699782468114e+01
7.499999999999999722e-02 1.984002502976457194e+01
7.599999999999999811e-02 2.002511391361915827e+01
7.699999999999999900e-02 2.020917620812485183e+01
7.799999999999999989e-02 2.039222414191710797e+01
7.900000000000000078e-02 2.057426962648636604e+01
8.000000000000000167e-02 2.075532426846431022e+01
8.100000000000000255e-02 2.093539938128287048e+01
8.200000000000000344e-02 2.111450599624582125e+01
8.300000000000000433e-02 2.129265487304908788e+01
8.400000000000000522e-02 2.146985650978398752e+01
8.500000000000000611e-02 2.164612115245451562e+01
8.600000000000000699e-02 2.182145880403797022e+01
8.700000000000000788e-02 2.199587923311583992e+01
8.799999999999999489e-02 2.216939198210033624e+01
8.899999999999999578e-02 2.234200637507963449e+01
8.999999999999999667e-02 2.251373152530402422e+01
9.099999999999999756e-02 2.268457634233294229e+01
9.199999999999999845e-02 2.285454953886221219e+01
9.299999999999999933e-02 2.302365963724875897e+01
9.400000000000000022e-02 2.319191497574979977e+01
9.500000000000000111e-02 2.335932371449166922e+01
9.600000000000000200e-02 2.352589384118281757e+01
9.700000000000000289e-02 2.369163317658467705e+01
9.800000000000000377e-02 2.385654937975290935e+01
9.900000000000000466e-02 2.402064995306108486e+01
1.000000000000000056e-01 2.418394224701786044e+01
1.010000000000000064e-01 2.434643346488833515e+01
1.020000000000000073e-01 2.450813066712916211e+01
1.030000000000000082e-01 2.466904077564702646e+01
1.040000000000000091e-01 2.482917057788890602e+01
1.049999999999999961e-01 2.498852673077256270e+01
1.059999999999999970e-01 2.514711576446484287e+01
1.069999999999999979e-01 2.530494408601519396e+01
1.079999999999999988e-01 2.546201798285116524e+01
1.089999999999999997e-01 2.561834362614247240e+01
1.100000000000000006e-01 2.577392707403977568e+01
1.110000000000000014e-01 2.592877427479370667e+01
1.120000000000000023e-01 2.608289106976006977e+01
1.130000000000000032e-01 2.623628319629593975e+01
1.140000000000000041e-01 2.638895629055177139e+01
1.150000000000000050e-01 2.654091589016418595e+01
1.160000000000000059e-01 2.669216743685367632e+01
1.170000000000000068e-01 2.684271627893146217e+01
1.180000000000000077e-01 2.699256767371955235e+01
1.190000000000000085e-01 2.714172678988743215e+01
1.199999999999999956e-01 2.729019870970935102e+01
1.209999999999999964e-01 2.743798843124515940e+01
1.219999999999999973e-01 2.758510087044817993e+01
1.229999999999999982e-01 2.773154086320305822e+01
1.239999999999999991e-01 2.787731316729640341e+01
1.250000000000000000e-01 2.802242246432307127e+01
1.260000000000000009e-01 2.816687336153076160e+01
1.270000000000000018e-01 2.831067039360506143e+01
1.280000000000000027e-01 2.845381802439787222e+01
1.290000000000000036e-01 2.859632064860089073e+01
1.300000000000000044e-01 2.873818259336674075e+01
1.310000000000000053e-01 2.887940811987952827e+01
1.320000000000000062e-01 2.902000142487691292e+01
1.330000000000000071e-01 2.915996664212542910e+01
1.340000000000000080e-01 2.929930784385107501e+01
1.350000000000000089e-01 2.943802904212651939e+01
1.360000000000000098e-01 2.957613419021685530e+01
1.370000000000000107e-01 2.971362718388533253e+01
1.380000000000000115e-01 2.985051186266046130e+01
1.390000000000000124e-01 2.998679201106605063e+01
1.400000000000000133e-01 3.012247135981541390e+01
1.410000000000000142e-01 3.025755358697115938e+01
1.420000000000000151e-01 3.039204231907169529e+01
1.430000000000000160e-01 3.052594113222555094e+01
1.440000000000000169e-01 3.065925355317507339e+01
1.449999999999999900e-01 3.079198306032991184e+01
1.459999999999999909e-01 3.092413308477198086e+01
1.469999999999999918e-01 3.105570701123246025e+01
1.479999999999999927e-01 3.118670817904206416e+01
1.489999999999999936e-01 3.131713988305521212e+01
1.499999999999999944e-01 3.144700537454933809e+01
1.509999999999999953e-01 3.157630786209995222e+01
1.519999999999999962e-01 3.170505051243211270e+01
1.529999999999999971e-01 3.183323645124959711e+01
1.539999999999999980e-01 3.196086876404190491e+01
1.549999999999999989e-01 3.208795049687036283e+01
1.559999999999999998e-01 3.221448465713356057e+01
1.570000000000000007e-01 3.234047421431310454e+01
1.580000000000000016e-01 3.246592210070017614e+01
1.590000000000000024e-01 3.259083121210356637e+01
1.600000000000000033e-01 3.271520440853968381e+01
1.610000000000000042e-01 3.283904451490521836e+01
1.620000000000000051e-01 3.296235432163300771e+01
1.630000000000000060e-01 3.308513658533143342e+01
1.640000000000000069e-01 3.320739402940818508e+01
1.650000000000000078e-01 3.332912934467849198e+01
1.660000000000000087e-01 3.345034518995874606e+01
1.670000000000000095e-01 3.357104419264547346e+01
1.680000000000000104e-01 3.369122894928042200e+01
1.690000000000000113e-01 3.381090202610216267e+01
1.700000000000000122e-01 3.393006595958448202e+01
1.710000000000000131e-01 3.404872325696202040e+01
1.720000000000000140e-01 3.416687639674348276e+01
1.730000000000000149e-01 3.428452782921292652e+01
1.740000000000000158e-01 3.440167997691934687e+01
1.750000000000000167e-01 3.451833523515487201e+01
1.759999999999999898e-01 3.463449597242203026e+01
1.769999999999999907e-01 3.475016453089031643e+01
1.779999999999999916e-01 3.486534322684237708e+01
1.789999999999999925e-01 3.498003435111002091e+01
1.799999999999999933e-01 3.509424016950057279e+01
1.809999999999999942e-01 3.520796292321353604e+01
1.819999999999999951e-01 3.532120482924823079e+01
1.829999999999999960e-01 3.543396808080207450e+01
1.839999999999999969e-01 3.554625484766047805e+01
1.849999999999999978e-01 3.565806727657793118e+01
1.859999999999999987e-01 3.576940749165095923e+01
1.869999999999999996e-01 3.588027759468293709e+01
1.880000000000000004e-01 3.599067966554111564e+01
1.890000000000000013e-01 3.610061576250602400e+01
1.900000000000000022e-01 3.621008792261335429e+01
1.910000000000000031e-01 3.631909816198866991e+01
1.920000000000000040e-01 3.642764847617507940e+01
1.930000000000000049e-01 3.653574084045404646e+01
1.940000000000000058e-01 3.664337721015952098e+01
1.950000000000000067e-01 3.675055952098545475e+01
1.960000000000000075e-01 3.685728968928722793e+01
1.970000000000000084e-01 3.696356961237668060e+01
1.980000000000000093e-01 3.706940116881109759e+01
1.990000000000000102e-01 3.717478621867660138e+01
2.000000000000000111e-01 3.727972660386558346e+01
2.010000000000000120e-01 3.738422414834855800e+01
2.020000000000000129e-01 3.748828065844078594e+01
2.030000000000000138e-01 3.759189792306339228e+01
2.040000000000000147e-01 3.769507771399942442e+01
2.050000000000000155e-01 3.779782178614490817e+01
2.060000000000000164e-01 3.790013187775478798e+01
2.070000000000000173e-01 3.800200971068432665e+01
2.080000000000000182e-01 3.810345699062575875e+01
2.089999999999999913e-01 3.820447540734019753e+01
2.099999999999999922e-01 3.830506663488527863e+01
2.109999999999999931e-01 3.840523233183850493e+01
2.119999999999999940e-01 3.850497414151605113e+01
2.129999999999999949e-01 3.860429369218780238e+01
2.139999999999999958e-01 3.870319259728806571e+01
2.149999999999999967e-01 3.880167245562240907e+01
2.159999999999999976e-01 3.889973485157074862e+01
2.169999999999999984e-01 3.899738135528647831e+01
2.179999999999999993e-01 3.909461352289209657e+01
2.190000000000000002e-01 3.919143289667110963e+01
2.200000000000000011e-01 3.928784100525651724e+01
2.210000000000000020e-01 3.938383936381574557e+01
2.220000000000000029e-01 3.947942947423234727e+01
2.230000000000000038e-01 3.957461282528444002e+01
2.240000000000000047e-01 3.966939089281965636e+01
2.250000000000000056e-01 3.976376513992746453e+01
2.260000000000000064e-01 3.985773701710788686e+01
2.270000000000000073e-01 3.995130796243762461e+01
2.280000000000000082e-01 4.004447940173301390e+01
2.290000000000000091e-01 4.013725274871027437e+01
2.300000000000000100e-01 4.022962940514280916e+01
2.310000000000000109e-01 4.032161076101596109e+01
2.320000000000000118e-01 4.041319819467882013e+01
2.330000000000000127e-01 4.050439307299362213e+01
2.340000000000000135e-01 4.059519675148264639e+01
2.350000000000000144e-01 4.068561057447220008e+01
2.360000000000000153e-01 4.077563587523464861e+01
2.370000000000000162e-01 4.086527397612768908e+01
2.380000000000000171e-01 4.095452618873145667e+01
2.390000000000000180e-01 4.104339381398320086e+01
2.399999999999999911e-01 4.113187814230984429e+01
2.409999999999999920e-01 4.121998045375810449e+01
2.419999999999999929e-01 4.130770201812281073e+01
2.429999999999999938e-01 4.139504409507267013e+01
2.439999999999999947e-01 4.148200793427438526e+01
2.449999999999999956e-01 4.156859477551434168e+01
2.459999999999999964e-01 4.165480584881865411e+01
2.469999999999999973e-01 4.174064237457109527e+01
2.479999999999999982e-01 4.182610556362898535e+01
2.489999999999999991e-01 4.191119661743753966e+01
2.500000000000000000e-01 4.199591672814212728e+01
2.510000000000000009e-01 4.208026707869871785e+01
2.520000000000000018e-01 4.216424884298272957e+01
2.530000000000000027e-01 4.224786318589616485e+01
2.540000000000000036e-01 4.233111126347280617e+01
2.550000000000000044e-01 4.241399422298195532e+01
2.560000000000000053e-01 4.249651320303058100e+01
2.570000000000000062e-01 4.257866933366375406e+01
2.580000000000000071e-01 4.266046373646349821e+01
2.590000000000000080e-01 4.274189752464624092e+01
2.600000000000000089e-01 4.282297180315868701e+01
2.610000000000000098e-01 4.290368766877227102e+01
2.620000000000000107e-01 4.298404621017596128e+01
2.630000000000000115e-01 4.306404850806802642e+01
2.640000000000000124e-01 4.314369563524597595e+01
2.650000000000000133e-01 4.322298865669553436e+01
2.660000000000000142e-01 4.330192862967794554e+01
2.670000000000000151e-01 4.338051660381621133e+01
2.680000000000000160e-01 4.345875362117992324e+01
2.690000000000000169e-01 4.353664071636874411e+01
2.700000000000000178e-01 4.361417891659498025e+01
2.710000000000000187e-01 4.369136924176441283e+01
2.720000000000000195e-01 4.376821270455653945e+01
2.730000000000000204e-01 4.384471031050309620e+01
2.740000000000000213e-01 4.392086305806575552e+01
2.750000000000000222e-01 4.399667193871264459e+01
2.760000000000000231e-01 4.407213793699364146e+01
2.770000000000000240e-01 4.414726203061471210e+01
2.780000000000000249e-01 4.422204519051103233e+01
2.790000000000000258e-01 4.429648838091930685e+01
2.800000000000000266e-01 4.437059255944868141e+01
2.810000000000000275e-01 4.444435867715105104e+01
2.820000000000000284e-01 4.451778767858999686e+01
2.830000000000000293e-01 4.459088050190914743e+01
2.840000000000000302e-01 4.466363807889911897e+01
2.850000000000000311e-01 4.473606133506388716e+01
2.860000000000000320e-01 4.480815118968612865e+01
2.870000000000000329e-01 4.487990855589149675e+01
2.880000000000000338e-01 4.495133434071215106e+01
2.889999999999999791e-01 4.502242944514956946e+01
2.899999999999999800e-01 4.509319476423597450e+01
2.909999999999999809e-01 4.516363118709553959e+01
2.919999999999999818e-01 4.523373959700430191e+01
2.929999999999999827e-01 4.530352087144954965e+01
2.939999999999999836e-01 4.537297588218803668e+01
2.949999999999999845e-01 4.544210549530398424e+01
2.959999999999999853e-01 4.551091057126554773e+01
2.969999999999999862e-01 4.557939196498139722e+01
2.979999999999999871e-01 4.564755052585562112e+01
2.989999999999999880e-01 4.571538709784266530e+01
2.999999999999999889e-01 4.578290251950107148e+01
3.009999999999999898e-01 4.585009762404674660e+01
3.019999999999999907e-01 4.591697323940535114e+01
3.029999999999999916e-01 4.598353018826414740e+01
3.039999999999999925e-01 4.604976928812300230e+01
3.049999999999999933e-01 4.611569135134489272e+01
3.059999999999999942e-01 4.618129718520572879e+01
3.069999999999999951e-01 4.624658759194337421e+01
3.079999999999999960e-01 4.631156336880616919e+01
3.089999999999999969e-01 4.637622530810079269e+01
3.099999999999999978e-01 4.644057419723948499e+01
3.109999999999999987e-01 4.650461081878680147e+01
3.119999999999999996e-01 4.656833595050544261e+01
3.130000000000000004e-01 4.663175036540186369e+01
3.140000000000000013e-01 4.669485483177108165e+01
3.150000000000000022e-01 4.675765011324099873e+01
3.160000000000000031e-01 4.682013696881622167e+01
3.170000000000000040e-01 4.688231615292112053e+01
3.180000000000000049e-01 4.694418841544260346e+01
3.190000000000000058e-01 4.700575450177202441e+01
3.200000000000000067e-01 4.706701515284702708e+01
3.210000000000000075e-01 4.712797110519264265e+01
3.220000000000000084e-01 4.718862309096144259e+01
3.230000000000000093e-01 4.724897183797420297e+01
3.240000000000000102e-01 4.730901806975897728e+01
3.250000000000000111e-01 4.736876250559036095e+01
3.260000000000000120e-01 4.742820586052823018e+01
3.270000000000000129e-01 4.748734884545565649e+01
3.280000000000000138e-01 4.754619216711672181e+01
3.290000000000000147e-01 4.760473652815369405e+01
3.300000000000000155e-01 4.766298262714374800e+01
3.310000000000000164e-01 4.772093115863541612e+01
3.320000000000000173e-01 4.777858281318434308e+01
3.330000000000000182e-01 4.783593827738872051e+01
3.340000000000000191e-01 4.789299823392451572e+01
3.350000000000000200e-01 4.794976336157985486e+01
3.360000000000000209e-01 4.800623433528939898e+01
3.370000000000000218e-01 4.806241182616804508e+01
3.380000000000000226e-01 4.811829650154440685e+01
3.390000000000000235e-01 4.817388902499371994e+01
3.400000000000000244e-01 4.822919005637058376e+01
3.410000000000000253e-01 4.828420025184113484e+01
3.420000000000000262e-01 4.833892026391485786e+01
3.430000000000000271e-01 4.839335074147621185e+01
3.440000000000000280e-01 4.844749232981568099e+01
3.450000000000000289e-01 4.850134567066051972e+01
3.460000000000000298e-01 4.855491140220530610e+01
3.470000000000000306e-01 4.860819015914175623e+01
3.480000000000000315e-01 4.866118257268879432e+01
3.490000000000000324e-01 4.871388927062153584e+01
3.500000000000000333e-01 4.876631087730065417e+01
3.510000000000000342e-01 4.881844801370102260e+01
3.519999999999999796e-01 4.887030129743997975e+01
3.529999999999999805e-01 4.892187134280552385e+01
3.539999999999999813e-01 4.897315876078418739e+01
3.549999999999999822e-01 4.902416415908817271e+01
3.559999999999999831e-01 4.907488814218268658e+01
3.569999999999999840e-01 4.912533131131278452e+01
3.579999999999999849e-01 4.917549426452995931e+01
3.589999999999999858e-01 4.922537759671815394e+01
3.599999999999999867e-01 4.927498189961994512e+01
3.609999999999999876e-01 4.932430776186212285e+01
3.619999999999999885e-01 4.937335576898114198e+01
3.629999999999999893e-01 4.942212650344811209e+01
3.639999999999999902e-01 4.947062054469370196e+01
3.649999999999999911e-01 4.951883846913268883e+01
3.659999999999999920e-01 4.956678085018829449e+01
3.669999999999999929e-01 4.961444825831613059e+01
3.679999999999999938e-01 4.966184126102803731e+01
3.689999999999999947e-01 4.970896042291562367e+01
3.699999999999999956e-01 4.975580630567346674e+01
3.709999999999999964e-01 4.980237946812210481e+01
3.719999999999999973e-01 4.984868046623093107e+01
3.729999999999999982e-01 4.989470985314052598e+01
3.739999999999999991e-01 4.994046817918515302e+01
3.750000000000000000e-01 4.998595599191460792e+01
3.760000000000000009e-01 5.003117383611626678e+01
3.770000000000000018e-01 5.007612225383643789e+01
3.780000000000000027e-01 5.012080178440179168e+01
3.790000000000000036e-01 5.016521296444060596e+01
3.800000000000000044e-01 5.020935632790357772e+01
3.810000000000000053e-01 5.025323240608444308e+01
3.820000000000000062e-01 5.029684172764066830e+01
3.830000000000000071e-01 5.034018481861355809e+01
3.840000000000000080e-01 5.038326220244832854e+01
3.850000000000000089e-01 5.042607440001400221e+01
3.860000000000000098e-01 5.046862192962299076e+01
3.870000000000000107e-01 5.051090530705067039e+01
3.880000000000000115e-01 5.055292504555443145e+01
3.890000000000000124e-01 5.059468165589289868e+01
3.900000000000000133e-01 5.063617564634471080e+01
3.910000000000000142e-01 5.067740752272715099e+01
3.920000000000000151e-01 5.071837778841474176e+01
3.930000000000000160e-01 5.075908694435731405e+01
3.940000000000000169e-01 5.079953548909840322e+01
3.950000000000000178e-01 5.083972391879292729e+01
3.960000000000000187e-01 5.087965272722497900e+01
3.970000000000000195e-01 5.091932240582546143e+01
3.980000000000000204e-01 5.095873344368943947e+01
3.990000000000000213e-01 5.099788632759341311e+01
4.000000000000000222e-01 5.103678154201217154e+01
4.010000000000000231e-01 5.107541956913584613e+01
4.020000000000000240e-01 5.111380088888661533e+01
4.030000000000000249e-01 5.115192597893514659e+01
4.040000000000000258e-01 5.118979531471700284e+01
4.050000000000000266e-01 5.122740936944899204e+01
4.060000000000000275e-01 5.126476861414504071e+01
4.070000000000000284e-01 5.130187351763222381e+01
4.080000000000000293e-01 5.133872454656652451e+01
4.090000000000000302e-01 5.137532216544820329e+01
4.100000000000000311e-01 5.141166683663771408e+01
4.110000000000000320e-01 5.144775902037044091e+01
4.120000000000000329e-01 5.148359917477231562e+01
4.130000000000000338e-01 5.151918775587447641e+01
4.140000000000000346e-01 5.155452521762840234e+01
4.150000000000000355e-01 5.158961201192048662e+01
4.160000000000000364e-01 5.162444858858657426e+01
4.169999999999999818e-01 5.165903539542652823e+01
4.179999999999999827e-01 5.169337287821841898e+01
4.189999999999999836e-01 5.172746148073280636e+01
4.199999999999999845e-01 5.176130164474666628e+01
4.209999999999999853e-01 5.179489381005731730e+01
4.219999999999999862e-01 5.182823841449631175e+01
4.229999999999999871e-01 5.186133589394282239e+01
4.239999999999999880e-01 5.189418668233741272e+01
4.249999999999999889e-01 5.192679121169530276e+01
4.259999999999999898e-01 5.195914991211962075e+01
4.269999999999999907e-01 5.199126321181455523e+01
4.279999999999999916e-01 5.202313153709846461e+01
4.289999999999999925e-01 5.205475531241658871e+01
4.299999999999999933e-01 5.208613496035408730e+01
4.309999999999999942e-01 5.211727090164841769e+01
4.319999999999999951e-01 5.214816355520211744e+01
4.329999999999999960e-01 5.217881333809499722e+01
4.339999999999999969e-01 5.220922066559675301e+01
4.349999999999999978e-01 5.223938595117888894e+01
4.359999999999999987e-01 5.226930960652693869e+01
4.369999999999999996e-01 5.229899204155255887e+01
4.380000000000000004e-01 5.232843366440519617e+01
4.390000000000000013e-01 5.235763488148391076e+01
4.400000000000000022e-01 5.238659609744913581e+01
4.410000000000000031e-01 5.241531771523421668e+01
4.420000000000000040e-01 5.244380013605672275e+01
4.430000000000000049e-01 5.247204375942996535e+01
4.440000000000000058e-01 5.250004898317407509e+01
4.450000000000000067e-01 5.252781620342748425e+01
4.460000000000000075e-01 5.255534581465754940e+01
4.470000000000000084e-01 5.258263820967177082e+01
4.480000000000000093e-01 5.260969377962862836e+01
4.490000000000000102e-01 5.263651291404819688e+01
4.500000000000000111e-01 5.266309600082301046e+01
4.510000000000000120e-01 5.268944342622848609e+01
4.520000000000000129e-01 5.271555557493348232e+01
4.530000000000000138e-01 5.274143283001068028e+01
4.540000000000000147e-01 5.276707557294674444e+01
4.550000000000000155e-01 5.279248418365283158e+01
4.560000000000000164e-01 5.281765904047439619e+01
4.570000000000000173e-01 5.284260052020134424e+01
4.580000000000000182e-01 5.286730899807803752e+01
4.590000000000000191e-01 5.289178484781307077e+01
4.600000000000000200e-01 5.291602844158914820e+01
4.610000000000000209e-01 5.294004015007259767e+01
4.620000000000000218e-01 5.296382034242310510e+01
4.630000000000000226e-01 5.298736938630325000e+01
4.640000000000000235e-01 5.301068764788788457e+01
4.650000000000000244e-01 5.303377549187351292e+01
4.660000000000000253e-01 5.305663328148762048e+01
4.670000000000000262e-01 5.307926137849787551e+01
4.680000000000000271e-01 5.310166014322118144e+01
4.690000000000000280e-01 5.312382993453269364e+01
4.700000000000000289e-01 5.314577110987510622e+01
4.710000000000000298e-01 5.316748402526705775e+01
4.720000000000000306e-01 5.318896903531236120e+01
4.730000000000000315e-01 5.321022649320862286e+01
4.740000000000000324e-01 5.323125675075577590e+01
4.750000000000000333e-01 5.325206015836496931e+01
4.760000000000000342e-01 5.327263706506685281e+01
4.770000000000000351e-01 5.329298781852017441e+01
4.780000000000000360e-01 5.331311276502012930e+01
4.790000000000000369e-01 5.333301224950667319e+01
4.799999999999999822e-01 5.335268661557278591e+01
4.809999999999999831e-01 5.337213620547267112e+01
4.819999999999999840e-01 5.339136136012987777e+01
4.829999999999999849e-01 5.341036241914531502e+01
4.839999999999999858e-01 5.342913972080541640e+01
4.849999999999999867e-01 5.344769360208964315e+01
4.859999999999999876e-01 5.346602439867887568e+01
4.869999999999999885e-01 5.348413244496281038e+01
4.879999999999999893e-01 5.350201807404782528e+01
4.889999999999999902e-01 5.351968161776470367e+01
4.899999999999999911e-01 5.353712340667615877e+01
4.909999999999999920e-01 5.355434377008447200e+01
4.919999999999999929e-01 5.357134303603878323e+01
4.929999999999999938e-01 5.358812153134279299e+01
4.939999999999999947e-01 5.360467958156189638e+01
4.949999999999999956e-01 5.362101751103058689e+01
4.959999999999999964e-01 5.363713564285968971e+01
4.969999999999999973e-01 5.365303429894355247e+01
4.979999999999999982e-01 5.366871379996729274e+01
4.989999999999999991e-01 5.368417446541359084e+01
5.000000000000000000e-01 5.369941661356997287e+01
5.010000000000000009e-01 5.371444056153570301e+01
5.020000000000000018e-01 5.372924662522868289e+01
5.030000000000000027e-01 5.374383511939225855e+01
5.040000000000000036e-01 5.375820635760216248e+01
5.050000000000000044e-01 5.377236065227306483e+01
5.060000000000000053e-01 5.378629831466541589e+01
5.070000000000000062e-01 5.380001965489212523e+01
5.080000000000000071e-01 5.381352498192504896e+01
5.090000000000000080e-01 5.382681460360150538e+01
5.100000000000000089e-01 5.383988882663085462e+01
5.110000000000000098e-01 5.385274795660099301e+01
5.120000000000000107e-01 5.386539229798455608e+01
5.130000000000000115e-01 5.387782215414547693e+01
5.140000000000000124e-01 5.389003782734512527e+01
5.150000000000000133e-01 5.390203961874852467e+01
5.160000000000000142e-01 5.391382782843079724e+01
5.170000000000000151e-01 5.392540275538308947e+01
5.180000000000000160e-01 5.393676469751859059e+01
5.190000000000000169e-01 5.394791395167882797e+01
5.200000000000000178e-01 5.395885081363971381e+01
5.210000000000000187e-01 5.396957557811714423e+01
5.220000000000000195e-01 5.398008853877338709e+01
5.230000000000000204e-01 5.399038998822250335e+01
5.240000000000000213e-01 5.400048021803650045e+01
5.250000000000000222e-01 5.401035951875113028e+01
5.260000000000000231e-01 5.402002817987128225e+01
5.270000000000000240e-01 5.402948648987711522e+01
5.280000000000000249e-01 5.403873473622945767e+01
5.290000000000000258e-01 5.404777320537559859e+01
5.300000000000000266e-01 5.405660218275455975e+01
5.310000000000000275e-01 5.406522195280290788e+01
5.320000000000000284e-01 5.407363279896028985e+01
5.330000000000000293e-01 5.408183500367465513e+01
5.340000000000000302e-01 5.408982884840768435e+01
5.350000000000000311e-01 5.409761461364041679e+01
5.360000000000000320e-01 5.410519257887827393e+01
5.370000000000000329e-01 5.411256302265662299e+01
5.380000000000000338e-01 5.411972622254580756e+01
5.390000000000000346e-01 5.412668245515642695e+01
5.400000000000000355e-01 5.413343199614467949e+01
5.410000000000000364e-01 5.413997512021715863e+01
5.420000000000000373e-01 5.414631210113643078e+01
5.430000000000000382e-01 5.415244321172556852e+01
5.440000000000000391e-01 5.415836872387367862e+01
5.450000000000000400e-01 5.416408890854038560e+01
5.460000000000000409e-01 5.416960403576130290e+01
5.470000000000000417e-01 5.417491437465254478e+01
5.480000000000000426e-01 5.418002019341592757e+01
5.490000000000000435e-01 5.418492175934352417e+01
5.500000000000000444e-01 5.418961933882269477e+01
5.510000000000000453e-01 5.419411319734076926e+01
5.520000000000000462e-01 5.419840359948993580e+01
5.530000000000000471e-01 5.420249080897157512e+01
5.540000000000000480e-01 5.420637508860149723e+01
5.550000000000000488e-01 5.421005670031406964e+01
5.560000000000000497e-01 5.421353590516716281e+01
5.570000000000000506e-01 5.421681296334669753e+01
5.580000000000000515e-01 5.421988813417092956e+01
5.590000000000000524e-01 5.422276167609522446e+01
5.600000000000000533e-01 5.422543384671649846e+01
5.610000000000000542e-01 5.422790490277765940e+01
5.620000000000000551e-01 5.423017510017194098e+01
5.630000000000000560e-01 5.423224469394748581e+01
5.640000000000000568e-01 5.423411393831136706e+01
5.650000000000000577e-01 5.423578308663439174e+01
5.660000000000000586e-01 5.423725239145494470e+01
5.670000000000000595e-01 5.423852210448355038e+01
5.680000000000000604e-01 5.423959247660694416e+01
5.690000000000000613e-01 5.424046375789254171e+01
5.700000000000000622e-01 5.424113619759208405e+01
5.710000000000000631e-01 5.424161004414648346e+01
5.720000000000000639e-01 5.424188554518946148e+01
5.730000000000000648e-01 5.424196294755171976e+01
5.740000000000000657e-01 5.424184249726526730e+01
5.750000000000000666e-01 5.424152443956707259e+01
5.760000000000000675e-01 5.424100901890336957e+01
5.769999999999999574e-01 5.424029647893340211e+01
5.779999999999999583e-01 5.423938706253393605e+01
5.789999999999999591e-01 5.423828101180215810e+01
5.799999999999999600e-01 5.423697856806066397e+01
5.809999999999999609e-01 5.423547997186074809e+01
5.819999999999999618e-01 5.423378546298630454e+01
5.829999999999999627e-01 5.423189528045770658e+01
5.839999999999999636e-01 5.422980966253577151e+01
5.849999999999999645e-01 5.422752884672537022e+01
5.859999999999999654e-01 5.422505306977900830e+01
5.869999999999999662e-01 5.422238256770083353e+01
5.879999999999999671e-01 5.421951757575041597e+01
5.889999999999999680e-01 5.421645832844579616e+01
5.899999999999999689e-01 5.421320505956805391e+01
5.909999999999999698e-01 5.420975800216410789e+01
5.919999999999999707e-01 5.420611738855096462e+01
5.929999999999999716e-01 5.420228345031870276e+01
5.939999999999999725e-01 5.419825641833449481e+01
5.949999999999999734e-01 5.419403652274591821e+01
5.959999999999999742e-01 5.418962399298447963e+01
5.969999999999999751e-01 5.418501905776921035e+01
5.979999999999999760e-01 5.418022194510987788e+01
5.989999999999999769e-01 5.417523288231061684e+01
5.999999999999999778e-01 5.417005209597358828e+01
6.009999999999999787e-01 5.416467981200177917e+01
6.019999999999999796e-01 5.415911625560269727e+01
6.029999999999999805e-01 5.415336165129190249e+01
6.039999999999999813e-01 5.414741622289605516e+01
6.049999999999999822e-01 5.414128019355622001e+01
6.059999999999999831e-01 5.413495378573139760e+01
6.069999999999999840e-01 5.412843722120144463e+01
6.079999999999999849e-01 5.412173072107066218e+01
6.089999999999999858e-01 5.411483450577080134e+01
6.099999999999999867e-01 5.410774879506416823e+01
6.109999999999999876e-01 5.410047380804728334e+01
6.119999999999999885e-01 5.409300976315323339e+01
6.129999999999999893e-01 5.408535687815582094e+01
6.139999999999999902e-01 5.407751537017163912e+01
6.149999999999999911e-01 5.406948545566403652e+01
6.159999999999999920e-01 5.406126735044558984e+01
6.169999999999999929e-01 5.405286126968165661e+01
6.179999999999999938e-01 5.404426742789289051e+01
6.189999999999999947e-01 5.403548603895872304e+01
6.199999999999999956e-01 5.402651731612004937e+01
6.209999999999999964e-01 5.401736147198241156e+01
6.219999999999999973e-01 5.400801871851885494e+01
6.229999999999999982e-01 5.399848926707296215e+01
6.239999999999999991e-01 5.398877332836165976e+01
6.250000000000000000e-01 5.397887111247813152e+01
6.260000000000000009e-01 5.396878282889498024e+01
6.270000000000000018e-01 5.395850868646658682e+01
6.280000000000000027e-01 5.394804889343242849e+01
6.290000000000000036e-01 5.393740365741970777e+01
6.300000000000000044e-01 5.392657318544622314e+01
6.310000000000000053e-01 5.391555768392328218e+01
6.320000000000000062e-01 5.390435735865805356e+01
6.330000000000000071e-01 5.389297241485678569e+01
6.340000000000000080e-01 5.388140305712737188e+01
6.350000000000000089e-01 5.386964948948222798e+01
6.360000000000000098e-01 5.385771191534080060e+01
6.370000000000000107e-01 5.384559053753233115e+01
6.380000000000000115e-01 5.383328555829857009e+01
6.390000000000000124e-01 5.382079717929639884e+01
6.400000000000000133e-01 5.380812560160061508e+01
6.410000000000000142e-01 5.379527102570638419e+01
6.420000000000000151e-01 5.378223365153184687e+01
6.430000000000000160e-01 5.376901367842096846e+01
6.440000000000000169e-01 5.375561130514583397e+01
6.450000000000000178e-01 5.374202672990949736e+01
6.460000000000000187e-01 5.372826015034809899e+01
6.470000000000000195e-01 5.371431176353399906e+01
6.480000000000000204e-01 5.370018176597770321e+01
6.490000000000000213e-01 5.368587035363076154e+01
6.500000000000000222e-01 5.367137772188814893e+01
6.510000000000000231e-01 5.365670406559076611e+01
6.520000000000000240e-01 5.364184957902780582e+01
6.530000000000000249e-01 5.362681445593922547e+01
6.540000000000000258e-01 5.361159888951835484e+01
6.550000000000000266e-01 5.359620307241404191e+01
6.560000000000000275e-01 5.358062719673329610e+01
6.570000000000000284e-01 5.356487145404346961e+01
6.580000000000000293e-01 5.354893603537480118e+01
6.590000000000000302e-01 5.353282113122256192e+01
6.600000000000000311e-01 5.351652693154998985e+01
6.610000000000000320e-01 5.350005362578944812e+01
6.620000000000000329e-01 5.348340140284621214e+01
6.630000000000000338e-01 5.346657045109954254e+01
6.640000000000000346e-01 5.344956095840561261e+01
6.650000000000000355e-01 5.343237311209978913e+01
6.660000000000000364e-01 5.341500709899845845e+01
6.670000000000000373e-01 5.339746310540182606e+01
6.680000000000000382e-01 5.337974131709580661e+01
6.690000000000000391e-01 5.336184191935420529e+01
6.700000000000000400e-01 5.334376509694124735e+01
6.710000000000000409e-01 5.332551103411360316e+01
6.720000000000000417e-01 5.330707991462233508e+01
6.730000000000000426e-01 5.328847192171561176e+01
6.740000000000000435e-01 5.326968723814017892e+01
6.750000000000000444e-01 5.325072604614422289e+01
6.760000000000000453e-01 5.323158852747903325e+01
6.770000000000000462e-01 5.321227486340116286e+01
6.780000000000000471e-01 5.319278523467473008e+01
6.790000000000000480e-01 5.317311982157339401e+01
6.800000000000000488e-01 5.315327880388250037e+01
6.810000000000000497e-01 5.313326236090104260e+01
6.820000000000000506e-01 5.311307067144390004e+01
6.830000000000000515e-01 5.309270391384357879e+01
6.840000000000000524e-01 5.307216226595271280e+01
6.850000000000000533e-01 5.305144590514586866e+01
6.860000000000000542e-01 5.303055500832120117e+01
6.870000000000000551e-01 5.300948975190298995e+01
6.880000000000000560e-01 5.298825031184352952e+01
6.890000000000000568e-01 5.296683686362466403e+01
6.900000000000000577e-01 5.294524958226065792e+01
6.910000000000000586e-01 5.292348864229902006e+01
6.920000000000000595e-01 5.290155421782350231e+01
6.930000000000000604e-01 5.287944648245513690e+01
6.940000000000000613e-01 5.285716560935485120e+01
6.950000000000000622e-01 5.283471177122515883e+01
6.960000000000000631e-01 5.281208514031186496e+01
6.970000000000000639e-01 5.278928588840605585e+01
6.980000000000000648e-01 5.276631418684635122e+01
6.990000000000000657e-01 5.274317020652017618e+01
7.000000000000000666e-01 5.271985411786607756e+01
7.010000000000000675e-01 5.269636609087530132e+01
7.020000000000000684e-01 5.267270629509381763e+01
7.030000000000000693e-01 5.264887489962406875e+01
7.039999999999999591e-01 5.262487207312678805e+01
7.049999999999999600e-01 5.260069798382279771e+01
7.059999999999999609e-01 5.257635279949487739e+01
7.069999999999999618e-01 5.255183668748944115e+01
7.079999999999999627e-01 5.252714981471858380e+01
7.089999999999999636e-01 5.250229234766128172e+01
7.099999999999999645e-01 5.247726445236590109e+01
7.109999999999999654e-01 5.245206629445136315e+01
7.119999999999999662e-01 5.242669803910908399e+01
7.129999999999999671e-01 5.240115985110483621e+01
7.139999999999999680e-01 5.237545189478028362e+01
7.149999999999999689e-01 5.234957433405475058e+01
7.159999999999999698e-01 5.232352733242693432e+01
7.169999999999999707e-01 5.229731105297667426e+01
7.179999999999999716e-01 5.227092565836649385e+01
7.189999999999999725e-01 5.224437131084327746e+01
7.199999999999999734e-01 5.221764817224021726e+01
7.209999999999999742e-01 5.219075640397791460e+01
7.219999999999999751e-01 5.216369616706679579e+01
7.229999999999999760e-01 5.213646762210811403e+01
7.239999999999999769e-01 5.210907092929569728e+01
7.249999999999999778e-01 5.208150624841779575e+01
7.259999999999999787e-01 5.205377373885855263e+01
7.269999999999999796e-01 5.202587355959952475e+01
7.279999999999999805e-01 5.199780586922162229e+01
7.289999999999999813e-01 5.196957082590611776e+01
7.299999999999999822e-01 5.194116858743686294e+01
7.309999999999999831e-01 5.191259931120127646e+01
7.319999999999999840e-01 5.188386315419235473e+01
7.329999999999999849e-01 5.185496027301005029e+01
7.339999999999999858e-01 5.182589082386277823e+01
7.349999999999999867e-01 5.179665496256899360e+01
7.359999999999999876e-01 5.176725284455854847e+01
7.369999999999999885e-01 5.173768462487483788e+01
7.379999999999999893e-01 5.170795045817538238e+01
7.389999999999999902e-01 5.167805049873415868e+01
7.399999999999999911e-01 5.164798490044244517e+01
7.409999999999999920e-01 5.161775381681081853e+01
7.419999999999999929e-01 5.158735740097036171e+01
7.429999999999999938e-01 5.155679580567417020e+01
7.439999999999999947e-01 5.152606918329895791e+01
7.449999999999999956e-01 5.149517768584625088e+01
7.459999999999999964e-01 5.146412146494413520e+01
7.469999999999999973e-01 5.143290067184847203e+01
7.479999999999999982e-01 5.140151545744440398e+01
7.489999999999999991e-01 5.136996597224793248e+01
7.500000000000000000e-01 5.133825236640696943e+01
7.510000000000000009e-01 5.130637478970324850e+01
7.520000000000000018e-01 5.127433339155325598e+01
7.530000000000000027e-01 5.124212832100993609e+01
7.540000000000000036e-01 5.120975972676389887e+01
7.550000000000000044e-01 5.117722775714499051e+01
7.560000000000000053e-01 5.114453256012350835e+01
7.570000000000000062e-01 5.111167428331164331e+01
7.580000000000000071e-01 5.107865307396478727e+01
7.590000000000000080e-01 5.104546907898286889e+01
7.600000000000000089e-01 5.101212244491193815e+01
7.610000000000000098e-01 5.097861331794516104e+01
7.620000000000000107e-01 5.094494184392441127e+01
7.630000000000000115e-01 5.091110816834153496e+01
7.640000000000000124e-01 5.087711243633950886e+01
7.650000000000000133e-01 5.084295479271386142e+01
7.660000000000000142e-01 5.080863538191427864e+01
7.670000000000000151e-01 5.077415434804535721e+01
7.680000000000000160e-01 5.073951183486839511e+01
7.690000000000000169e-01 5.070470798580214478e+01
7.700000000000000178e-01 5.066974294392470313e+01
7.710000000000000187e-01 5.063461685197432871e+01
7.720000000000000195e-01 5.059932985235097647e+01
7.730000000000000204e-01 5.056388208711729249e+01
7.740000000000000213e-01 5.052827369800029089e+01
7.750000000000000222e-01 5.049250482639198623e+01
7.760000000000000231e-01 5.045657561335120533e+01
7.770000000000000240e-01 5.042048619960461053e+01
7.780000000000000249e-01 5.038423672554784360e+01
7.790000000000000258e-01 5.034782733124693976e+01
7.800000000000000266e-01 5.031125815643926558e+01
7.810000000000000275e-01 5.027452934053503242e+01
7.820000000000000284e-01 5.023764102261846176e+01
7.830000000000000293e-01 5.020059334144855967e+01
7.840000000000000302e-01 5.016338643546100684e+01
7.850000000000000311e-01 5.012602044276873414e+01
7.860000000000000320e-01 5.008849550116353555e+01
7.870000000000000329e-01 5.005081174811682132e+01
7.880000000000000338e-01 5.001296932078131618e+01
7.890000000000000346e-01 4.997496835599168463e+01
7.900000000000000355e-01 4.993680899026611542e+01
7.910000000000000364e-01 4.989849135980710315e+01
7.920000000000000373e-01 4.986001560050300441e+01
7.930000000000000382e-01 4.982138184792892588e+01
7.940000000000000391e-01 4.978259023734766942e+01
7.950000000000000400e-01 4.974364090371124547e+01
7.960000000000000409e-01 4.970453398166205261e+01
7.970000000000000417e-01 4.966526960553345305e+01
7.980000000000000426e-01 4.962584790935136425e+01
7.990000000000000435e-01 4.958626902683517557e+01
8.000000000000000444e-01 4.954653309139893480e+01
8.010000000000000453e-01 4.950664023615235010e+01
8.020000000000000462e-01 4.946659059390211155e+01
8.030000000000000471e-01 4.942638429715258042e+01
8.040000000000000480e-01 4.938602147810711074e+01
8.050000000000000488e-01 4.934550226866930700e+01
8.060000000000000497e-01 4.930482680044374177e+01
8.070000000000000506e-01 4.926399520473712101e+01
8.080000000000000515e-01 4.922300761255964119e+01
8.090000000000000524e-01 4.918186415462545824e+01
8.100000000000000533e-01 4.914056496135436447e+01
8.110000000000000542e-01 4.909911016287247776e+01
8.120000000000000551e-01 4.905749988901329317e+01
8.130000000000000560e-01 4.901573426931882693e+01
8.140000000000000568e-01 4.897381343304046908e+01
8.150000000000000577e-01 4.893173750914053954e+01
8.160000000000000586e-01 4.888950662629233079e+01
8.170000000000000595e-01 4.884712091288212577e+01
8.180000000000000604e-01 4.880458049700972367e+01
8.190000000000000613e-01 4.876188550648929265e+01
8.200000000000000622e-01 4.871903606885071270e+01
8.210000000000000631e-01 4.867603231134052777e+01
8.220000000000000639e-01 4.863287436092279847e+01
8.230000000000000648e-01 4.858956234428006837e+01
8.240000000000000657e-01 4.854609638781440850e+01
8.250000000000000666e-01 4.850247661764850449e+01
8.260000000000000675e-01 4.845870315962652342e+01
8.270000000000000684e-01 4.841477613931508017e+01
8.280000000000000693e-01 4.837069568200409009e+01
8.290000000000000702e-01 4.832646191270803371e+01
8.300000000000000711e-01 4.828207495616659628e+01
8.310000000000000719e-01 4.823753493684574778e+01
8.320000000000000728e-01 4.819284197893868793e+01
8.329999999999999627e-01 4.814799620636694755e+01
8.339999999999999636e-01 4.810299774278088591e+01
8.349999999999999645e-01 4.805784671156112609e+01
8.359999999999999654e-01 4.801254323581929384e+01
8.369999999999999662e-01 4.796708743839859324e+01
8.379999999999999671e-01 4.792147944187530584e+01
8.389999999999999680e-01 4.787571936855944443e+01
8.399999999999999689e-01 4.782980734049559146e+01
8.409999999999999698e-01 4.778374347946375877e+01
8.419999999999999707e-01 4.773752790698053872e+01
8.429999999999999716e-01 4.769116074429991414e+01
8.439999999999999725e-01 4.764464211241399738e+01
8.449999999999999734e-01 4.759797213205411026e+01
8.459999999999999742e-01 4.755115092369147334e+01
8.469999999999999751e-01 4.750417860753830013e+01
8.479999999999999760e-01 4.745705530354850055e+01
8.489999999999999769e-01 4.740978113141871830e+01
8.499999999999999778e-01 4.736235621058915513e+01
8.509999999999999787e-01 4.731478066024418183e+01
8.519999999999999796e-01 4.726705459931362441e+01
8.529999999999999805e-01 4.721917814647324008e+01
8.539999999999999813e-01 4.717115142014598916e+01
8.549999999999999822e-01 4.712297453850232642e+01
8.559999999999999831e-01 4.707464761946157239e+01
8.569999999999999840e-01 4.702617078069243206e+01
8.579999999999999849e-01 4.697754413961403941e+01
8.589999999999999858e-01 4.692876781339664660e+01
8.599999999999999867e-01 4.687984191896253350e+01
8.609999999999999876e-01 4.683076657298678214e+01
8.619999999999999885e-01 4.678154189189796597e+01
8.629999999999999893e-01 4.673216799187942883e+01
8.639999999999999902e-01 4.668264498886954073e+01
8.649999999999999911e-01 4.663297299856290579e+01
8.659999999999999920e-01 4.658315213641093067e+01
8.669999999999999929e-01 4.653318251762294011e+01
8.679999999999999938e-01 4.648306425716642565e+01
8.689999999999999947e-01 4.643279746976856615e+01
8.699999999999999956e-01 4.638238226991632018e+01
8.709999999999999964e-01 4.633181877185771924e+01
8.719999999999999973e-01 4.628110708960241482e+01
8.729999999999999982e-01 4.623024733692248134e+01
8.739999999999999991e-01 4.617923962735347487e+01
8.750000000000000000e-01 4.612808407419467471e+01
8.760000000000000009e-01 4.607678079051019182e+01
8.770000000000000018e-01 4.602532988912982859e+01
8.780000000000000027e-01 4.597373148264970411e+01
8.790000000000000036e-01 4.592198568343283682e+01
8.800000000000000044e-01 4.587009260361037377e+01
8.810000000000000053e-01 4.581805235508186058e+01
8.820000000000000062e-01 4.576586504951627887e+01
8.830000000000000071e-01 4.571353079835280653e+01
8.840000000000000080e-01 4.566104971280120139e+01
8.850000000000000089e-01 4.560842190384309447e+01
8.860000000000000098e-01 4.555564748223236649e+01
8.870000000000000107e-01 4.550272655849580872e+01
8.880000000000000115e-01 4.544965924293442328e+01
8.890000000000000124e-01 4.539644564562336626e+01
8.900000000000000133e-01 4.534308587641316990e+01
8.910000000000000142e-01 4.528958004493028966e+01
8.920000000000000151e-01 4.523592826057812744e+01
8.930000000000000160e-01 4.518213063253715234e+01
8.940000000000000169e-01 4.512818726976635730e+01
8.950000000000000178e-01 4.507409828100325910e+01
8.960000000000000187e-01 4.501986377476499257e+01
8.970000000000000195e-01 4.496548385934921299e+01
8.980000000000000204e-01 4.491095864283416716e+01
8.990000000000000213e-01 4.485628823307993684e+01
9.000000000000000222e-01 4.480147273772907113e+01
9.010000000000000231e-01 4.474651226420697014e+01
9.020000000000000240e-01 4.469140691972282298e+01
9.030000000000000249e-01 4.463615681127033952e+01
9.040000000000000258e-01 4.458076204562829759e+01
9.050000000000000266e-01 4.452522272936111847e+01
9.060000000000000275e-01 4.446953896882001800e+01
9.070000000000000284e-01 4.441371087014295682e+01
9.080000000000000293e-01 4.435773853925597621e+01
9.090000000000000302e-01 4.430162208187347517e+01
9.100000000000000311e-01 4.424536160349914837e+01
9.110000000000000320e-01 4.418895720942624905e+01
9.120000000000000329e-01 4.413240900473877559e+01
9.130000000000000338e-01 4.407571709431174156e+01
9.140000000000000346e-01 4.401888158281192176e+01
9.150000000000000355e-01 4.396190257469849172e+01
9.160000000000000364e-01 4.390478017422385904e+01
9.170000000000000373e-01 4.384751448543394758e+01
9.180000000000000382e-01 4.379010561216940545e+01
9.190000000000000391e-01 4.373255365806546990e+01
9.200000000000000400e-01 4.367485872655336010e+01
9.210000000000000409e-01 4.361702092086051863e+01
9.220000000000000417e-01 4.355904034401108049e+01
9.230000000000000426e-01 4.350091709882720892e+01
9.240000000000000435e-01 4.344265128792862640e+01
9.250000000000000444e-01 4.338424301373445502e+01
9.260000000000000453e-01 4.332569237846290378e+01
9.270000000000000462e-01 4.326699948413241970e+01
9.280000000000000471e-01 4.320816443256195072e+01
9.290000000000000480e-01 4.314918732537169177e+01
9.300000000000000488e-01 4.309006826398400136e+01
9.310000000000000497e-01 4.303080734962347265e+01
9.320000000000000506e-01 4.297140468331804897e+01
9.330000000000000515e-01 4.291186036589915176e+01
9.340000000000000524e-01 4.285217449800267531e+01
9.350000000000000533e-01 4.279234718006935623e+01
9.360000000000000542e-01 4.273237851234544848e+01
9.370000000000000551e-01 4.267226859488341972e+01
9.380000000000000560e-01 4.261201752754219285e+01
9.390000000000000568e-01 4.255162540998831844e+01
9.400000000000000577e-01 4.249109234169591076e+01
9.410000000000000586e-01 4.243041842194767810e+01
9.420000000000000595e-01 4.236960374983553379e+01
9.430000000000000604e-01 4.230864842426066730e+01
9.440000000000000613e-01 4.224755254393468817e+01
9.450000000000000622e-01 4.218631620738003107e+01
9.460000000000000631e-01 4.212493951293016892e+01
9.470000000000000639e-01 4.206342255873099134e+01
9.480000000000000648e-01 4.200176544274050627e+01
9.490000000000000657e-01 4.193996826272974232e+01
9.500000000000000666e-01 4.187803111628363695e+01
9.510000000000000675e-01 4.181595410080098674e+01
9.520000000000000684e-01 4.175373731349551321e+01
9.530000000000000693e-01 4.169138085139615413e+01
9.540000000000000702e-01 4.162888481134781671e+01
9.550000000000000711e-01 4.156624929001161917e+01
9.560000000000000719e-01 4.150347438386564392e+01
9.570000000000000728e-01 4.144056018920571915e+01
9.580000000000000737e-01 4.137750680214533361e+01
9.590000000000000746e-01 4.131431431861689418e+01
9.599999999999999645e-01 4.125098283437169755e+01
9.609999999999999654e-01 4.118751244498088226e+01
9.619999999999999662e-01 4.112390324583558510e+01
9.629999999999999671e-01 4.106015533214775814e+01
9.639999999999999680e-01 4.099626879895077991e+01
9.649999999999999689e-01 4.093224374109964714e+01
9.659999999999999698e-01 4.086808025327164984e+01
9.669999999999999707e-01 4.080377842996700366e+01
9.679999999999999716e-01 4.073933836550931176e+01
9.689999999999999725e-01 4.067476015404601952e+01
9.699999999999999734e-01 4.061004388954903277e+01
9.709999999999999742e-01 4.054518966581505168e+01
9.719999999999999751e-01 4.048019757646646610e+01
9.729999999999999760e-01 4.041506771495129868e+01
9.739999999999999769e-01 4.034980017454439860e+01
9.749999999999999778e-01 4.028439504834729945e+01
9.759999999999999787e-01 4.021885242928920690e+01
9.769999999999999796e-01 4.015317241012713367e+01
9.779999999999999805e-01 4.008735508344675935e+01
9.789999999999999813e-01 4.002140054166265060e+01
9.799999999999999822e-01 3.995530887701897882e+01
9.809999999999999831e-01 3.988908018158987545e+01
9.819999999999999840e-01 3.982271454727968774e+01
9.829999999999999849e-01 3.975621206582405875e+01
9.839999999999999858e-01 3.968957282879011217e+01
9.849999999999999867e-01 3.962279692757668670e+01
9.859999999999999876e-01 3.955588445341528825e+01
9.869999999999999885e-01 3.948883549737008281e+01
9.879999999999999893e-01 3.942165015033900488e+01
9.889999999999999902e-01 3.935432850305376462e+01
9.899999999999999911e-01 3.928687064608013202e+01
9.909999999999999920e-01 3.921927666981915195e+01
9.919999999999999929e-01 3.915154666450695942e+01
9.929999999999999938e-01 3.908368072021554696e+01
9.939999999999999947e-01 3.901567892685333305e+01
9.949999999999999956e-01 3.894754137416524031e+01
9.959999999999999964e-01 3.887926815173349127e+01
9.969999999999999973e-01 3.881085934897807022e+01
9.979999999999999982e-01 3.874231505515697194e+01
9.989999999999999991e-01 3.867363535936685537e+01
1.000000000000000000e+00 3.860482035054349126e+01
