0.000000000000000000e+00 0.000000000000000000e+00
1.000000000000000021e-03 1.663061896827225050e+00
2.000000000000000042e-03 2.893333255181754993e+00
3.000000000000000062e-03 4.000992970179840569e+00
4.000000000000000083e-03 5.032856520606913797e+00
5.000000000000000104e-03 6.009555073971520223e+00
6.000000000000000125e-03 6.942710694178870767e+00
7.000000000000000146e-03 7.839772751667423378e+00
8.000000000000000167e-03 8.705919645176765087e+00
9.000000000000001055e-03 9.544958681048141713e+00
1.000000000000000021e-02 1.035980670244419777e+01
1.099999999999999936e-02 1.115276993584896381e+01
1.200000000000000025e-02 1.192571787047094567e+01
1.300000000000000114e-02 1.268019692958359990e+01
1.400000000000000029e-02 1.341750788540997164e+01
1.499999999999999944e-02 1.413876038809235247e+01
1.600000000000000033e-02 1.484491247432525363e+01
1.700000000000000122e-02 1.553679988895926378e+01
1.800000000000000211e-02 1.621515830111255951e+01
1.899999999999999953e-02 1.688064044254694096e+01
2.000000000000000042e-02 1.753382953972607439e+01
2.100000000000000130e-02 1.817524998961935623e+01
2.199999999999999872e-02 1.880537595153063535e+01
2.299999999999999961e-02 1.942463833973702236e+01
2.400000000000000050e-02 2.003343057248584813e+01
2.500000000000000139e-02 2.063211334212195425e+01
2.600000000000000228e-02 2.122101860626159464e+01
2.699999999999999969e-02 2.180045295287097673e+01
2.800000000000000058e-02 2.237070045747905667e+01
2.900000000000000147e-02 2.293202512494027800e+01
2.999999999999999889e-02 2.348467298869219988e+01
3.099999999999999978e-02 2.402887392560362656e+01
3.200000000000000067e-02 2.456484323306995066e+01
3.300000000000000155e-02 2.509278300611677892e+01
3.400000000000000244e-02 2.561288334529543675e+01
3.500000000000000333e-02 2.612532342063473578e+01
3.600000000000000422e-02 2.663027241251581856e+01
3.699999999999999817e-02 2.712789034680675826e+01
3.799999999999999906e-02 2.761832883874136968e+01
3.899999999999999994e-02 2.810173175770724185e+01
4.000000000000000083e-02 2.857823582321087486e+01
4.100000000000000172e-02 2.904797114072692210e+01
4.200000000000000261e-02 2.951106168484793812e+01
4.300000000000000350e-02 2.996762573607836444e+01
4.399999999999999745e-02 3.041777627672019690e+01
4.499999999999999833e-02 3.086162135054679112e+01
4.599999999999999922e-02 3.129926439032697871e+01
4.700000000000000011e-02 3.173080451672701940e+01
4.800000000000000100e-02 3.215633681166189461e+01
4.900000000000000189e-02 3.257595256878003909e+01
5.000000000000000278e-02 3.298973952343331462e+01
5.100000000000000366e-02 3.339778206419939721e+01
5.200000000000000455e-02 3.380016142777794386e+01
5.299999999999999850e-02 3.419695587887021304e+01
5.399999999999999939e-02 3.458824087646742385e+01
5.500000000000000028e-02 3.497408922781427520e+01
5.600000000000000117e-02 3.535457123117387113e+01
5.700000000000000205e-02 3.572975480839943430e+01
5.800000000000000294e-02 3.609970562821096252e+01
5.900000000000000383e-02 3.646448722098199369e+01
5.999999999999999778e-02 3.682416108575861813e+01
6.099999999999999867e-02 3.717878679016057220e+01
6.199999999999999956e-02 3.752842206374988621e+01
6.300000000000000044e-02 3.787312288539529703e+01
6.400000000000000133e-02 3.821294356511032220e+01
6.500000000000000222e-02 3.854793682079792205e+01
6.600000000000000311e-02 3.887815385029377069e+01
6.700000000000000400e-02 3.920364439906570908e+01
6.800000000000000488e-02 3.952445682389317483e+01
6.900000000000000577e-02 3.984063815282299714e+01
7.000000000000000666e-02 4.015223414167140703e+01
7.100000000000000755e-02 4.045928932731902705e+01
7.200000000000000844e-02 4.076184707802476481e+01
7.299999999999999545e-02 4.105994964096552025e+01
7.399999999999999634e-02 4.135363818719155660e+01
7.499999999999999722e-02 4.164295285417227177e+01
7.599999999999999811e-02 4.192793278609244823e+01
7.699999999999999900e-02 4.220861617204688798e+01
7.799999999999999989e-02 4.248504028226999196e+01
7.900000000000000078e-02 4.275724150252540312e+01
8.000000000000000167e-02 4.302525536677239160e+01
8.100000000000000255e-02 4.328911658821608910e+01
8.200000000000000344e-02 4.354885908884128298e+01
8.300000000000000433e-02 4.380451602752174267e+01
8.400000000000000522e-02 4.405611982679074146e+01
8.500000000000000611e-02 4.430370219835203471e+01
8.600000000000000699e-02 4.454729416740525494e+01
8.700000000000000788e-02 4.478692609585421280e+01
8.799999999999999489e-02 4.502262770446208151e+01
8.899999999999999578e-02 4.525442809401300082e+01
8.999999999999999667e-02 4.548235576553564385e+01
9.099999999999999756e-02 4.570643863964065901e+01
9.199999999999999845e-02 4.592670407502012608e+01
9.299999999999999933e-02 4.614317888615483554e+01
9.400000000000000022e-02 4.635588936027107820e+01
9.500000000000000111e-02 4.656486127358711258e+01
9.600000000000000200e-02 4.677011990688628629e+01
9.700000000000000289e-02 4.697169006045145068e+01
9.800000000000000377e-02 4.716959606839388641e+01
9.900000000000000466e-02 4.736386181240670368e+01
1.000000000000000056e-01 4.755451073497211922e+01
1.010000000000000064e-01 4.774156585204951853e+01
1.020000000000000073e-01 4.792504976526969074e+01
1.030000000000000082e-01 4.810498467365957254e+01
1.040000000000000091e-01 4.828139238491957030e+01
1.049999999999999961e-01 4.845429432627541644e+01
1.059999999999999970e-01 4.862371155492410679e+01
1.069999999999999979e-01 4.878966476809311814e+01
1.079999999999999988e-01 4.895217431273113107e+01
1.089999999999999997e-01 4.911126019484625971e+01
1.100000000000000006e-01 4.926694208850884138e+01
1.110000000000000014e-01 4.941923934453321010e+01
1.120000000000000023e-01 4.956817099885293487e+01
1.130000000000000032e-01 4.971375578060334988e+01
1.140000000000000041e-01 4.985601211992351978e+01
1.150000000000000050e-01 4.999495815549057909e+01
1.160000000000000059e-01 5.013061174179745194e+01
1.170000000000000068e-01 5.026299045618523564e+01
1.180000000000000077e-01 5.039211160563998249e+01
1.190000000000000085e-01 5.051799223336477951e+01
1.199999999999999956e-01 5.064064912513536143e+01
1.209999999999999964e-01 5.076009881544897695e+01
1.219999999999999973e-01 5.087635759347448783e+01
1.229999999999999982e-01 5.098944150881203541e+01
1.239999999999999991e-01 5.109936637706951501e+01
1.250000000000000000e-01 5.120614778526392996e+01
1.260000000000000009e-01 5.130980109705340908e+01
1.270000000000000018e-01 5.141034145780750464e+01
1.280000000000000027e-01 5.150778379952178909e+01
1.290000000000000036e-01 5.160214284558230702e+01
1.300000000000000044e-01 5.169343311538619190e+01
1.310000000000000053e-01 5.178166892882367733e+01
1.320000000000000062e-01 5.186686441062667541e+01
1.330000000000000071e-01 5.194903349458877528e+01
1.340000000000000080e-01 5.202818992766196970e+01
1.350000000000000089e-01 5.210434727393401033e+01
1.360000000000000098e-01 5.217751891849094648e+01
1.370000000000000107e-01 5.224771807116931654e+01
1.380000000000000115e-01 5.231495777020155913e+01
1.390000000000000124e-01 5.237925088575850197e+01
1.400000000000000133e-01 5.244061012339289363e+01
1.410000000000000142e-01 5.249904802738716114e+01
1.420000000000000151e-01 5.255457698400870470e+01
1.430000000000000160e-01 5.260720922467621108e+01
1.440000000000000169e-01 5.265695682903960062e+01
1.449999999999999900e-01 5.270383172797738780e+01
1.459999999999999909e-01 5.274784570651293336e+01
1.469999999999999918e-01 5.278901040665375888e+01
1.479999999999999927e-01 5.282733733015554378e+01
1.489999999999999936e-01 5.286283784121344098e+01
1.499999999999999944e-01 5.289552316908358875e+01
1.509999999999999953e-01 5.292540441063668766e+01
1.519999999999999962e-01 5.295249253284553248e+01
1.529999999999999971e-01 5.297679837520977486e+01
1.539999999999999980e-01 5.299833265211849209e+01
1.549999999999999989e-01 5.301710595515370983e+01
1.559999999999999998e-01 5.303312875533602266e+01
1.570000000000000007e-01 5.304641140531457921e+01
1.580000000000000016e-01 5.305696414150300910e+01
1.590000000000000024e-01 5.306479708616256374e+01
1.600000000000000033e-01 5.306992024943512121e+01
1.610000000000000042e-01 5.307234353132649574e+01
1.620000000000000051e-01 5.307207672364212669e+01
1.630000000000000060e-01 5.306912951187653960e+01
1.640000000000000069e-01 5.306351147705802163e+01
1.650000000000000078e-01 5.305523209754957747e+01
1.660000000000000087e-01 5.304430075080768603e+01
1.670000000000000095e-01 5.303072671510010849e+01
1.680000000000000104e-01 5.301451917118394874e+01
1.690000000000000113e-01 5.299568720394483279e+01
1.700000000000000122e-01 5.297423980399891974e+01
1.710000000000000131e-01 5.295018586925823456e+01
1.720000000000000140e-01 5.292353420646063000e+01
1.730000000000000149e-01 5.289429353266540801e+01
1.740000000000000158e-01 5.286247247671564509e+01
1.750000000000000167e-01 5.282807958066774745e+01
1.759999999999999898e-01 5.279112330118981333e+01
1.769999999999999907e-01 5.275161201092907248e+01
1.779999999999999916e-01 5.270955399984945444e+01
1.789999999999999925e-01 5.266495747654028037e+01
1.799999999999999933e-01 5.261783056949668946e+01
1.809999999999999942e-01 5.256818132837274504e+01
1.819999999999999951e-01 5.251601772520731259e+01
1.829999999999999960e-01 5.246134765562464963e+01
1.839999999999999969e-01 5.240417894000930943e+01
1.849999999999999978e-01 5.234451932465626811e+01
1.859999999999999987e-01 5.228237648289737649e+01
1.869999999999999996e-01 5.221775801620447766e+01
1.880000000000000004e-01 5.215067145526943904e+01
1.890000000000000013e-01 5.208112426106234238e+01
1.900000000000000022e-01 5.200912382586808747e+01
1.910000000000000031e-01 5.193467747430182158e+01
1.920000000000000040e-01 5.185779246430400491e+01
1.930000000000000049e-01 5.177847598811533913e+01
1.940000000000000058e-01 5.169673517323270318e+01
1.950000000000000067e-01 5.161257708334538563e+01
1.960000000000000075e-01 5.152600871925348969e+01
1.970000000000000084e-01 5.143703701976790654e+01
1.980000000000000093e-01 5.134566886259317897e+01
1.990000000000000102e-01 5.125191106519233131e+01
2.000000000000000111e-01 5.115577038563593959e+01
2.010000000000000120e-01 5.105725352343436185e+01
2.020000000000000129e-01 5.095636712035406646e+01
2.030000000000000138e-01 5.085311776121852745e+01
2.040000000000000147e-01 5.074751197469389297e+01
2.050000000000000155e-01 5.063955623405994544e+01
2.060000000000000164e-01 5.052925695796642458e+01
2.070000000000000173e-01 5.041662051117538113e+01
2.080000000000000182e-01 5.030165320528979578e+01
2.089999999999999913e-01 5.018436129946847046e+01
2.099999999999999922e-01 5.006475100112816534e+01
2.109999999999999931e-01 4.994282846663256237e+01
2.119999999999999940e-01 4.981859980196886539e+01
2.129999999999999949e-01 4.969207106341217894e+01
2.139999999999999958e-01 4.956324825817765145e+01
2.149999999999999967e-01 4.943213734506132795e+01
2.159999999999999976e-01 4.929874423506902303e+01
2.169999999999999984e-01 4.916307479203498332e+01
2.179999999999999993e-01 4.902513483322800880e+01
2.190000000000000002e-01 4.888493012994870668e+01
2.200000000000000011e-01 4.874246640811514908e+01
2.210000000000000020e-01 4.859774934883843400e+01
2.220000000000000029e-01 4.845078458898869656e+01
2.230000000000000038e-01 4.830157772175108022e+01
2.240000000000000047e-01 4.815013429717190974e+01
2.250000000000000056e-01 4.799645982269619537e+01
2.260000000000000064e-01 4.784055976369505458e+01
2.270000000000000073e-01 4.768243954398518269e+01
2.280000000000000082e-01 4.752210454633865311e+01
2.290000000000000091e-01 4.735956011298500812e+01
2.300000000000000100e-01 4.719481154610400608e+01
2.310000000000000109e-01 4.702786410831109265e+01
2.320000000000000118e-01 4.685872302313417492e+01
2.330000000000000127e-01 4.668739347548287810e+01
2.340000000000000135e-01 4.651388061210981562e+01
2.350000000000000144e-01 4.633818954206464014e+01
2.360000000000000153e-01 4.616032533714056285e+01
2.370000000000000162e-01 4.598029303231319886e+01
2.380000000000000171e-01 4.579809762617334457e+01
2.390000000000000180e-01 4.561374408135172587e+01
2.399999999999999911e-01 4.542723732493740840e+01
2.409999999999999920e-01 4.523858224888995494e+01
2.419999999999999929e-01 4.504778371044413632e+01
2.429999999999999938e-01 4.485484653250904330e+01
2.439999999999999947e-01 4.465977550406044827e+01
2.449999999999999956e-01 4.446257538052729785e+01
2.459999999999999964e-01 4.426325088417225118e+01
2.469999999999999973e-01 4.406180670446536851e+01
2.479999999999999982e-01 4.385824749845389192e+01
2.489999999999999991e-01 4.365257789112426678e+01
2.500000000000000000e-01 4.344480247576001375e+01
2.510000000000000009e-01 4.323492581429360371e+01
2.520000000000000018e-01 4.302295243765301791e+01
2.530000000000000027e-01 4.280888684610300743e+01
2.540000000000000036e-01 4.259273350958136461e+01
2.550000000000000044e-01 4.237449686803034865e+01
2.560000000000000053e-01 4.215418133172207149e+01
2.570000000000000062e-01 4.193179128158071478e+01
2.580000000000000071e-01 4.170733106949863611e+01
2.590000000000000080e-01 4.148080501864809833e+01
2.600000000000000089e-01 4.125221742378889189e+01
2.610000000000000098e-01 4.102157255157075610e+01
2.620000000000000107e-01 4.078887464083214809e+01
2.630000000000000115e-01 4.055412790289383906e+01
2.640000000000000124e-01 4.031733652184873051e+01
2.650000000000000133e-01 4.007850465484754920e+01
2.660000000000000142e-01 3.983763643238023633e+01
2.670000000000000151e-01 3.959473595855318706e+01
2.680000000000000160e-01 3.934980731136306531e+01
2.690000000000000169e-01 3.910285454296605678e+01
2.700000000000000178e-01 3.885388167994349828e+01
2.710000000000000187e-01 3.860289272356440904e+01
2.720000000000000195e-01 3.834989165004323297e+01
2.730000000000000204e-01 3.809488241079472459e+01
2.740000000000000213e-01 3.783786893268539586e+01
2.750000000000000222e-01 3.757885511828061453e+01
2.760000000000000231e-01 3.731784484608915875e+01
2.770000000000000240e-01 3.705484197080423314e+01
2.780000000000000249e-01 3.678985032354057694e+01
2.790000000000000258e-01 3.652287371206897149e+01
2.800000000000000266e-01 3.625391592104746508e+01
2.810000000000000275e-01 3.598298071224913031e+01
2.820000000000000284e-01 3.571007182478693665e+01
2.830000000000000293e-01 3.543519297533578083e+01
2.840000000000000302e-01 3.515834785835106402e+01
2.850000000000000311e-01 3.487954014628483890e+01
2.860000000000000320e-01 3.459877348979881617e+01
2.870000000000000329e-01 3.431605151797420206e+01
2.880000000000000338e-01 3.403137783851985887e+01
2.889999999999999791e-01 3.374475603797634449e+01
2.899999999999999800e-01 3.345618968191797649e+01
2.909999999999999809e-01 3.316568231515250886e+01
2.919999999999999818e-01 3.287323746191778184e+01
2.929999999999999827e-01 3.257885862607543004e+01
2.939999999999999836e-01 3.228254929130328321e+01
2.949999999999999845e-01 3.198431292128400116e+01
2.959999999999999853e-01 3.168415295989186120e+01
2.969999999999999862e-01 3.138207283137754189e+01
2.979999999999999871e-01 3.107807594054966671e+01
2.989999999999999880e-01 3.077216567295459981e+01
2.999999999999999889e-01 3.046434539505386851e+01
3.009999999999999898e-01 3.015461845439941158e+01
3.019999999999999907e-01 2.984298817980629792e+01
3.029999999999999916e-01 2.952945788152366902e+01
3.039999999999999925e-01 2.921403085140333644e+01
3.049999999999999933e-01 2.889671036306613416e+01
3.059999999999999942e-01 2.857749967206666497e+01
3.069999999999999951e-01 2.825640201605544632e+01
3.079999999999999960e-01 2.793342061493935091e+01
3.089999999999999969e-01 2.760855867104025663e+01
3.099999999999999978e-01 2.728181936925129492e+01
3.109999999999999987e-01 2.695320587719139382e+01
3.119999999999999996e-01 2.662272134535814416e+01
3.130000000000000004e-01 2.629036890727843456e+01
3.140000000000000013e-01 2.595615167965762282e+01
3.150000000000000022e-01 2.562007276252680299e+01
3.160000000000000031e-01 2.528213523938779872e+01
3.170000000000000040e-01 2.494234217735719028e+01
3.180000000000000049e-01 2.460069662730850837e+01
3.190000000000000058e-01 2.425720162401182733e+01
3.200000000000000067e-01 2.391186018627293208e+01
3.210000000000000075e-01 2.356467531707039598e+01
3.220000000000000084e-01 2.321565000369012921e+01
3.230000000000000093e-01 2.286478721786014034e+01
3.240000000000000102e-01 2.251208991588201513e+01
3.250000000000000111e-01 2.215756103876169902e+01
3.260000000000000120e-01 2.180120351233895803e+01
3.270000000000000129e-01 2.144302024741460855e+01
3.280000000000000138e-01 2.108301413987678075e+01
3.290000000000000147e-01 2.072118807082570413e+01
3.300000000000000155e-01 2.035754490669684458e+01
3.310000000000000164e-01 1.999208749938277663e+01
3.320000000000000173e-01 1.962481868635369153e+01
3.330000000000000182e-01 1.925574129077637053e+01
3.340000000000000191e-01 1.888485812163186495e+01
3.350000000000000200e-01 1.851217197383220991e+01
3.360000000000000209e-01 1.813768562833492126e+01
3.370000000000000218e-01 1.776140185225727919e+01
3.380000000000000226e-01 1.738332339898890666e+01
3.390000000000000235e-01 1.700345300830213091e+01
3.400000000000000244e-01 1.662179340646311232e+01
3.410000000000000253e-01 1.623834730633998902e+01
3.420000000000000262e-01 1.585311740751045306e+01
3.430000000000000271e-01 1.546610639636821816e+01
3.440000000000000280e-01 1.507731694622856367e+01
3.450000000000000289e-01 1.468675171743169017e+01
3.460000000000000298e-01 1.429441335744630237e+01
3.470000000000000306e-01 1.390030450097086145e+01
3.480000000000000315e-01 1.350442777003476635e+01
3.490000000000000324e-01 1.310678577409740342e+01
3.500000000000000333e-01 1.270738111014705396e+01
3.510000000000000342e-01 1.230621636279835229e+01
3.519999999999999796e-01 1.190329410438840796e+01
3.529999999999999805e-01 1.149861689507230267e+01
3.539999999999999813e-01 1.109218728291736511e+01
3.549999999999999822e-01 1.068400780399670680e+01
3.559999999999999831e-01 1.027408098248147894e+01
3.569999999999999840e-01 9.862409330731850332e+00
3.579999999999999849e-01 9.448995349388127352e+00
3.589999999999999858e-01 9.033841527459458121e+00
3.599999999999999867e-01 8.616950342412934560e+00
3.609999999999999876e-01 8.198324260260875462e+00
3.619999999999999885e-01 7.777965735647228485e+00
3.629999999999999893e-01 7.355877211934000570e+00
3.639999999999999902e-01 6.932061121285528316e+00
3.649999999999999911e-01 6.506519884752634653e+00
3.659999999999999920e-01 6.079255912355790770e+00
3.669999999999999929e-01 5.650271603167567491e+00
3.679999999999999938e-01 5.219569345393466619e+00
3.689999999999999947e-01 4.787151516453064914e+00
3.699999999999999956e-01 4.353020483059623302e+00
3.709999999999999964e-01 3.917178601298928697e+00
3.719999999999999973e-01 3.479628216707368438e+00
3.729999999999999982e-01 3.040371664349663661e+00
3.739999999999999991e-01 2.599411268894755267e+00
3.750000000000000000e-01 2.156749344692343584e+00
3.760000000000000009e-01 1.712388195847495354e+00
3.770000000000000018e-01 1.266330116294881236e+00
3.780000000000000027e-01 8.185773898724448827e-01
3.790000000000000036e-01 3.691322903944751488e-01
3.800000000000000044e-01 -8.200291827705541436e-02
3.810000000000000053e-01 -5.348259821600436226e-01
3.820000000000000062e-01 -9.893346570829066877e-01
3.830000000000000071e-01 -1.445526708613527944e+00
3.840000000000000080e-01 -1.903399911990334203e+00
3.850000000000000089e-01 -2.362952052053998386e+00
3.860000000000000098e-01 -2.824180923179113734e+00
3.870000000000000107e-01 -3.287084329207146993e+00
3.880000000000000115e-01 -3.751660083379732669e+00
3.890000000000000124e-01 -4.217906008272819918e+00
3.900000000000000133e-01 -4.685819935731046826e+00
3.910000000000000142e-01 -5.155399706803763138e+00
3.920000000000000151e-01 -5.626643171680143496e+00
3.930000000000000160e-01 -6.099548189626005978e+00
3.940000000000000169e-01 -6.574112628921454871e+00
3.950000000000000178e-01 -7.050334366797670782e+00
3.960000000000000187e-01 -7.528211289376287141e+00
3.970000000000000195e-01 -8.007741291607771927e+00
3.980000000000000204e-01 -8.488922277210718903e+00
3.990000000000000213e-01 -8.971752158612503081e+00
4.000000000000000222e-01 -9.456228856889708823e+00
4.010000000000000231e-01 -9.942350301708984261e+00
4.020000000000000240e-01 -1.043011443126948734e+01
4.030000000000000249e-01 -1.091951919224462131e+01
4.040000000000000258e-01 -1.141056253972490708e+01
4.050000000000000266e-01 -1.190324243716210617e+01
4.060000000000000275e-01 -1.239755685631160986e+01
4.070000000000000284e-01 -1.289350377717855167e+01
4.080000000000000293e-01 -1.339108118796190183e+01
4.090000000000000302e-01 -1.389028708499955655e+01
4.100000000000000311e-01 -1.439111947271507574e+01
4.110000000000000320e-01 -1.489357636356362491e+01
4.120000000000000329e-01 -1.539765577797916762e+01
4.130000000000000338e-01 -1.590335574432148746e+01
4.140000000000000346e-01 -1.641067429882465945e+01
4.150000000000000355e-01 -1.691960948554464039e+01
4.160000000000000364e-01 -1.743015935630907620e+01
4.169999999999999818e-01 -1.794232197066577328e+01
4.179999999999999827e-01 -1.845609539583276160e+01
4.189999999999999836e-01 -1.897147770664838617e+01
4.199999999999999845e-01 -1.948846698552247858e+01
4.209999999999999853e-01 -2.000706132238653367e+01
4.219999999999999862e-01 -2.052725881464590429e+01
4.229999999999999871e-01 -2.104905756713182541e+01
4.239999999999999880e-01 -2.157245569205301194e+01
4.249999999999999889e-01 -2.209745130894938825e+01
4.259999999999999898e-01 -2.262404254464493647e+01
4.269999999999999907e-01 -2.315222753320128390e+01
4.279999999999999916e-01 -2.368200441587151772e+01
4.289999999999999925e-01 -2.421337134105530708e+01
4.299999999999999933e-01 -2.474632646425308735e+01
4.309999999999999942e-01 -2.528086794802160853e+01
4.319999999999999951e-01 -2.581699396192951212e+01
4.329999999999999960e-01 -2.635470268251322068e+01
4.339999999999999969e-01 -2.689399229323382201e+01
4.349999999999999978e-01 -2.743486098443298715e+01
4.359999999999999987e-01 -2.797730695329073569e+01
4.369999999999999996e-01 -2.852132840378334322e+01
4.380000000000000004e-01 -2.906692354663974243e+01
4.390000000000000013e-01 -2.961409059930133481e+01
4.400000000000000022e-01 -3.016282778588012548e+01
4.410000000000000031e-01 -3.071313333711685800e+01
4.420000000000000040e-01 -3.126500549034165033e+01
4.430000000000000049e-01 -3.181844248943224329e+01
4.440000000000000058e-01 -3.237344258477529024e+01
4.450000000000000067e-01 -3.293000403322579928e+01
4.460000000000000075e-01 -3.348812509806825233e+01
4.470000000000000084e-01 -3.404780404897712742e+01
4.480000000000000093e-01 -3.460903916197872832e+01
4.490000000000000102e-01 -3.517182871941247413e+01
4.500000000000000111e-01 -3.573617100989301321e+01
4.510000000000000120e-01 -3.630206432827262120e+01
4.520000000000000129e-01 -3.686950697560345702e+01
4.530000000000000138e-01 -3.743849725910058623e+01
4.540000000000000147e-01 -3.800903349210540227e+01
4.550000000000000155e-01 -3.858111399404873509e+01
4.560000000000000164e-01 -3.915473709041546613e+01
4.570000000000000173e-01 -3.972990111270735269e+01
4.580000000000000182e-01 -4.030660439840841036e+01
4.590000000000000191e-01 -4.088484529094967002e+01
4.600000000000000200e-01 -4.146462213967322441e+01
4.610000000000000209e-01 -4.204593329979874738e+01
4.620000000000000218e-01 -4.262877713238796673e+01
4.630000000000000226e-01 -4.321315200431104131e+01
4.640000000000000235e-01 -4.379905628821254027e+01
4.650000000000000244e-01 -4.438648836247782015e+01
4.660000000000000253e-01 -4.497544661119962939e+01
4.670000000000000262e-01 -4.556592942414533809e+01
4.680000000000000271e-01 -4.615793519672359935e+01
4.690000000000000280e-01 -4.675146232995200535e+01
4.700000000000000289e-01 -4.734650923042499926e+01
4.710000000000000298e-01 -4.794307431028175870e+01
4.720000000000000306e-01 -4.854115598717379498e+01
4.730000000000000315e-01 -4.914075268423482612e+01
4.740000000000000324e-01 -4.974186283004780762e+01
4.750000000000000333e-01 -5.034448485861528866e+01
4.760000000000000342e-01 -5.094861720932752291e+01
4.770000000000000351e-01 -5.155425832693273946e+01
4.780000000000000360e-01 -5.216140666150661787e+01
4.790000000000000369e-01 -5.277006066842201903e+01
4.799999999999999822e-01 -5.338021880831914245e+01
4.809999999999999831e-01 -5.399187954707593917e+01
4.819999999999999840e-01 -5.460504135577943430e+01
4.829999999999999849e-01 -5.521970271069540104e+01
4.839999999999999858e-01 -5.583586209323999583e+01
4.849999999999999867e-01 -5.645351798995156400e+01
4.859999999999999876e-01 -5.707266889246099595e+01
4.869999999999999885e-01 -5.769331329746486858e+01
4.879999999999999893e-01 -5.831544970669619943e+01
4.889999999999999902e-01 -5.893907662689719018e+01
4.899999999999999911e-01 -5.956419256979182819e+01
4.909999999999999920e-01 -6.019079605205769212e+01
4.919999999999999929e-01 -6.081888559529949134e+01
4.929999999999999938e-01 -6.144845972602226425e+01
4.939999999999999947e-01 -6.207951697560332605e+01
4.949999999999999956e-01 -6.271205588026722921e+01
4.959999999999999964e-01 -6.334607498105836498e+01
4.969999999999999973e-01 -6.398157282381512800e+01
4.979999999999999982e-01 -6.461854795914376837e+01
4.989999999999999991e-01 -6.525699894239332366e+01
5.000000000000000000e-01 -6.589692433362881729e+01
5.010000000000000009e-01 -6.653832269760684426e+01
5.020000000000000018e-01 -6.718119260374956525e+01
5.030000000000000027e-01 -6.782553262612043454e+01
5.040000000000000036e-01 -6.847134134339933098e+01
5.050000000000000044e-01 -6.911861733885692161e+01
5.060000000000000053e-01 -6.976735920033124216e+01
5.070000000000000062e-01 -7.041756552020277127e+01
5.080000000000000071e-01 -7.106923489537103933e+01
5.090000000000000080e-01 -7.172236592722970272e+01
5.100000000000000089e-01 -7.237695722164343692e+01
5.110000000000000098e-01 -7.303300738892454547e+01
5.120000000000000107e-01 -7.369051504380863094e+01
5.130000000000000115e-01 -7.434947880543236920e+01
5.140000000000000124e-01 -7.500989729730960676e+01
5.150000000000000133e-01 -7.567176914730907811e+01
5.160000000000000142e-01 -7.633509298763144102e+01
5.170000000000000151e-01 -7.699986745478636863e+01
5.180000000000000160e-01 -7.766609118957066471e+01
5.190000000000000169e-01 -7.833376283704581056e+01
5.200000000000000178e-01 -7.900288104651554022e+01
5.210000000000000187e-01 -7.967344447150458109e+01
5.220000000000000195e-01 -8.034545176973625757e+01
5.230000000000000204e-01 -8.101890160311086220e+01
5.240000000000000213e-01 -8.169379263768496457e+01
5.250000000000000222e-01 -8.237012354364935618e+01
5.260000000000000231e-01 -8.304789299530756352e+01
5.270000000000000240e-01 -8.372709967105612350e+01
5.280000000000000249e-01 -8.440774225336252812e+01
5.290000000000000258e-01 -8.508981942874481774e+01
5.300000000000000266e-01 -8.577332988775157219e+01
5.310000000000000275e-01 -8.645827232494048076e+01
5.320000000000000284e-01 -8.714464543885878811e+01
5.330000000000000293e-01 -8.783244793202317169e+01
5.340000000000000302e-01 -8.852167851089939177e+01
5.350000000000000311e-01 -8.921233588588245311e+01
5.360000000000000320e-01 -8.990441877127710768e+01
5.370000000000000329e-01 -9.059792588527818680e+01
5.380000000000000338e-01 -9.129285594995081965e+01
5.390000000000000346e-01 -9.198920769121201602e+01
5.400000000000000355e-01 -9.268697983881037317e+01
5.410000000000000364e-01 -9.338617112630754491e+01
5.420000000000000373e-01 -9.408678029105959695e+01
5.430000000000000382e-01 -9.478880607419773696e+01
5.440000000000000391e-01 -9.549224722061001103e+01
5.450000000000000400e-01 -9.619710247892243160e+01
5.460000000000000409e-01 -9.690337060148095816e+01
5.470000000000000417e-01 -9.761105034433279570e+01
5.480000000000000426e-01 -9.832014046720843226e+01
5.490000000000000435e-01 -9.903063973350396054e+01
5.500000000000000444e-01 -9.974254691026249020e+01
5.510000000000000453e-01 -1.004558607681570379e+02
5.520000000000000462e-01 -1.011705800814721670e+02
5.530000000000000471e-01 -1.018867036280870479e+02
5.540000000000000480e-01 -1.026042301894575530e+02
5.550000000000000488e-01 -1.033231585505994872e+02
5.560000000000000497e-01 -1.040434875000710804e+02
5.570000000000000506e-01 -1.047652158299553662e+02
5.580000000000000515e-01 -1.054883423358445498e+02
5.590000000000000524e-01 -1.062128658168216475e+02
5.600000000000000533e-01 -1.069387850754445140e+02
5.610000000000000542e-01 -1.076660989177299825e+02
5.620000000000000551e-01 -1.083948061531352778e+02
5.630000000000000560e-01 -1.091249055945436908e+02
5.640000000000000568e-01 -1.098563960582471282e+02
5.650000000000000577e-01 -1.105892763639300256e+02
5.660000000000000586e-01 -1.113235453346538861e+02
5.670000000000000595e-01 -1.120592017968405116e+02
5.680000000000000604e-01 -1.127962445802567686e+02
5.690000000000000613e-01 -1.135346725179979899e+02
5.700000000000000622e-01 -1.142744844464732523e+02
5.710000000000000631e-01 -1.150156792053891195e+02
5.720000000000000639e-01 -1.157582556377346350e+02
5.730000000000000648e-01 -1.165022125897658043e+02
5.740000000000000657e-01 -1.172475489109899058e+02
5.750000000000000666e-01 -1.179942634541511097e+02
5.760000000000000675e-01 -1.187423550752149595e+02
5.769999999999999574e-01 -1.194918226333527400e+02
5.779999999999999583e-01 -1.202426649909284038e+02
5.789999999999999591e-01 -1.209948810134816881e+02
5.799999999999999600e-01 -1.217484695697150983e+02
5.809999999999999609e-01 -1.225034295314784458e+02
5.819999999999999618e-01 -1.232597597737541832e+02
5.829999999999999627e-01 -1.240174591746439887e+02
5.839999999999999636e-01 -1.247765266153529069e+02
5.849999999999999645e-01 -1.255369609801772413e+02
5.859999999999999654e-01 -1.262987611564882968e+02
5.869999999999999662e-01 -1.270619260347193062e+02
5.879999999999999671e-01 -1.278264545083519579e+02
5.889999999999999680e-01 -1.285923454739018439e+02
5.899999999999999689e-01 -1.293595978309042493e+02
5.909999999999999698e-01 -1.301282104819021015e+02
5.919999999999999707e-01 -1.308981823324302809e+02
5.929999999999999716e-01 -1.316695122910037981e+02
5.939999999999999725e-01 -1.324421992691032983e+02
5.949999999999999734e-01 -1.332162421811624426e+02
5.959999999999999742e-01 -1.339916399445540947e+02
5.969999999999999751e-01 -1.347683914795775308e+02
5.979999999999999760e-01 -1.355464957094448550e+02
5.989999999999999769e-01 -1.363259515602685497e+02
5.999999999999999778e-01 -1.371067579610481175e+02
6.009999999999999787e-01 -1.378889138436574058e+02
6.019999999999999796e-01 -1.386724181428321003e+02
6.029999999999999805e-01 -1.394572697961559129e+02
6.039999999999999813e-01 -1.402434677440494966e+02
6.049999999999999822e-01 -1.410310109297568602e+02
6.059999999999999831e-01 -1.418198982993333743e+02
6.069999999999999840e-01 -1.426101288016326407e+02
6.079999999999999849e-01 -1.434017013882956348e+02
6.089999999999999858e-01 -1.441946150137367795e+02
6.099999999999999867e-01 -1.449888686351328602e+02
6.109999999999999876e-01 -1.457844612124108039e+02
6.119999999999999885e-01 -1.465813917082350031e+02
6.129999999999999893e-01 -1.473796590879962309e+02
6.139999999999999902e-01 -1.481792623197994203e+02
6.149999999999999911e-01 -1.489802003744516696e+02
6.159999999999999920e-01 -1.497824722254506469e+02
6.169999999999999929e-01 -1.505860768489729367e+02
6.179999999999999938e-01 -1.513910132238624442e+02
6.189999999999999947e-01 -1.521972803316192540e+02
6.199999999999999956e-01 -1.530048771563874652e+02
6.209999999999999964e-01 -1.538138026849441076e+02
6.219999999999999973e-01 -1.546240559066879428e+02
6.229999999999999982e-01 -1.554356358136283234e+02
6.239999999999999991e-01 -1.562485414003735400e+02
6.250000000000000000e-01 -1.570627716641204756e+02
6.260000000000000009e-01 -1.578783256046426118e+02
6.270000000000000018e-01 -1.586952022242797398e+02
6.280000000000000027e-01 -1.595134005279268194e+02
6.290000000000000036e-01 -1.603329195230228379e+02
6.300000000000000044e-01 -1.611537582195406912e+02
6.310000000000000053e-01 -1.619759156299760434e+02
6.320000000000000062e-01 -1.627993907693364122e+02
6.330000000000000071e-01 -1.636241826551313920e+02
6.340000000000000080e-01 -1.644502903073608877e+02
6.350000000000000089e-01 -1.652777127485054507e+02
6.360000000000000098e-01 -1.661064490035165022e+02
6.370000000000000107e-01 -1.669364980998042824e+02
6.380000000000000115e-01 -1.677678590672288124e+02
6.390000000000000124e-01 -1.686005309380897188e+02
6.400000000000000133e-01 -1.694345127471148089e+02
6.410000000000000142e-01 -1.702698035314516005e+02
6.420000000000000151e-01 -1.711064023306563513e+02
6.430000000000000160e-01 -1.719443081866838270e+02
6.440000000000000169e-01 -1.727835201438782065e+02
6.450000000000000178e-01 -1.736240372489621109e+02
6.460000000000000187e-01 -1.744658585510279636e+02
6.470000000000000195e-01 -1.753089831015269056e+02
6.480000000000000204e-01 -1.761534099542610647e+02
6.490000000000000213e-01 -1.769991381653709368e+02
6.500000000000000222e-01 -1.778461667933291892e+02
6.510000000000000231e-01 -1.786944948989280419e+02
6.520000000000000240e-01 -1.795441215452719916e+02
6.530000000000000249e-01 -1.803950457977667838e+02
6.540000000000000258e-01 -1.812472667241113982e+02
6.550000000000000266e-01 -1.821007833942878165e+02
6.560000000000000275e-01 -1.829555948805519279e+02
6.570000000000000284e-01 -1.838117002574243770e+02
6.580000000000000293e-01 -1.846690986016811280e+02
6.590000000000000302e-01 -1.855277889923451085e+02
6.600000000000000311e-01 -1.863877705106760345e+02
6.610000000000000320e-01 -1.872490422401625665e+02
6.620000000000000329e-01 -1.881116032665121907e+02
6.630000000000000338e-01 -1.889754526776428065e+02
6.640000000000000346e-01 -1.898405895636740297e+02
6.650000000000000355e-01 -1.907070130169184381e+02
6.660000000000000364e-01 -1.915747221318724201e+02
6.670000000000000373e-01 -1.924437160052070794e+02
6.680000000000000382e-01 -1.933139937357610165e+02
6.690000000000000391e-01 -1.941855544245298688e+02
6.700000000000000400e-01 -1.950583971746589214e+02
6.710000000000000409e-01 -1.959325210914346371e+02
6.720000000000000417e-01 -1.968079252822752210e+02
6.730000000000000426e-01 -1.976846088567231163e+02
6.740000000000000435e-01 -1.985625709264361376e+02
6.750000000000000444e-01 -1.994418106051788300e+02
6.760000000000000453e-01 -2.003223270088155346e+02
6.770000000000000462e-01 -2.012041192553004407e+02
6.780000000000000471e-01 -2.020871864646699123e+02
6.790000000000000480e-01 -2.029715277590349842e+02
6.800000000000000488e-01 -2.038571422625726086e+02
6.810000000000000497e-01 -2.047440291015176399e+02
6.820000000000000506e-01 -2.056321874041549904e+02
6.830000000000000515e-01 -2.065216163008116155e+02
6.840000000000000524e-01 -2.074123149238481005e+02
6.850000000000000533e-01 -2.083042824076516126e+02
6.860000000000000542e-01 -2.091975178886270896e+02
6.870000000000000551e-01 -2.100920205051905327e+02
6.880000000000000560e-01 -2.109877893977600252e+02
6.890000000000000568e-01 -2.118848237087487973e+02
6.900000000000000577e-01 -2.127831225825569277e+02
6.910000000000000586e-01 -2.136826851655649762e+02
6.920000000000000595e-01 -2.145835106061244346e+02
6.930000000000000604e-01 -2.154855980545516445e+02
6.940000000000000613e-01 -2.163889466631197820e+02
6.950000000000000622e-01 -2.172935555860514114e+02
6.960000000000000631e-01 -2.181994239795108683e+02
6.970000000000000639e-01 -2.191065510015972109e+02
6.980000000000000648e-01 -2.200149358123362049e+02
6.990000000000000657e-01 -2.209245775736739574e+02
7.000000000000000666e-01 -2.218354754494685608e+02
7.010000000000000675e-01 -2.227476286054837828e+02
7.020000000000000684e-01 -2.236610362093809954e+02
7.030000000000000693e-01 -2.245756974307126370e+02
7.039999999999999591e-01 -2.254916114409148236e+02
7.049999999999999600e-01 -2.264087774133004700e+02
7.059999999999999609e-01 -2.273271945230516167e+02
7.069999999999999618e-01 -2.282468619472130626e+02
7.079999999999999627e-01 -2.291677788646850331e+02
7.089999999999999636e-01 -2.300899444562162444e+02
7.099999999999999645e-01 -2.310133579043972532e+02
7.109999999999999654e-01 -2.319380183936528965e+02
7.119999999999999662e-01 -2.328639251102368348e+02
7.129999999999999671e-01 -2.337910772422226842e+02
7.139999999999999680e-01 -2.347194739794990141e+02
7.149999999999999689e-01 -2.356491145137617309e+02
7.159999999999999698e-01 -2.365799980385078811e+02
7.169999999999999707e-01 -2.375121237490282624e+02
7.179999999999999716e-01 -2.384454908424013979e+02
7.189999999999999725e-01 -2.393800985174871130e+02
7.199999999999999734e-01 -2.403159459749189182e+02
7.209999999999999742e-01 -2.412530324170985523e+02
7.219999999999999751e-01 -2.421913570481888769e+02
7.229999999999999760e-01 -2.431309190741079078e+02
7.239999999999999769e-01 -2.440717177025220508e+02
7.249999999999999778e-01 -2.450137521428392802e+02
7.259999999999999787e-01 -2.459570216062035115e+02
7.269999999999999796e-01 -2.469015253054880645e+02
7.279999999999999805e-01 -2.478472624552887851e+02
7.289999999999999813e-01 -2.487942322719189860e+02
7.299999999999999822e-01 -2.497424339734016598e+02
7.309999999999999831e-01 -2.506918667794644193e+02
7.319999999999999840e-01 -2.516425299115333587e+02
7.329999999999999849e-01 -2.525944225927254934e+02
7.339999999999999858e-01 -2.535475440478446671e+02
7.349999999999999867e-01 -2.545018935033738217e+02
7.359999999999999876e-01 -2.554574701874696530e+02
7.369999999999999885e-01 -2.564142733299568704e+02
7.379999999999999893e-01 -2.573723021623211480e+02
7.389999999999999902e-01 -2.583315559177044065e+02
7.399999999999999911e-01 -2.592920338308982195e+02
7.409999999999999920e-01 -2.602537351383375039e+02
7.419999999999999929e-01 -2.612166590780959723e+02
7.429999999999999938e-01 -2.621808048898786296e+02
7.439999999999999947e-01 -2.631461718150169418e+02
7.449999999999999956e-01 -2.641127590964631509e+02
7.459999999999999964e-01 -2.650805659787844775e+02
7.469999999999999973e-01 -2.660495917081560719e+02
7.479999999999999982e-01 -2.670198355323574901e+02
7.489999999999999991e-01 -2.679912967007652469e+02
7.500000000000000000e-01 -2.689639744643479276e+02
7.510000000000000009e-01 -2.699378680756607878e+02
7.520000000000000018e-01 -2.709129767888394440e+02
7.530000000000000027e-01 -2.718892998595947006e+02
7.540000000000000036e-01 -2.728668365452073772e+02
7.550000000000000044e-01 -2.738455861045218853e+02
7.560000000000000053e-01 -2.748255477979416241e+02
7.570000000000000062e-01 -2.758067208874232961e+02
7.580000000000000071e-01 -2.767891046364709950e+02
7.590000000000000080e-01 -2.777726983101316023e+02
7.600000000000000089e-01 -2.787575011749883629e+02
7.610000000000000098e-01 -2.797435124991566227e+02
7.620000000000000107e-01 -2.807307315522777458e+02
7.630000000000000115e-01 -2.817191576055143400e+02
7.640000000000000124e-01 -2.827087899315444588e+02
7.650000000000000133e-01 -2.836996278045568829e+02
7.660000000000000142e-01 -2.846916705002453227e+02
7.670000000000000151e-01 -2.856849172958041549e+02
7.680000000000000160e-01 -2.866793674699213170e+02
7.690000000000000169e-01 -2.876750203027759767e+02
7.700000000000000178e-01 -2.886718750760308581e+02
7.710000000000000187e-01 -2.896699310728286605e+02
7.720000000000000195e-01 -2.906691875777861469e+02
7.730000000000000204e-01 -2.916696438769897668e+02
7.740000000000000213e-01 -2.926712992579900288e+02
7.750000000000000222e-01 -2.936741530097972372e+02
7.760000000000000231e-01 -2.946782044228752966e+02
7.770000000000000240e-01 -2.956834527891379594e+02
7.780000000000000249e-01 -2.966898974019435400e+02
7.790000000000000258e-01 -2.976975375560895145e+02
7.800000000000000266e-01 -2.987063725478083143e+02
7.810000000000000275e-01 -2.997164016747618689e+02
7.820000000000000284e-01 -3.007276242360377410e+02
7.830000000000000293e-01 -3.017400395321427027e+02
7.840000000000000302e-01 -3.027536468649994958e+02
7.850000000000000311e-01 -3.037684455379409201e+02
7.860000000000000320e-01 -3.047844348557065359e+02
7.870000000000000329e-01 -3.058016141244357868e+02
7.880000000000000338e-01 -3.068199826516653275e+02
7.890000000000000346e-01 -3.078395397463232257e+02
7.900000000000000355e-01 -3.088602847187245288e+02
7.910000000000000364e-01 -3.098822168805669435e+02
7.920000000000000373e-01 -3.109053355449258333e+02
7.930000000000000382e-01 -3.119296400262494444e+02
7.940000000000000391e-01 -3.129551296403550396e+02
7.950000000000000400e-01 -3.139818037044237826e+02
7.960000000000000409e-01 -3.150096615369959636e+02
7.970000000000000417e-01 -3.160387024579679291e+02
7.980000000000000426e-01 -3.170689257885853749e+02
7.990000000000000435e-01 -3.181003308514407308e+02
8.000000000000000444e-01 -3.191329169704677042e+02
8.010000000000000453e-01 -3.201666834709374143e+02
8.020000000000000462e-01 -3.212016296794532764e+02
8.030000000000000471e-01 -3.222377549239478185e+02
8.040000000000000480e-01 -3.232750585336768836e+02
8.050000000000000488e-01 -3.243135398392161051e+02
8.060000000000000497e-01 -3.253531981724570414e+02
8.070000000000000506e-01 -3.263940328666011510e+02
8.080000000000000515e-01 -3.274360432561574044e+02
8.090000000000000524e-01 -3.284792286769370548e+02
8.100000000000000533e-01 -3.295235884660495458e+02
8.110000000000000542e-01 -3.305691219618983041e+02
8.120000000000000551e-01 -3.316158285041763065e+02
8.130000000000000560e-01 -3.326637074338622142e+02
8.140000000000000568e-01 -3.337127580932163937e+02
8.150000000000000577e-01 -3.347629798257759148e+02
8.160000000000000586e-01 -3.358143719763512536e+02
8.170000000000000595e-01 -3.368669338910216311e+02
8.180000000000000604e-01 -3.379206649171312620e+02
8.190000000000000613e-01 -3.389755644032852615e+02
8.200000000000000622e-01 -3.400316316993456667e+02
8.210000000000000631e-01 -3.410888661564264339e+02
8.220000000000000639e-01 -3.421472671268912791e+02
8.230000000000000648e-01 -3.432068339643473109e+02
8.240000000000000657e-01 -3.442675660236433259e+02
8.250000000000000666e-01 -3.453294626608641238e+02
8.260000000000000675e-01 -3.463925232333278927e+02
8.270000000000000684e-01 -3.474567470995814347e+02
8.280000000000000693e-01 -3.485221336193956176e+02
8.290000000000000702e-01 -3.495886821537634432e+02
8.300000000000000711e-01 -3.506563920648940211e+02
8.310000000000000719e-01 -3.517252627162107501e+02
8.320000000000000728e-01 -3.527952934723455201e+02
8.329999999999999627e-01 -3.538664836991358698e+02
8.339999999999999636e-01 -3.549388327636214626e+02
8.349999999999999645e-01 -3.560123400340395392e+02
8.359999999999999654e-01 -3.570870048798217340e+02
8.369999999999999662e-01 -3.581628266715895279e+02
8.379999999999999671e-01 -3.592398047811515198e+02
8.389999999999999680e-01 -3.603179385814995612e+02
8.399999999999999689e-01 -3.613972274468037540e+02
8.409999999999999698e-01 -3.624776707524100630e+02
8.419999999999999707e-01 -3.635592678748364506e+02
8.429999999999999716e-01 -3.646420181917684431e+02
8.439999999999999725e-01 -3.657259210820566295e+02
8.449999999999999734e-01 -3.668109759257125688e+02
8.459999999999999742e-01 -3.678971821039043562e+02
8.469999999999999751e-01 -3.689845389989537807e+02
8.479999999999999760e-01 -3.700730459943329151e+02
8.489999999999999769e-01 -3.711627024746602501e+02
8.499999999999999778e-01 -3.722535078256975112e+02
8.509999999999999787e-01 -3.733454614343446565e+02
8.519999999999999796e-01 -3.744385626886385126e+02
8.529999999999999805e-01 -3.755328109777478858e+02
8.539999999999999813e-01 -3.766282056919699244e+02
8.549999999999999822e-01 -3.777247462227281858e+02
8.559999999999999831e-01 -3.788224319625664975e+02
8.569999999999999840e-01 -3.799212623051485025e+02
8.579999999999999849e-01 -3.810212366452523156e+02
8.589999999999999858e-01 -3.821223543787672270e+02
8.599999999999999867e-01 -3.832246149026908597e+02
8.609999999999999876e-01 -3.843280176151262140e+02
8.619999999999999885e-01 -3.854325619152764375e+02
8.629999999999999893e-01 -3.865382472034438024e+02
8.639999999999999902e-01 -3.876450728810243618e+02
8.649999999999999911e-01 -3.887530383505060172e+02
8.659999999999999920e-01 -3.898621430154639711e+02
8.669999999999999929e-01 -3.909723862805594763e+02
8.679999999999999938e-01 -3.920837675515334695e+02
8.689999999999999947e-01 -3.931962862352062302e+02
8.699999999999999956e-01 -3.943099417394720376e+02
8.709999999999999964e-01 -3.954247334732971240e+02
8.719999999999999973e-01 -3.965406608467166052e+02
8.729999999999999982e-01 -3.976577232708295924e+02
8.739999999999999991e-01 -3.987759201577978274e+02
8.750000000000000000e-01 -3.998952509208414767e+02
8.760000000000000009e-01 -4.010157149742362890e+02
8.770000000000000018e-01 -4.021373117333104119e+02
8.780000000000000027e-01 -4.032600406144412091e+02
8.790000000000000036e-01 -4.043839010350520766e+02
8.800000000000000044e-01 -4.055088924136091464e+02
8.810000000000000053e-01 -4.066350141696184437e+02
8.820000000000000062e-01 -4.077622657236227042e+02
8.830000000000000071e-01 -4.088906464971983041e+02
8.840000000000000080e-01 -4.100201559129523048e+02
8.850000000000000089e-01 -4.111507933945183595e+02
8.860000000000000098e-01 -4.122825583665556906e+02
8.870000000000000107e-01 -4.134154502547444281e+02
8.880000000000000115e-01 -4.145494684857818584e+02
8.890000000000000124e-01 -4.156846124873828785e+02
8.900000000000000133e-01 -4.168208816882726069e+02
8.910000000000000142e-01 -4.179582755181867242e+02
8.920000000000000151e-01 -4.190967934078666985e+02
8.930000000000000160e-01 -4.202364347890570571e+02
8.940000000000000169e-01 -4.213771990945039079e+02
8.950000000000000178e-01 -4.225190857579491421e+02
8.960000000000000187e-01 -4.236620942141306614e+02
8.970000000000000195e-01 -4.248062238987769206e+02
8.980000000000000204e-01 -4.259514742486060186e+02
8.990000000000000213e-01 -4.270978447013211508e+02
9.000000000000000222e-01 -4.282453346956087898e+02
9.010000000000000231e-01 -4.293939436711353892e+02
9.020000000000000240e-01 -4.305436710685444268e+02
9.030000000000000249e-01 -4.316945163294536769e+02
9.040000000000000258e-01 -4.328464788964529362e+02
9.050000000000000266e-01 -4.339995582131003857e+02
9.060000000000000275e-01 -4.351537537239197491e+02
9.070000000000000284e-01 -4.363090648743982456e+02
9.080000000000000293e-01 -4.374654911109830664e+02
9.090000000000000302e-01 -4.386230318810796689e+02
9.100000000000000311e-01 -4.397816866330468883e+02
9.110000000000000320e-01 -4.409414548161970515e+02
9.120000000000000329e-01 -4.421023358807900649e+02
9.130000000000000338e-01 -4.432643292780338697e+02
9.140000000000000346e-01 -4.444274344600792119e+02
9.150000000000000355e-01 -4.455916508800185056e+02
9.160000000000000364e-01 -4.467569779918817403e+02
9.170000000000000373e-01 -4.479234152506352302e+02
9.180000000000000382e-01 -4.490909621121782038e+02
9.190000000000000391e-01 -4.502596180333398479e+02
9.200000000000000400e-01 -4.514293824718771475e+02
9.210000000000000409e-01 -4.526002548864726123e+02
9.220000000000000417e-01 -4.537722347367298426e+02
9.230000000000000426e-01 -4.549453214831739842e+02
9.240000000000000435e-01 -4.561195145872452485e+02
9.250000000000000444e-01 -4.572948135112999353e+02
9.260000000000000453e-01 -4.584712177186058852e+02
9.270000000000000462e-01 -4.596487266733398656e+02
9.280000000000000471e-01 -4.608273398405855232e+02
9.290000000000000480e-01 -4.620070566863309978e+02
9.300000000000000488e-01 -4.631878766774658516e+02
9.310000000000000497e-01 -4.643697992817782279e+02
9.320000000000000506e-01 -4.655528239679539411e+02
9.330000000000000515e-01 -4.667369502055718158e+02
9.340000000000000524e-01 -4.679221774651028909e+02
9.350000000000000533e-01 -4.691085052179065542e+02
9.360000000000000542e-01 -4.702959329362292920e+02
9.370000000000000551e-01 -4.714844600932010508e+02
9.380000000000000560e-01 -4.726740861628337598e+02
9.390000000000000568e-01 -4.738648106200182610e+02
9.400000000000000577e-01 -4.750566329405219221e+02
9.410000000000000586e-01 -4.762495526009865898e+02
9.420000000000000595e-01 -4.774435690789254068e+02
9.430000000000000604e-01 -4.786386818527209925e+02
9.440000000000000613e-01 -4.798348904016227152e+02
9.450000000000000622e-01 -4.810321942057453271e+02
9.460000000000000631e-01 -4.822305927460639623e+02
9.470000000000000639e-01 -4.834300855044151604e+02
9.480000000000000648e-01 -4.846306719634911815e+02
9.490000000000000657e-01 -4.858323516068406889e+02
9.500000000000000666e-01 -4.870351239188638601e+02
9.510000000000000675e-01 -4.882389883848113641e+02
9.520000000000000684e-01 -4.894439444907822008e+02
9.530000000000000693e-01 -4.906499917237199497e+02
9.540000000000000702e-01 -4.918571295714122016e+02
9.550000000000000711e-01 -4.930653575224871474e+02
9.560000000000000719e-01 -4.942746750664115325e+02
9.570000000000000728e-01 -4.954850816934887234e+02
9.580000000000000737e-01 -4.966965768948549567e+02
9.590000000000000746e-01 -4.979091601624794521e+02
9.599999999999999645e-01 -4.991228309891603203e+02
9.609999999999999654e-01 -5.003375888685222890e+02
9.619999999999999662e-01 -5.015534332950159069e+02
9.629999999999999671e-01 -5.027703637639145882e+02
9.639999999999999680e-01 -5.039883797713102922e+02
9.649999999999999689e-01 -5.052074808141152289e+02
9.659999999999999698e-01 -5.064276663900562880e+02
9.669999999999999707e-01 -5.076489359976746982e+02
9.679999999999999716e-01 -5.088712891363231847e+02
9.689999999999999725e-01 -5.100947253061634683e+02
9.699999999999999734e-01 -5.113192440081647874e+02
9.709999999999999742e-01 -5.125448447441008284e+02
9.719999999999999751e-01 -5.137715270165483616e+02
9.729999999999999760e-01 -5.149992903288851949e+02
9.739999999999999769e-01 -5.162281341852871037e+02
9.749999999999999778e-01 -5.174580580907261265e+02
9.759999999999999787e-01 -5.186890615509685176e+02
9.769999999999999796e-01 -5.199211440725732700e+02
9.779999999999999805e-01 -5.211543051628877947e+02
9.789999999999999813e-01 -5.223885443300488305e+02
9.799999999999999822e-01 -5.236238610829783511e+02
9.809999999999999831e-01 -5.248602549313810641e+02
9.819999999999999840e-01 -5.260977253857445248e+02
9.829999999999999849e-01 -5.273362719573349295e+02
9.839999999999999858e-01 -5.285758941581957515e+02
9.849999999999999867e-01 -5.298165915011459219e+02
9.859999999999999876e-01 -5.310583634997774425e+02
9.869999999999999885e-01 -5.323012096684539074e+02
9.879999999999999893e-01 -5.335451295223074339e+02
9.889999999999999902e-01 -5.347901225772375255e+02
9.899999999999999911e-01 -5.360361883499085707e+02
9.909999999999999920e-01 -5.372833263577482512e+02
9.919999999999999929e-01 -5.385315361189447003e+02
9.929999999999999938e-01 -5.397808171524455929e+02
9.939999999999999947e-01 -5.410311689779551898e+02
9.949999999999999956e-01 -5.422825911159326324e+02
9.959999999999999964e-01 -5.435350830875909196e+02
9.969999999999999973e-01 -5.447886444148931560e+02
9.979999999999999982e-01 -5.460432746205513013e+02
9.989999999999999991e-01 -5.472989732280256021e+02
1.000000000000000000e+00 -5.485557397615201580e+02
