0.000000000000000000e+00 0.000000000000000000e+00
1.000000000000000021e-03 1.388555021027225944e+00
2.000000000000000042e-03 2.445380154160402775e+00
3.000000000000000062e-03 3.422009746137417263e+00
4.000000000000000083e-03 4.350678865565123843e+00
5.000000000000000104e-03 5.244771529060580306e+00
6.000000000000000125e-03 6.111519342112602615e+00
7.000000000000000146e-03 6.955412845573432534e+00
8.000000000000000167e-03 7.779496523346992376e+00
9.000000000000001055e-03 8.585964207073930154e+00
1.000000000000000021e-02 9.376469385835125792e+00
1.099999999999999936e-02 1.015230206667687796e+01
1.200000000000000025e-02 1.091449660865090543e+01
1.300000000000000114e-02 1.166390103759732888e+01
1.400000000000000029e-02 1.240122353975837655e+01
1.499999999999999944e-02 1.312706476227094399e+01
1.600000000000000033e-02 1.384194092436034751e+01
1.700000000000000122e-02 1.454630077381433750e+01
1.800000000000000211e-02 1.524053829998392651e+01
1.899999999999999953e-02 1.592500244674770649e+01
2.000000000000000042e-02 1.660000465750762189e+01
2.100000000000000130e-02 1.726582482292221243e+01
2.199999999999999872e-02 1.792271603145322700e+01
2.299999999999999961e-02 1.857090840869030757e+01
2.400000000000000050e-02 1.921061225344758938e+01
2.500000000000000139e-02 1.984202062431031166e+01
2.600000000000000228e-02 2.046531149180742304e+01
2.699999999999999969e-02 2.108064954365739752e+01
2.800000000000000058e-02 2.168818771027422443e+01
2.900000000000000147e-02 2.228806846272016173e+01
2.999999999999999889e-02 2.288042492404966666e+01
3.099999999999999978e-02 2.346538182646820303e+01
3.200000000000000067e-02 2.404305634020442284e+01
3.300000000000000155e-02 2.461355879494833943e+01
3.400000000000000244e-02 2.517699331077135483e+01
3.500000000000000333e-02 2.573345835234652057e+01
3.600000000000000422e-02 2.628304721783100462e+01
3.699999999999999817e-02 2.682584847181084342e+01
3.799999999999999906e-02 2.736194633012942035e+01
3.899999999999999994e-02 2.789142100314361272e+01
4.000000000000000083e-02 2.841434900291054788e+01
4.100000000000000172e-02 2.893080341895497298e+01
4.200000000000000261e-02 2.944085416656484711e+01
4.300000000000000350e-02 2.994456821098093968e+01
4.399999999999999745e-02 3.044200977036205558e+01
4.499999999999999833e-02 3.093324050000257586e+01
4.599999999999999922e-02 3.141831965993944209e+01
4.700000000000000011e-02 3.189730426779841110e+01
4.800000000000000100e-02 3.237024923848736080e+01
4.900000000000000189e-02 3.283720751213738254e+01
5.000000000000000278e-02 3.329823017151670683e+01
5.100000000000000366e-02 3.375336654999178876e+01
5.200000000000000455e-02 3.420266433097997805e+01
5.299999999999999850e-02 3.464616963972705577e+01
5.399999999999999939e-02 3.508392712814607961e+01
5.500000000000000028e-02 3.551598005337039865e+01
5.600000000000000117e-02 3.594237035060093888e+01
5.700000000000000205e-02 3.636313870076442356e+01
5.800000000000000294e-02 3.677832459344352856e+01
5.900000000000000383e-02 3.718796638549156341e+01
5.999999999999999778e-02 3.759210135570152289e+01
6.099999999999999867e-02 3.799076575586136073e+01
6.199999999999999956e-02 3.838399485849457449e+01
6.300000000000000044e-02 3.877182300155547523e+01
6.400000000000000133e-02 3.915428363032257408e+01
6.500000000000000222e-02 3.953140933671031831e+01
6.600000000000000311e-02 3.990323189619859079e+01
6.700000000000000400e-02 4.026978230256161595e+01
6.800000000000000488e-02 4.063109080056041478e+01
6.900000000000000577e-02 4.098718691674957171e+01
7.000000000000000666e-02 4.133809948853448191e+01
7.100000000000000755e-02 4.168385669160453944e+01
7.200000000000000844e-02 4.202448606585637236e+01
7.299999999999999545e-02 4.236001453991185173e+01
7.399999999999999634e-02 4.269046845432700366e+01
7.499999999999999722e-02 4.301587358357969038e+01
7.599999999999999811e-02 4.333625515691763752e+01
7.699999999999999900e-02 4.365163787814074681e+01
7.799999999999999989e-02 4.396204594438717805e+01
7.900000000000000078e-02 4.426750306398603385e+01
8.000000000000000167e-02 4.456803247343564323e+01
8.100000000000000255e-02 4.486365695356151662e+01
8.200000000000000344e-02 4.515439884490403699e+01
8.300000000000000433e-02 4.544028006238252004e+01
8.400000000000000522e-02 4.572132210927867391e+01
8.500000000000000611e-02 4.599754609057956145e+01
8.600000000000000699e-02 4.626897272571702047e+01
8.700000000000000788e-02 4.653562236073862124e+01
8.799999999999999489e-02 4.679751497994184462e+01
8.899999999999999578e-02 4.705467021700184915e+01
8.999999999999999667e-02 4.730710736562076590e+01
9.099999999999999756e-02 4.755484538972456221e+01
9.199999999999999845e-02 4.779790293323193140e+01
9.299999999999999933e-02 4.803629832941823707e+01
9.400000000000000022e-02 4.827004960989543747e+01
9.500000000000000111e-02 4.849917451322853879e+01
9.600000000000000200e-02 4.872369049320688106e+01
9.700000000000000289e-02 4.894361472678812675e+01
9.800000000000000377e-02 4.915896412173120211e+01
9.900000000000000466e-02 4.936975532393405786e+01
1.000000000000000056e-01 4.957600472449039586e+01
1.010000000000000064e-01 4.977772846647939531e+01
1.020000000000000073e-01 4.997494245150121372e+01
1.030000000000000082e-01 5.016766234597017160e+01
1.040000000000000091e-01 5.035590358717769277e+01
1.049999999999999961e-01 5.053968138913503338e+01
1.059999999999999970e-01 5.071901074820650024e+01
1.069999999999999979e-01 5.089390644854245949e+01
1.079999999999999988e-01 5.106438306732162857e+01
1.089999999999999997e-01 5.123045497981072316e+01
1.100000000000000006e-01 5.139213636424972975e+01
1.110000000000000014e-01 5.154944120657090423e+01
1.120000000000000023e-01 5.170238330495804036e+01
1.130000000000000032e-01 5.185097627425350453e+01
1.140000000000000041e-01 5.199523355021926108e+01
1.150000000000000050e-01 5.213516839365810540e+01
1.160000000000000059e-01 5.227079389440097401e+01
1.170000000000000068e-01 5.240212297516608686e+01
1.180000000000000077e-01 5.252916839529491000e+01
1.190000000000000085e-01 5.265194275437014682e+01
1.199999999999999956e-01 5.277045849572048297e+01
1.209999999999999964e-01 5.288472790981672489e+01
1.219999999999999973e-01 5.299476313756350265e+01
1.229999999999999982e-01 5.310057617349064429e+01
1.239999999999999991e-01 5.320217886884843494e+01
1.250000000000000000e-01 5.329958293460999386e+01
1.260000000000000009e-01 5.339279994438477672e+01
1.270000000000000018e-01 5.348184133724640077e+01
1.280000000000000027e-01 5.356671842047795451e+01
1.290000000000000036e-01 5.364744237223803225e+01
1.300000000000000044e-01 5.372402424415037103e+01
1.310000000000000053e-01 5.379647496381979010e+01
1.320000000000000062e-01 5.386480533727743136e+01
1.330000000000000071e-01 5.392902605135743954e+01
1.340000000000000080e-01 5.398914767600797404e+01
1.350000000000000089e-01 5.404518066653839981e+01
1.360000000000000098e-01 5.409713536580561311e+01
1.370000000000000107e-01 5.414502200634078122e+01
1.380000000000000115e-01 5.418885071241923868e+01
1.390000000000000124e-01 5.422863150207537331e+01
1.400000000000000133e-01 5.426437428906397997e+01
1.410000000000000142e-01 5.429608888477039841e+01
1.420000000000000151e-01 5.432378500007104094e+01
1.430000000000000160e-01 5.434747224714568858e+01
1.440000000000000169e-01 5.436716014124357343e+01
1.449999999999999900e-01 5.438285810240434159e+01
1.459999999999999909e-01 5.439457545713591458e+01
1.469999999999999918e-01 5.440232144004993131e+01
1.479999999999999927e-01 5.440610519545693080e+01
1.489999999999999936e-01 5.440593577892192911e+01
1.499999999999999944e-01 5.440182215878192551e+01
1.509999999999999953e-01 5.439377321762664508e+01
1.519999999999999962e-01 5.438179775374338476e+01
1.529999999999999971e-01 5.436590448252719909e+01
1.539999999999999980e-01 5.434610203785783256e+01
1.549999999999999989e-01 5.432239897344365431e+01
1.559999999999999998e-01 5.429480376413434328e+01
1.570000000000000007e-01 5.426332480720307672e+01
1.580000000000000016e-01 5.422797042359876230e+01
1.590000000000000024e-01 5.418874885916969220e+01
1.600000000000000033e-01 5.414566828585915914e+01
1.610000000000000042e-01 5.409873680287411446e+01
1.620000000000000051e-01 5.404796243782728027e+01
1.630000000000000060e-01 5.399335314785400897e+01
1.640000000000000069e-01 5.393491682070404636e+01
1.650000000000000078e-01 5.387266127580929265e+01
1.660000000000000087e-01 5.380659426532835710e+01
1.670000000000000095e-01 5.373672347516803427e+01
1.680000000000000104e-01 5.366305652598288134e+01
1.690000000000000113e-01 5.358560097415313805e+01
1.700000000000000122e-01 5.350436431274202675e+01
1.710000000000000131e-01 5.341935397243250350e+01
1.720000000000000140e-01 5.333057732244412819e+01
1.730000000000000149e-01 5.323804167143121902e+01
1.740000000000000158e-01 5.314175426836168015e+01
1.750000000000000167e-01 5.304172230337812266e+01
1.759999999999999898e-01 5.293795290864096614e+01
1.769999999999999907e-01 5.283045315915445883e+01
1.779999999999999916e-01 5.271923007357588631e+01
1.789999999999999925e-01 5.260429061500832404e+01
1.799999999999999933e-01 5.248564169177767269e+01
1.809999999999999942e-01 5.236329015819404731e+01
1.819999999999999951e-01 5.223724281529807456e+01
1.829999999999999960e-01 5.210750641159248175e+01
1.839999999999999969e-01 5.197408764375934709e+01
1.849999999999999978e-01 5.183699315736352276e+01
1.859999999999999987e-01 5.169622954754201771e+01
1.869999999999999996e-01 5.155180335968073280e+01
1.880000000000000004e-01 5.140372109007748236e+01
1.890000000000000013e-01 5.125198918659309300e+01
1.900000000000000022e-01 5.109661404928975514e+01
1.910000000000000031e-01 5.093760203105746598e+01
1.920000000000000040e-01 5.077495943822866309e+01
1.930000000000000049e-01 5.060869253118178790e+01
1.940000000000000058e-01 5.043880752493308250e+01
1.950000000000000067e-01 5.026531058971792731e+01
1.960000000000000075e-01 5.008820785156152056e+01
1.970000000000000084e-01 4.990750539283885701e+01
1.980000000000000093e-01 4.972320925282497228e+01
1.990000000000000102e-01 4.953532542823498375e+01
2.000000000000000111e-01 4.934385987375455329e+01
2.010000000000000120e-01 4.914881850256094253e+01
2.020000000000000129e-01 4.895020718683480254e+01
2.030000000000000138e-01 4.874803175826295387e+01
2.040000000000000147e-01 4.854229800853221377e+01
2.050000000000000155e-01 4.833301168981500950e+01
2.060000000000000164e-01 4.812017851524603884e+01
2.070000000000000173e-01 4.790380415939100089e+01
2.080000000000000182e-01 4.768389425870748255e+01
2.089999999999999913e-01 4.746045441199748893e+01
2.099999999999999922e-01 4.723349018085247053e+01
2.109999999999999931e-01 4.700300709009124489e+01
2.119999999999999940e-01 4.676901062818996024e+01
2.129999999999999949e-01 4.653150624770492527e+01
2.139999999999999958e-01 4.629049936568907242e+01
2.149999999999999967e-01 4.604599536410066207e+01
2.159999999999999976e-01 4.579799959020550659e+01
2.169999999999999984e-01 4.554651735697331105e+01
2.179999999999999993e-01 4.529155394346616959e+01
2.190000000000000002e-01 4.503311459522214477e+01
2.200000000000000011e-01 4.477120452463182687e+01
2.210000000000000020e-01 4.450582891130883922e+01
2.220000000000000029e-01 4.423699290245491511e+01
2.230000000000000038e-01 4.396470161321886394e+01
2.240000000000000047e-01 4.368896012704962573e+01
2.250000000000000056e-01 4.340977349604418123e+01
2.260000000000000064e-01 4.312714674128963566e+01
2.270000000000000073e-01 4.284108485320035697e+01
2.280000000000000082e-01 4.255159279184948673e+01
2.290000000000000091e-01 4.225867548729547707e+01
2.300000000000000100e-01 4.196233783990365396e+01
2.310000000000000109e-01 4.166258472066272134e+01
2.320000000000000118e-01 4.135942097149649044e+01
2.330000000000000127e-01 4.105285140557117529e+01
2.340000000000000135e-01 4.074288080759728814e+01
2.350000000000000144e-01 4.042951393412775474e+01
2.360000000000000153e-01 4.011275551385131166e+01
2.370000000000000162e-01 3.979261024788127088e+01
2.380000000000000171e-01 3.946908281004039054e+01
2.390000000000000180e-01 3.914217784714116988e+01
2.399999999999999911e-01 3.881189997926247770e+01
2.409999999999999920e-01 3.847825380002151974e+01
2.419999999999999929e-01 3.814124387684245221e+01
2.429999999999999938e-01 3.780087475122061846e+01
2.439999999999999947e-01 3.745715093898328973e+01
2.449999999999999956e-01 3.711007693054656897e+01
2.459999999999999964e-01 3.675965719116823038e+01
2.469999999999999973e-01 3.640589616119774519e+01
2.479999999999999982e-01 3.604879825632204415e+01
2.489999999999999991e-01 3.568836786780801162e+01
2.500000000000000000e-01 3.532460936274179630e+01
2.510000000000000009e-01 3.495752708426451250e+01
2.520000000000000018e-01 3.458712535180450232e+01
2.530000000000000027e-01 3.421340846130701152e+01
2.540000000000000036e-01 3.383638068545982946e+01
2.550000000000000044e-01 3.345604627391642794e+01
2.560000000000000053e-01 3.307240945351603045e+01
2.570000000000000062e-01 3.268547442850004359e+01
2.580000000000000071e-01 3.229524538072644191e+01
2.590000000000000080e-01 3.190172646988051497e+01
2.600000000000000089e-01 3.150492183368311316e+01
2.610000000000000098e-01 3.110483558809610827e+01
2.620000000000000107e-01 3.070147182752489812e+01
2.630000000000000115e-01 3.029483462501838176e+01
2.640000000000000124e-01 2.988492803246623453e+01
2.650000000000000133e-01 2.947175608079351150e+01
2.660000000000000142e-01 2.905532278015283509e+01
2.670000000000000151e-01 2.863563212011376891e+01
2.680000000000000160e-01 2.821268806985014521e+01
2.690000000000000169e-01 2.778649457832452185e+01
2.700000000000000178e-01 2.735705557447056435e+01
2.710000000000000187e-01 2.692437496737275637e+01
2.720000000000000195e-01 2.648845664644437647e+01
2.730000000000000204e-01 2.604930448160214951e+01
2.740000000000000213e-01 2.560692232344001695e+01
2.750000000000000222e-01 2.516131400339958191e+01
2.760000000000000231e-01 2.471248333393887719e+01
2.770000000000000240e-01 2.426043410869900185e+01
2.780000000000000249e-01 2.380517010266854072e+01
2.790000000000000258e-01 2.334669507234593766e+01
2.800000000000000266e-01 2.288501275590004980e+01
2.810000000000000275e-01 2.242012687332839960e+01
2.820000000000000284e-01 2.195204112661349427e+01
2.830000000000000293e-01 2.148075919987761040e+01
2.840000000000000302e-01 2.100628475953519114e+01
2.850000000000000311e-01 2.052862145444365183e+01
2.860000000000000320e-01 2.004777291605225287e+01
2.870000000000000329e-01 1.956374275854906841e+01
2.880000000000000338e-01 1.907653457900653393e+01
2.889999999999999791e-01 1.858615195752472005e+01
2.899999999999999800e-01 1.809259845737346950e+01
2.909999999999999809e-01 1.759587762513206144e+01
2.919999999999999818e-01 1.709599299082816515e+01
2.929999999999999827e-01 1.659294806807429268e+01
2.939999999999999836e-01 1.608674635420305776e+01
2.949999999999999845e-01 1.557739133040098523e+01
2.959999999999999853e-01 1.506488646183998981e+01
2.969999999999999862e-01 1.454923519780862762e+01
2.979999999999999871e-01 1.403044097184010752e+01
2.989999999999999880e-01 1.350850720184064357e+01
2.999999999999999889e-01 1.298343729021468107e+01
3.009999999999999898e-01 1.245523462398989523e+01
3.019999999999999907e-01 1.192390257493997296e+01
3.029999999999999916e-01 1.138944449970637152e+01
3.039999999999999925e-01 1.085186373991871278e+01
3.049999999999999933e-01 1.031116362231335870e+01
3.059999999999999942e-01 9.767347458851304509e+00
3.069999999999999951e-01 9.220418546834366680e+00
3.079999999999999960e-01 8.670380169019551886e+00
3.089999999999999969e-01 8.117235593733482801e+00
3.099999999999999978e-01 7.560988074984322793e+00
3.109999999999999987e-01 7.001640852572506901e+00
3.119999999999999996e-01 6.439197152201359131e+00
3.130000000000000004e-01 5.873660185585265481e+00
3.140000000000000013e-01 5.305033150556994315e+00
3.150000000000000022e-01 4.733319231174277775e+00
3.160000000000000031e-01 4.158521597824744731e+00
3.170000000000000040e-01 3.580643407329773709e+00
3.180000000000000049e-01 2.999687803047322632e+00
3.190000000000000058e-01 2.415657914973792231e+00
3.200000000000000067e-01 1.828556859844297833e+00
3.210000000000000075e-01 1.238387741232600092e+00
3.220000000000000084e-01 6.451536496490462014e-01
3.230000000000000093e-01 4.885766263799951048e-02
3.240000000000000102e-01 -5.504971551252992867e-01
3.250000000000000111e-01 -1.152907751739974174e+00
3.260000000000000120e-01 -1.758371087985153736e+00
3.270000000000000129e-01 -2.366884137226520579e+00
3.280000000000000138e-01 -2.978443885324168150e+00
3.290000000000000147e-01 -3.593047330541025985e+00
3.300000000000000155e-01 -4.210691483452706052e+00
3.310000000000000164e-01 -4.831373366857860674e+00
3.320000000000000173e-01 -5.455090015690302607e+00
3.330000000000000182e-01 -6.081838476930329307e+00
3.340000000000000191e-01 -6.711615809519003051e+00
3.350000000000000200e-01 -7.344419084271976317e+00
3.360000000000000209e-01 -7.980245383794795089e+00
3.370000000000000218e-01 -8.619091802398429536e+00
3.380000000000000226e-01 -9.260955446016509995e+00
3.390000000000000235e-01 -9.905833432123074545e+00
3.400000000000000244e-01 -1.055372288965088501e+01
3.410000000000000253e-01 -1.120462095891042509e+01
3.420000000000000262e-01 -1.185852479151105854e+01
3.430000000000000271e-01 -1.251543155028082310e+01
3.440000000000000280e-01 -1.317533840918895294e+01
3.450000000000000289e-01 -1.383824255326828734e+01
3.460000000000000298e-01 -1.450414117853824791e+01
3.470000000000000306e-01 -1.517303149192935052e+01
3.480000000000000315e-01 -1.584491071120777406e+01
3.490000000000000324e-01 -1.651977606490095241e+01
3.500000000000000333e-01 -1.719762479222379170e+01
3.510000000000000342e-01 -1.787845414300608127e+01
3.519999999999999796e-01 -1.856226137761979089e+01
3.529999999999999805e-01 -1.924904376690767549e+01
3.539999999999999813e-01 -1.993879859211256189e+01
3.549999999999999822e-01 -2.063152314480686300e+01
3.559999999999999831e-01 -2.132721472682345620e+01
3.569999999999999840e-01 -2.202587065018661860e+01
3.579999999999999849e-01 -2.272748823704392862e+01
3.589999999999999858e-01 -2.343206481959879284e+01
3.599999999999999867e-01 -2.413959774004365499e+01
3.609999999999999876e-01 -2.485008435049343234e+01
3.619999999999999885e-01 -2.556352201292054360e+01
3.629999999999999893e-01 -2.627990809908925485e+01
3.639999999999999902e-01 -2.699923999049190115e+01
3.649999999999999911e-01 -2.772151507828499462e+01
3.659999999999999920e-01 -2.844673076322555971e+01
3.669999999999999929e-01 -2.917488445560934451e+01
3.679999999999999938e-01 -2.990597357520846344e+01
3.689999999999999947e-01 -3.063999555121000640e+01
3.699999999999999956e-01 -3.137694782215515943e+01
3.709999999999999964e-01 -3.211682783587940548e+01
3.719999999999999973e-01 -3.285963304945204300e+01
3.729999999999999982e-01 -3.360536092911775086e+01
3.739999999999999991e-01 -3.435400895023752810e+01
3.750000000000000000e-01 -3.510557459723105467e+01
3.760000000000000009e-01 -3.586005536351848377e+01
3.770000000000000018e-01 -3.661744875146428058e+01
3.780000000000000027e-01 -3.737775227232003772e+01
3.790000000000000036e-01 -3.814096344616865508e+01
3.800000000000000044e-01 -3.890707980186920167e+01
3.810000000000000053e-01 -3.967609887700155014e+01
3.820000000000000062e-01 -4.044801821781186391e+01
3.830000000000000071e-01 -4.122283537915916440e+01
3.840000000000000080e-01 -4.200054792446098872e+01
3.850000000000000089e-01 -4.278115342564109369e+01
3.860000000000000098e-01 -4.356464946307653463e+01
3.870000000000000107e-01 -4.435103362554548312e+01
3.880000000000000115e-01 -4.514030351017572684e+01
3.890000000000000124e-01 -4.593245672239379473e+01
3.900000000000000133e-01 -4.672749087587345684e+01
3.910000000000000142e-01 -4.752540359248638424e+01
3.920000000000000151e-01 -4.832619250225127416e+01
3.930000000000000160e-01 -4.912985524328558995e+01
3.940000000000000169e-01 -4.993638946175565252e+01
3.950000000000000178e-01 -5.074579281182826662e+01
3.960000000000000187e-01 -5.155806295562314290e+01
3.970000000000000195e-01 -5.237319756316429675e+01
3.980000000000000204e-01 -5.319119431233366413e+01
3.990000000000000213e-01 -5.401205088882340988e+01
4.000000000000000222e-01 -5.483576498608982774e+01
4.010000000000000231e-01 -5.566233430530735404e+01
4.020000000000000240e-01 -5.649175655532258133e+01
4.030000000000000249e-01 -5.732402945260878369e+01
4.040000000000000258e-01 -5.815915072122163565e+01
4.050000000000000266e-01 -5.899711809275407859e+01
4.060000000000000275e-01 -5.983792930629198281e+01
4.070000000000000284e-01 -6.068158210837128763e+01
4.080000000000000293e-01 -6.152807425293337928e+01
4.090000000000000302e-01 -6.237740350128285627e+01
4.100000000000000311e-01 -6.322956762204455572e+01
4.110000000000000320e-01 -6.408456439112080716e+01
4.120000000000000329e-01 -6.494239159165016417e+01
4.130000000000000338e-01 -6.580304701396522660e+01
4.140000000000000346e-01 -6.666652845555131535e+01
4.150000000000000355e-01 -6.753283372100554516e+01
4.160000000000000364e-01 -6.840196062199674998e+01
4.169999999999999818e-01 -6.927390697722404411e+01
4.179999999999999827e-01 -7.014867061237777079e+01
4.189999999999999836e-01 -7.102624936009971179e+01
4.199999999999999845e-01 -7.190664105994329702e+01
4.209999999999999853e-01 -7.278984355833523523e+01
4.219999999999999862e-01 -7.367585470853606466e+01
4.229999999999999871e-01 -7.456467237060257958e+01
4.239999999999999880e-01 -7.545629441134917670e+01
4.249999999999999889e-01 -7.635071870431022489e+01
4.259999999999999898e-01 -7.724794312970283272e+01
4.269999999999999907e-01 -7.814796557438950231e+01
4.279999999999999916e-01 -7.905078393184101060e+01
4.289999999999999925e-01 -7.995639610210042747e+01
4.299999999999999933e-01 -8.086479999174628119e+01
4.309999999999999942e-01 -8.177599351385697446e+01
4.319999999999999951e-01 -8.268997458797463196e+01
4.329999999999999960e-01 -8.360674114007014168e+01
4.339999999999999969e-01 -8.452629110250768463e+01
4.349999999999999978e-01 -8.544862241401006031e+01
4.359999999999999987e-01 -8.637373301962367123e+01
4.369999999999999996e-01 -8.730162087068509891e+01
4.380000000000000004e-01 -8.823228392478586102e+01
4.390000000000000013e-01 -8.916572014573938532e+01
4.400000000000000022e-01 -9.010192750354752889e+01
4.410000000000000031e-01 -9.104090397436669946e+01
4.420000000000000040e-01 -9.198264754047534097e+01
4.430000000000000049e-01 -9.292715619024107809e+01
4.440000000000000058e-01 -9.387442791808820175e+01
4.450000000000000067e-01 -9.482446072446509788e+01
4.460000000000000075e-01 -9.577725261581252880e+01
4.470000000000000084e-01 -9.673280160453208509e+01
4.480000000000000093e-01 -9.769110570895401224e+01
4.490000000000000102e-01 -9.865216295330662888e+01
4.500000000000000111e-01 -9.961597136768460814e+01
4.510000000000000120e-01 -1.005825289880184528e+02
4.520000000000000129e-01 -1.015518338560443681e+02
4.530000000000000138e-01 -1.025238840192730549e+02
4.540000000000000147e-01 -1.034986775309597533e+02
4.550000000000000155e-01 -1.044762124500753089e+02
4.560000000000000164e-01 -1.054564868412751366e+02
4.570000000000000173e-01 -1.064394987748704580e+02
4.580000000000000182e-01 -1.074252463267991970e+02
4.590000000000000191e-01 -1.084137275785964221e+02
4.600000000000000200e-01 -1.094049406173661509e+02
4.610000000000000209e-01 -1.103988835357523612e+02
4.620000000000000218e-01 -1.113955544319103410e+02
4.630000000000000226e-01 -1.123949514094794040e+02
4.640000000000000235e-01 -1.133970725775539563e+02
4.650000000000000244e-01 -1.144019160506564958e+02
4.660000000000000253e-01 -1.154094799487091905e+02
4.670000000000000262e-01 -1.164197623970076165e+02
4.680000000000000271e-01 -1.174327615261927917e+02
4.690000000000000280e-01 -1.184484754722240609e+02
4.700000000000000289e-01 -1.194669023763532323e+02
4.710000000000000298e-01 -1.204880403850969515e+02
4.720000000000000306e-01 -1.215118876502114063e+02
4.730000000000000315e-01 -1.225384423286649849e+02
4.740000000000000324e-01 -1.235677025826130375e+02
4.750000000000000333e-01 -1.245996665793721263e+02
4.760000000000000342e-01 -1.256343324913935930e+02
4.770000000000000351e-01 -1.266716984962389461e+02
4.780000000000000360e-01 -1.277117627765541101e+02
4.790000000000000369e-01 -1.287545235200445291e+02
4.799999999999999822e-01 -1.297999789194502682e+02
4.809999999999999831e-01 -1.308481271725211172e+02
4.819999999999999840e-01 -1.318989664819921472e+02
4.829999999999999849e-01 -1.329524950555593250e+02
4.839999999999999858e-01 -1.340087111058551272e+02
4.849999999999999867e-01 -1.350676128504248936e+02
4.859999999999999876e-01 -1.361291985117022705e+02
4.869999999999999885e-01 -1.371934663169860187e+02
4.879999999999999893e-01 -1.382604144984164805e+02
4.889999999999999902e-01 -1.393300412929519325e+02
4.899999999999999911e-01 -1.404023449423455077e+02
4.909999999999999920e-01 -1.414773236931220026e+02
4.919999999999999929e-01 -1.425549757965552544e+02
4.929999999999999938e-01 -1.436352995086447777e+02
4.939999999999999947e-01 -1.447182930900941074e+02
4.949999999999999956e-01 -1.458039548062874928e+02
4.959999999999999964e-01 -1.468922829272680701e+02
4.969999999999999973e-01 -1.479832757277159203e+02
4.979999999999999982e-01 -1.490769314869251048e+02
4.989999999999999991e-01 -1.501732484887832015e+02
5.000000000000000000e-01 -1.512722250217485680e+02
5.010000000000000009e-01 -1.523738593788292519e+02
5.020000000000000018e-01 -1.534781498575619025e+02
5.030000000000000027e-01 -1.545850947599894880e+02
5.040000000000000036e-01 -1.556946923926415138e+02
5.050000000000000044e-01 -1.568069410665119676e+02
5.060000000000000053e-01 -1.579218390970392534e+02
5.070000000000000062e-01 -1.590393848040847047e+02
5.080000000000000071e-01 -1.601595765119132011e+02
5.090000000000000080e-01 -1.612824125491718519e+02
5.100000000000000089e-01 -1.624078912488696460e+02
5.110000000000000098e-01 -1.635360109483582391e+02
5.120000000000000107e-01 -1.646667699893106374e+02
5.130000000000000115e-01 -1.658001667177028935e+02
5.140000000000000124e-01 -1.669361994837926773e+02
5.150000000000000133e-01 -1.680748666421011421e+02
5.160000000000000142e-01 -1.692161665513926323e+02
5.170000000000000151e-01 -1.703600975746554695e+02
5.180000000000000160e-01 -1.715066580790825697e+02
5.190000000000000169e-01 -1.726558464360530252e+02
5.200000000000000178e-01 -1.738076610211122670e+02
5.210000000000000187e-01 -1.749621002139538177e+02
5.220000000000000195e-01 -1.761191623984000216e+02
5.230000000000000204e-01 -1.772788459623843096e+02
5.240000000000000213e-01 -1.784411492979315881e+02
5.250000000000000222e-01 -1.796060708011409019e+02
5.260000000000000231e-01 -1.807736088721663918e+02
5.270000000000000240e-01 -1.819437619151997296e+02
5.280000000000000249e-01 -1.831165283384518148e+02
5.290000000000000258e-01 -1.842919065541345276e+02
5.300000000000000266e-01 -1.854698949784441311e+02
5.310000000000000275e-01 -1.866504920315422282e+02
5.320000000000000284e-01 -1.878336961375389365e+02
5.330000000000000293e-01 -1.890195057244752661e+02
5.340000000000000302e-01 -1.902079192243058969e+02
5.350000000000000311e-01 -1.913989350728816135e+02
5.360000000000000320e-01 -1.925925517099327635e+02
5.370000000000000329e-01 -1.937887675790517505e+02
5.380000000000000338e-01 -1.949875811276760942e+02
5.390000000000000346e-01 -1.961889908070724005e+02
5.400000000000000355e-01 -1.973929950723184561e+02
5.410000000000000364e-01 -1.985995923822875966e+02
5.420000000000000373e-01 -1.998087811996318806e+02
5.430000000000000382e-01 -2.010205599907657188e+02
5.440000000000000391e-01 -2.022349272258493329e+02
5.450000000000000400e-01 -2.034518813787736917e+02
5.460000000000000409e-01 -2.046714209271425489e+02
5.470000000000000417e-01 -2.058935443522580044e+02
5.480000000000000426e-01 -2.071182501391044752e+02
5.490000000000000435e-01 -2.083455367763318691e+02
5.500000000000000444e-01 -2.095754027562408055e+02
5.510000000000000453e-01 -2.108078465747672681e+02
5.520000000000000462e-01 -2.120428667314661197e+02
5.530000000000000471e-01 -2.132804617294966647e+02
5.540000000000000480e-01 -2.145206300756061637e+02
5.550000000000000488e-01 -2.157633702801166464e+02
5.560000000000000497e-01 -2.170086808569070627e+02
5.570000000000000506e-01 -2.182565603234011178e+02
5.580000000000000515e-01 -2.195070072005498787e+02
5.590000000000000524e-01 -2.207600200128184724e+02
5.600000000000000533e-01 -2.220155972881707385e+02
5.610000000000000542e-01 -2.232737375580546768e+02
5.620000000000000551e-01 -2.245344393573880097e+02
5.630000000000000560e-01 -2.257977012245431752e+02
5.640000000000000568e-01 -2.270635217013334568e+02
5.650000000000000577e-01 -2.283318993329988871e+02
5.660000000000000586e-01 -2.296028326681911267e+02
5.670000000000000595e-01 -2.308763202589597086e+02
5.680000000000000604e-01 -2.321523606607388501e+02
5.690000000000000613e-01 -2.334309524323317646e+02
5.700000000000000622e-01 -2.347120941358983828e+02
5.710000000000000631e-01 -2.359957843369406874e+02
5.720000000000000639e-01 -2.372820216042885022e+02
5.730000000000000648e-01 -2.385708045100876689e+02
5.740000000000000657e-01 -2.398621316297843578e+02
5.750000000000000666e-01 -2.411560015421131311e+02
5.760000000000000675e-01 -2.424524128290821636e+02
5.769999999999999574e-01 -2.437513640759613054e+02
5.779999999999999583e-01 -2.450528538712682121e+02
5.789999999999999591e-01 -2.463568808067544751e+02
5.799999999999999600e-01 -2.476634434773937983e+02
5.809999999999999609e-01 -2.489725404813681280e+02
5.819999999999999618e-01 -2.502841704200549202e+02
5.829999999999999627e-01 -2.515983318980139529e+02
5.839999999999999636e-01 -2.529150235229755026e+02
5.849999999999999645e-01 -2.542342439058263608e+02
5.859999999999999654e-01 -2.555559916605978970e+02
5.869999999999999662e-01 -2.568802654044538940e+02
5.879999999999999671e-01 -2.582070637576764511e+02
5.889999999999999680e-01 -2.595363853436555246e+02
5.899999999999999689e-01 -2.608682287888749443e+02
5.909999999999999698e-01 -2.622025927229016133e+02
5.919999999999999707e-01 -2.635394757783715249e+02
5.929999999999999716e-01 -2.648788765909791891e+02
5.939999999999999725e-01 -2.662207937994649001e+02
5.949999999999999734e-01 -2.675652260456020031e+02
5.959999999999999742e-01 -2.689121719741866627e+02
5.969999999999999751e-01 -2.702616302330244480e+02
5.979999999999999760e-01 -2.716135994729189633e+02
5.989999999999999769e-01 -2.729680783476607075e+02
5.999999999999999778e-01 -2.743250655140142271e+02
6.009999999999999787e-01 -2.756845596317073159e+02
6.019999999999999796e-01 -2.770465593634196466e+02
6.029999999999999805e-01 -2.784110633747703787e+02
6.039999999999999813e-01 -2.797780703343081541e+02
6.049999999999999822e-01 -2.811475789134977958e+02
6.059999999999999831e-01 -2.825195877867108720e+02
6.069999999999999840e-01 -2.838940956312131902e+02
6.079999999999999849e-01 -2.852711011271545658e+02
6.089999999999999858e-01 -2.866506029575565435e+02
6.099999999999999867e-01 -2.880325998083029617e+02
6.109999999999999876e-01 -2.894170903681276741e+02
6.119999999999999885e-01 -2.908040733286034083e+02
6.129999999999999893e-01 -2.921935473841326711e+02
6.139999999999999902e-01 -2.935855112319346745e+02
6.149999999999999911e-01 -2.949799635720364677e+02
6.159999999999999920e-01 -2.963769031072610005e+02
6.169999999999999929e-01 -2.977763285432172324e+02
6.179999999999999938e-01 -2.991782385882893323e+02
6.189999999999999947e-01 -3.005826319536256506e+02
6.199999999999999956e-01 -3.019895073531293974e+02
6.209999999999999964e-01 -3.033988635034471599e+02
6.219999999999999973e-01 -3.048106991239587842e+02
6.229999999999999982e-01 -3.062250129367680529e+02
6.239999999999999991e-01 -3.076418036666906346e+02
6.250000000000000000e-01 -3.090610700412460119e+02
6.260000000000000009e-01 -3.104828107906453170e+02
6.270000000000000018e-01 -3.119070246477830324e+02
6.280000000000000027e-01 -3.133337103482257362e+02
6.290000000000000036e-01 -3.147628666302028932e+02
6.300000000000000044e-01 -3.161944922345959412e+02
6.310000000000000053e-01 -3.176285859049303326e+02
6.320000000000000062e-01 -3.190651463873633702e+02
6.330000000000000071e-01 -3.205041724306762490e+02
6.340000000000000080e-01 -3.219456627862639380e+02
6.350000000000000089e-01 -3.233896162081248349e+02
6.360000000000000098e-01 -3.248360314528516710e+02
6.370000000000000107e-01 -3.262849072796220753e+02
6.380000000000000115e-01 -3.277362424501892519e+02
6.390000000000000124e-01 -3.291900357288720897e+02
6.400000000000000133e-01 -3.306462858825458397e+02
6.410000000000000142e-01 -3.321049916806327928e+02
6.420000000000000151e-01 -3.335661518950930713e+02
6.430000000000000160e-01 -3.350297653004156473e+02
6.440000000000000169e-01 -3.364958306736085660e+02
6.450000000000000178e-01 -3.379643467941901918e+02
6.460000000000000187e-01 -3.394353124441798855e+02
6.470000000000000195e-01 -3.409087264080892510e+02
6.480000000000000204e-01 -3.423845874729126990e+02
6.490000000000000213e-01 -3.438628944281192616e+02
6.500000000000000222e-01 -3.453436460656422469e+02
6.510000000000000231e-01 -3.468268411798719626e+02
6.520000000000000240e-01 -3.483124785676460533e+02
6.530000000000000249e-01 -3.498005570282407461e+02
6.540000000000000258e-01 -3.512910753633623244e+02
6.550000000000000266e-01 -3.527840323771379190e+02
6.560000000000000275e-01 -3.542794268761081184e+02
6.570000000000000284e-01 -3.557772576692170787e+02
6.580000000000000293e-01 -3.572775235678039962e+02
6.590000000000000302e-01 -3.587802233855959457e+02
6.600000000000000311e-01 -3.602853559386976485e+02
6.610000000000000320e-01 -3.617929200455847649e+02
6.620000000000000329e-01 -3.633029145270935487e+02
6.630000000000000338e-01 -3.648153382064144807e+02
6.640000000000000346e-01 -3.663301899090827192e+02
6.650000000000000355e-01 -3.678474684629703688e+02
6.660000000000000364e-01 -3.693671726982779546e+02
6.670000000000000373e-01 -3.708893014475266909e+02
6.680000000000000382e-01 -3.724138535455495003e+02
6.690000000000000391e-01 -3.739408278294843058e+02
6.700000000000000400e-01 -3.754702231387643678e+02
6.710000000000000409e-01 -3.770020383151115766e+02
6.720000000000000417e-01 -3.785362722025276980e+02
6.730000000000000426e-01 -3.800729236472872117e+02
6.740000000000000435e-01 -3.816119914979278747e+02
6.750000000000000444e-01 -3.831534746052451510e+02
6.760000000000000453e-01 -3.846973718222825482e+02
6.770000000000000462e-01 -3.862436820043246826e+02
6.780000000000000471e-01 -3.877924040088889797e+02
6.790000000000000480e-01 -3.893435366957189672e+02
6.800000000000000488e-01 -3.908970789267748387e+02
6.810000000000000497e-01 -3.924530295662284516e+02
6.820000000000000506e-01 -3.940113874804533225e+02
6.830000000000000515e-01 -3.955721515380180335e+02
6.840000000000000524e-01 -3.971353206096796384e+02
6.850000000000000533e-01 -3.987008935683741129e+02
6.860000000000000542e-01 -4.002688692892102154e+02
6.870000000000000551e-01 -4.018392466494628934e+02
6.880000000000000560e-01 -4.034120245285643023e+02
6.890000000000000568e-01 -4.049872018080970975e+02
6.900000000000000577e-01 -4.065647773717873861e+02
6.910000000000000586e-01 -4.081447501054974509e+02
6.920000000000000595e-01 -4.097271188972179061e+02
6.930000000000000604e-01 -4.113118826370614443e+02
6.940000000000000613e-01 -4.128990402172549921e+02
6.950000000000000622e-01 -4.144885905321330029e+02
6.960000000000000631e-01 -4.160805324781298395e+02
6.970000000000000639e-01 -4.176748649537732945e+02
6.980000000000000648e-01 -4.192715868596776545e+02
6.990000000000000657e-01 -4.208706970985359703e+02
7.000000000000000666e-01 -4.224721945751139174e+02
7.010000000000000675e-01 -4.240760781962424062e+02
7.020000000000000684e-01 -4.256823468708105338e+02
7.030000000000000693e-01 -4.272909995097595584e+02
7.039999999999999591e-01 -4.289020350260748273e+02
7.049999999999999600e-01 -4.305154523347812301e+02
7.059999999999999609e-01 -4.321312503529334208e+02
7.069999999999999618e-01 -4.337494279996111572e+02
7.079999999999999627e-01 -4.353699841959121386e+02
7.089999999999999636e-01 -4.369929178649449568e+02
7.099999999999999645e-01 -4.386182279318238670e+02
7.109999999999999654e-01 -4.402459133236601474e+02
7.119999999999999662e-01 -4.418759729695567557e+02
7.129999999999999671e-01 -4.435084058006016221e+02
7.139999999999999680e-01 -4.451432107498612822e+02
7.149999999999999689e-01 -4.467803867523739427e+02
7.159999999999999698e-01 -4.484199327451440240e+02
7.169999999999999707e-01 -4.500618476671342023e+02
7.179999999999999716e-01 -4.517061304592602937e+02
7.189999999999999725e-01 -4.533527800643846604e+02
7.199999999999999734e-01 -4.550017954273100713e+02
7.209999999999999742e-01 -4.566531754947718582e+02
7.219999999999999751e-01 -4.583069192154341636e+02
7.229999999999999760e-01 -4.599630255398817553e+02
7.239999999999999769e-01 -4.616214934206152520e+02
7.249999999999999778e-01 -4.632823218120431648e+02
7.259999999999999787e-01 -4.649455096704773496e+02
7.269999999999999796e-01 -4.666110559541265275e+02
7.279999999999999805e-01 -4.682789596230895768e+02
7.289999999999999813e-01 -4.699492196393507584e+02
7.299999999999999822e-01 -4.716218349667714165e+02
7.309999999999999831e-01 -4.732968045710867955e+02
7.319999999999999840e-01 -4.749741274198975134e+02
7.329999999999999849e-01 -4.766538024826661513e+02
7.339999999999999858e-01 -4.783358287307082719e+02
7.349999999999999867e-01 -4.800202051371893504e+02
7.359999999999999876e-01 -4.817069306771174979e+02
7.369999999999999885e-01 -4.833960043273380052e+02
7.379999999999999893e-01 -4.850874250665268619e+02
7.389999999999999902e-01 -4.867811918751858684e+02
7.399999999999999911e-01 -4.884773037356368377e+02
7.409999999999999920e-01 -4.901757596320148878e+02
7.419999999999999929e-01 -4.918765585502637805e+02
7.429999999999999938e-01 -4.935796994781297826e+02
7.439999999999999947e-01 -4.952851814051557540e+02
7.449999999999999956e-01 -4.969930033226764863e+02
7.459999999999999964e-01 -4.987031642238116547e+02
7.469999999999999973e-01 -5.004156631034618385e+02
7.479999999999999982e-01 -5.021304989583011320e+02
7.489999999999999991e-01 -5.038476707867733921e+02
7.500000000000000000e-01 -5.055671775890860999e+02
7.510000000000000009e-01 -5.072890183672038802e+02
7.520000000000000018e-01 -5.090131921248446361e+02
7.530000000000000027e-01 -5.107396978674727279e+02
7.540000000000000036e-01 -5.124685346022953354e+02
7.550000000000000044e-01 -5.141997013382546129e+02
7.560000000000000053e-01 -5.159331970860245065e+02
7.570000000000000062e-01 -5.176690208580041599e+02
7.580000000000000071e-01 -5.194071716683133673e+02
7.590000000000000080e-01 -5.211476485327867749e+02
7.600000000000000089e-01 -5.228904504689684245e+02
7.610000000000000098e-01 -5.246355764961074328e+02
7.620000000000000107e-01 -5.263830256351519665e+02
7.630000000000000115e-01 -5.281327969087437850e+02
7.640000000000000124e-01 -5.298848893412143752e+02
7.650000000000000133e-01 -5.316393019585783577e+02
7.660000000000000142e-01 -5.333960337885290528e+02
7.670000000000000151e-01 -5.351550838604339333e+02
7.680000000000000160e-01 -5.369164512053275757e+02
7.690000000000000169e-01 -5.386801348559090457e+02
7.700000000000000178e-01 -5.404461338465354174e+02
7.710000000000000187e-01 -5.422144472132169994e+02
7.720000000000000195e-01 -5.439850739936124455e+02
7.730000000000000204e-01 -5.457580132270234117e+02
7.740000000000000213e-01 -5.475332639543900086e+02
7.750000000000000222e-01 -5.493108252182864817e+02
7.760000000000000231e-01 -5.510906960629145033e+02
7.770000000000000240e-01 -5.528728755341005581e+02
7.780000000000000249e-01 -5.546573626792890082e+02
7.790000000000000258e-01 -5.564441565475380003e+02
7.800000000000000266e-01 -5.582332561895158278e+02
7.810000000000000275e-01 -5.600246606574935413e+02
7.820000000000000284e-01 -5.618183690053430155e+02
7.830000000000000293e-01 -5.636143802885303558e+02
7.840000000000000302e-01 -5.654126935641118052e+02
7.850000000000000311e-01 -5.672133078907281742e+02
7.860000000000000320e-01 -5.690162223286017706e+02
7.870000000000000329e-01 -5.708214359395301472e+02
7.880000000000000338e-01 -5.726289477868820086e+02
7.890000000000000346e-01 -5.744387569355933465e+02
7.900000000000000355e-01 -5.762508624521610727e+02
7.910000000000000364e-01 -5.780652634046402909e+02
7.920000000000000373e-01 -5.798819588626381574e+02
7.930000000000000382e-01 -5.817009478973105843e+02
7.940000000000000391e-01 -5.835222295813566689e+02
7.950000000000000400e-01 -5.853458029890143735e+02
7.960000000000000409e-01 -5.871716671960573422e+02
7.970000000000000417e-01 -5.889998212797879660e+02
7.980000000000000426e-01 -5.908302643190349954e+02
7.990000000000000435e-01 -5.926629953941485383e+02
8.000000000000000444e-01 -5.944980135869946025e+02
8.010000000000000453e-01 -5.963353179809523681e+02
8.020000000000000462e-01 -5.981749076609085023e+02
8.030000000000000471e-01 -6.000167817132528398e+02
8.040000000000000480e-01 -6.018609392258756543e+02
8.050000000000000488e-01 -6.037073792881602685e+02
8.060000000000000497e-01 -6.055561009909820314e+02
8.070000000000000506e-01 -6.074071034267019513e+02
8.080000000000000515e-01 -6.092603856891629448e+02
8.090000000000000524e-01 -6.111159468736849476e+02
8.100000000000000533e-01 -6.129737860770627549e+02
8.110000000000000542e-01 -6.148339023975586315e+02
8.120000000000000551e-01 -6.166962949349010614e+02
8.130000000000000560e-01 -6.185609627902788361e+02
8.140000000000000568e-01 -6.204279050663369617e+02
8.150000000000000577e-01 -6.222971208671731347e+02
8.160000000000000586e-01 -6.241686092983331946e+02
8.170000000000000595e-01 -6.260423694668074859e+02
8.180000000000000604e-01 -6.279184004810254009e+02
8.190000000000000613e-01 -6.297967014508533339e+02
8.200000000000000622e-01 -6.316772714875888823e+02
8.210000000000000631e-01 -6.335601097039570959e+02
8.220000000000000639e-01 -6.354452152141072929e+02
8.230000000000000648e-01 -6.373325871336081718e+02
8.240000000000000657e-01 -6.392222245794441733e+02
8.250000000000000666e-01 -6.411141266700115011e+02
8.260000000000000675e-01 -6.430082925251131201e+02
8.270000000000000684e-01 -6.449047212659572779e+02
8.280000000000000693e-01 -6.468034120151505704e+02
8.290000000000000702e-01 -6.487043638966960089e+02
8.300000000000000711e-01 -6.506075760359883589e+02
8.310000000000000719e-01 -6.525130475598107296e+02
8.320000000000000728e-01 -6.544207775963295717e+02
8.329999999999999627e-01 -6.563307652750918351e+02
8.339999999999999636e-01 -6.582430097270214446e+02
8.349999999999999645e-01 -6.601575100844139570e+02
8.359999999999999654e-01 -6.620742654809344003e+02
8.369999999999999662e-01 -6.639932750516120450e+02
8.379999999999999671e-01 -6.659145379328374474e+02
8.389999999999999680e-01 -6.678380532623589261e+02
8.399999999999999689e-01 -6.697638201792779000e+02
8.409999999999999698e-01 -6.716918378240452512e+02
8.419999999999999707e-01 -6.736221053384587094e+02
8.429999999999999716e-01 -6.755546218656579640e+02
8.439999999999999725e-01 -6.774893865501210257e+02
8.449999999999999734e-01 -6.794263985376610435e+02
8.459999999999999742e-01 -6.813656569754232351e+02
8.469999999999999751e-01 -6.833071610118789749e+02
8.479999999999999760e-01 -6.852509097968247715e+02
8.489999999999999769e-01 -6.871969024813768101e+02
8.499999999999999778e-01 -6.891451382179682241e+02
8.509999999999999787e-01 -6.910956161603452301e+02
8.519999999999999796e-01 -6.930483354635636033e+02
8.529999999999999805e-01 -6.950032952839846985e+02
8.539999999999999813e-01 -6.969604947792729490e+02
8.549999999999999822e-01 -6.989199331083907509e+02
8.559999999999999831e-01 -7.008816094315964165e+02
8.569999999999999840e-01 -7.028455229104398541e+02
8.579999999999999849e-01 -7.048116727077590440e+02
8.589999999999999858e-01 -7.067800579876769689e+02
8.599999999999999867e-01 -7.087506779155978620e+02
8.609999999999999876e-01 -7.107235316582036830e+02
8.619999999999999885e-01 -7.126986183834508211e+02
8.629999999999999893e-01 -7.146759372605665703e+02
8.639999999999999902e-01 -7.166554874600453786e+02
8.649999999999999911e-01 -7.186372681536468008e+02
8.659999999999999920e-01 -7.206212785143895871e+02
8.669999999999999929e-01 -7.226075177165512287e+02
8.679999999999999938e-01 -7.245959849356625000e+02
8.689999999999999947e-01 -7.265866793485045037e+02
8.699999999999999956e-01 -7.285796001331059415e+02
8.709999999999999964e-01 -7.305747464687390220e+02
8.719999999999999973e-01 -7.325721175359173003e+02
8.729999999999999982e-01 -7.345717125163907895e+02
8.739999999999999991e-01 -7.365735305931434596e+02
8.750000000000000000e-01 -7.385775709503907365e+02
8.760000000000000009e-01 -7.405838327735749544e+02
8.770000000000000018e-01 -7.425923152493619455e+02
8.780000000000000027e-01 -7.446030175656393340e+02
8.790000000000000036e-01 -7.466159389115124441e+02
8.800000000000000044e-01 -7.486310784773004343e+02
8.810000000000000053e-01 -7.506484354545343649e+02
8.820000000000000062e-01 -7.526680090359523092e+02
8.830000000000000071e-01 -7.546897984154983305e+02
8.840000000000000080e-01 -7.567138027883179348e+02
8.850000000000000089e-01 -7.587400213507542048e+02
8.860000000000000098e-01 -7.607684533003465503e+02
8.870000000000000107e-01 -7.627990978358265011e+02
8.880000000000000115e-01 -7.648319541571142963e+02
8.890000000000000124e-01 -7.668670214653161565e+02
8.900000000000000133e-01 -7.689042989627221232e+02
8.910000000000000142e-01 -7.709437858528008292e+02
8.920000000000000151e-01 -7.729854813401980209e+02
8.930000000000000160e-01 -7.750293846307333752e+02
8.940000000000000169e-01 -7.770754949313968609e+02
8.950000000000000178e-01 -7.791238114503462384e+02
8.960000000000000187e-01 -7.811743333969035348e+02
8.970000000000000195e-01 -7.832270599815523155e+02
8.980000000000000204e-01 -7.852819904159346152e+02
8.990000000000000213e-01 -7.873391239128479810e+02
9.000000000000000222e-01 -7.893984596862430863e+02
9.010000000000000231e-01 -7.914599969512187272e+02
9.020000000000000240e-01 -7.935237349240213689e+02
9.030000000000000249e-01 -7.955896728220409386e+02
9.040000000000000258e-01 -7.976578098638076426e+02
9.050000000000000266e-01 -7.997281452689894650e+02
9.060000000000000275e-01 -8.018006782583894392e+02
9.070000000000000284e-01 -8.038754080539423512e+02
9.080000000000000293e-01 -8.059523338787115563e+02
9.090000000000000302e-01 -8.080314549568873872e+02
9.100000000000000311e-01 -8.101127705137829480e+02
9.110000000000000320e-01 -8.121962797758312718e+02
9.120000000000000329e-01 -8.142819819705832742e+02
9.130000000000000338e-01 -8.163698763267046843e+02
9.140000000000000346e-01 -8.184599620739729744e+02
9.150000000000000355e-01 -8.205522384432736089e+02
9.160000000000000364e-01 -8.226467046665997032e+02
9.170000000000000373e-01 -8.247433599770467936e+02
9.180000000000000382e-01 -8.268422036088110190e+02
9.190000000000000391e-01 -8.289432347971869603e+02
9.200000000000000400e-01 -8.310464527785630935e+02
9.210000000000000409e-01 -8.331518567904209931e+02
9.220000000000000417e-01 -8.352594460713311264e+02
9.230000000000000426e-01 -8.373692198609514890e+02
9.240000000000000435e-01 -8.394811774000229434e+02
9.250000000000000444e-01 -8.415953179303683100e+02
9.260000000000000453e-01 -8.437116406948889562e+02
9.270000000000000462e-01 -8.458301449375617267e+02
9.280000000000000471e-01 -8.479508299034366701e+02
9.290000000000000480e-01 -8.500736948386347649e+02
9.300000000000000488e-01 -8.521987389903442818e+02
9.310000000000000497e-01 -8.543259616068182822e+02
9.320000000000000506e-01 -8.564553619373730271e+02
9.330000000000000515e-01 -8.585869392323842249e+02
9.340000000000000524e-01 -8.607206927432846442e+02
9.350000000000000533e-01 -8.628566217225613855e+02
9.360000000000000542e-01 -8.649947254237545167e+02
9.370000000000000551e-01 -8.671350031014515025e+02
9.380000000000000560e-01 -8.692774540112881141e+02
9.390000000000000568e-01 -8.714220774099437676e+02
9.400000000000000577e-01 -8.735688725551391371e+02
9.410000000000000586e-01 -8.757178387056339943e+02
9.420000000000000595e-01 -8.778689751212241390e+02
9.430000000000000604e-01 -8.800222810627402623e+02
9.440000000000000613e-01 -8.821777557920427171e+02
9.450000000000000622e-01 -8.843353985720218589e+02
9.460000000000000631e-01 -8.864952086665941806e+02
9.470000000000000639e-01 -8.886571853406986747e+02
9.480000000000000648e-01 -8.908213278602968330e+02
9.490000000000000657e-01 -8.929876354923680992e+02
9.500000000000000666e-01 -8.951561075049080500e+02
9.510000000000000675e-01 -8.973267431669266898e+02
9.520000000000000684e-01 -8.994995417484440168e+02
9.530000000000000693e-01 -9.016745025204902504e+02
9.540000000000000702e-01 -9.038516247551000333e+02
9.550000000000000711e-01 -9.060309077253139094e+02
9.560000000000000719e-01 -9.082123507051719571e+02
9.570000000000000728e-01 -9.103959529697146991e+02
9.580000000000000737e-01 -9.125817137949779863e+02
9.590000000000000746e-01 -9.147696324579928842e+02
9.599999999999999645e-01 -9.169597082367807843e+02
9.609999999999999654e-01 -9.191519404103535180e+02
9.619999999999999662e-01 -9.213463282587101730e+02
9.629999999999999671e-01 -9.235428710628327735e+02
9.639999999999999680e-01 -9.257415681046867348e+02
9.649999999999999689e-01 -9.279424186672171118e+02
9.659999999999999698e-01 -9.301454220343457564e+02
9.669999999999999707e-01 -9.323505774909705224e+02
9.679999999999999716e-01 -9.345578843229610584e+02
9.689999999999999725e-01 -9.367673418171582398e+02
9.699999999999999734e-01 -9.389789492613708717e+02
9.709999999999999742e-01 -9.411927059443728467e+02
9.719999999999999751e-01 -9.434086111559017809e+02
9.729999999999999760e-01 -9.456266641866570808e+02
9.739999999999999769e-01 -9.478468643282965331e+02
9.749999999999999778e-01 -9.500692108734342582e+02
9.759999999999999787e-01 -9.522937031156391186e+02
9.769999999999999796e-01 -9.545203403494311942e+02
9.779999999999999805e-01 -9.567491218702814422e+02
9.789999999999999813e-01 -9.589800469746078306e+02
9.799999999999999822e-01 -9.612131149597732929e+02
9.809999999999999831e-01 -9.634483251240840218e+02
9.819999999999999840e-01 -9.656856767667867416e+02
9.829999999999999849e-01 -9.679251691880672297e+02
9.839999999999999858e-01 -9.701668016890471336e+02
9.849999999999999867e-01 -9.724105735717826065e+02
9.859999999999999876e-01 -9.746564841392610106e+02
9.869999999999999885e-01 -9.769045326954003485e+02
9.879999999999999893e-01 -9.791547185450456254e+02
9.889999999999999902e-01 -9.814070409939674846e+02
9.899999999999999911e-01 -9.836614993488592518e+02
9.909999999999999920e-01 -9.859180929173357981e+02
9.919999999999999929e-01 -9.881768210079308119e+02
9.929999999999999938e-01 -9.904376829300940699e+02
9.939999999999999947e-01 -9.927006779941909826e+02
9.949999999999999956e-01 -9.949658055114981607e+02
9.959999999999999964e-01 -9.972330647942039832e+02
9.969999999999999973e-01 -9.995024551554035952e+02
9.979999999999999982e-01 -1.001773975909098681e+03
9.989999999999999991e-01 -1.004047626370195303e+03
1.000000000000000000e+00 -1.006323405854501061e+03
