0.000000000000000000e+00 0.000000000000000000e+00
1.000000000000000021e-03 1.637494304528049227e+00
2.000000000000000042e-03 2.835062844134724536e+00
3.000000000000000062e-03 3.907025819793445098e+00
4.000000000000000083e-03 4.901227668449234187e+00
5.000000000000000104e-03 5.838810904494296850e+00
6.000000000000000125e-03 6.731707342025751828e+00
7.000000000000000146e-03 7.587575084502039324e+00
8.000000000000000167e-03 8.411743062177380992e+00
9.000000000000001055e-03 9.208132396029160560e+00
1.000000000000000021e-02 9.979749044315088469e+00
1.099999999999999936e-02 1.072897091506997214e+01
1.200000000000000025e-02 1.145772640498637074e+01
1.300000000000000114e-02 1.216761119995947737e+01
1.400000000000000029e-02 1.285996787128149776e+01
1.499999999999999944e-02 1.353594197264656174e+01
1.600000000000000033e-02 1.419652270545527628e+01
1.700000000000000122e-02 1.484257311263071699e+01
1.800000000000000211e-02 1.547485296504651409e+01
1.899999999999999953e-02 1.609403642365591836e+01
2.000000000000000042e-02 1.670072588678842607e+01
2.100000000000000130e-02 1.729546299943865861e+01
2.199999999999999872e-02 1.787873751602886685e+01
2.299999999999999961e-02 1.845099451545506852e+01
2.400000000000000050e-02 1.901264033437348289e+01
2.500000000000000139e-02 1.956404749133568188e+01
2.600000000000000228e-02 2.010555880766627368e+01
2.699999999999999969e-02 2.063749088255486441e+01
2.800000000000000058e-02 2.116013704419221497e+01
2.900000000000000147e-02 2.167376987220392337e+01
2.999999999999999889e-02 2.217864336658354318e+01
3.099999999999999978e-02 2.267499482303168179e+01
3.200000000000000067e-02 2.316304646282157265e+01
3.300000000000000155e-02 2.364300685614515984e+01
3.400000000000000244e-02 2.411507217070109022e+01
3.500000000000000333e-02 2.457942727159644392e+01
3.600000000000000422e-02 2.503624669409931869e+01
3.699999999999999817e-02 2.548569550713879650e+01
3.799999999999999906e-02 2.592793008250655262e+01
3.899999999999999994e-02 2.636309878232170689e+01
4.000000000000000083e-02 2.679134257536272656e+01
4.100000000000000172e-02 2.721279559125956027e+01
4.200000000000000261e-02 2.762758562020722408e+01
4.300000000000000350e-02 2.803583456475417535e+01
4.399999999999999745e-02 2.843765884929443644e+01
4.499999999999999833e-02 2.883316979211582165e+01
4.599999999999999922e-02 2.922247394420298505e+01
4.700000000000000011e-02 2.960567339844035928e+01
4.800000000000000100e-02 2.998286607239024804e+01
4.900000000000000189e-02 3.035414596742045745e+01
5.000000000000000278e-02 3.071960340661287603e+01
5.100000000000000366e-02 3.107932525358993914e+01
5.200000000000000455e-02 3.143339511414254872e+01
5.299999999999999850e-02 3.178189352232343978e+01
5.399999999999999939e-02 3.212489811248045157e+01
5.500000000000000028e-02 3.246248377853869016e+01
5.600000000000000117e-02 3.279472282169692932e+01
5.700000000000000205e-02 3.312168508757783059e+01
5.800000000000000294e-02 3.344343809376100296e+01
5.900000000000000383e-02 3.376004714853165467e+01
5.999999999999999778e-02 3.407157546159215400e+01
6.099999999999999867e-02 3.437808424740835278e+01
6.199999999999999956e-02 3.467963282179658790e+01
6.300000000000000044e-02 3.497627869229771846e+01
6.400000000000000133e-02 3.526807764283282864e+01
6.500000000000000222e-02 3.555508381308806776e+01
6.600000000000000311e-02 3.583734977303491576e+01
6.700000000000000400e-02 3.611492659295511487e+01
6.800000000000000488e-02 3.638786390930593484e+01
6.900000000000000577e-02 3.665620998673208675e+01
7.000000000000000666e-02 3.692001177650351451e+01
7.100000000000000755e-02 3.717931497163483812e+01
7.200000000000000844e-02 3.743416405891959897e+01
7.299999999999999545e-02 3.768460236809399078e+01
7.399999999999999634e-02 3.793067211832628516e+01
7.499999999999999722e-02 3.817241446221267154e+01
7.599999999999999811e-02 3.840986952744547978e+01
7.699999999999999900e-02 3.864307645630676546e+01
7.799999999999999989e-02 3.887207344312822954e+01
7.900000000000000078e-02 3.909689776984762233e+01
8.000000000000000167e-02 3.931758583978161425e+01
8.100000000000000255e-02 3.953417320972684479e+01
8.200000000000000344e-02 3.974669462049148194e+01
8.300000000000000433e-02 3.995518402595316587e+01
8.400000000000000522e-02 4.015967462073153627e+01
8.500000000000000611e-02 4.036019886655770961e+01
8.600000000000000699e-02 4.055678851741697599e+01
8.700000000000000788e-02 4.074947464353585502e+01
8.799999999999999489e-02 4.093828765427942074e+01
8.899999999999999578e-02 4.112325732002085488e+01
8.999999999999999667e-02 4.130441279304056934e+01
9.099999999999999756e-02 4.148178262750828083e+01
9.199999999999999845e-02 4.165539479859880601e+01
9.299999999999999933e-02 4.182527672078754222e+01
9.400000000000000022e-02 4.199145526537045470e+01
9.500000000000000111e-02 4.215395677724863788e+01
9.600000000000000200e-02 4.231280709101665849e+01
9.700000000000000289e-02 4.246803154639026445e+01
9.800000000000000377e-02 4.261965500300767218e+01
9.900000000000000466e-02 4.276770185463561802e+01
1.000000000000000056e-01 4.291219604281074140e+01
1.010000000000000064e-01 4.305316106994365555e+01
1.020000000000000073e-01 4.319062001191259270e+01
1.030000000000000082e-01 4.332459553017124421e+01
1.040000000000000091e-01 4.345510988339423619e+01
1.049999999999999961e-01 4.358218493868228904e+01
1.059999999999999970e-01 4.370584218234769480e+01
1.069999999999999979e-01 4.382610273030019243e+01
1.079999999999999988e-01 4.394298733805128165e+01
1.089999999999999997e-01 4.405651641035472466e+01
1.100000000000000006e-01 4.416671001049958534e+01
1.110000000000000014e-01 4.427358786927180745e+01
1.120000000000000023e-01 4.437716939359869883e+01
1.130000000000000032e-01 4.447747367489078840e+01
1.140000000000000041e-01 4.457451949709374617e+01
1.150000000000000050e-01 4.466832534446353975e+01
1.160000000000000059e-01 4.475890940907641635e+01
1.170000000000000068e-01 4.484628959808498649e+01
1.180000000000000077e-01 4.493048354073144424e+01
1.190000000000000085e-01 4.501150859512769387e+01
1.199999999999999956e-01 4.508938185481248695e+01
1.209999999999999964e-01 4.516412015509433786e+01
1.219999999999999973e-01 4.523574007918929851e+01
1.229999999999999982e-01 4.530425796416197670e+01
1.239999999999999991e-01 4.536968990667706692e+01
1.250000000000000000e-01 4.543205176856993432e+01
1.260000000000000009e-01 4.549135918224239106e+01
1.270000000000000018e-01 4.554762755589124623e+01
1.280000000000000027e-01 4.560087207857589675e+01
1.290000000000000036e-01 4.565110772513113346e+01
1.300000000000000044e-01 4.569834926093081151e+01
1.310000000000000053e-01 4.574261124650882948e+01
1.320000000000000062e-01 4.578390804204191511e+01
1.330000000000000071e-01 4.582225381169999423e+01
1.340000000000000080e-01 4.585766252786867625e+01
1.350000000000000089e-01 4.589014797524878020e+01
1.360000000000000098e-01 4.591972375483734936e+01
1.370000000000000107e-01 4.594640328779451011e+01
1.380000000000000115e-01 4.597019981919997633e+01
1.390000000000000124e-01 4.599112642170352672e+01
1.400000000000000133e-01 4.600919599907311408e+01
1.410000000000000142e-01 4.602442128964410983e+01
1.420000000000000151e-01 4.603681486967299463e+01
1.430000000000000160e-01 4.604638915659937481e+01
1.440000000000000169e-01 4.605315641221858414e+01
1.449999999999999900e-01 4.605712874576918381e+01
1.459999999999999909e-01 4.605831811693666111e+01
1.469999999999999918e-01 4.605673633877776751e+01
1.479999999999999927e-01 4.605239508056684627e+01
1.489999999999999936e-01 4.604530587056756730e+01
1.499999999999999944e-01 4.603548009873227898e+01
1.509999999999999953e-01 4.602292901933127212e+01
1.519999999999999962e-01 4.600766375351408044e+01
1.529999999999999971e-01 4.598969529180567406e+01
1.539999999999999980e-01 4.596903449653881069e+01
1.549999999999999989e-01 4.594569210422509542e+01
1.559999999999999998e-01 4.591967872786681681e+01
1.570000000000000007e-01 4.589100485921067474e+01
1.580000000000000016e-01 4.585968087094613566e+01
1.590000000000000024e-01 4.582571701884955928e+01
1.600000000000000033e-01 4.578912344387609323e+01
1.610000000000000042e-01 4.574991017420046546e+01
1.620000000000000051e-01 4.570808712720886291e+01
1.630000000000000060e-01 4.566366411144286985e+01
1.640000000000000069e-01 4.561665082849732755e+01
1.650000000000000078e-01 4.556705687487305312e+01
1.660000000000000087e-01 4.551489174378595237e+01
1.670000000000000095e-01 4.546016482693427463e+01
1.680000000000000104e-01 4.540288541622415153e+01
1.690000000000000113e-01 4.534306270545589257e+01
1.700000000000000122e-01 4.528070579197132872e+01
1.710000000000000131e-01 4.521582367826344750e+01
1.720000000000000140e-01 4.514842527354991120e+01
1.730000000000000149e-01 4.507851939531059315e+01
1.740000000000000158e-01 4.500611477079129941e+01
1.750000000000000167e-01 4.493122003847339130e+01
1.759999999999999898e-01 4.485384374951152608e+01
1.769999999999999907e-01 4.477399436913891861e+01
1.779999999999999916e-01 4.469168027804265364e+01
1.789999999999999925e-01 4.460690977370879295e+01
1.799999999999999933e-01 4.451969107173808027e+01
1.809999999999999942e-01 4.443003230713389939e+01
1.819999999999999951e-01 4.433794153556209494e+01
1.829999999999999960e-01 4.424342673458478714e+01
1.839999999999999969e-01 4.414649580486724290e+01
1.849999999999999978e-01 4.404715657135987072e+01
1.859999999999999987e-01 4.394541678445550303e+01
1.869999999999999996e-01 4.384128412112254125e+01
1.880000000000000004e-01 4.373476618601445409e+01
1.890000000000000013e-01 4.362587051255684401e+01
1.900000000000000022e-01 4.351460456401201782e+01
1.910000000000000031e-01 4.340097573452197821e+01
1.920000000000000040e-01 4.328499135013040444e+01
1.930000000000000049e-01 4.316665866978378574e+01
1.940000000000000058e-01 4.304598488631290820e+01
1.950000000000000067e-01 4.292297712739456017e+01
1.960000000000000075e-01 4.279764245649410270e+01
1.970000000000000084e-01 4.266998787378966540e+01
1.980000000000000093e-01 4.254002031707844367e+01
1.990000000000000102e-01 4.240774666266452897e+01
2.000000000000000111e-01 4.227317372623056002e+01
2.010000000000000120e-01 4.213630826369163884e+01
2.020000000000000129e-01 4.199715697203338749e+01
2.030000000000000138e-01 4.185572649013410285e+01
2.040000000000000147e-01 4.171202339957067551e+01
2.050000000000000155e-01 4.156605422540985728e+01
2.060000000000000164e-01 4.141782543698448649e+01
2.070000000000000173e-01 4.126734344865496240e+01
2.080000000000000182e-01 4.111461462055684990e+01
2.089999999999999913e-01 4.095964525933445088e+01
2.099999999999999922e-01 4.080244161886090382e+01
2.109999999999999931e-01 4.064300990094495347e+01
2.119999999999999940e-01 4.048135625602500198e+01
2.129999999999999949e-01 4.031748678385067564e+01
2.139999999999999958e-01 4.015140753415138875e+01
2.149999999999999967e-01 3.998312450729369516e+01
2.159999999999999976e-01 3.981264365492638291e+01
2.169999999999999984e-01 3.963997088061438490e+01
2.179999999999999993e-01 3.946511204046087329e+01
2.190000000000000002e-01 3.928807294371917891e+01
2.200000000000000011e-01 3.910885935339313590e+01
2.210000000000000020e-01 3.892747698682767066e+01
2.220000000000000029e-01 3.874393151628852650e+01
2.230000000000000038e-01 3.855822856953247424e+01
2.240000000000000047e-01 3.837037373036687171e+01
2.250000000000000056e-01 3.818037253920061147e+01
2.260000000000000064e-01 3.798823049358497173e+01
2.270000000000000073e-01 3.779395304874543626e+01
2.280000000000000082e-01 3.759754561810468942e+01
2.290000000000000091e-01 3.739901357379653746e+01
2.300000000000000100e-01 3.719836224717112572e+01
2.310000000000000109e-01 3.699559692929237542e+01
2.320000000000000118e-01 3.679072287142621178e+01
2.330000000000000127e-01 3.658374528552119642e+01
2.340000000000000135e-01 3.637466934468157120e+01
2.350000000000000144e-01 3.616350018363181107e+01
2.360000000000000153e-01 3.595024289917412119e+01
2.370000000000000162e-01 3.573490255063801868e+01
2.380000000000000171e-01 3.551748416032349098e+01
2.390000000000000180e-01 3.529799271393574855e+01
2.399999999999999911e-01 3.507643316101417952e+01
2.409999999999999920e-01 3.485281041535376545e+01
2.419999999999999929e-01 3.462712935542007386e+01
2.429999999999999938e-01 3.439939482475716659e+01
2.439999999999999947e-01 3.416961163238998722e+01
2.449999999999999956e-01 3.393778455321965737e+01
2.459999999999999964e-01 3.370391832841295354e+01
2.469999999999999973e-01 3.346801766578508364e+01
2.479999999999999982e-01 3.323008724017783777e+01
2.489999999999999991e-01 3.299013169383036370e+01
2.500000000000000000e-01 3.274815563674536634e+01
2.510000000000000009e-01 3.250416364704901184e+01
2.520000000000000018e-01 3.225816027134570163e+01
2.530000000000000027e-01 3.201015002506748885e+01
2.540000000000000036e-01 3.176013739281762582e+01
2.550000000000000044e-01 3.150812682870997605e+01
2.560000000000000053e-01 3.125412275670200302e+01
2.570000000000000062e-01 3.099812957092410670e+01
2.580000000000000071e-01 3.074015163600299161e+01
2.590000000000000080e-01 3.048019328738102729e+01
2.600000000000000089e-01 3.021825883163002402e+01
2.610000000000000098e-01 2.995435254676139891e+01
2.620000000000000107e-01 2.968847868253108402e+01
2.630000000000000115e-01 2.942064146074010011e+01
2.640000000000000124e-01 2.915084507553103776e+01
2.650000000000000133e-01 2.887909369367960721e+01
2.660000000000000142e-01 2.860539145488306190e+01
2.670000000000000151e-01 2.832974247204317919e+01
2.680000000000000160e-01 2.805215083154625688e+01
2.690000000000000169e-01 2.777262059353850532e+01
2.700000000000000178e-01 2.749115579219760264e+01
2.710000000000000187e-01 2.720776043600075411e+01
2.720000000000000195e-01 2.692243850798853089e+01
2.730000000000000204e-01 2.663519396602505651e+01
2.740000000000000213e-01 2.634603074305516657e+01
2.750000000000000222e-01 2.605495274735677924e+01
2.760000000000000231e-01 2.576196386279117689e+01
2.770000000000000240e-01 2.546706794904849858e+01
2.780000000000000249e-01 2.517026884189088776e+01
2.790000000000000258e-01 2.487157035339170363e+01
2.800000000000000266e-01 2.457097627217144975e+01
2.810000000000000275e-01 2.426849036363117307e+01
2.820000000000000284e-01 2.396411637018155716e+01
2.830000000000000293e-01 2.365785801146971323e+01
2.840000000000000302e-01 2.334971898460311479e+01
2.850000000000000311e-01 2.303970296436951060e+01
2.860000000000000320e-01 2.272781360345501867e+01
2.870000000000000329e-01 2.241405453265829806e+01
2.880000000000000338e-01 2.209842936110305800e+01
2.889999999999999791e-01 2.178094167644634638e+01
2.899999999999999800e-01 2.146159504508521820e+01
2.909999999999999809e-01 2.114039301236006452e+01
2.919999999999999818e-01 2.081733910275576704e+01
2.929999999999999827e-01 2.049243682009964118e+01
2.939999999999999836e-01 2.016568964775726158e+01
2.949999999999999845e-01 1.983710104882533187e+01
2.959999999999999853e-01 1.950667446632279223e+01
2.969999999999999862e-01 1.917441332337847371e+01
2.979999999999999871e-01 1.884032102341707571e+01
2.989999999999999880e-01 1.850440095034268495e+01
2.999999999999999889e-01 1.816665646871936701e+01
3.009999999999999898e-01 1.782709092395059258e+01
3.019999999999999907e-01 1.748570764245496889e+01
3.029999999999999916e-01 1.714250993184080585e+01
3.039999999999999925e-01 1.679750108107836581e+01
3.049999999999999933e-01 1.645068436066934225e+01
3.059999999999999942e-01 1.610206302281498836e+01
3.069999999999999951e-01 1.575164030158155981e+01
3.079999999999999960e-01 1.539941941306403805e+01
3.089999999999999969e-01 1.504540355554780717e+01
3.099999999999999978e-01 1.468959590966811390e+01
3.109999999999999987e-01 1.433199963856760917e+01
3.119999999999999996e-01 1.397261788805245430e+01
3.130000000000000004e-01 1.361145378674578410e+01
3.140000000000000013e-01 1.324851044623972030e+01
3.150000000000000022e-01 1.288379096124572243e+01
3.160000000000000031e-01 1.251729840974240915e+01
3.170000000000000040e-01 1.214903585312241319e+01
3.180000000000000049e-01 1.177900633633706207e+01
3.190000000000000058e-01 1.140721288803939615e+01
3.200000000000000067e-01 1.103365852072523978e+01
3.210000000000000075e-01 1.065834623087316402e+01
3.220000000000000084e-01 1.028127899908216136e+01
3.230000000000000093e-01 9.902459790208240520e+00
3.240000000000000102e-01 9.521891553498917915e+00
3.250000000000000111e-01 9.139577222726401828e+00
3.260000000000000120e-01 8.755519716319440704e+00
3.270000000000000129e-01 8.369721937493096675e+00
3.280000000000000138e-01 7.982186774377353800e+00
3.290000000000000147e-01 7.592917100144063625e+00
3.300000000000000155e-01 7.201915773133009679e+00
3.310000000000000164e-01 6.809185636975186640e+00
3.320000000000000173e-01 6.414729520716377920e+00
3.330000000000000182e-01 6.018550238937962149e+00
3.340000000000000191e-01 5.620650591876952262e+00
3.350000000000000200e-01 5.221033365544570870e+00
3.360000000000000209e-01 4.819701331843361913e+00
3.370000000000000218e-01 4.416657248683264925e+00
3.380000000000000226e-01 4.011903860096182939e+00
3.390000000000000235e-01 3.605443896348788257e+00
3.400000000000000244e-01 3.197280074055242949e+00
3.410000000000000253e-01 2.787415096287588767e+00
3.420000000000000262e-01 2.375851652685355475e+00
3.430000000000000271e-01 1.962592419563634394e+00
3.440000000000000280e-01 1.547640060020881947e+00
3.450000000000000289e-01 1.130997224043824190e+00
3.460000000000000298e-01 7.126665486133560989e-01
3.470000000000000306e-01 2.926506578072292086e-01
3.480000000000000315e-01 -1.290478370969196931e-01
3.490000000000000324e-01 -5.524263375205293869e-01
3.500000000000000333e-01 -9.774822574835440037e-01
3.510000000000000342e-01 -1.404213023505320734e+00
3.519999999999999796e-01 -1.832616074506645987e+00
3.529999999999999805e-01 -2.262688861712859989e+00
3.539999999999999813e-01 -2.694428848557151923e+00
3.549999999999999822e-01 -3.127833510586455645e+00
3.559999999999999831e-01 -3.562900335366848026e+00
3.569999999999999840e-01 -3.999626822390965231e+00
3.579999999999999849e-01 -4.438010482985689009e+00
3.589999999999999858e-01 -4.878048840221566707e+00
3.599999999999999867e-01 -5.319739428822458649e+00
3.609999999999999876e-01 -5.763079795076464507e+00
3.619999999999999885e-01 -6.208067496748142844e+00
3.629999999999999893e-01 -6.654700102990616983e+00
3.639999999999999902e-01 -7.102975194259840919e+00
3.649999999999999911e-01 -7.552890362228993126e+00
3.659999999999999920e-01 -8.004443209703879347e+00
3.669999999999999929e-01 -8.457631350539230652e+00
3.679999999999999938e-01 -8.912452409556351540e+00
3.689999999999999947e-01 -9.368904022460412762e+00
3.699999999999999956e-01 -9.826983835760046304e+00
3.709999999999999964e-01 -1.028668950668665616e+01
3.719999999999999973e-01 -1.074801870311526386e+01
3.729999999999999982e-01 -1.121096910348569509e+01
3.739999999999999991e-01 -1.167553839672470417e+01
3.750000000000000000e-01 -1.214172428216906496e+01
3.760000000000000009e-01 -1.260952446948925854e+01
3.770000000000000018e-01 -1.307893667861387144e+01
3.780000000000000027e-01 -1.354995863965501712e+01
3.790000000000000036e-01 -1.402258809283401320e+01
3.800000000000000044e-01 -1.449682278840876393e+01
3.810000000000000053e-01 -1.497266048660040383e+01
3.820000000000000062e-01 -1.545009895752212969e+01
3.830000000000000071e-01 -1.592913598110789053e+01
3.840000000000000080e-01 -1.640976934704178802e+01
3.850000000000000089e-01 -1.689199685468906864e+01
3.860000000000000098e-01 -1.737581631302595042e+01
3.870000000000000107e-01 -1.786122554057254774e+01
3.880000000000000115e-01 -1.834822236532428974e+01
3.890000000000000124e-01 -1.883680462468524297e+01
3.900000000000000133e-01 -1.932697016540191726e+01
3.910000000000000142e-01 -1.981871684349718521e+01
3.920000000000000151e-01 -2.031204252420567968e+01
3.930000000000000160e-01 -2.080694508190873648e+01
3.940000000000000169e-01 -2.130342240007109922e+01
3.950000000000000178e-01 -2.180147237117748205e+01
3.960000000000000187e-01 -2.230109289666992822e+01
3.970000000000000195e-01 -2.280228188688599289e+01
3.980000000000000204e-01 -2.330503726099686901e+01
3.990000000000000213e-01 -2.380935694694716176e+01
4.000000000000000222e-01 -2.431523888139415135e+01
4.010000000000000231e-01 -2.482268100964842006e+01
4.020000000000000240e-01 -2.533168128561433718e+01
4.030000000000000249e-01 -2.584223767173199349e+01
4.040000000000000258e-01 -2.635434813891859562e+01
4.050000000000000266e-01 -2.686801066651173642e+01
4.060000000000000275e-01 -2.738322324221152826e+01
4.070000000000000284e-01 -2.789998386202486813e+01
4.080000000000000293e-01 -2.841829053020936158e+01
4.090000000000000302e-01 -2.893814125921801406e+01
4.100000000000000311e-01 -2.945953406964417809e+01
4.110000000000000320e-01 -2.998246699016721095e+01
4.120000000000000329e-01 -3.050693805749889975e+01
4.130000000000000338e-01 -3.103294531632982967e+01
4.140000000000000346e-01 -3.156048681927660482e+01
4.150000000000000355e-01 -3.208956062682926813e+01
4.160000000000000364e-01 -3.262016480729994328e+01
4.169999999999999818e-01 -3.315229743677048191e+01
4.179999999999999827e-01 -3.368595659904252670e+01
4.189999999999999836e-01 -3.422114038558618176e+01
4.199999999999999845e-01 -3.475784689549030304e+01
4.209999999999999853e-01 -3.529607423541264666e+01
4.219999999999999862e-01 -3.583582051953126779e+01
4.229999999999999871e-01 -3.637708386949515216e+01
4.239999999999999880e-01 -3.691986241437598437e+01
4.249999999999999889e-01 -3.746415429062079738e+01
4.259999999999999898e-01 -3.800995764200416716e+01
4.269999999999999907e-01 -3.855727061958114632e+01
4.279999999999999916e-01 -3.910609138164065257e+01
4.289999999999999925e-01 -3.965641809365928339e+01
4.299999999999999933e-01 -4.020824892825632446e+01
4.309999999999999942e-01 -4.076158206514662652e+01
4.319999999999999951e-01 -4.131641569109731904e+01
4.329999999999999960e-01 -4.187274799988233553e+01
4.339999999999999969e-01 -4.243057719223861568e+01
4.349999999999999978e-01 -4.298990147582182431e+01
4.359999999999999987e-01 -4.355071906516320723e+01
4.369999999999999996e-01 -4.411302818162684503e+01
4.380000000000000004e-01 -4.467682705336585514e+01
4.390000000000000013e-01 -4.524211391528160675e+01
4.400000000000000022e-01 -4.580888700898071875e+01
4.410000000000000031e-01 -4.637714458273327978e+01
4.420000000000000040e-01 -4.694688489143268839e+01
4.430000000000000049e-01 -4.751810619655353207e+01
4.440000000000000058e-01 -4.809080676611176841e+01
4.450000000000000067e-01 -4.866498487462462208e+01
4.460000000000000075e-01 -4.924063880307014074e+01
4.470000000000000084e-01 -4.981776683884791623e+01
4.480000000000000093e-01 -5.039636727574017527e+01
4.490000000000000102e-01 -5.097643841387264274e+01
4.500000000000000111e-01 -5.155797855967580290e+01
4.510000000000000120e-01 -5.214098602584726905e+01
4.520000000000000129e-01 -5.272545913131349948e+01
4.530000000000000138e-01 -5.331139620119205347e+01
4.540000000000000147e-01 -5.389879556675458616e+01
4.550000000000000155e-01 -5.448765556539001409e+01
4.560000000000000164e-01 -5.507797454056773745e+01
4.570000000000000173e-01 -5.566975084180074873e+01
4.580000000000000182e-01 -5.626298282461053191e+01
4.590000000000000191e-01 -5.685766885049085317e+01
4.600000000000000200e-01 -5.745380728687203487e+01
4.610000000000000209e-01 -5.805139650708622412e+01
4.620000000000000218e-01 -5.865043489033232049e+01
4.630000000000000226e-01 -5.925092082164135832e+01
4.640000000000000235e-01 -5.985285269184205958e+01
4.650000000000000244e-01 -6.045622889752738160e+01
4.660000000000000253e-01 -6.106104784101992777e+01
4.670000000000000262e-01 -6.166730793033903524e+01
4.680000000000000271e-01 -6.227500757916729412e+01
4.690000000000000280e-01 -6.288414520681769204e+01
4.700000000000000289e-01 -6.349471923820098596e+01
4.710000000000000298e-01 -6.410672810379315933e+01
4.720000000000000306e-01 -6.472017023960324877e+01
4.730000000000000315e-01 -6.533504408714119904e+01
4.740000000000000324e-01 -6.595134809338708237e+01
4.750000000000000333e-01 -6.656908071075881139e+01
4.760000000000000342e-01 -6.718824039708084683e+01
4.770000000000000351e-01 -6.780882561555429788e+01
4.780000000000000360e-01 -6.843083483472531725e+01
4.790000000000000369e-01 -6.905426652845508784e+01
4.799999999999999822e-01 -6.967911917588949677e+01
4.809999999999999831e-01 -7.030539126142929263e+01
4.819999999999999840e-01 -7.093308127470035629e+01
4.829999999999999849e-01 -7.156218771052408556e+01
4.839999999999999858e-01 -7.219270906888812078e+01
4.849999999999999867e-01 -7.282464385491778103e+01
4.859999999999999876e-01 -7.345799057884636341e+01
4.869999999999999885e-01 -7.409274775598760243e+01
4.879999999999999893e-01 -7.472891390670639566e+01
4.889999999999999902e-01 -7.536648755639137676e+01
4.899999999999999911e-01 -7.600546723542643690e+01
4.909999999999999920e-01 -7.664585147916352525e+01
4.919999999999999929e-01 -7.728763882789462514e+01
4.929999999999999938e-01 -7.793082782682489551e+01
4.939999999999999947e-01 -7.857541702604498823e+01
4.949999999999999956e-01 -7.922140498050532642e+01
4.959999999999999964e-01 -7.986879024998810905e+01
4.969999999999999973e-01 -8.051757139908153249e+01
4.979999999999999982e-01 -8.116774699715358565e+01
4.989999999999999991e-01 -8.181931561832584521e+01
5.000000000000000000e-01 -8.247227584144727075e+01
5.010000000000000009e-01 -8.312662625006910844e+01
5.020000000000000018e-01 -8.378236543241899881e+01
5.030000000000000027e-01 -8.443949198137559620e+01
5.040000000000000036e-01 -8.509800449444423975e+01
5.050000000000000044e-01 -8.575790157373077705e+01
5.060000000000000053e-01 -8.641918182591786035e+01
5.070000000000000062e-01 -8.708184386223967977e+01
5.080000000000000071e-01 -8.774588629845868581e+01
5.090000000000000080e-01 -8.841130775484009519e+01
5.100000000000000089e-01 -8.907810685612813018e+01
5.110000000000000098e-01 -8.974628223152336659e+01
5.120000000000000107e-01 -9.041583251465738158e+01
5.130000000000000115e-01 -9.108675634357064155e+01
5.140000000000000124e-01 -9.175905236068834370e+01
5.150000000000000133e-01 -9.243271921279759340e+01
5.160000000000000142e-01 -9.310775555102435419e+01
5.170000000000000151e-01 -9.378416003081068197e+01
5.180000000000000160e-01 -9.446193131189204450e+01
5.190000000000000169e-01 -9.514106805827535140e+01
5.200000000000000178e-01 -9.582156893821530730e+01
5.210000000000000187e-01 -9.650343262419369239e+01
5.220000000000000195e-01 -9.718665779289653983e+01
5.230000000000000204e-01 -9.787124312519247837e+01
5.240000000000000213e-01 -9.855718730611135925e+01
5.250000000000000222e-01 -9.924448902482245671e+01
5.260000000000000231e-01 -9.993314697461255491e+01
5.270000000000000240e-01 -1.006231598528659674e+02
5.280000000000000249e-01 -1.013145263610424536e+02
5.290000000000000258e-01 -1.020072452046564706e+02
5.300000000000000266e-01 -1.027013150932571079e+02
5.310000000000000275e-01 -1.033967347404062025e+02
5.320000000000000284e-01 -1.040935028636591255e+02
5.330000000000000293e-01 -1.047916181845434664e+02
5.340000000000000302e-01 -1.054910794285395923e+02
5.350000000000000311e-01 -1.061918853250601273e+02
5.360000000000000320e-01 -1.068940346074301715e+02
5.370000000000000329e-01 -1.075975260128675473e+02
5.380000000000000338e-01 -1.083023582824631887e+02
5.390000000000000346e-01 -1.090085301611614739e+02
5.400000000000000355e-01 -1.097160403977411818e+02
5.410000000000000364e-01 -1.104248877447961092e+02
5.420000000000000373e-01 -1.111350709587156018e+02
5.430000000000000382e-01 -1.118465887996666481e+02
5.440000000000000391e-01 -1.125594400315733026e+02
5.450000000000000400e-01 -1.132736234221002576e+02
5.460000000000000409e-01 -1.139891377426321526e+02
5.470000000000000417e-01 -1.147059817682563789e+02
5.480000000000000426e-01 -1.154241542777440941e+02
5.490000000000000435e-01 -1.161436540535330835e+02
5.500000000000000444e-01 -1.168644798817078652e+02
5.510000000000000453e-01 -1.175866305519837454e+02
5.520000000000000462e-01 -1.183101048576875769e+02
5.530000000000000471e-01 -1.190349015957410188e+02
5.540000000000000480e-01 -1.197610195666417212e+02
5.550000000000000488e-01 -1.204884575744474091e+02
5.560000000000000497e-01 -1.212172144267576073e+02
5.570000000000000506e-01 -1.219472889346958766e+02
5.580000000000000515e-01 -1.226786799128943244e+02
5.590000000000000524e-01 -1.234113861794751870e+02
5.600000000000000533e-01 -1.241454065560341746e+02
5.610000000000000542e-01 -1.248807398676246407e+02
5.620000000000000551e-01 -1.256173849427397045e+02
5.630000000000000560e-01 -1.263553406132962209e+02
5.640000000000000568e-01 -1.270946057146188082e+02
5.650000000000000577e-01 -1.278351790854222259e+02
5.660000000000000586e-01 -1.285770595677970505e+02
5.670000000000000595e-01 -1.293202460071914857e+02
5.680000000000000604e-01 -1.300647372523970944e+02
5.690000000000000613e-01 -1.308105321555316891e+02
5.700000000000000622e-01 -1.315576295720242115e+02
5.710000000000000631e-01 -1.323060283605988161e+02
5.720000000000000639e-01 -1.330557273832594092e+02
5.730000000000000648e-01 -1.338067255052738460e+02
5.740000000000000657e-01 -1.345590215951586401e+02
5.750000000000000666e-01 -1.353126145246641272e+02
5.760000000000000675e-01 -1.360675031687589467e+02
5.769999999999999574e-01 -1.368236864056140121e+02
5.779999999999999583e-01 -1.375811631165898916e+02
5.789999999999999591e-01 -1.383399321862194142e+02
5.799999999999999600e-01 -1.390999925021941976e+02
5.809999999999999609e-01 -1.398613429553496417e+02
5.819999999999999618e-01 -1.406239824396502627e+02
5.829999999999999627e-01 -1.413879098521758237e+02
5.839999999999999636e-01 -1.421531240931052480e+02
5.849999999999999645e-01 -1.429196240657043973e+02
5.859999999999999654e-01 -1.436874086763100991e+02
5.869999999999999662e-01 -1.444564768343172432e+02
5.879999999999999671e-01 -1.452268274521638318e+02
5.889999999999999680e-01 -1.459984594453177351e+02
5.899999999999999689e-01 -1.467713717322620823e+02
5.909999999999999698e-01 -1.475455632344819037e+02
5.919999999999999707e-01 -1.483210328764505448e+02
5.929999999999999716e-01 -1.490977795856158536e+02
5.939999999999999725e-01 -1.498758022923864246e+02
5.949999999999999734e-01 -1.506550999301187517e+02
5.959999999999999742e-01 -1.514356714351031883e+02
5.969999999999999751e-01 -1.522175157465509869e+02
5.979999999999999760e-01 -1.530006318065813389e+02
5.989999999999999769e-01 -1.537850185602077886e+02
5.999999999999999778e-01 -1.545706749553256714e+02
6.009999999999999787e-01 -1.553575999426984708e+02
6.019999999999999796e-01 -1.561457924759461662e+02
6.029999999999999805e-01 -1.569352515115307938e+02
6.039999999999999813e-01 -1.577259760087452491e+02
6.049999999999999822e-01 -1.585179649296998150e+02
6.059999999999999831e-01 -1.593112172393101105e+02
6.069999999999999840e-01 -1.601057319052836192e+02
6.079999999999999849e-01 -1.609015078981088323e+02
6.089999999999999858e-01 -1.616985441910413215e+02
6.099999999999999867e-01 -1.624968397600929393e+02
6.109999999999999876e-01 -1.632963935840185172e+02
6.119999999999999885e-01 -1.640972046443043268e+02
6.129999999999999893e-01 -1.648992719251561425e+02
6.139999999999999902e-01 -1.657025944134866222e+02
6.149999999999999911e-01 -1.665071710989045073e+02
6.159999999999999920e-01 -1.673130009737016053e+02
6.169999999999999929e-01 -1.681200830328418760e+02
6.179999999999999938e-01 -1.689284162739500061e+02
6.189999999999999947e-01 -1.697379996972985623e+02
6.199999999999999956e-01 -1.705488323057977595e+02
6.209999999999999964e-01 -1.713609131049833536e+02
6.219999999999999973e-01 -1.721742411030054427e+02
6.229999999999999982e-01 -1.729888153106170421e+02
6.239999999999999991e-01 -1.738046347411630563e+02
6.250000000000000000e-01 -1.746216984105686834e+02
6.260000000000000009e-01 -1.754400053373288983e+02
6.270000000000000018e-01 -1.762595545424970283e+02
6.280000000000000027e-01 -1.770803450496732125e+02
6.290000000000000036e-01 -1.779023758849947967e+02
6.300000000000000044e-01 -1.787256460771245088e+02
6.310000000000000053e-01 -1.795501546572399434e+02
6.320000000000000062e-01 -1.803759006590225908e+02
6.330000000000000071e-01 -1.812028831186477760e+02
6.340000000000000080e-01 -1.820311010747735736e+02
6.350000000000000089e-01 -1.828605535685298946e+02
6.360000000000000098e-01 -1.836912396435092205e+02
6.370000000000000107e-01 -1.845231583457551210e+02
6.380000000000000115e-01 -1.853563087237520222e+02
6.390000000000000124e-01 -1.861906898284156568e+02
6.400000000000000133e-01 -1.870263007130816391e+02
6.410000000000000142e-01 -1.878631404334968238e+02
6.420000000000000151e-01 -1.887012080478076541e+02
6.430000000000000160e-01 -1.895405026165506115e+02
6.440000000000000169e-01 -1.903810232026434051e+02
6.450000000000000178e-01 -1.912227688713729776e+02
6.460000000000000187e-01 -1.920657386903870929e+02
6.470000000000000195e-01 -1.929099317296840468e+02
6.480000000000000204e-01 -1.937553470616031177e+02
6.490000000000000213e-01 -1.946019837608141074e+02
6.500000000000000222e-01 -1.954498409043092124e+02
6.510000000000000231e-01 -1.962989175713914847e+02
6.520000000000000240e-01 -1.971492128436669304e+02
6.530000000000000249e-01 -1.980007258050339374e+02
6.540000000000000258e-01 -1.988534555416742364e+02
6.550000000000000266e-01 -1.997074011420442048e+02
6.560000000000000275e-01 -2.005625616968641225e+02
6.570000000000000284e-01 -2.014189362991100438e+02
6.580000000000000293e-01 -2.022765240440039065e+02
6.590000000000000302e-01 -2.031353240290046642e+02
6.600000000000000311e-01 -2.039953353537991916e+02
6.610000000000000320e-01 -2.048565571202938713e+02
6.620000000000000329e-01 -2.057189884326035667e+02
6.630000000000000338e-01 -2.065826283970444592e+02
6.640000000000000346e-01 -2.074474761221250674e+02
6.650000000000000355e-01 -2.083135307185364127e+02
6.660000000000000364e-01 -2.091807912991440617e+02
6.670000000000000373e-01 -2.100492569789786899e+02
6.680000000000000382e-01 -2.109189268752280100e+02
6.690000000000000391e-01 -2.117898001072275065e+02
6.700000000000000400e-01 -2.126618757964523070e+02
6.710000000000000409e-01 -2.135351530665082578e+02
6.720000000000000417e-01 -2.144096310431237953e+02
6.730000000000000426e-01 -2.152853088541408511e+02
6.740000000000000435e-01 -2.161621856295071211e+02
6.750000000000000444e-01 -2.170402605012669142e+02
6.760000000000000453e-01 -2.179195326035537050e+02
6.770000000000000462e-01 -2.188000010725812103e+02
6.780000000000000471e-01 -2.196816650466350893e+02
6.790000000000000480e-01 -2.205645236660651562e+02
6.800000000000000488e-01 -2.214485760732771382e+02
6.810000000000000497e-01 -2.223338214127243191e+02
6.820000000000000506e-01 -2.232202588308994109e+02
6.830000000000000515e-01 -2.241078874763269368e+02
6.840000000000000524e-01 -2.249967064995551027e+02
6.850000000000000533e-01 -2.258867150531476682e+02
6.860000000000000542e-01 -2.267779122916759889e+02
6.870000000000000551e-01 -2.276702973717122518e+02
6.880000000000000560e-01 -2.285638694518193006e+02
6.890000000000000568e-01 -2.294586276925456332e+02
6.900000000000000577e-01 -2.303545712564155110e+02
6.910000000000000586e-01 -2.312516993079230474e+02
6.920000000000000595e-01 -2.321500110135224872e+02
6.930000000000000604e-01 -2.330495055416229206e+02
6.940000000000000613e-01 -2.339501820625786195e+02
6.950000000000000622e-01 -2.348520397486834099e+02
6.960000000000000631e-01 -2.357550777741617480e+02
6.970000000000000639e-01 -2.366592953151619554e+02
6.980000000000000648e-01 -2.375646915497483178e+02
6.990000000000000657e-01 -2.384712656578947190e+02
7.000000000000000666e-01 -2.393790168214761138e+02
7.010000000000000675e-01 -2.402879442242619916e+02
7.020000000000000684e-01 -2.411980470519091568e+02
7.030000000000000693e-01 -2.421093244919540552e+02
7.039999999999999591e-01 -2.430217757338059528e+02
7.049999999999999600e-01 -2.439353999687401142e+02
7.059999999999999609e-01 -2.448501963898893905e+02
7.069999999999999618e-01 -2.457661641922390459e+02
7.079999999999999627e-01 -2.466833025726182882e+02
7.089999999999999636e-01 -2.476016107296941300e+02
7.099999999999999645e-01 -2.485210878639637144e+02
7.109999999999999654e-01 -2.494417331777480626e+02
7.119999999999999662e-01 -2.503635458751853093e+02
7.129999999999999671e-01 -2.512865251622224605e+02
7.139999999999999680e-01 -2.522106702466107322e+02
7.149999999999999689e-01 -2.531359803378969673e+02
7.159999999999999698e-01 -2.540624546474182353e+02
7.169999999999999707e-01 -2.549900923882939878e+02
7.179999999999999716e-01 -2.559188927754203178e+02
7.189999999999999725e-01 -2.568488550254628535e+02
7.199999999999999734e-01 -2.577799783568501084e+02
7.209999999999999742e-01 -2.587122619897673985e+02
7.219999999999999751e-01 -2.596457051461500214e+02
7.229999999999999760e-01 -2.605803070496762075e+02
7.239999999999999769e-01 -2.615160669257622885e+02
7.249999999999999778e-01 -2.624529840015541140e+02
7.259999999999999787e-01 -2.633910575059224470e+02
7.269999999999999796e-01 -2.643302866694555178e+02
7.279999999999999805e-01 -2.652706707244533391e+02
7.289999999999999813e-01 -2.662122089049212263e+02
7.299999999999999822e-01 -2.671549004465634312e+02
7.309999999999999831e-01 -2.680987445867764905e+02
7.319999999999999840e-01 -2.690437405646445086e+02
7.329999999999999849e-01 -2.699898876209311425e+02
7.339999999999999858e-01 -2.709371849980745992e+02
7.349999999999999867e-01 -2.718856319401814972e+02
7.359999999999999876e-01 -2.728352276930199878e+02
7.369999999999999885e-01 -2.737859715040149240e+02
7.379999999999999893e-01 -2.747378626222407547e+02
7.389999999999999902e-01 -2.756909002984161816e+02
7.399999999999999911e-01 -2.766450837848977926e+02
7.409999999999999920e-01 -2.776004123356747186e+02
7.419999999999999929e-01 -2.785568852063622103e+02
7.429999999999999938e-01 -2.795145016541959535e+02
7.439999999999999947e-01 -2.804732609380260442e+02
7.449999999999999956e-01 -2.814331623183118154e+02
7.459999999999999964e-01 -2.823942050571154709e+02
7.469999999999999973e-01 -2.833563884180964010e+02
7.479999999999999982e-01 -2.843197116665053841e+02
7.489999999999999991e-01 -2.852841740691796417e+02
7.500000000000000000e-01 -2.862497748945360740e+02
7.510000000000000009e-01 -2.872165134125662576e+02
7.520000000000000018e-01 -2.881843888948312156e+02
7.530000000000000027e-01 -2.891534006144547675e+02
7.540000000000000036e-01 -2.901235478461190382e+02
7.550000000000000044e-01 -2.910948298660580349e+02
7.560000000000000053e-01 -2.920672459520530992e+02
7.570000000000000062e-01 -2.930407953834265982e+02
7.580000000000000071e-01 -2.940154774410370351e+02
7.590000000000000080e-01 -2.949912914072734225e+02
7.600000000000000089e-01 -2.959682365660497112e+02
7.610000000000000098e-01 -2.969463122027998452e+02
7.620000000000000107e-01 -2.979255176044719633e+02
7.630000000000000115e-01 -2.989058520595235109e+02
7.640000000000000124e-01 -2.998873148579156691e+02
7.650000000000000133e-01 -3.008699052911083527e+02
7.660000000000000142e-01 -3.018536226520546393e+02
7.670000000000000151e-01 -3.028384662351961083e+02
7.680000000000000160e-01 -3.038244353364567587e+02
7.690000000000000169e-01 -3.048115292532386320e+02
7.700000000000000178e-01 -3.057997472844166396e+02
7.710000000000000187e-01 -3.067890887303331624e+02
7.720000000000000195e-01 -3.077795528927925375e+02
7.730000000000000204e-01 -3.087711390750574765e+02
7.740000000000000213e-01 -3.097638465818423015e+02
7.750000000000000222e-01 -3.107576747193090796e+02
7.760000000000000231e-01 -3.117526227950621660e+02
7.770000000000000240e-01 -3.127486901181432586e+02
7.780000000000000249e-01 -3.137458759990267936e+02
7.790000000000000258e-01 -3.147441797496145455e+02
7.800000000000000266e-01 -3.157436006832310795e+02
7.810000000000000275e-01 -3.167441381146185222e+02
7.820000000000000284e-01 -3.177457913599328094e+02
7.830000000000000293e-01 -3.187485597367368086e+02
7.840000000000000302e-01 -3.197524425639977039e+02
7.850000000000000311e-01 -3.207574391620806864e+02
7.860000000000000320e-01 -3.217635488527450320e+02
7.870000000000000329e-01 -3.227707709591390994e+02
7.880000000000000338e-01 -3.237791048057954413e+02
7.890000000000000346e-01 -3.247885497186266548e+02
7.900000000000000355e-01 -3.257991050249199247e+02
7.910000000000000364e-01 -3.268107700533331581e+02
7.920000000000000373e-01 -3.278235441338898681e+02
7.930000000000000382e-01 -3.288374265979747406e+02
7.940000000000000391e-01 -3.298524167783289158e+02
7.950000000000000400e-01 -3.308685140090457821e+02
7.960000000000000409e-01 -3.318857176255661443e+02
7.970000000000000417e-01 -3.329040269646738466e+02
7.980000000000000426e-01 -3.339234413644907704e+02
7.990000000000000435e-01 -3.349439601644735944e+02
8.000000000000000444e-01 -3.359655827054079396e+02
8.010000000000000453e-01 -3.369883083294045605e+02
8.020000000000000462e-01 -3.380121363798950824e+02
8.030000000000000471e-01 -3.390370662016276810e+02
8.040000000000000480e-01 -3.400630971406621939e+02
8.050000000000000488e-01 -3.410902285443659139e+02
8.060000000000000497e-01 -3.421184597614100085e+02
8.070000000000000506e-01 -3.431477901417635508e+02
8.080000000000000515e-01 -3.441782190366913596e+02
8.090000000000000524e-01 -3.452097457987482017e+02
8.100000000000000533e-01 -3.462423697817748121e+02
8.110000000000000542e-01 -3.472760903408941431e+02
8.120000000000000551e-01 -3.483109068325067028e+02
8.130000000000000560e-01 -3.493468186142866898e+02
8.140000000000000568e-01 -3.503838250451772751e+02
8.150000000000000577e-01 -3.514219254853870780e+02
8.160000000000000586e-01 -3.524611192963854478e+02
8.170000000000000595e-01 -3.535014058408994515e+02
8.180000000000000604e-01 -3.545427844829077344e+02
8.190000000000000613e-01 -3.555852545876387580e+02
8.200000000000000622e-01 -3.566288155215653433e+02
8.210000000000000631e-01 -3.576734666524007480e+02
8.220000000000000639e-01 -3.587192073490952566e+02
8.230000000000000648e-01 -3.597660369818308936e+02
8.240000000000000657e-01 -3.608139549220193203e+02
8.250000000000000666e-01 -3.618629605422964346e+02
8.260000000000000675e-01 -3.629130532165184491e+02
8.270000000000000684e-01 -3.639642323197590486e+02
8.280000000000000693e-01 -3.650164972283040470e+02
8.290000000000000702e-01 -3.660698473196489431e+02
8.300000000000000711e-01 -3.671242819724934634e+02
8.310000000000000719e-01 -3.681798005667392317e+02
8.320000000000000728e-01 -3.692364024834846532e+02
8.329999999999999627e-01 -3.702940871050220721e+02
8.339999999999999636e-01 -3.713528538148332814e+02
8.349999999999999645e-01 -3.724127019975859980e+02
8.359999999999999654e-01 -3.734736310391301686e+02
8.369999999999999662e-01 -3.745356403264937626e+02
8.379999999999999671e-01 -3.755987292478798736e+02
8.389999999999999680e-01 -3.766628971926621716e+02
8.399999999999999689e-01 -3.777281435513811516e+02
8.409999999999999698e-01 -3.787944677157413480e+02
8.419999999999999707e-01 -3.798618690786069010e+02
8.429999999999999716e-01 -3.809303470339978048e+02
8.439999999999999725e-01 -3.819999009770866678e+02
8.449999999999999734e-01 -3.830705303041952448e+02
8.459999999999999742e-01 -3.841422344127896622e+02
8.469999999999999751e-01 -3.852150127014788268e+02
8.479999999999999760e-01 -3.862888645700083998e+02
8.489999999999999769e-01 -3.873637894192595468e+02
8.499999999999999778e-01 -3.884397866512439350e+02
8.509999999999999787e-01 -3.895168556691000958e+02
8.519999999999999796e-01 -3.905949958770911508e+02
8.529999999999999805e-01 -3.916742066806003777e+02
8.539999999999999813e-01 -3.927544874861275730e+02
8.549999999999999822e-01 -3.938358377012858682e+02
8.559999999999999831e-01 -3.949182567347985469e+02
8.569999999999999840e-01 -3.960017439964955202e+02
8.579999999999999849e-01 -3.970862988973094616e+02
8.589999999999999858e-01 -3.981719208492719417e+02
8.599999999999999867e-01 -3.992586092655120638e+02
8.609999999999999876e-01 -4.003463635602505519e+02
8.619999999999999885e-01 -4.014351831487986146e+02
8.629999999999999893e-01 -4.025250674475523738e+02
8.639999999999999902e-01 -4.036160158739912731e+02
8.649999999999999911e-01 -4.047080278466743266e+02
8.659999999999999920e-01 -4.058011027852360257e+02
8.669999999999999929e-01 -4.068952401103841794e+02
8.679999999999999938e-01 -4.079904392438958212e+02
8.689999999999999947e-01 -4.090866996086142535e+02
8.699999999999999956e-01 -4.101840206284451824e+02
8.709999999999999964e-01 -4.112824017283551257e+02
8.719999999999999973e-01 -4.123818423343660697e+02
8.729999999999999982e-01 -4.134823418735535370e+02
8.739999999999999991e-01 -4.145838997740431751e+02
8.750000000000000000e-01 -4.156865154650073464e+02
8.760000000000000009e-01 -4.167901883766617175e+02
8.770000000000000018e-01 -4.178949179402635536e+02
8.780000000000000027e-01 -4.190007035881061483e+02
8.790000000000000036e-01 -4.201075447535178000e+02
8.800000000000000044e-01 -4.212154408708573783e+02
8.810000000000000053e-01 -4.223243913755126187e+02
8.820000000000000062e-01 -4.234343957038942108e+02
8.830000000000000071e-01 -4.245454532934372764e+02
8.840000000000000080e-01 -4.256575635825934114e+02
8.850000000000000089e-01 -4.267707260108309129e+02
8.860000000000000098e-01 -4.278849400186301182e+02
8.870000000000000107e-01 -4.290002050474816997e+02
8.880000000000000115e-01 -4.301165205398815488e+02
8.890000000000000124e-01 -4.312338859393306620e+02
8.900000000000000133e-01 -4.323523006903293435e+02
8.910000000000000142e-01 -4.334717642383761813e+02
8.920000000000000151e-01 -4.345922760299633865e+02
8.930000000000000160e-01 -4.357138355125759972e+02
8.940000000000000169e-01 -4.368364421346868767e+02
8.950000000000000178e-01 -4.379600953457547803e+02
8.960000000000000187e-01 -4.390847945962212862e+02
8.970000000000000195e-01 -4.402105393375076119e+02
8.980000000000000204e-01 -4.413373290220127956e+02
8.990000000000000213e-01 -4.424651631031084662e+02
9.000000000000000222e-01 -4.435940410351394121e+02
9.010000000000000231e-01 -4.447239622734165323e+02
9.020000000000000240e-01 -4.458549262742184283e+02
9.030000000000000249e-01 -4.469869324947845826e+02
9.040000000000000258e-01 -4.481199803933154726e+02
9.050000000000000266e-01 -4.492540694289679095e+02
9.060000000000000275e-01 -4.503891990618533328e+02
9.070000000000000284e-01 -4.515253687530340585e+02
9.080000000000000293e-01 -4.526625779645215744e+02
9.090000000000000302e-01 -4.538008261592732424e+02
9.100000000000000311e-01 -4.549401128011888886e+02
9.110000000000000320e-01 -4.560804373551092112e+02
9.120000000000000329e-01 -4.572217992868123702e+02
9.130000000000000338e-01 -4.583641980630111448e+02
9.140000000000000346e-01 -4.595076331513512287e+02
9.150000000000000355e-01 -4.606521040204065685e+02
9.160000000000000364e-01 -4.617976101396790227e+02
9.170000000000000373e-01 -4.629441509795934735e+02
9.180000000000000382e-01 -4.640917260114973715e+02
9.190000000000000391e-01 -4.652403347076559612e+02
9.200000000000000400e-01 -4.663899765412509169e+02
9.210000000000000409e-01 -4.675406509863772726e+02
9.220000000000000417e-01 -4.686923575180410353e+02
9.230000000000000426e-01 -4.698450956121562285e+02
9.240000000000000435e-01 -4.709988647455425053e+02
9.250000000000000444e-01 -4.721536643959223056e+02
9.260000000000000453e-01 -4.733094940419191516e+02
9.270000000000000462e-01 -4.744663531630534408e+02
9.280000000000000471e-01 -4.756242412397410817e+02
9.290000000000000480e-01 -4.767831577532919027e+02
9.300000000000000488e-01 -4.779431021859036264e+02
9.310000000000000497e-01 -4.791040740206633473e+02
9.320000000000000506e-01 -4.802660727415425299e+02
9.330000000000000515e-01 -4.814290978333953035e+02
9.340000000000000524e-01 -4.825931487819560743e+02
9.350000000000000533e-01 -4.837582250738364564e+02
9.360000000000000542e-01 -4.849243261965231113e+02
9.370000000000000551e-01 -4.860914516383758155e+02
9.380000000000000560e-01 -4.872596008886234813e+02
9.390000000000000568e-01 -4.884287734373642706e+02
9.400000000000000577e-01 -4.895989687755594559e+02
9.410000000000000586e-01 -4.907701863950351253e+02
9.420000000000000595e-01 -4.919424257884760436e+02
9.430000000000000604e-01 -4.931156864494263345e+02
9.440000000000000613e-01 -4.942899678722842509e+02
9.450000000000000622e-01 -4.954652695523024022e+02
9.460000000000000631e-01 -4.966415909855829796e+02
9.470000000000000639e-01 -4.978189316690777559e+02
9.480000000000000648e-01 -4.989972911005830838e+02
9.490000000000000657e-01 -5.001766687787401224e+02
9.500000000000000666e-01 -5.013570642030300633e+02
9.510000000000000675e-01 -5.025384768737748118e+02
9.520000000000000684e-01 -5.037209062921307350e+02
9.530000000000000693e-01 -5.049043519600899117e+02
9.540000000000000702e-01 -5.060888133804752442e+02
9.550000000000000711e-01 -5.072742900569403446e+02
9.560000000000000719e-01 -5.084607814939653281e+02
9.570000000000000728e-01 -5.096482871968561312e+02
9.580000000000000737e-01 -5.108368066717401916e+02
9.590000000000000746e-01 -5.120263394255664480e+02
9.599999999999999645e-01 -5.132168849661011336e+02
9.609999999999999654e-01 -5.144084428019274355e+02
9.619999999999999662e-01 -5.156010124424417427e+02
9.629999999999999671e-01 -5.167945933978515995e+02
9.639999999999999680e-01 -5.179891851791742283e+02
9.649999999999999689e-01 -5.191847872982332319e+02
9.659999999999999698e-01 -5.203813992676575708e+02
9.669999999999999707e-01 -5.215790206008789482e+02
9.679999999999999716e-01 -5.227776508121285133e+02
9.689999999999999725e-01 -5.239772894164367472e+02
9.699999999999999734e-01 -5.251779359296286884e+02
9.709999999999999742e-01 -5.263795898683251835e+02
9.719999999999999751e-01 -5.275822507499362928e+02
9.729999999999999760e-01 -5.287859180926637919e+02
9.739999999999999769e-01 -5.299905914154957145e+02
9.749999999999999778e-01 -5.311962702382057842e+02
9.759999999999999787e-01 -5.324029540813496624e+02
9.769999999999999796e-01 -5.336106424662661993e+02
9.779999999999999805e-01 -5.348193349150703853e+02
9.789999999999999813e-01 -5.360290309506565336e+02
9.799999999999999822e-01 -5.372397300966915736e+02
9.809999999999999831e-01 -5.384514318776160735e+02
9.819999999999999840e-01 -5.396641358186407160e+02
9.829999999999999849e-01 -5.408778414457453891e+02
9.839999999999999858e-01 -5.420925482856745248e+02
9.849999999999999867e-01 -5.433082558659383494e+02
9.859999999999999876e-01 -5.445249637148087913e+02
9.869999999999999885e-01 -5.457426713613181164e+02
9.879999999999999893e-01 -5.469613783352565406e+02
9.889999999999999902e-01 -5.481810841671704111e+02
9.899999999999999911e-01 -5.494017883883597051e+02
9.909999999999999920e-01 -5.506234905308780299e+02
9.919999999999999929e-01 -5.518461901275264836e+02
9.929999999999999938e-01 -5.530698867118574071e+02
9.939999999999999947e-01 -5.542945798181657437e+02
9.949999999999999956e-01 -5.555202689814933592e+02
9.959999999999999964e-01 -5.567469537376226754e+02
9.969999999999999973e-01 -5.579746336230767838e+02
9.979999999999999982e-01 -5.592033081751166037e+02
9.989999999999999991e-01 -5.604329769317398586e+02
1.000000000000000000e+00 -5.616636394316775522e+02
