0.000000000000000000e+00 0.000000000000000000e+00
1.000000000000000021e-03 2.279095898443654900e+00
2.000000000000000042e-03 3.870761473941158215e+00
3.000000000000000062e-03 5.235796442051890764e+00
4.000000000000000083e-03 6.456515122438553966e+00
5.000000000000000104e-03 7.571075256189387481e+00
6.000000000000000125e-03 8.601712460202287858e+00
7.000000000000000146e-03 9.563045608101058193e+00
8.000000000000000167e-03 1.046544361452039240e+01
9.000000000000001055e-03 1.131665696584105163e+01
1.000000000000000021e-02 1.212270639586425247e+01
1.099999999999999936e-02 1.288840902349372541e+01
1.200000000000000025e-02 1.361771003458309259e+01
1.300000000000000114e-02 1.431390230439787459e+01
1.400000000000000029e-02 1.497977768636266838e+01
1.499999999999999944e-02 1.561773467741315891e+01
1.600000000000000033e-02 1.622985715827743292e+01
1.700000000000000122e-02 1.681797333213465251e+01
1.800000000000000211e-02 1.738370073243780922e+01
1.899999999999999953e-02 1.792848119616540714e+01
2.000000000000000042e-02 1.845360845855476484e+01
2.100000000000000130e-02 1.896025022292582207e+01
2.199999999999999872e-02 1.944946602630011512e+01
2.299999999999999961e-02 1.992222185935513323e+01
2.400000000000000050e-02 2.037940224800577482e+01
2.500000000000000139e-02 2.082182032635192570e+01
2.600000000000000228e-02 2.125022630314572325e+01
2.699999999999999969e-02 2.166531463085305376e+01
2.800000000000000058e-02 2.206773011753434588e+01
2.900000000000000147e-02 2.245807317019311711e+01
2.999999999999999889e-02 2.283690431915489327e+01
3.099999999999999978e-02 2.320474814309580935e+01
3.200000000000000067e-02 2.356209669117528094e+01
3.300000000000000155e-02 2.390941248063972679e+01
3.400000000000000244e-02 2.424713113401823250e+01
3.500000000000000333e-02 2.457566370872355321e+01
3.600000000000000422e-02 2.489539876282604780e+01
3.699999999999999817e-02 2.520670419348420666e+01
3.799999999999999906e-02 2.550992887860773450e+01
3.899999999999999994e-02 2.580540414751252598e+01
4.000000000000000083e-02 2.609344510237074388e+01
4.100000000000000172e-02 2.637435180900009968e+01
4.200000000000000261e-02 2.664841037282766223e+01
4.300000000000000350e-02 2.691589391361022265e+01
4.399999999999999745e-02 2.717706345060433648e+01
4.499999999999999833e-02 2.743216870828976184e+01
4.599999999999999922e-02 2.768144885140931422e+01
4.700000000000000011e-02 2.792513315694881726e+01
4.800000000000000100e-02 2.816344162971307696e+01
4.900000000000000189e-02 2.839658556732490524e+01
5.000000000000000278e-02 2.862476807976416282e+01
5.100000000000000366e-02 2.884818456795365194e+01
5.200000000000000455e-02 2.906702316537075603e+01
5.299999999999999850e-02 2.928146514620694774e+01
5.399999999999999939e-02 2.949168530320185866e+01
5.500000000000000028e-02 2.969785229793173897e+01
5.600000000000000117e-02 2.990012898603277591e+01
5.700000000000000205e-02 3.009867271957333656e+01
5.800000000000000294e-02 3.029363562855977676e+01
5.900000000000000383e-02 3.048516488335498309e+01
5.999999999999999778e-02 3.067340293961062514e+01
6.099999999999999867e-02 3.085848776715306485e+01
6.199999999999999956e-02 3.104055306412480775e+01
6.300000000000000044e-02 3.121972845755625769e+01
6.400000000000000133e-02 3.139613969143200478e+01
6.500000000000000222e-02 3.156990880321835391e+01
6.600000000000000311e-02 3.174115428972785224e+01
6.700000000000000400e-02 3.190999126311920975e+01
6.800000000000000488e-02 3.207653159775993146e+01
6.900000000000000577e-02 3.224088406861556422e+01
7.000000000000000666e-02 3.240315448177000945e+01
7.100000000000000755e-02 3.256344579763424463e+01
7.200000000000000844e-02 3.272185824734965820e+01
7.299999999999999545e-02 3.287848944285366315e+01
7.399999999999999634e-02 3.303343448103487390e+01
7.499999999999999722e-02 3.318678604237267393e+01
7.599999999999999811e-02 3.333863448442370725e+01
7.699999999999999900e-02 3.348906793048881525e+01
7.799999999999999989e-02 3.363817235377055681e+01
7.900000000000000078e-02 3.378603165730460489e+01
8.000000000000000167e-02 3.393272774993037899e+01
8.100000000000000255e-02 3.407834061854313745e+01
8.200000000000000344e-02 3.422294839685518753e+01
8.300000000000000433e-02 3.436662743087562433e+01
8.400000000000000522e-02 3.450945234130270478e+01
8.500000000000000611e-02 3.465149608301051387e+01
8.600000000000000699e-02 3.479283000179809449e+01
8.700000000000000788e-02 3.493352388855811341e+01
8.799999999999999489e-02 3.507364603101012790e+01
8.899999999999999578e-02 3.521326326313615596e+01
8.999999999999999667e-02 3.535244101244407489e+01
9.099999999999999756e-02 3.549124334517870238e+01
9.199999999999999845e-02 3.562973300959166068e+01
9.299999999999999933e-02 3.576797147737254079e+01
9.400000000000000022e-02 3.590601898334027453e+01
9.500000000000000111e-02 3.604393456348446989e+01
9.600000000000000200e-02 3.618177609144296980e+01
9.700000000000000289e-02 3.631960031349586870e+01
9.800000000000000377e-02 3.645746288214900233e+01
9.900000000000000466e-02 3.659541838838234185e+01
1.000000000000000056e-01 3.673352039262394442e+01
1.010000000000000064e-01 3.687182145451637894e+01
1.020000000000000073e-01 3.701037316153286838e+01
1.030000000000000082e-01 3.714922615649780369e+01
1.040000000000000091e-01 3.728843016406563038e+01
1.049999999999999961e-01 3.742803401620571435e+01
1.059999999999999970e-01 3.756808567674042365e+01
1.069999999999999979e-01 3.770863226498119047e+01
1.079999999999999988e-01 3.784972007850174691e+01
1.089999999999999997e-01 3.799139461508920590e+01
1.100000000000000006e-01 3.813370059391175459e+01
1.110000000000000014e-01 3.827668197593337140e+01
1.120000000000000023e-01 3.842038198361345280e+01
1.130000000000000032e-01 3.856484311992019798e+01
1.140000000000000041e-01 3.871010718668819095e+01
1.150000000000000050e-01 3.885621530234857346e+01
1.160000000000000059e-01 3.900320791905841133e+01
1.170000000000000068e-01 3.915112483925457809e+01
1.180000000000000077e-01 3.930000523165685422e+01
1.190000000000000085e-01 3.944988764674172899e+01
1.199999999999999956e-01 3.960081003171112002e+01
1.209999999999999964e-01 3.975280974497408693e+01
1.219999999999999973e-01 3.990592357016325309e+01
1.229999999999999982e-01 4.006018772970315922e+01
1.239999999999999991e-01 4.021563789794993227e+01
1.250000000000000000e-01 4.037230921391736160e+01
1.260000000000000009e-01 4.053023629360799873e+01
1.270000000000000018e-01 4.068945324196175761e+01
1.280000000000000027e-01 4.084999366443980762e+01
1.290000000000000036e-01 4.101189067825535517e+01
1.300000000000000044e-01 4.117517692326606493e+01
1.310000000000000053e-01 4.133988457253983029e+01
1.320000000000000062e-01 4.150604534260764922e+01
1.330000000000000071e-01 4.167369050341386583e+01
1.340000000000000080e-01 4.184285088797491881e+01
1.350000000000000089e-01 4.201355690175887503e+01
1.360000000000000098e-01 4.218583853179336529e+01
1.370000000000000107e-01 4.235972535551491092e+01
1.380000000000000115e-01 4.253524654936410343e+01
1.390000000000000124e-01 4.271243089714209873e+01
1.400000000000000133e-01 4.289130679813092684e+01
1.410000000000000142e-01 4.307190227498909962e+01
1.420000000000000151e-01 4.325424498142962193e+01
1.430000000000000160e-01 4.343836220968699990e+01
1.440000000000000169e-01 4.362428089778410367e+01
1.449999999999999900e-01 4.381202763659780430e+01
1.459999999999999909e-01 4.400162867674004019e+01
1.469999999999999918e-01 4.419310993525442655e+01
1.479999999999999927e-01 4.438649700213329652e+01
1.489999999999999936e-01 4.458181514666767953e+01
1.499999999999999944e-01 4.477908932362839778e+01
1.509999999999999953e-01 4.497834417928953599e+01
1.519999999999999962e-01 4.517960405729468221e+01
1.529999999999999971e-01 4.538289300437492102e+01
1.539999999999999980e-01 4.558823477592193285e+01
1.549999999999999989e-01 4.579565284141807524e+01
1.559999999999999998e-01 4.600517038973350736e+01
1.570000000000000007e-01 4.621681033428967567e+01
1.580000000000000016e-01 4.643059531809541340e+01
1.590000000000000024e-01 4.664654771865951943e+01
1.600000000000000033e-01 4.686468965278282894e+01
1.610000000000000042e-01 4.708504298123432363e+01
1.620000000000000051e-01 4.730762931331577192e+01
1.630000000000000060e-01 4.753247001131467186e+01
1.640000000000000069e-01 4.775958619485237477e+01
1.650000000000000078e-01 4.798899874512954966e+01
1.660000000000000087e-01 4.822072830907154639e+01
1.670000000000000095e-01 4.845479530337649976e+01
1.680000000000000104e-01 4.869121991847021036e+01
1.690000000000000113e-01 4.893002212236797277e+01
1.700000000000000122e-01 4.917122166445000175e+01
1.710000000000000131e-01 4.941483807914960380e+01
1.720000000000000140e-01 4.966089068955693620e+01
1.730000000000000149e-01 4.990939861094267371e+01
1.740000000000000158e-01 5.016038075420249243e+01
1.750000000000000167e-01 5.041385582922362119e+01
1.759999999999999898e-01 5.066984234817840616e+01
1.769999999999999907e-01 5.092835862874483155e+01
1.779999999999999916e-01 5.118942279725513345e+01
1.789999999999999925e-01 5.145305279177813418e+01
1.799999999999999933e-01 5.171926636513228459e+01
1.809999999999999942e-01 5.198808108783623538e+01
1.819999999999999951e-01 5.225951435099409537e+01
1.829999999999999960e-01 5.253358336912123150e+01
1.839999999999999969e-01 5.281030518290810960e+01
1.849999999999999978e-01 5.308969666192729164e+01
1.859999999999999987e-01 5.337177450728376016e+01
1.869999999999999996e-01 5.365655525420993399e+01
1.880000000000000004e-01 5.394405527460486383e+01
1.890000000000000013e-01 5.423429077952482658e+01
1.900000000000000022e-01 5.452727782161974801e+01
1.910000000000000031e-01 5.482303229752091056e+01
1.920000000000000040e-01 5.512156995018114003e+01
1.930000000000000049e-01 5.542290637116656171e+01
1.940000000000000058e-01 5.572705700290225650e+01
1.950000000000000067e-01 5.603403714087380649e+01
1.960000000000000075e-01 5.634386193578598068e+01
1.970000000000000084e-01 5.665654639567515005e+01
1.980000000000000093e-01 5.697210538798503876e+01
1.990000000000000102e-01 5.729055364159853525e+01
2.000000000000000111e-01 5.761190574883073623e+01
2.010000000000000120e-01 5.793617616738254128e+01
2.020000000000000129e-01 5.826337922226025512e+01
2.030000000000000138e-01 5.859352910765346678e+01
2.040000000000000147e-01 5.892663988877984593e+01
2.050000000000000155e-01 5.926272550369446890e+01
2.060000000000000164e-01 5.960179976506560706e+01
2.070000000000000173e-01 5.994387636191561342e+01
2.080000000000000182e-01 6.028896886133009048e+01
2.089999999999999913e-01 6.063709071013556695e+01
2.099999999999999922e-01 6.098825523654613789e+01
2.109999999999999931e-01 6.134247565177861361e+01
2.119999999999999940e-01 6.169976505163867841e+01
2.129999999999999949e-01 6.206013641807965087e+01
2.139999999999999958e-01 6.242360262072975274e+01
2.149999999999999967e-01 6.279017641839413955e+01
2.159999999999999976e-01 6.315987046052896403e+01
2.169999999999999984e-01 6.353269728869054234e+01
2.179999999999999993e-01 6.390866933795541627e+01
2.190000000000000002e-01 6.428779893831870140e+01
2.200000000000000011e-01 6.467009831606560510e+01
2.210000000000000020e-01 6.505557959511929766e+01
2.220000000000000029e-01 6.544425479836559134e+01
2.230000000000000038e-01 6.583613584895488202e+01
2.240000000000000047e-01 6.623123457157896610e+01
2.250000000000000056e-01 6.662956269372989482e+01
2.260000000000000064e-01 6.703113184693359017e+01
2.270000000000000073e-01 6.743595356796481610e+01
2.280000000000000082e-01 6.784403930003895766e+01
2.290000000000000091e-01 6.825540039398606496e+01
2.300000000000000100e-01 6.867004810940420612e+01
2.310000000000000109e-01 6.908799361579167453e+01
2.320000000000000118e-01 6.950924799366396201e+01
2.330000000000000127e-01 6.993382223564776723e+01
2.340000000000000135e-01 7.036172724756136176e+01
2.350000000000000144e-01 7.079297384947187766e+01
2.360000000000000153e-01 7.122757277673986209e+01
2.370000000000000162e-01 7.166553468104598323e+01
2.380000000000000171e-01 7.210687013139681767e+01
2.390000000000000180e-01 7.255158961511961024e+01
2.399999999999999911e-01 7.299970353883838925e+01
2.409999999999999920e-01 7.345122222943450652e+01
2.419999999999999929e-01 7.390615593499171609e+01
2.429999999999999938e-01 7.436451482572601890e+01
2.439999999999999947e-01 7.482630899490243337e+01
2.449999999999999956e-01 7.529154845973471311e+01
2.459999999999999964e-01 7.576024316227199051e+01
2.469999999999999973e-01 7.623240297027223278e+01
2.479999999999999982e-01 7.670803767806046380e+01
2.489999999999999991e-01 7.718715700737584484e+01
2.500000000000000000e-01 7.766977060820181578e+01
2.510000000000000009e-01 7.815588805958861940e+01
2.520000000000000018e-01 7.864551887045797685e+01
2.530000000000000027e-01 7.913867248039991864e+01
2.540000000000000036e-01 7.963535826045335853e+01
2.550000000000000044e-01 8.013558551387700390e+01
2.560000000000000053e-01 8.063936347691037554e+01
2.570000000000000062e-01 8.114670131951868370e+01
2.580000000000000071e-01 8.165760814613054208e+01
2.590000000000000080e-01 8.217209299636283504e+01
2.600000000000000089e-01 8.269016484573478465e+01
2.610000000000000098e-01 8.321183260637280910e+01
2.620000000000000107e-01 8.373710512770287551e+01
2.630000000000000115e-01 8.426599119713296204e+01
2.640000000000000124e-01 8.479849954072858509e+01
2.650000000000000133e-01 8.533463882387411559e+01
2.660000000000000142e-01 8.587441765192670573e+01
2.670000000000000151e-01 8.641784457085998383e+01
2.680000000000000160e-01 8.696492806790024588e+01
2.690000000000000169e-01 8.751567657215093732e+01
2.700000000000000178e-01 8.807009845520963154e+01
2.710000000000000187e-01 8.862820203177489020e+01
2.720000000000000195e-01 8.918999556024743924e+01
2.730000000000000204e-01 8.975548724332020356e+01
2.740000000000000213e-01 9.032468522855776882e+01
2.750000000000000222e-01 9.089759760897493379e+01
2.760000000000000231e-01 9.147423242359866435e+01
2.770000000000000240e-01 9.205459765803050232e+01
2.780000000000000249e-01 9.263870124499135272e+01
2.790000000000000258e-01 9.322655106486956811e+01
2.800000000000000266e-01 9.381815494625379870e+01
2.810000000000000275e-01 9.441352066645845298e+01
2.820000000000000284e-01 9.501265595204915826e+01
2.830000000000000293e-01 9.561556847935139558e+01
2.840000000000000302e-01 9.622226587496083994e+01
2.850000000000000311e-01 9.683275571623903488e+01
2.860000000000000320e-01 9.744704553180963558e+01
2.870000000000000329e-01 9.806514280204260103e+01
2.880000000000000338e-01 9.868705495953349782e+01
2.889999999999999791e-01 9.931278938957757418e+01
2.899999999999999800e-01 9.994235343063655819e+01
2.909999999999999809e-01 1.005757543747974978e+02
2.919999999999999818e-01 1.012129994682302367e+02
2.929999999999999827e-01 1.018540959116335216e+02
2.939999999999999836e-01 1.024990508606779258e+02
2.949999999999999845e-01 1.031478714264430891e+02
2.959999999999999853e-01 1.038005646758492730e+02
2.969999999999999862e-01 1.044571376320807303e+02
2.979999999999999871e-01 1.051175972750074834e+02
2.989999999999999880e-01 1.057819505416009633e+02
2.999999999999999889e-01 1.064502043263369160e+02
3.009999999999999898e-01 1.071223654816089947e+02
3.019999999999999907e-01 1.077984408181177969e+02
3.029999999999999916e-01 1.084784371052705865e+02
3.039999999999999925e-01 1.091623610715673749e+02
3.049999999999999933e-01 1.098502194049858645e+02
3.059999999999999942e-01 1.105420187533575245e+02
3.069999999999999951e-01 1.112377657247452589e+02
3.079999999999999960e-01 1.119374668878103876e+02
3.089999999999999969e-01 1.126411287721768986e+02
3.099999999999999978e-01 1.133487578687929727e+02
3.109999999999999987e-01 1.140603606302863682e+02
3.119999999999999996e-01 1.147759434713148039e+02
3.130000000000000004e-01 1.154955127689124765e+02
3.140000000000000013e-01 1.162190748628347592e+02
3.150000000000000022e-01 1.169466360558949418e+02
3.160000000000000031e-01 1.176782026142977884e+02
3.170000000000000040e-01 1.184137807679721845e+02
3.180000000000000049e-01 1.191533767108942357e+02
3.190000000000000058e-01 1.198969966014112742e+02
3.200000000000000067e-01 1.206446465625597284e+02
3.210000000000000075e-01 1.213963326823802618e+02
3.220000000000000084e-01 1.221520610142281384e+02
3.230000000000000093e-01 1.229118375770772218e+02
3.240000000000000102e-01 1.236756683558276109e+02
3.250000000000000111e-01 1.244435593016044095e+02
3.260000000000000120e-01 1.252155163320517204e+02
3.270000000000000129e-01 1.259915453316257299e+02
3.280000000000000138e-01 1.267716521518855188e+02
3.290000000000000147e-01 1.275558426117777344e+02
3.300000000000000155e-01 1.283441224979194430e+02
3.310000000000000164e-01 1.291364975648755262e+02
3.320000000000000173e-01 1.299329735354369859e+02
3.330000000000000182e-01 1.307335561008924287e+02
3.340000000000000191e-01 1.315382509212963669e+02
3.350000000000000200e-01 1.323470636257388833e+02
3.360000000000000209e-01 1.331599998126050650e+02
3.370000000000000218e-01 1.339770650498371651e+02
3.380000000000000226e-01 1.347982648751928991e+02
3.390000000000000235e-01 1.356236047964980571e+02
3.400000000000000244e-01 1.364530902918977517e+02
3.410000000000000253e-01 1.372867268101074387e+02
3.420000000000000262e-01 1.381245197706566614e+02
3.430000000000000271e-01 1.389664745641321133e+02
3.440000000000000280e-01 1.398125965524184267e+02
3.450000000000000289e-01 1.406628910689364602e+02
3.460000000000000298e-01 1.415173634188774940e+02
3.470000000000000306e-01 1.423760188794353780e+02
3.480000000000000315e-01 1.432388627000364067e+02
3.490000000000000324e-01 1.441059001025671478e+02
3.500000000000000333e-01 1.449771362815981774e+02
3.510000000000000342e-01 1.458525764046066797e+02
3.519999999999999796e-01 1.467322256121981354e+02
3.529999999999999805e-01 1.476160890183198262e+02
3.539999999999999813e-01 1.485041717104777490e+02
3.549999999999999822e-01 1.493964787499519389e+02
3.559999999999999831e-01 1.502930151720020149e+02
3.569999999999999840e-01 1.511937859860788649e+02
3.579999999999999849e-01 1.520987961760276903e+02
3.589999999999999858e-01 1.530080507002951435e+02
3.599999999999999867e-01 1.539215544921278251e+02
3.609999999999999876e-01 1.548393124597716906e+02
3.619999999999999885e-01 1.557613294866705473e+02
3.629999999999999893e-01 1.566876104316613691e+02
3.639999999999999902e-01 1.576181601291648349e+02
3.649999999999999911e-01 1.585529833893785963e+02
3.659999999999999920e-01 1.594920849984666802e+02
3.669999999999999929e-01 1.604354697187416150e+02
3.679999999999999938e-01 1.613831422888567886e+02
3.689999999999999947e-01 1.623351074239833451e+02
3.699999999999999956e-01 1.632913698159948126e+02
3.709999999999999964e-01 1.642519341336437719e+02
3.719999999999999973e-01 1.652168050227412550e+02
3.729999999999999982e-01 1.661859871063309129e+02
3.739999999999999991e-01 1.671594849848645481e+02
3.750000000000000000e-01 1.681373032363712809e+02
3.760000000000000009e-01 1.691194464166308080e+02
3.770000000000000018e-01 1.701059190593391577e+02
3.780000000000000027e-01 1.710967256762760371e+02
3.790000000000000036e-01 1.720918707574717246e+02
3.800000000000000044e-01 1.730913587713680499e+02
3.810000000000000053e-01 1.740951941649798300e+02
3.820000000000000062e-01 1.751033813640581229e+02
3.830000000000000071e-01 1.761159247732452968e+02
3.840000000000000080e-01 1.771328287762330547e+02
3.850000000000000089e-01 1.781540977359179578e+02
3.860000000000000098e-01 1.791797359945530843e+02
3.870000000000000107e-01 1.802097478739049166e+02
3.880000000000000115e-01 1.812441376753990880e+02
3.890000000000000124e-01 1.822829096802702225e+02
3.900000000000000133e-01 1.833260681497138194e+02
3.910000000000000142e-01 1.843736173250267711e+02
3.920000000000000151e-01 1.854255614277560653e+02
3.930000000000000160e-01 1.864819046598404384e+02
3.940000000000000169e-01 1.875426512037518023e+02
3.950000000000000178e-01 1.886078052226387172e+02
3.960000000000000187e-01 1.896773708604616786e+02
3.970000000000000195e-01 1.907513522421336347e+02
3.980000000000000204e-01 1.918297534736557282e+02
3.990000000000000213e-01 1.929125786422512192e+02
4.000000000000000222e-01 1.939998318165023647e+02
4.010000000000000231e-01 1.950915170464791117e+02
4.020000000000000240e-01 1.961876383638741572e+02
4.030000000000000249e-01 1.972881997821295954e+02
4.040000000000000258e-01 1.983932052965690218e+02
4.050000000000000266e-01 1.995026588845216793e+02
4.060000000000000275e-01 2.006165645054527431e+02
4.070000000000000284e-01 2.017349261010836017e+02
4.080000000000000293e-01 2.028577475955214595e+02
4.090000000000000302e-01 2.039850328953764347e+02
4.100000000000000311e-01 2.051167858898868417e+02
4.110000000000000320e-01 2.062530104510410638e+02
4.120000000000000329e-01 2.073937104336910124e+02
4.130000000000000338e-01 2.085388896756769554e+02
4.140000000000000346e-01 2.096885519979407491e+02
4.150000000000000355e-01 2.108427012046422533e+02
4.160000000000000364e-01 2.120013410832755198e+02
4.169999999999999818e-01 2.131644754047829338e+02
4.179999999999999827e-01 2.143321079236663991e+02
4.189999999999999836e-01 2.155042423781010257e+02
4.199999999999999845e-01 2.166808824900435866e+02
4.209999999999999853e-01 2.178620319653450679e+02
4.219999999999999862e-01 2.190476944938573070e+02
4.229999999999999871e-01 2.202378737495428140e+02
4.239999999999999880e-01 2.214325733905793641e+02
4.249999999999999889e-01 2.226317970594661801e+02
4.259999999999999898e-01 2.238355483831321635e+02
4.269999999999999907e-01 2.250438309730334367e+02
4.279999999999999916e-01 2.262566484252629380e+02
4.289999999999999925e-01 2.274740043206484188e+02
4.299999999999999933e-01 2.286959022248543079e+02
4.309999999999999942e-01 2.299223456884847110e+02
4.319999999999999951e-01 2.311533382471775440e+02
4.329999999999999960e-01 2.323888834217086696e+02
4.339999999999999969e-01 2.336289847180837569e+02
4.349999999999999978e-01 2.348736456276410536e+02
4.359999999999999987e-01 2.361228696271423360e+02
4.369999999999999996e-01 2.373766601788693151e+02
4.380000000000000004e-01 2.386350207307214077e+02
4.390000000000000013e-01 2.398979547163021380e+02
4.400000000000000022e-01 2.411654655550173629e+02
4.410000000000000031e-01 2.424375566521666769e+02
4.420000000000000040e-01 2.437142313990298135e+02
4.430000000000000049e-01 2.449954931729621421e+02
4.440000000000000058e-01 2.462813453374787969e+02
4.450000000000000067e-01 2.475717912423515372e+02
4.460000000000000075e-01 2.488668342236860553e+02
4.470000000000000084e-01 2.501664776040151992e+02
4.480000000000000093e-01 2.514707246923862840e+02
4.490000000000000102e-01 2.527795787844424922e+02
4.500000000000000111e-01 2.540930431625115489e+02
4.510000000000000120e-01 2.554111210956862124e+02
4.520000000000000129e-01 2.567338158399102213e+02
4.530000000000000138e-01 2.580611306380624228e+02
4.540000000000000147e-01 2.593930687200313514e+02
4.550000000000000155e-01 2.607296333028084518e+02
4.560000000000000164e-01 2.620708275905567461e+02
4.570000000000000173e-01 2.634166547746985998e+02
4.580000000000000182e-01 2.647671180339907551e+02
4.590000000000000191e-01 2.661222205346061855e+02
4.600000000000000200e-01 2.674819654302100389e+02
4.610000000000000209e-01 2.688463558620355798e+02
4.620000000000000218e-01 2.702153949589633157e+02
4.630000000000000226e-01 2.715890858375964854e+02
4.640000000000000235e-01 2.729674316023365463e+02
4.650000000000000244e-01 2.743504353454563898e+02
4.660000000000000253e-01 2.757381001471735544e+02
4.670000000000000262e-01 2.771304290757293529e+02
4.680000000000000271e-01 2.785274251874548099e+02
4.690000000000000280e-01 2.799290915268488789e+02
4.700000000000000289e-01 2.813354311266443801e+02
4.710000000000000298e-01 2.827464470078834893e+02
4.720000000000000306e-01 2.841621421799873133e+02
4.730000000000000315e-01 2.855825196408254669e+02
4.740000000000000324e-01 2.870075823767833754e+02
4.750000000000000333e-01 2.884373333628345790e+02
4.760000000000000342e-01 2.898717755626094004e+02
4.770000000000000351e-01 2.913109119284563349e+02
4.780000000000000360e-01 2.927547454015170842e+02
4.790000000000000369e-01 2.942032789117888569e+02
4.799999999999999822e-01 2.956565153781907611e+02
4.809999999999999831e-01 2.971144577086297431e+02
4.819999999999999840e-01 2.985771088000674354e+02
4.829999999999999849e-01 3.000444715385801828e+02
4.839999999999999858e-01 3.015165487994295290e+02
4.849999999999999867e-01 3.029933434471186047e+02
4.859999999999999876e-01 3.044748583354603397e+02
4.869999999999999885e-01 3.059610963076388543e+02
4.879999999999999893e-01 3.074520601962685760e+02
4.889999999999999902e-01 3.089477528234588135e+02
4.899999999999999911e-01 3.104481770008765125e+02
4.909999999999999920e-01 3.119533355298003698e+02
4.919999999999999929e-01 3.134632312011854083e+02
4.929999999999999938e-01 3.149778667957248217e+02
4.939999999999999947e-01 3.164972450839027260e+02
4.949999999999999956e-01 3.180213688260587332e+02
4.959999999999999964e-01 3.195502407724416116e+02
4.969999999999999973e-01 3.210838636632706766e+02
4.979999999999999982e-01 3.226222402287926343e+02
4.989999999999999991e-01 3.241653731893334225e+02
5.000000000000000000e-01 3.257132652553627850e+02
5.010000000000000009e-01 3.272659191275447483e+02
5.020000000000000018e-01 3.288233374967935561e+02
5.030000000000000027e-01 3.303855230443305118e+02
5.040000000000000036e-01 3.319524784417385490e+02
5.050000000000000044e-01 3.335242063510163462e+02
5.060000000000000053e-01 3.351007094246292581e+02
5.070000000000000062e-01 3.366819903055679788e+02
5.080000000000000071e-01 3.382680516273999274e+02
5.090000000000000080e-01 3.398588960143192708e+02
5.100000000000000089e-01 3.414545260811996741e+02
5.110000000000000098e-01 3.430549444336488705e+02
5.120000000000000107e-01 3.446601536680623212e+02
5.130000000000000115e-01 3.462701563716641431e+02
5.140000000000000124e-01 3.478849551225694086e+02
5.150000000000000133e-01 3.495045524898278018e+02
5.160000000000000142e-01 3.511289510334750048e+02
5.170000000000000151e-01 3.527581533045849937e+02
5.180000000000000160e-01 3.543921618453123301e+02
5.190000000000000169e-01 3.560309791889512780e+02
5.200000000000000178e-01 3.576746078599744578e+02
5.210000000000000187e-01 3.593230503740851418e+02
5.220000000000000195e-01 3.609763092382690957e+02
5.230000000000000204e-01 3.626343869508318676e+02
5.240000000000000213e-01 3.642972860014592698e+02
5.250000000000000222e-01 3.659650088712501201e+02
5.260000000000000231e-01 3.676375580327717216e+02
5.270000000000000240e-01 3.693149359501062463e+02
5.280000000000000249e-01 3.709971450788889342e+02
5.290000000000000258e-01 3.726841878663626630e+02
5.300000000000000266e-01 3.743760667514156921e+02
5.310000000000000275e-01 3.760727841646307752e+02
5.320000000000000284e-01 3.777743425283274519e+02
5.330000000000000293e-01 3.794807442566057034e+02
5.340000000000000302e-01 3.811919917553950654e+02
5.350000000000000311e-01 3.829080874224882791e+02
5.360000000000000320e-01 3.846290336475949516e+02
5.370000000000000329e-01 3.863548328123752071e+02
5.380000000000000338e-01 3.880854872904878903e+02
5.390000000000000346e-01 3.898209994476337670e+02
5.400000000000000355e-01 3.915613716415928138e+02
5.410000000000000364e-01 3.933066062222660548e+02
5.420000000000000373e-01 3.950567055317228551e+02
5.430000000000000382e-01 3.968116719042350269e+02
5.440000000000000391e-01 3.985715076663232139e+02
5.450000000000000400e-01 4.003362151367896331e+02
5.460000000000000409e-01 4.021057966267690063e+02
5.470000000000000417e-01 4.038802544397608472e+02
5.480000000000000426e-01 4.056595908716676604e+02
5.490000000000000435e-01 4.074438082108426897e+02
5.500000000000000444e-01 4.092329087381185673e+02
5.510000000000000453e-01 4.110268947268573356e+02
5.520000000000000462e-01 4.128257684429759138e+02
5.530000000000000471e-01 4.146295321449952098e+02
5.540000000000000480e-01 4.164381880840774102e+02
5.550000000000000488e-01 4.182517385040519002e+02
5.560000000000000497e-01 4.200701856414702888e+02
5.570000000000000506e-01 4.218935317256296003e+02
5.580000000000000515e-01 4.237217789786132016e+02
5.590000000000000524e-01 4.255549296153335490e+02
5.600000000000000533e-01 4.273929858435585629e+02
5.610000000000000542e-01 4.292359498639571029e+02
5.620000000000000551e-01 4.310838238701257978e+02
5.630000000000000560e-01 4.329366100486340656e+02
5.640000000000000568e-01 4.347943105790523077e+02
5.650000000000000577e-01 4.366569276339901080e+02
5.660000000000000586e-01 4.385244633791321576e+02
5.670000000000000595e-01 4.403969199732700872e+02
5.680000000000000604e-01 4.422742995683393019e+02
5.690000000000000613e-01 4.441566043094530869e+02
5.700000000000000622e-01 4.460438363349371684e+02
5.710000000000000631e-01 4.479359977763574534e+02
5.720000000000000639e-01 4.498330907585636851e+02
5.730000000000000648e-01 4.517351173997158185e+02
5.740000000000000657e-01 4.536420798113181263e+02
5.750000000000000666e-01 4.555539800982546694e+02
5.760000000000000675e-01 4.574708203588184006e+02
5.769999999999999574e-01 4.593926026847457251e+02
5.779999999999999583e-01 4.613193291612496978e+02
5.789999999999999591e-01 4.632510018670500358e+02
5.799999999999999600e-01 4.651876228744054060e+02
5.809999999999999609e-01 4.671291942491448026e+02
5.819999999999999618e-01 4.690757180507011981e+02
5.829999999999999627e-01 4.710271963321379189e+02
5.839999999999999636e-01 4.729836311401872990e+02
5.849999999999999645e-01 4.749450245152706884e+02
5.859999999999999654e-01 4.769113784915411998e+02
5.869999999999999662e-01 4.788826950969055360e+02
5.879999999999999671e-01 4.808589763530549135e+02
5.889999999999999680e-01 4.828402242754964391e+02
5.899999999999999689e-01 4.848264408735894904e+02
5.909999999999999698e-01 4.868176281505620864e+02
5.919999999999999707e-01 4.888137881035490864e+02
5.929999999999999716e-01 4.908149227236231127e+02
5.939999999999999725e-01 4.928210339958141049e+02
5.949999999999999734e-01 4.948321238991479731e+02
5.959999999999999742e-01 4.968481944066707001e+02
5.969999999999999751e-01 4.988692474854760803e+02
5.979999999999999760e-01 5.008952850967370978e+02
5.989999999999999769e-01 5.029263091957318466e+02
5.999999999999999778e-01 5.049623217318685420e+02
6.009999999999999787e-01 5.070033246487228098e+02
6.019999999999999796e-01 5.090493198840526929e+02
6.029999999999999805e-01 5.111003093698354860e+02
6.039999999999999813e-01 5.131562950322918368e+02
6.049999999999999822e-01 5.152172787919112125e+02
6.059999999999999831e-01 5.172832625634823671e+02
6.069999999999999840e-01 5.193542482561147153e+02
6.079999999999999849e-01 5.214302377732710738e+02
6.089999999999999858e-01 5.235112330127885798e+02
6.099999999999999867e-01 5.255972358669096138e+02
6.109999999999999876e-01 5.276882482223027182e+02
6.119999999999999885e-01 5.297842719600935197e+02
6.129999999999999893e-01 5.318853089558870124e+02
6.139999999999999902e-01 5.339913610797943875e+02
6.149999999999999911e-01 5.361024301964594088e+02
6.159999999999999920e-01 5.382185181650784216e+02
6.169999999999999929e-01 5.403396268394326398e+02
6.179999999999999938e-01 5.424657580679127022e+02
6.189999999999999947e-01 5.445969136935304959e+02
6.199999999999999956e-01 5.467330955539669048e+02
6.209999999999999964e-01 5.488743054815722644e+02
6.219999999999999973e-01 5.510205453034086531e+02
6.229999999999999982e-01 5.531718168412626255e+02
6.239999999999999991e-01 5.553281219116747707e+02
6.250000000000000000e-01 5.574894623259610853e+02
6.260000000000000009e-01 5.596558398902416229e+02
6.270000000000000018e-01 5.618272564054541363e+02
6.280000000000000027e-01 5.640037136673890927e+02
6.290000000000000036e-01 5.661852134667055907e+02
6.300000000000000044e-01 5.683717575889568252e+02
6.310000000000000053e-01 5.705633478146091875e+02
6.320000000000000062e-01 5.727599859190722782e+02
6.330000000000000071e-01 5.749616736727175521e+02
6.340000000000000080e-01 5.771684128408992365e+02
6.350000000000000089e-01 5.793802051839802516e+02
6.360000000000000098e-01 5.815970524573508555e+02
6.370000000000000107e-01 5.838189564114559289e+02
6.380000000000000115e-01 5.860459187918118005e+02
6.390000000000000124e-01 5.882779413390298942e+02
6.400000000000000133e-01 5.905150257888408305e+02
6.410000000000000142e-01 5.927571738721103429e+02
6.420000000000000151e-01 5.950043873148706552e+02
6.430000000000000160e-01 5.972566678383304861e+02
6.440000000000000169e-01 5.995140171589027887e+02
6.450000000000000178e-01 6.017764369882233950e+02
6.460000000000000187e-01 6.040439290331760276e+02
6.470000000000000195e-01 6.063164949959118530e+02
6.480000000000000204e-01 6.085941365738608511e+02
6.490000000000000213e-01 6.108768554597672846e+02
6.500000000000000222e-01 6.131646533417006140e+02
6.510000000000000231e-01 6.154575319030809624e+02
6.520000000000000240e-01 6.177554928226927586e+02
6.530000000000000249e-01 6.200585377747111124e+02
6.540000000000000258e-01 6.223666684287181852e+02
6.550000000000000266e-01 6.246798864497286559e+02
6.560000000000000275e-01 6.269981934982015446e+02
6.570000000000000284e-01 6.293215912300656782e+02
6.580000000000000293e-01 6.316500812967351521e+02
6.590000000000000302e-01 6.339836653451311577e+02
6.600000000000000311e-01 6.363223450177047198e+02
6.610000000000000320e-01 6.386661219524494300e+02
6.620000000000000329e-01 6.410149977829241834e+02
6.630000000000000338e-01 6.433689741382677312e+02
6.640000000000000346e-01 6.457280526432277838e+02
6.650000000000000355e-01 6.480922349181691970e+02
6.660000000000000364e-01 6.504615225790948898e+02
6.670000000000000373e-01 6.528359172376713104e+02
6.680000000000000382e-01 6.552154205012366219e+02
6.690000000000000391e-01 6.576000339728270774e+02
6.700000000000000400e-01 6.599897592511943003e+02
6.710000000000000409e-01 6.623845979308143797e+02
6.720000000000000417e-01 6.647845516019178831e+02
6.730000000000000426e-01 6.671896218505044089e+02
6.740000000000000435e-01 6.695998102583553191e+02
6.750000000000000444e-01 6.720151184030564764e+02
6.760000000000000453e-01 6.744355478580146155e+02
6.770000000000000462e-01 6.768611001924718948e+02
6.780000000000000471e-01 6.792917769715304530e+02
6.790000000000000480e-01 6.817275797561605941e+02
6.800000000000000488e-01 6.841685101032298917e+02
6.810000000000000497e-01 6.866145695655050076e+02
6.820000000000000506e-01 6.890657596916798866e+02
6.830000000000000515e-01 6.915220820263893984e+02
6.840000000000000524e-01 6.939835381102320753e+02
6.850000000000000533e-01 6.964501294797701121e+02
6.860000000000000542e-01 6.989218576675675649e+02
6.870000000000000551e-01 7.013987242021876227e+02
6.880000000000000560e-01 7.038807306082280775e+02
6.890000000000000568e-01 7.063678784063158673e+02
6.900000000000000577e-01 7.088601691131470943e+02
6.910000000000000586e-01 7.113576042414788390e+02
6.920000000000000595e-01 7.138601853001655400e+02
6.930000000000000604e-01 7.163679137941689987e+02
6.940000000000000613e-01 7.188807912245629268e+02
6.950000000000000622e-01 7.213988190885675067e+02
6.960000000000000631e-01 7.239219988795493919e+02
6.970000000000000639e-01 7.264503320870489915e+02
6.980000000000000648e-01 7.289838201967859277e+02
6.990000000000000657e-01 7.315224646906835915e+02
7.000000000000000666e-01 7.340662670468755095e+02
7.010000000000000675e-01 7.366152287397317195e+02
7.020000000000000684e-01 7.391693512398614985e+02
7.030000000000000693e-01 7.417286360141415571e+02
7.039999999999999591e-01 7.442930845257169494e+02
7.049999999999999600e-01 7.468626982340292670e+02
7.059999999999999609e-01 7.494374785948239150e+02
7.069999999999999618e-01 7.520174270601628450e+02
7.079999999999999627e-01 7.546025450784545683e+02
7.089999999999999636e-01 7.571928340944423326e+02
7.099999999999999645e-01 7.597882955492432302e+02
7.109999999999999654e-01 7.623889308803554741e+02
7.119999999999999662e-01 7.649947415216602167e+02
7.129999999999999671e-01 7.676057289034561109e+02
7.139999999999999680e-01 7.702218944524602193e+02
7.149999999999999689e-01 7.728432395918280235e+02
7.159999999999999698e-01 7.754697657411606997e+02
7.169999999999999707e-01 7.781014743165260370e+02
7.179999999999999716e-01 7.807383667304720802e+02
7.189999999999999725e-01 7.833804443920362246e+02
7.199999999999999734e-01 7.860277087067643151e+02
7.209999999999999742e-01 7.886801610767188322e+02
7.219999999999999751e-01 7.913378029005016288e+02
7.229999999999999760e-01 7.940006355732548400e+02
7.239999999999999769e-01 7.966686604866818016e+02
7.249999999999999778e-01 7.993418790290679681e+02
7.259999999999999787e-01 8.020202925852754561e+02
7.269999999999999796e-01 8.047039025367739669e+02
7.279999999999999805e-01 8.073927102616453340e+02
7.289999999999999813e-01 8.100867171345962561e+02
7.299999999999999822e-01 8.127859245269783059e+02
7.309999999999999831e-01 8.154903338067915683e+02
7.319999999999999840e-01 8.181999463387082869e+02
7.329999999999999849e-01 8.209147634840701357e+02
7.339999999999999858e-01 8.236347866009209611e+02
7.349999999999999867e-01 8.263600170440067814e+02
7.359999999999999876e-01 8.290904561647839728e+02
7.369999999999999885e-01 8.318261053114483730e+02
7.379999999999999893e-01 8.345669658289316430e+02
7.389999999999999902e-01 8.373130390589249146e+02
7.399999999999999911e-01 8.400643263398851559e+02
7.409999999999999920e-01 8.428208290070479052e+02
7.419999999999999929e-01 8.455825483924436412e+02
7.429999999999999938e-01 8.483494858249086974e+02
7.439999999999999947e-01 8.511216426300870808e+02
7.449999999999999956e-01 8.538990201304613947e+02
7.459999999999999964e-01 8.566816196453510202e+02
7.469999999999999973e-01 8.594694424909293957e+02
7.479999999999999982e-01 8.622624899802312939e+02
7.489999999999999991e-01 8.650607634231737393e+02
7.500000000000000000e-01 8.678642641265550992e+02
7.510000000000000009e-01 8.706729933940832780e+02
7.520000000000000018e-01 8.734869525263666219e+02
7.530000000000000027e-01 8.763061428209466612e+02
7.540000000000000036e-01 8.791305655722935626e+02
7.550000000000000044e-01 8.819602220718270473e+02
7.560000000000000053e-01 8.847951136079245771e+02
7.570000000000000062e-01 8.876352414659349961e+02
7.580000000000000071e-01 8.904806069281803502e+02
7.590000000000000080e-01 8.933312112739831718e+02
7.600000000000000089e-01 8.961870557796655703e+02
7.610000000000000098e-01 8.990481417185665123e+02
7.620000000000000107e-01 9.019144703610427314e+02
7.630000000000000115e-01 9.047860429744978319e+02
7.640000000000000124e-01 9.076628608233750128e+02
7.650000000000000133e-01 9.105449251691807149e+02
7.660000000000000142e-01 9.134322372704900772e+02
7.670000000000000151e-01 9.163247983829533041e+02
7.680000000000000160e-01 9.192226097593156737e+02
7.690000000000000169e-01 9.221256726494302711e+02
7.700000000000000178e-01 9.250339883002488932e+02
7.710000000000000187e-01 9.279475579558593381e+02
7.720000000000000195e-01 9.308663828574708532e+02
7.730000000000000204e-01 9.337904642434486959e+02
7.740000000000000213e-01 9.367198033493032199e+02
7.750000000000000222e-01 9.396544014077162501e+02
7.760000000000000231e-01 9.425942596485383547e+02
7.770000000000000240e-01 9.455393792988134010e+02
7.780000000000000249e-01 9.484897615827749178e+02
7.790000000000000258e-01 9.514454077218633756e+02
7.800000000000000266e-01 9.544063189347361913e+02
7.810000000000000275e-01 9.573724964372786417e+02
7.820000000000000284e-01 9.603439414426120493e+02
7.830000000000000293e-01 9.633206551611001487e+02
7.840000000000000302e-01 9.663026388003654574e+02
7.850000000000000311e-01 9.692898935653010994e+02
7.860000000000000320e-01 9.722824206580653481e+02
7.870000000000000329e-01 9.752802212781152775e+02
7.880000000000000338e-01 9.782832966221922106e+02
7.890000000000000346e-01 9.812916478843526420e+02
7.900000000000000355e-01 9.843052762559582334e+02
7.910000000000000364e-01 9.873241829257012796e+02
7.920000000000000373e-01 9.903483690796101655e+02
7.930000000000000382e-01 9.933778359010511849e+02
7.940000000000000391e-01 9.964125845707467306e+02
7.950000000000000400e-01 9.994526162667807512e+02
7.960000000000000409e-01 1.002497932164609665e+03
7.970000000000000417e-01 1.005548533437074184e+03
7.980000000000000426e-01 1.008604421254400222e+03
7.990000000000000435e-01 1.011665596784217996e+03
8.000000000000000444e-01 1.014732061191562025e+03
8.010000000000000453e-01 1.017803815638893866e+03
8.020000000000000462e-01 1.020880861286090294e+03
8.030000000000000471e-01 1.023963199290474222e+03
8.040000000000000480e-01 1.027050830806807426e+03
8.050000000000000488e-01 1.030143756987316010e+03
8.060000000000000497e-01 1.033241978981674947e+03
8.070000000000000506e-01 1.036345497937046275e+03
8.080000000000000515e-01 1.039454314998061818e+03
8.090000000000000524e-01 1.042568431306850471e+03
8.100000000000000533e-01 1.045687848003037288e+03
8.110000000000000542e-01 1.048812566223752583e+03
8.120000000000000551e-01 1.051942587103647384e+03
8.130000000000000560e-01 1.055077911774896165e+03
8.140000000000000568e-01 1.058218541367202306e+03
8.150000000000000577e-01 1.061364477007819914e+03
8.160000000000000586e-01 1.064515719821544735e+03
8.170000000000000595e-01 1.067672270930738705e+03
8.180000000000000604e-01 1.070834131455327224e+03
8.190000000000000613e-01 1.074001302512810980e+03
8.200000000000000622e-01 1.077173785218279590e+03
8.210000000000000631e-01 1.080351580684409782e+03
8.220000000000000639e-01 1.083534690021486313e+03
8.230000000000000648e-01 1.086723114337391053e+03
8.240000000000000657e-01 1.089916854737638459e+03
8.250000000000000666e-01 1.093115912325356476e+03
8.260000000000000675e-01 1.096320288201312906e+03
8.270000000000000684e-01 1.099529983463916324e+03
8.280000000000000693e-01 1.102744999209222442e+03
8.290000000000000702e-01 1.105965336530950481e+03
8.300000000000000711e-01 1.109190996520480439e+03
8.310000000000000719e-01 1.112421980266867649e+03
8.320000000000000728e-01 1.115658288856850959e+03
8.329999999999999627e-01 1.118899923374856371e+03
8.339999999999999636e-01 1.122146884903007958e+03
8.349999999999999645e-01 1.125399174521139685e+03
8.359999999999999654e-01 1.128656793306790860e+03
8.369999999999999662e-01 1.131919742335225237e+03
8.379999999999999671e-01 1.135188022679440110e+03
8.389999999999999680e-01 1.138461635410158124e+03
8.399999999999999689e-01 1.141740581595856384e+03
8.409999999999999698e-01 1.145024862302757356e+03
8.419999999999999707e-01 1.148314478594843422e+03
8.429999999999999716e-01 1.151609431533866882e+03
8.439999999999999725e-01 1.154909722179349956e+03
8.449999999999999734e-01 1.158215351588596604e+03
8.459999999999999742e-01 1.161526320816701627e+03
8.469999999999999751e-01 1.164842630916554299e+03
8.479999999999999760e-01 1.168164282938852921e+03
8.489999999999999769e-01 1.171491277932098455e+03
8.499999999999999778e-01 1.174823616942615445e+03
8.509999999999999787e-01 1.178161301014552009e+03
8.519999999999999796e-01 1.181504331189891673e+03
8.529999999999999805e-01 1.184852708508456089e+03
8.539999999999999813e-01 1.188206434007909593e+03
8.549999999999999822e-01 1.191565508723778294e+03
8.559999999999999831e-01 1.194929933689449172e+03
8.569999999999999840e-01 1.198299709936171894e+03
8.579999999999999849e-01 1.201674838493074276e+03
8.589999999999999858e-01 1.205055320387168649e+03
8.599999999999999867e-01 1.208441156643354589e+03
8.609999999999999876e-01 1.211832348284425279e+03
8.619999999999999885e-01 1.215228896331084798e+03
8.629999999999999893e-01 1.218630801801940834e+03
8.639999999999999902e-01 1.222038065713522883e+03
8.649999999999999911e-01 1.225450689080277698e+03
8.659999999999999920e-01 1.228868672914588387e+03
8.669999999999999929e-01 1.232292018226773507e+03
8.679999999999999938e-01 1.235720726025096155e+03
8.689999999999999947e-01 1.239154797315769429e+03
8.699999999999999956e-01 1.242594233102962789e+03
8.709999999999999964e-01 1.246039034388812979e+03
8.719999999999999973e-01 1.249489202173425838e+03
8.729999999999999982e-01 1.252944737454883580e+03
8.739999999999999991e-01 1.256405641229252979e+03
8.750000000000000000e-01 1.259871914490589916e+03
8.760000000000000009e-01 1.263343558230950293e+03
8.770000000000000018e-01 1.266820573440393673e+03
8.780000000000000027e-01 1.270302961106982366e+03
8.790000000000000036e-01 1.273790722216801441e+03
8.800000000000000044e-01 1.277283857753955090e+03
8.810000000000000053e-01 1.280782368700582083e+03
8.820000000000000062e-01 1.284286256036848499e+03
8.830000000000000071e-01 1.287795520740966822e+03
8.840000000000000080e-01 1.291310163789195030e+03
8.850000000000000089e-01 1.294830186155849333e+03
8.860000000000000098e-01 1.298355588813301438e+03
8.870000000000000107e-01 1.301886372731988558e+03
8.880000000000000115e-01 1.305422538880427055e+03
8.890000000000000124e-01 1.308964088225206979e+03
8.900000000000000133e-01 1.312511021731002984e+03
8.910000000000000142e-01 1.316063340360582515e+03
8.920000000000000151e-01 1.319621045074810354e+03
8.930000000000000160e-01 1.323184136832654076e+03
8.940000000000000169e-01 1.326752616591187689e+03
8.950000000000000178e-01 1.330326485305600727e+03
8.960000000000000187e-01 1.333905743929207347e+03
8.970000000000000195e-01 1.337490393413446327e+03
8.980000000000000204e-01 1.341080434707890163e+03
8.990000000000000213e-01 1.344675868760245976e+03
9.000000000000000222e-01 1.348276696516370976e+03
9.010000000000000231e-01 1.351882918920270640e+03
9.020000000000000240e-01 1.355494536914100536e+03
9.030000000000000249e-01 1.359111551438190872e+03
9.040000000000000258e-01 1.362733963431028315e+03
9.050000000000000266e-01 1.366361773829279628e+03
9.060000000000000275e-01 1.369994983567784402e+03
9.070000000000000284e-01 1.373633593579571425e+03
9.080000000000000293e-01 1.377277604795863226e+03
9.090000000000000302e-01 1.380927018146071532e+03
9.100000000000000311e-01 1.384581834557811817e+03
9.110000000000000320e-01 1.388242054956906941e+03
9.120000000000000329e-01 1.391907680267395335e+03
9.130000000000000338e-01 1.395578711411530094e+03
9.140000000000000346e-01 1.399255149309789886e+03
9.150000000000000355e-01 1.402936994880885322e+03
9.160000000000000364e-01 1.406624249041755320e+03
9.170000000000000373e-01 1.410316912707583469e+03
9.180000000000000382e-01 1.414014986791801675e+03
9.190000000000000391e-01 1.417718472206087426e+03
9.200000000000000400e-01 1.421427369860377439e+03
9.210000000000000409e-01 1.425141680662868566e+03
9.220000000000000417e-01 1.428861405520029621e+03
9.230000000000000426e-01 1.432586545336593190e+03
9.240000000000000435e-01 1.436317101015580192e+03
9.250000000000000444e-01 1.440053073458286235e+03
9.260000000000000453e-01 1.443794463564299804e+03
9.270000000000000462e-01 1.447541272231500443e+03
9.280000000000000471e-01 1.451293500356068762e+03
9.290000000000000480e-01 1.455051148832485524e+03
9.300000000000000488e-01 1.458814218553547107e+03
9.310000000000000497e-01 1.462582710410353684e+03
9.320000000000000506e-01 1.466356625292334684e+03
9.330000000000000515e-01 1.470135964087242428e+03
9.340000000000000524e-01 1.473920727681148492e+03
9.350000000000000533e-01 1.477710916958480084e+03
9.360000000000000542e-01 1.481506532801975482e+03
9.370000000000000551e-01 1.485307576092744057e+03
9.380000000000000560e-01 1.489114047710228078e+03
9.390000000000000568e-01 1.492925948532233633e+03
9.400000000000000577e-01 1.496743279434917895e+03
9.410000000000000586e-01 1.500566041292813679e+03
9.420000000000000595e-01 1.504394234978811255e+03
9.430000000000000604e-01 1.508227861364181081e+03
9.440000000000000613e-01 1.512066921318573804e+03
9.450000000000000622e-01 1.515911415710022084e+03
9.460000000000000631e-01 1.519761345404942404e+03
9.470000000000000639e-01 1.523616711268163272e+03
9.480000000000000648e-01 1.527477514162882471e+03
9.490000000000000657e-01 1.531343754950725270e+03
9.500000000000000666e-01 1.535215434491718042e+03
9.510000000000000675e-01 1.539092553644291002e+03
9.520000000000000684e-01 1.542975113265304572e+03
9.530000000000000693e-01 1.546863114210033018e+03
9.540000000000000702e-01 1.550756557332180819e+03
9.550000000000000711e-01 1.554655443483882664e+03
9.560000000000000719e-01 1.558559773515708002e+03
9.570000000000000728e-01 1.562469548276672867e+03
9.580000000000000737e-01 1.566384768614226232e+03
9.590000000000000746e-01 1.570305435374282752e+03
9.599999999999999645e-01 1.574231549401198208e+03
9.609999999999999654e-01 1.578163111537796794e+03
9.619999999999999662e-01 1.582100122625356562e+03
9.629999999999999671e-01 1.586042583503633978e+03
9.639999999999999680e-01 1.589990495010848463e+03
9.649999999999999689e-01 1.593943857983704220e+03
9.659999999999999698e-01 1.597902673257385686e+03
9.669999999999999707e-01 1.601866941665553895e+03
9.679999999999999716e-01 1.605836664040374671e+03
9.689999999999999725e-01 1.609811841212499530e+03
9.699999999999999734e-01 1.613792474011072954e+03
9.709999999999999742e-01 1.617778563263761498e+03
9.719999999999999751e-01 1.621770109796725592e+03
9.729999999999999760e-01 1.625767114434636824e+03
9.739999999999999769e-01 1.629769578000688853e+03
9.749999999999999778e-01 1.633777501316597409e+03
9.759999999999999787e-01 1.637790885202599384e+03
9.769999999999999796e-01 1.641809730477460107e+03
9.779999999999999805e-01 1.645834037958481531e+03
9.789999999999999813e-01 1.649863808461498593e+03
9.799999999999999822e-01 1.653899042800897405e+03
9.809999999999999831e-01 1.657939741789605250e+03
9.819999999999999840e-01 1.661985906239092401e+03
9.829999999999999849e-01 1.666037536959401223e+03
9.839999999999999858e-01 1.670094634759107066e+03
9.849999999999999867e-01 1.674157200445376475e+03
9.859999999999999876e-01 1.678225234823927167e+03
9.869999999999999885e-01 1.682298738699049863e+03
9.879999999999999893e-01 1.686377712873605560e+03
9.889999999999999902e-01 1.690462158149044626e+03
9.899999999999999911e-01 1.694552075325398619e+03
9.909999999999999920e-01 1.698647465201276646e+03
9.919999999999999929e-01 1.702748328573894469e+03
9.929999999999999938e-01 1.706854666239049038e+03
9.939999999999999947e-01 1.710966478991151234e+03
9.949999999999999956e-01 1.715083767623198582e+03
9.959999999999999964e-01 1.719206532926807995e+03
9.969999999999999973e-01 1.723334775692201219e+03
9.979999999999999982e-01 1.727468496708221210e+03
9.989999999999999991e-01 1.731607696762323030e+03
1.000000000000000000e+00 1.735752376640597504e+03
