0.000000000000000000e+00 0.000000000000000000e+00
1.000000000000000021e-03 1.642015921402357082e+00
2.000000000000000042e-03 2.841309975295482460e+00
3.000000000000000062e-03 3.915298125070319823e+00
4.000000000000000083e-03 4.912224622948419217e+00
5.000000000000000104e-03 5.853357478474302766e+00
6.000000000000000125e-03 6.750671957128317580e+00
7.000000000000000146e-03 7.611837498043152017e+00
8.000000000000000167e-03 8.442180053683035368e+00
9.000000000000001055e-03 9.245610991296144832e+00
1.000000000000000021e-02 1.002512329203363706e+01
1.099999999999999936e-02 1.078308045931350456e+01
1.200000000000000025e-02 1.152139600685453047e+01
1.300000000000000114e-02 1.224165077279073088e+01
1.400000000000000029e-02 1.294517279428493772e+01
1.499999999999999944e-02 1.363309355145441515e+01
1.600000000000000033e-02 1.430638870425201858e+01
1.700000000000000122e-02 1.496590831408098410e+01
1.800000000000000211e-02 1.561239973251282542e+01
1.899999999999999953e-02 1.624652525101066303e+01
2.000000000000000042e-02 1.686887592763019228e+01
2.100000000000000130e-02 1.747998257147746060e+01
2.199999999999999872e-02 1.808032457881713029e+01
2.299999999999999961e-02 1.867033712110619703e+01
2.400000000000000050e-02 1.925041705178552220e+01
2.500000000000000139e-02 1.982092780494373230e+01
2.600000000000000228e-02 2.038220349202073223e+01
2.699999999999999969e-02 2.093455235414984017e+01
2.800000000000000058e-02 2.147825969200375340e+01
2.900000000000000147e-02 2.201359036837784444e+01
2.999999999999999889e-02 2.254079095865865412e+01
3.099999999999999978e-02 2.306009160901199806e+01
3.200000000000000067e-02 2.357170765033000137e+01
3.300000000000000155e-02 2.407584100680597672e+01
3.400000000000000244e-02 2.457268143081507361e+01
3.500000000000000333e-02 2.506240759009102703e+01
3.600000000000000422e-02 2.554518802865926475e+01
3.699999999999999817e-02 2.602118201935089203e+01
3.799999999999999906e-02 2.649054032278474935e+01
3.899999999999999994e-02 2.695340586531726146e+01
4.000000000000000083e-02 2.740991434650730341e+01
4.100000000000000172e-02 2.786019478503683899e+01
4.200000000000000261e-02 2.830437001070113467e+01
4.300000000000000350e-02 2.874255710897820393e+01
4.399999999999999745e-02 2.917486782376683152e+01
4.499999999999999833e-02 2.960140892310908356e+01
4.599999999999999922e-02 3.002228253206306618e+01
4.700000000000000011e-02 3.043758643634074801e+01
4.800000000000000100e-02 3.084741435985858260e+01
4.900000000000000189e-02 3.125185621894996046e+01
5.000000000000000278e-02 3.165099835564805630e+01
5.100000000000000366e-02 3.204492375215489375e+01
5.200000000000000455e-02 3.243371222836081813e+01
5.299999999999999850e-02 3.281744062406087892e+01
5.399999999999999939e-02 3.319618296732616614e+01
5.500000000000000028e-02 3.357001063032427624e+01
5.600000000000000117e-02 3.393899247374088191e+01
5.700000000000000205e-02 3.430319498082881324e+01
5.800000000000000294e-02 3.466268238200267149e+01
5.900000000000000383e-02 3.501751677080083880e+01
5.999999999999999778e-02 3.536775821195225689e+01
6.099999999999999867e-02 3.571346484221091089e+01
6.199999999999999956e-02 3.605469296455565598e+01
6.300000000000000044e-02 3.639149713629348781e+01
6.400000000000000133e-02 3.672393025155437130e+01
6.500000000000000222e-02 3.705204361861790829e+01
6.600000000000000311e-02 3.737588703247237731e+01
6.700000000000000400e-02 3.769550884296895532e+01
6.800000000000000488e-02 3.801095601890257569e+01
6.900000000000000577e-02 3.832227420831974740e+01
7.000000000000000666e-02 3.862950779532837942e+01
7.100000000000000755e-02 3.893269995366114244e+01
7.200000000000000844e-02 3.923189269722141859e+01
7.299999999999999545e-02 3.952712692782280612e+01
7.399999999999999634e-02 3.981844248031478628e+01
7.499999999999999722e-02 4.010587816527231553e+01
7.599999999999999811e-02 4.038947180941180903e+01
7.699999999999999900e-02 4.066926029388402952e+01
7.799999999999999989e-02 4.094527959058203237e+01
7.900000000000000078e-02 4.121756479659174488e+01
8.000000000000000167e-02 4.148615016690300905e+01
8.100000000000000255e-02 4.175106914549020587e+01
8.200000000000000344e-02 4.201235439486325163e+01
8.300000000000000433e-02 4.227003782418232447e+01
8.400000000000000522e-02 4.252415061602332003e+01
8.500000000000000611e-02 4.277472325187392244e+01
8.600000000000000699e-02 4.302178553643565806e+01
8.700000000000000788e-02 4.326536662080101081e+01
8.799999999999999489e-02 4.350549502457040063e+01
8.899999999999999578e-02 4.374219865696943543e+01
8.999999999999999667e-02 4.397550483702244151e+01
9.099999999999999756e-02 4.420544031283483122e+01
9.199999999999999845e-02 4.443203128003320757e+01
9.299999999999999933e-02 4.465530339940903559e+01
9.400000000000000022e-02 4.487528181380845638e+01
9.500000000000000111e-02 4.509199116430895060e+01
9.600000000000000200e-02 4.530545560571922437e+01
9.700000000000000289e-02 4.551569882143883916e+01
9.800000000000000377e-02 4.572274403770951778e+01
9.900000000000000466e-02 4.592661403728970981e+01
1.000000000000000056e-01 4.612733117258120785e+01
1.010000000000000064e-01 4.632491737823526989e+01
1.020000000000000073e-01 4.651939418326394104e+01
1.030000000000000082e-01 4.671078272268077569e+01
1.040000000000000091e-01 4.689910374869391063e+01
1.049999999999999961e-01 4.708437764147241467e+01
1.059999999999999970e-01 4.726662441950696802e+01
1.069999999999999979e-01 4.744586374958335284e+01
1.079999999999999988e-01 4.762211495638698011e+01
1.089999999999999997e-01 4.779539703175542087e+01
1.100000000000000006e-01 4.796572864359525568e+01
1.110000000000000014e-01 4.813312814447814958e+01
1.120000000000000023e-01 4.829761357993062632e+01
1.130000000000000032e-01 4.845920269643141864e+01
1.140000000000000041e-01 4.861791294912880090e+01
1.150000000000000050e-01 4.877376150929048038e+01
1.160000000000000059e-01 4.892676527149762933e+01
1.170000000000000068e-01 4.907694086059397165e+01
1.180000000000000077e-01 4.922430463839992854e+01
1.190000000000000085e-01 4.936887271020266610e+01
1.199999999999999956e-01 4.951066093103055721e+01
1.209999999999999964e-01 4.964968491172096776e+01
1.219999999999999973e-01 4.978596002479090998e+01
1.229999999999999982e-01 4.991950141011733422e+01
1.239999999999999991e-01 5.005032398043528019e+01
1.250000000000000000e-01 5.017844242666146926e+01
1.260000000000000009e-01 5.030387122304973246e+01
1.270000000000000018e-01 5.042662463218530888e+01
1.280000000000000027e-01 5.054671670982422427e+01
1.290000000000000036e-01 5.066416130958342023e+01
1.300000000000000044e-01 5.077897208748811408e+01
1.310000000000000053e-01 5.089116250638092254e+01
1.320000000000000062e-01 5.100074584019888846e+01
1.330000000000000071e-01 5.110773517812248201e+01
1.340000000000000080e-01 5.121214342860244528e+01
1.350000000000000089e-01 5.131398332326770628e+01
1.360000000000000098e-01 5.141326742071989031e+01
1.370000000000000107e-01 5.151000811021791037e+01
1.380000000000000115e-01 5.160421761525670092e+01
1.390000000000000124e-01 5.169590799704405981e+01
1.400000000000000133e-01 5.178509115787925055e+01
1.410000000000000142e-01 5.187177884443661924e+01
1.420000000000000151e-01 5.195598265095772206e+01
1.430000000000000160e-01 5.203771402235513222e+01
1.440000000000000169e-01 5.211698425723103867e+01
1.449999999999999900e-01 5.219380451081346450e+01
1.459999999999999909e-01 5.226818579781286189e+01
1.469999999999999918e-01 5.234013899520211055e+01
1.479999999999999927e-01 5.240967484492211526e+01
1.489999999999999936e-01 5.247680395651575225e+01
1.499999999999999944e-01 5.254153680969234586e+01
1.509999999999999953e-01 5.260388375682516227e+01
1.519999999999999962e-01 5.266385502538397390e+01
1.529999999999999971e-01 5.272146072030493258e+01
1.539999999999999980e-01 5.277671082629950661e+01
1.549999999999999989e-01 5.282961521010494010e+01
1.559999999999999998e-01 5.288018362267763450e+01
1.570000000000000007e-01 5.292842570133128532e+01
1.580000000000000016e-01 5.297435097182194141e+01
1.590000000000000024e-01 5.301796885038116613e+01
1.600000000000000033e-01 5.305928864569919057e+01
1.610000000000000042e-01 5.309831956085947979e+01
1.620000000000000051e-01 5.313507069522628967e+01
1.630000000000000060e-01 5.316955104628660678e+01
1.640000000000000069e-01 5.320176951144777178e+01
1.650000000000000078e-01 5.323173488979229262e+01
1.660000000000000087e-01 5.325945588379104834e+01
1.670000000000000095e-01 5.328494110097608427e+01
1.680000000000000104e-01 5.330819905557400773e+01
1.690000000000000113e-01 5.332923817010195933e+01
1.700000000000000122e-01 5.334806677692594690e+01
1.710000000000000131e-01 5.336469311978370200e+01
1.720000000000000140e-01 5.337912535527280511e+01
1.730000000000000149e-01 5.339137155430471182e+01
1.740000000000000158e-01 5.340143970352607994e+01
1.750000000000000167e-01 5.340933770670835656e+01
1.759999999999999898e-01 5.341507338610588818e+01
1.769999999999999907e-01 5.341865448378452186e+01
1.779999999999999916e-01 5.342008866292015057e+01
1.789999999999999925e-01 5.341938350906944777e+01
1.799999999999999933e-01 5.341654653141227271e+01
1.809999999999999942e-01 5.341158516396792066e+01
1.819999999999999951e-01 5.340450676678410957e+01
1.829999999999999960e-01 5.339531862710155963e+01
1.839999999999999969e-01 5.338402796049279431e+01
1.849999999999999978e-01 5.337064191197741536e+01
1.859999999999999987e-01 5.335516755711368830e+01
1.869999999999999996e-01 5.333761190306705657e+01
1.880000000000000004e-01 5.331798188965662177e+01
1.890000000000000013e-01 5.329628439037993104e+01
1.900000000000000022e-01 5.327252621341634864e+01
1.910000000000000031e-01 5.324671410260999949e+01
1.920000000000000040e-01 5.321885473843268244e+01
1.930000000000000049e-01 5.318895473892742842e+01
1.940000000000000058e-01 5.315702066063257547e+01
1.950000000000000067e-01 5.312305899948752597e+01
1.960000000000000075e-01 5.308707619172059111e+01
1.970000000000000084e-01 5.304907861471873076e+01
1.980000000000000093e-01 5.300907258788074472e+01
1.990000000000000102e-01 5.296706437345278573e+01
2.000000000000000111e-01 5.292306017734865975e+01
2.010000000000000120e-01 5.287706614995309451e+01
2.020000000000000129e-01 5.282908838691008668e+01
2.030000000000000138e-01 5.277913292989607186e+01
2.040000000000000147e-01 5.272720576737768283e+01
2.050000000000000155e-01 5.267331283535582998e+01
2.060000000000000164e-01 5.261746001809528650e+01
2.070000000000000173e-01 5.255965314884019790e+01
2.080000000000000182e-01 5.249989801051699345e+01
2.089999999999999913e-01 5.243820033642302292e+01
2.099999999999999922e-01 5.237456581090341245e+01
2.109999999999999931e-01 5.230900007001503127e+01
2.119999999999999940e-01 5.224150870217780351e+01
2.129999999999999949e-01 5.217209724881477229e+01
2.139999999999999958e-01 5.210077120497998493e+01
2.149999999999999967e-01 5.202753601997513044e+01
2.159999999999999976e-01 5.195239709795543348e+01
2.169999999999999984e-01 5.187535979852363255e+01
2.179999999999999993e-01 5.179642943731461457e+01
2.190000000000000002e-01 5.171561128656853867e+01
2.200000000000000011e-01 5.163291057569465892e+01
2.210000000000000020e-01 5.154833249182431132e+01
2.220000000000000029e-01 5.146188218035518247e+01
2.230000000000000038e-01 5.137356474548526108e+01
2.240000000000000047e-01 5.128338525073763776e+01
2.250000000000000056e-01 5.119134871947700560e+01
2.260000000000000064e-01 5.109746013541580822e+01
2.270000000000000073e-01 5.100172444311303366e+01
2.280000000000000082e-01 5.090414654846385645e+01
2.290000000000000091e-01 5.080473131918099483e+01
2.300000000000000100e-01 5.070348358526788957e+01
2.310000000000000109e-01 5.060040813948427285e+01
2.320000000000000118e-01 5.049550973780339547e+01
2.330000000000000127e-01 5.038879309986186428e+01
2.340000000000000135e-01 5.028026290940228904e+01
2.350000000000000144e-01 5.016992381470784323e+01
2.360000000000000153e-01 5.005778042903065028e+01
2.370000000000000162e-01 4.994383733101194878e+01
2.380000000000000171e-01 4.982809906509682207e+01
2.390000000000000180e-01 4.971057014194077794e+01
2.399999999999999911e-01 4.959125503881070784e+01
2.409999999999999920e-01 4.947015819997875496e+01
2.419999999999999929e-01 4.934728403711054057e+01
2.429999999999999938e-01 4.922263692964634885e+01
2.439999999999999947e-01 4.909622122517687615e+01
2.449999999999999956e-01 4.896804123981292634e+01
2.459999999999999964e-01 4.883810125854893869e+01
2.469999999999999973e-01 4.870640553562088826e+01
2.479999999999999982e-01 4.857295829485912009e+01
2.489999999999999991e-01 4.843776373003473168e+01
2.500000000000000000e-01 4.830082600520168512e+01
2.510000000000000009e-01 4.816214925503247457e+01
2.520000000000000018e-01 4.802173758514950208e+01
2.530000000000000027e-01 4.787959507245101065e+01
2.540000000000000036e-01 4.773572576543200796e+01
2.550000000000000044e-01 4.759013368450032289e+01
2.560000000000000053e-01 4.744282282228810743e+01
2.570000000000000062e-01 4.729379714395827961e+01
2.580000000000000071e-01 4.714306058750673145e+01
2.590000000000000080e-01 4.699061706405937855e+01
2.600000000000000089e-01 4.683647045816566390e+01
2.610000000000000098e-01 4.668062462808687485e+01
2.620000000000000107e-01 4.652308340608103521e+01
2.630000000000000115e-01 4.636385059868255354e+01
2.640000000000000124e-01 4.620292998697865983e+01
2.650000000000000133e-01 4.604032532688136570e+01
2.660000000000000142e-01 4.587604034939554509e+01
2.670000000000000151e-01 4.571007876088332011e+01
2.680000000000000160e-01 4.554244424332424757e+01
2.690000000000000169e-01 4.537314045457197409e+01
2.700000000000000178e-01 4.520217102860717517e+01
2.710000000000000187e-01 4.502953957578711197e+01
2.720000000000000195e-01 4.485524968309106697e+01
2.730000000000000204e-01 4.467930491436294460e+01
2.740000000000000213e-01 4.450170881054998517e+01
2.750000000000000222e-01 4.432246488993814637e+01
2.760000000000000231e-01 4.414157664838481310e+01
2.770000000000000240e-01 4.395904755954704513e+01
2.780000000000000249e-01 4.377488107510791338e+01
2.790000000000000258e-01 4.358908062499897085e+01
2.800000000000000266e-01 4.340164961761968243e+01
2.810000000000000275e-01 4.321259144005421149e+01
2.820000000000000284e-01 4.302190945828463953e+01
2.830000000000000293e-01 4.282960701740202580e+01
2.840000000000000302e-01 4.263568744181391423e+01
2.850000000000000311e-01 4.244015403544929654e+01
2.860000000000000320e-01 4.224301008196100327e+01
2.870000000000000329e-01 4.204425884492505361e+01
2.880000000000000338e-01 4.184390356803722000e+01
2.889999999999999791e-01 4.164194747530765994e+01
2.899999999999999800e-01 4.143839377125192414e+01
2.909999999999999809e-01 4.123324564108047241e+01
2.919999999999999818e-01 4.102650625088503489e+01
2.929999999999999827e-01 4.081817874782234412e+01
2.939999999999999836e-01 4.060826626029644615e+01
2.949999999999999845e-01 4.039677189813725988e+01
2.959999999999999853e-01 4.018369875277784331e+01
2.969999999999999862e-01 3.996904989742934333e+01
2.979999999999999871e-01 3.975282838725254919e+01
2.989999999999999880e-01 3.953503725952872117e+01
2.999999999999999889e-01 3.931567953382726444e+01
3.009999999999999898e-01 3.909475821217149871e+01
3.019999999999999907e-01 3.887227627920238149e+01
3.029999999999999916e-01 3.864823670234012809e+01
3.039999999999999925e-01 3.842264243194370010e+01
3.049999999999999933e-01 3.819549640146820479e+01
3.059999999999999942e-01 3.796680152762074556e+01
3.069999999999999951e-01 3.773656071051361494e+01
3.079999999999999960e-01 3.750477683381622285e+01
3.089999999999999969e-01 3.727145276490463743e+01
3.099999999999999978e-01 3.703659135500976163e+01
3.109999999999999987e-01 3.680019543936310811e+01
3.119999999999999996e-01 3.656226783734118158e+01
3.130000000000000004e-01 3.632281135260797100e+01
3.140000000000000013e-01 3.608182877325552340e+01
3.150000000000000022e-01 3.583932287194328126e+01
3.160000000000000031e-01 3.559529640603520306e+01
3.170000000000000040e-01 3.534975211773497961e+01
3.180000000000000049e-01 3.510269273422075287e+01
3.190000000000000058e-01 3.485412096777730540e+01
3.200000000000000067e-01 3.460403951592645910e+01
3.210000000000000075e-01 3.435245106155647932e+01
3.220000000000000084e-01 3.409935827305008615e+01
3.230000000000000093e-01 3.384476380440997900e+01
3.240000000000000102e-01 3.358867029538411941e+01
3.250000000000000111e-01 3.333108037158856973e+01
3.260000000000000120e-01 3.307199664462901012e+01
3.270000000000000129e-01 3.281142171222133186e+01
3.280000000000000138e-01 3.254935815831049695e+01
3.290000000000000147e-01 3.228580855318787712e+01
3.300000000000000155e-01 3.202077545360742761e+01
3.310000000000000164e-01 3.175426140290036869e+01
3.320000000000000173e-01 3.148626893108867364e+01
3.330000000000000182e-01 3.121680055499733442e+01
3.340000000000000191e-01 3.094585877836492216e+01
3.350000000000000200e-01 3.067344609195315286e+01
3.360000000000000209e-01 3.039956497365538723e+01
3.370000000000000218e-01 3.012421788860349636e+01
3.380000000000000226e-01 2.984740728927401676e+01
3.390000000000000235e-01 2.956913561559231596e+01
3.400000000000000244e-01 2.928940529503633172e+01
3.410000000000000253e-01 2.900821874273896128e+01
3.420000000000000262e-01 2.872557836158891575e+01
3.430000000000000271e-01 2.844148654233090667e+01
3.440000000000000280e-01 2.815594566366456775e+01
3.450000000000000289e-01 2.786895809234206922e+01
3.460000000000000298e-01 2.758052618326510697e+01
3.470000000000000306e-01 2.729065227958014361e+01
3.480000000000000315e-01 2.699933871277332287e+01
3.490000000000000324e-01 2.670658780276387745e+01
3.500000000000000333e-01 2.641240185799642859e+01
3.510000000000000342e-01 2.611678317553280237e+01
3.519999999999999796e-01 2.581973404114268078e+01
3.529999999999999805e-01 2.552125672939239109e+01
3.539999999999999813e-01 2.522135350373413587e+01
3.549999999999999822e-01 2.492002661659311968e+01
3.559999999999999831e-01 2.461727830945460482e+01
3.569999999999999840e-01 2.431311081294921905e+01
3.579999999999999849e-01 2.400752634693812126e+01
3.589999999999999858e-01 2.370052712059629130e+01
3.599999999999999867e-01 2.339211533249654451e+01
3.609999999999999876e-01 2.308229317069020681e+01
3.619999999999999885e-01 2.277106281278966549e+01
3.629999999999999893e-01 2.245842642604802109e+01
3.639999999999999902e-01 2.214438616743888133e+01
3.649999999999999911e-01 2.182894418373481926e+01
3.659999999999999920e-01 2.151210261158544768e+01
3.669999999999999929e-01 2.119386357759442774e+01
3.679999999999999938e-01 2.087422919839561075e+01
3.689999999999999947e-01 2.055320158072859726e+01
3.699999999999999956e-01 2.023078282151350038e+01
3.709999999999999964e-01 1.990697500792445851e+01
3.719999999999999973e-01 1.958178021746331865e+01
3.729999999999999982e-01 1.925520051803157173e+01
3.739999999999999991e-01 1.892723796800208902e+01
3.750000000000000000e-01 1.859789461629050322e+01
3.760000000000000009e-01 1.826717250242447221e+01
3.770000000000000018e-01 1.793507365661422170e+01
3.780000000000000027e-01 1.760160009982025997e+01
3.790000000000000036e-01 1.726675384382241418e+01
3.800000000000000044e-01 1.693053689128655037e+01
3.810000000000000053e-01 1.659295123583152076e+01
3.820000000000000062e-01 1.625399886209520162e+01
3.830000000000000071e-01 1.591368174580011896e+01
3.840000000000000080e-01 1.557200185381755375e+01
3.850000000000000089e-01 1.522896114423227232e+01
3.860000000000000098e-01 1.488456156640543782e+01
3.870000000000000107e-01 1.453880506103801906e+01
3.880000000000000115e-01 1.419169356023247985e+01
3.890000000000000124e-01 1.384322898755451092e+01
3.900000000000000133e-01 1.349341325809434977e+01
3.910000000000000142e-01 1.314224827852665101e+01
3.920000000000000151e-01 1.278973594717029982e+01
3.930000000000000160e-01 1.243587815404831076e+01
3.940000000000000169e-01 1.208067678094576536e+01
3.950000000000000178e-01 1.172413370146801981e+01
3.960000000000000187e-01 1.136625078109845788e+01
3.970000000000000195e-01 1.100702987725530591e+01
3.980000000000000204e-01 1.064647283934773725e+01
3.990000000000000213e-01 1.028458150883240307e+01
4.000000000000000222e-01 9.921357719268314668e+00
4.010000000000000231e-01 9.556803296371640499e+00
4.020000000000000240e-01 9.190920058070119580e+00
4.030000000000000249e-01 8.823709814556465858e+00
4.040000000000000258e-01 8.455174368342809998e+00
4.050000000000000266e-01 8.085315514311460561e+00
4.060000000000000275e-01 7.714135039769274726e+00
4.070000000000000284e-01 7.341634724498049991e+00
4.080000000000000293e-01 6.967816340805782716e+00
4.090000000000000302e-01 6.592681653578580381e+00
4.100000000000000311e-01 6.216232420329887987e+00
4.110000000000000320e-01 5.838470391251291858e+00
4.120000000000000329e-01 5.459397309260538123e+00
4.130000000000000338e-01 5.079014910052023879e+00
4.140000000000000346e-01 4.697324922144275661e+00
4.150000000000000355e-01 4.314329066928451084e+00
4.160000000000000364e-01 3.930029058715803103e+00
4.169999999999999818e-01 3.544426604784547408e+00
4.179999999999999827e-01 3.157523405427355101e+00
4.189999999999999836e-01 2.769321153996827434e+00
4.199999999999999845e-01 2.379821536951880034e+00
4.209999999999999853e-01 1.989026233903217644e+00
4.219999999999999862e-01 1.596936917658069888e+00
4.229999999999999871e-01 1.203555254265125996e+00
4.239999999999999880e-01 8.088829030587021407e-01
4.249999999999999889e-01 4.129215167025677147e-01
4.259999999999999898e-01 1.567274123337369929e-02
4.269999999999999907e-01 -3.828617838959758046e-01
4.279999999999999916e-01 -7.826804257741173387e-01
4.289999999999999925e-01 -1.183781557988908162e+00
4.299999999999999933e-01 -1.586163560584623156e+00
4.309999999999999942e-01 -1.989824820021567575e+00
4.319999999999999951e-01 -2.394763729134297137e+00
4.329999999999999960e-01 -2.800978687090719177e+00
4.339999999999999969e-01 -3.208468099351705405e+00
4.349999999999999978e-01 -3.617230377631045712e+00
4.359999999999999987e-01 -4.027263939855885155e+00
4.369999999999999996e-01 -4.438567210126961982e+00
4.380000000000000004e-01 -4.851138618679357251e+00
4.390000000000000013e-01 -5.264976601844523429e+00
4.400000000000000022e-01 -5.680079602011232964e+00
4.410000000000000031e-01 -6.096446067587407924e+00
4.420000000000000040e-01 -6.514074452963257045e+00
4.430000000000000049e-01 -6.932963218472650624e+00
4.440000000000000058e-01 -7.353110830357081795e+00
4.450000000000000067e-01 -7.774515760728093028e+00
4.460000000000000075e-01 -8.197176487531777411e+00
4.470000000000000084e-01 -8.621091494511375686e+00
4.480000000000000093e-01 -9.046259271172573335e+00
4.490000000000000102e-01 -9.472678312747007112e+00
4.500000000000000111e-01 -9.900347120158102143e+00
4.510000000000000120e-01 -1.032926419998494794e+01
4.520000000000000129e-01 -1.075942806442873234e+01
4.530000000000000138e-01 -1.119083723127755547e+01
4.540000000000000147e-01 -1.162349022387274999e+01
4.550000000000000155e-01 -1.205738557107548559e+01
4.560000000000000164e-01 -1.249252180723226502e+01
4.570000000000000173e-01 -1.292889747214260865e+01
4.580000000000000182e-01 -1.336651111102548839e+01
4.590000000000000191e-01 -1.380536127448763750e+01
4.600000000000000200e-01 -1.424544651848975718e+01
4.610000000000000209e-01 -1.468676540431539479e+01
4.620000000000000218e-01 -1.512931649853894100e+01
4.630000000000000226e-01 -1.557309837299368382e+01
4.640000000000000235e-01 -1.601810960474080048e+01
4.650000000000000244e-01 -1.646434877603795144e+01
4.660000000000000253e-01 -1.691181447430881235e+01
4.670000000000000262e-01 -1.736050529211220805e+01
4.680000000000000271e-01 -1.781041982711204241e+01
4.690000000000000280e-01 -1.826155668204671656e+01
4.700000000000000289e-01 -1.871391446470013875e+01
4.710000000000000298e-01 -1.916749178787108576e+01
4.720000000000000306e-01 -1.962228726934446854e+01
4.730000000000000315e-01 -2.007829953186262628e+01
4.740000000000000324e-01 -2.053552720309514257e+01
4.750000000000000333e-01 -2.099396891561153211e+01
4.760000000000000342e-01 -2.145362330685193797e+01
4.770000000000000351e-01 -2.191448901909910774e+01
4.780000000000000360e-01 -2.237656469945090976e+01
4.790000000000000369e-01 -2.283984899979182615e+01
4.799999999999999822e-01 -2.330434057676578163e+01
4.809999999999999831e-01 -2.377003809174922822e+01
4.819999999999999840e-01 -2.423694021082329186e+01
4.829999999999999849e-01 -2.470504560474719824e+01
4.839999999999999858e-01 -2.517435294893158471e+01
4.849999999999999867e-01 -2.564486092341235235e+01
4.859999999999999876e-01 -2.611656821282346641e+01
4.869999999999999885e-01 -2.658947350637257045e+01
4.879999999999999893e-01 -2.706357549781287730e+01
4.889999999999999902e-01 -2.753887288541966427e+01
4.899999999999999911e-01 -2.801536437196352836e+01
4.909999999999999920e-01 -2.849304866468523301e+01
4.919999999999999929e-01 -2.897192447527143599e+01
4.929999999999999938e-01 -2.945199051982893934e+01
4.939999999999999947e-01 -2.993324551886027507e+01
4.949999999999999956e-01 -3.041568819723954675e+01
4.959999999999999964e-01 -3.089931728418775947e+01
4.969999999999999973e-01 -3.138413151324857608e+01
4.979999999999999982e-01 -3.187012962226509671e+01
4.989999999999999991e-01 -3.235731035335521710e+01
5.000000000000000000e-01 -3.284567245288852178e+01
5.010000000000000009e-01 -3.333521467146312034e+01
5.020000000000000018e-01 -3.382593576388208589e+01
5.030000000000000027e-01 -3.431783448913006396e+01
5.040000000000000036e-01 -3.481090961035138776e+01
5.050000000000000044e-01 -3.530515989482645978e+01
5.060000000000000053e-01 -3.580058411394989548e+01
5.070000000000000062e-01 -3.629718104320735961e+01
5.080000000000000071e-01 -3.679494946215476148e+01
5.090000000000000080e-01 -3.729388815439455129e+01
5.100000000000000089e-01 -3.779399590755483018e+01
5.110000000000000098e-01 -3.829527151326800549e+01
5.120000000000000107e-01 -3.879771376714811026e+01
5.130000000000000115e-01 -3.930132146877051014e+01
5.140000000000000124e-01 -3.980609342165018916e+01
5.150000000000000133e-01 -4.031202843322029139e+01
5.160000000000000142e-01 -4.081912531481233941e+01
5.170000000000000151e-01 -4.132738288163420748e+01
5.180000000000000160e-01 -4.183679995275065266e+01
5.190000000000000169e-01 -4.234737535106191331e+01
5.200000000000000178e-01 -4.285910790328429698e+01
5.210000000000000187e-01 -4.337199643992906317e+01
5.220000000000000195e-01 -4.388603979528329546e+01
5.230000000000000204e-01 -4.440123680738926737e+01
5.240000000000000213e-01 -4.491758631802565560e+01
5.250000000000000222e-01 -4.543508717268704800e+01
5.260000000000000231e-01 -4.595373822056487256e+01
5.270000000000000240e-01 -4.647353831452835493e+01
5.280000000000000249e-01 -4.699448631110513475e+01
5.290000000000000258e-01 -4.751658107046176838e+01
5.300000000000000266e-01 -4.803982145638616430e+01
5.310000000000000275e-01 -4.856420633626723316e+01
5.320000000000000284e-01 -4.908973458107735155e+01
5.330000000000000293e-01 -4.961640506535349004e+01
5.340000000000000302e-01 -5.014421666717908010e+01
5.350000000000000311e-01 -5.067316826816562525e+01
5.360000000000000320e-01 -5.120325875343459643e+01
5.370000000000000329e-01 -5.173448701159932739e+01
5.380000000000000338e-01 -5.226685193474773428e+01
5.390000000000000346e-01 -5.280035241842401206e+01
5.400000000000000355e-01 -5.333498736161106990e+01
5.410000000000000364e-01 -5.387075566671367710e+01
5.420000000000000373e-01 -5.440765623954067109e+01
5.430000000000000382e-01 -5.494568798928744968e+01
5.440000000000000391e-01 -5.548484982851923064e+01
5.450000000000000400e-01 -5.602514067315451030e+01
5.460000000000000409e-01 -5.656655944244721468e+01
5.470000000000000417e-01 -5.710910505897072653e+01
5.480000000000000426e-01 -5.765277644860083228e+01
5.490000000000000435e-01 -5.819757254049972062e+01
5.500000000000000444e-01 -5.874349226709867366e+01
5.510000000000000453e-01 -5.929053456408260558e+01
5.520000000000000462e-01 -5.983869837037389061e+01
5.530000000000000471e-01 -6.038798262811553741e+01
5.540000000000000480e-01 -6.093838628265592661e+01
5.550000000000000488e-01 -6.148990828253261043e+01
5.560000000000000497e-01 -6.204254757945713550e+01
5.570000000000000506e-01 -6.259630312829841614e+01
5.580000000000000515e-01 -6.315117388706806878e+01
5.590000000000000524e-01 -6.370715881690469473e+01
5.600000000000000533e-01 -6.426425688205824827e+01
5.610000000000000542e-01 -6.482246704987559838e+01
5.620000000000000551e-01 -6.538178829078458421e+01
5.630000000000000560e-01 -6.594221957827951996e+01
5.640000000000000568e-01 -6.650375988890621670e+01
5.650000000000000577e-01 -6.706640820224677668e+01
5.660000000000000586e-01 -6.763016350090555306e+01
5.670000000000000595e-01 -6.819502477049400113e+01
5.680000000000000604e-01 -6.876099099961615480e+01
5.690000000000000613e-01 -6.932806117985481364e+01
5.700000000000000622e-01 -6.989623430575636576e+01
5.710000000000000631e-01 -7.046550937481734422e+01
5.720000000000000639e-01 -7.103588538746942049e+01
5.730000000000000648e-01 -7.160736134706684197e+01
5.740000000000000657e-01 -7.217993625987034534e+01
5.750000000000000666e-01 -7.275360913503530469e+01
5.760000000000000675e-01 -7.332837898459700909e+01
5.769999999999999574e-01 -7.390424482345645174e+01
5.779999999999999583e-01 -7.448120566936850651e+01
5.789999999999999591e-01 -7.505926054292640970e+01
5.799999999999999600e-01 -7.563840846754987979e+01
5.809999999999999609e-01 -7.621864846947062233e+01
5.819999999999999618e-01 -7.679997957772022232e+01
5.829999999999999627e-01 -7.738240082411593335e+01
5.839999999999999636e-01 -7.796591124324842781e+01
5.849999999999999645e-01 -7.855050987246852401e+01
5.859999999999999654e-01 -7.913619575187399846e+01
5.869999999999999662e-01 -7.972296792429730772e+01
5.879999999999999671e-01 -8.031082543529225859e+01
5.889999999999999680e-01 -8.089976733312218471e+01
5.899999999999999689e-01 -8.148979266874638938e+01
5.909999999999999698e-01 -8.208090049580863479e+01
5.919999999999999707e-01 -8.267308987062352799e+01
5.929999999999999716e-01 -8.326635985216569225e+01
5.939999999999999725e-01 -8.386070950205623831e+01
5.949999999999999734e-01 -8.445613788455148097e+01
5.959999999999999742e-01 -8.505264406652983666e+01
5.969999999999999751e-01 -8.565022711748122219e+01
5.979999999999999760e-01 -8.624888610949346912e+01
5.989999999999999769e-01 -8.684862011724212039e+01
5.999999999999999778e-01 -8.744942821797710053e+01
6.009999999999999787e-01 -8.805130949151214281e+01
6.019999999999999796e-01 -8.865426302021273841e+01
6.029999999999999805e-01 -8.925828788898405719e+01
6.039999999999999813e-01 -8.986338318526031799e+01
6.049999999999999822e-01 -9.046954799899322097e+01
6.059999999999999831e-01 -9.107678142263964105e+01
6.069999999999999840e-01 -9.168508255115136762e+01
6.079999999999999849e-01 -9.229445048196407697e+01
6.089999999999999858e-01 -9.290488431498476984e+01
6.099999999999999867e-01 -9.351638315258176704e+01
6.109999999999999876e-01 -9.412894609957430703e+01
6.119999999999999885e-01 -9.474257226321992675e+01
6.129999999999999893e-01 -9.535726075320496875e+01
6.139999999999999902e-01 -9.597301068163287141e+01
6.149999999999999911e-01 -9.658982116301413612e+01
6.159999999999999920e-01 -9.720769131425583964e+01
6.169999999999999929e-01 -9.782662025464935596e+01
6.179999999999999938e-01 -9.844660710586197183e+01
6.189999999999999947e-01 -9.906765099192503499e+01
6.199999999999999956e-01 -9.968975103922403491e+01
6.209999999999999964e-01 -1.003129063764881153e+02
6.219999999999999973e-01 -1.009371161347797852e+02
6.229999999999999982e-01 -1.015623794474845738e+02
6.239999999999999991e-01 -1.021886954503015659e+02
6.250000000000000000e-01 -1.028160632812321751e+02
6.260000000000000009e-01 -1.034444820805707650e+02
6.270000000000000018e-01 -1.040739509908945593e+02
6.280000000000000027e-01 -1.047044691570541204e+02
6.290000000000000036e-01 -1.053360357261624358e+02
6.300000000000000044e-01 -1.059686498475863345e+02
6.310000000000000053e-01 -1.066023106729357437e+02
6.320000000000000062e-01 -1.072370173560547642e+02
6.330000000000000071e-01 -1.078727690530114387e+02
6.340000000000000080e-01 -1.085095649220886571e+02
6.350000000000000089e-01 -1.091474041237740380e+02
6.360000000000000098e-01 -1.097862858207515160e+02
6.370000000000000107e-01 -1.104262091778903141e+02
6.380000000000000115e-01 -1.110671733622376109e+02
6.390000000000000124e-01 -1.117091775430077405e+02
6.400000000000000133e-01 -1.123522208915728129e+02
6.410000000000000142e-01 -1.129963025814549837e+02
6.420000000000000151e-01 -1.136414217883162792e+02
6.430000000000000160e-01 -1.142875776899492735e+02
6.440000000000000169e-01 -1.149347694662689605e+02
6.450000000000000178e-01 -1.155829962993028630e+02
6.460000000000000187e-01 -1.162322573731831312e+02
6.470000000000000195e-01 -1.168825518741363112e+02
6.480000000000000204e-01 -1.175338789904762962e+02
6.490000000000000213e-01 -1.181862379125936968e+02
6.500000000000000222e-01 -1.188396278329485654e+02
6.510000000000000231e-01 -1.194940479460611868e+02
6.520000000000000240e-01 -1.201494974485030411e+02
6.530000000000000249e-01 -1.208059755388891290e+02
6.540000000000000258e-01 -1.214634814178684223e+02
6.550000000000000266e-01 -1.221220142881169863e+02
6.560000000000000275e-01 -1.227815733543272927e+02
6.570000000000000284e-01 -1.234421578232020238e+02
6.580000000000000293e-01 -1.241037669034444662e+02
6.590000000000000302e-01 -1.247663998057506660e+02
6.600000000000000311e-01 -1.254300557428010734e+02
6.610000000000000320e-01 -1.260947339292526976e+02
6.620000000000000329e-01 -1.267604335817304104e+02
6.630000000000000338e-01 -1.274271539188190445e+02
6.640000000000000346e-01 -1.280948941610560041e+02
6.650000000000000355e-01 -1.287636535309222836e+02
6.660000000000000364e-01 -1.294334312528351347e+02
6.670000000000000373e-01 -1.301042265531399948e+02
6.680000000000000382e-01 -1.307760386601025857e+02
6.690000000000000391e-01 -1.314488668039012396e+02
6.700000000000000400e-01 -1.321227102166188274e+02
6.710000000000000409e-01 -1.327975681322354831e+02
6.720000000000000417e-01 -1.334734397866203608e+02
6.730000000000000426e-01 -1.341503244175245868e+02
6.740000000000000435e-01 -1.348282212645733011e+02
6.750000000000000444e-01 -1.355071295692580406e+02
6.760000000000000453e-01 -1.361870485749294630e+02
6.770000000000000462e-01 -1.368679775267899004e+02
6.780000000000000471e-01 -1.375499156718855716e+02
6.790000000000000480e-01 -1.382328622590996474e+02
6.800000000000000488e-01 -1.389168165391440084e+02
6.810000000000000497e-01 -1.396017777645537876e+02
6.820000000000000506e-01 -1.402877451896777643e+02
6.830000000000000515e-01 -1.409747180706729068e+02
6.840000000000000524e-01 -1.416626956654964147e+02
6.850000000000000533e-01 -1.423516772338986129e+02
6.860000000000000542e-01 -1.430416620374160743e+02
6.870000000000000551e-01 -1.437326493393643432e+02
6.880000000000000560e-01 -1.444246384048311711e+02
6.890000000000000568e-01 -1.451176285006690136e+02
6.900000000000000577e-01 -1.458116188954882091e+02
6.910000000000000586e-01 -1.465066088596512941e+02
6.920000000000000595e-01 -1.472025976652637382e+02
6.930000000000000604e-01 -1.478995845861691691e+02
6.940000000000000613e-01 -1.485975688979416987e+02
6.950000000000000622e-01 -1.492965498778793290e+02
6.960000000000000631e-01 -1.499965268049970746e+02
6.970000000000000639e-01 -1.506974989600203685e+02
6.980000000000000648e-01 -1.513994656253786957e+02
6.990000000000000657e-01 -1.521024260851979761e+02
7.000000000000000666e-01 -1.528063796252954489e+02
7.010000000000000675e-01 -1.535113255331718278e+02
7.020000000000000684e-01 -1.542172630980056169e+02
7.030000000000000693e-01 -1.549241916106459485e+02
7.039999999999999591e-01 -1.556321103636067846e+02
7.049999999999999600e-01 -1.563410186510602102e+02
7.059999999999999609e-01 -1.570509157688299524e+02
7.069999999999999618e-01 -1.577618010143849006e+02
7.079999999999999627e-01 -1.584736736868335356e+02
7.089999999999999636e-01 -1.591865330869168247e+02
7.099999999999999645e-01 -1.599003785170022525e+02
7.109999999999999654e-01 -1.606152092810779095e+02
7.119999999999999662e-01 -1.613310246847458416e+02
7.129999999999999671e-01 -1.620478240352159105e+02
7.139999999999999680e-01 -1.627656066413003373e+02
7.149999999999999689e-01 -1.634843718134067672e+02
7.159999999999999698e-01 -1.642041188635329831e+02
7.169999999999999707e-01 -1.649248471052601417e+02
7.179999999999999716e-01 -1.656465558537474294e+02
7.189999999999999725e-01 -1.663692444257254692e+02
7.199999999999999734e-01 -1.670929121394913750e+02
7.209999999999999742e-01 -1.678175583149015324e+02
7.219999999999999751e-01 -1.685431822733670515e+02
7.229999999999999760e-01 -1.692697833378472296e+02
7.239999999999999769e-01 -1.699973608328429577e+02
7.249999999999999778e-01 -1.707259140843930254e+02
7.259999999999999787e-01 -1.714554424200666745e+02
7.269999999999999796e-01 -1.721859451689584830e+02
7.279999999999999805e-01 -1.729174216616822264e+02
7.289999999999999813e-01 -1.736498712303661591e+02
7.299999999999999822e-01 -1.743832932086463643e+02
7.309999999999999831e-01 -1.751176869316616944e+02
7.319999999999999840e-01 -1.758530517360483714e+02
7.329999999999999849e-01 -1.765893869599341883e+02
7.339999999999999858e-01 -1.773266919429324275e+02
7.349999999999999867e-01 -1.780649660261375402e+02
7.359999999999999876e-01 -1.788042085521188937e+02
7.369999999999999885e-01 -1.795444188649154853e+02
7.379999999999999893e-01 -1.802855963100310532e+02
7.389999999999999902e-01 -1.810277402344272559e+02
7.399999999999999911e-01 -1.817708499865205454e+02
7.409999999999999920e-01 -1.825149249161747207e+02
7.419999999999999929e-01 -1.832599643746968354e+02
7.429999999999999938e-01 -1.840059677148320247e+02
7.439999999999999947e-01 -1.847529342907570253e+02
7.449999999999999956e-01 -1.855008634580769922e+02
7.459999999999999964e-01 -1.862497545738180520e+02
7.469999999999999973e-01 -1.869996069964237222e+02
7.479999999999999982e-01 -1.877504200857492265e+02
7.489999999999999991e-01 -1.885021932030567768e+02
7.500000000000000000e-01 -1.892549257110093777e+02
7.510000000000000009e-01 -1.900086169736675856e+02
7.520000000000000018e-01 -1.907632663564825179e+02
7.530000000000000027e-01 -1.915188732262922713e+02
7.540000000000000036e-01 -1.922754369513164647e+02
7.550000000000000044e-01 -1.930329569011508966e+02
7.560000000000000053e-01 -1.937914324467633946e+02
7.570000000000000062e-01 -1.945508629604881321e+02
7.580000000000000071e-01 -1.953112478160215346e+02
7.590000000000000080e-01 -1.960725863884167097e+02
7.600000000000000089e-01 -1.968348780540789562e+02
7.610000000000000098e-01 -1.975981221907605345e+02
7.620000000000000107e-01 -1.983623181775568582e+02
7.630000000000000115e-01 -1.991274653949009235e+02
7.640000000000000124e-01 -1.998935632245582497e+02
7.650000000000000133e-01 -2.006606110496231850e+02
7.660000000000000142e-01 -2.014286082545135628e+02
7.670000000000000151e-01 -2.021975542249661544e+02
7.680000000000000160e-01 -2.029674483480320077e+02
7.690000000000000169e-01 -2.037382900120715590e+02
7.700000000000000178e-01 -2.045100786067505396e+02
7.710000000000000187e-01 -2.052828135230354860e+02
7.720000000000000195e-01 -2.060564941531883392e+02
7.730000000000000204e-01 -2.068311198907625226e+02
7.740000000000000213e-01 -2.076066901305985652e+02
7.750000000000000222e-01 -2.083832042688187585e+02
7.760000000000000231e-01 -2.091606617028243136e+02
7.770000000000000240e-01 -2.099390618312889387e+02
7.780000000000000249e-01 -2.107184040541557124e+02
7.790000000000000258e-01 -2.114986877726323655e+02
7.800000000000000266e-01 -2.122799123891868476e+02
7.810000000000000275e-01 -2.130620773075426655e+02
7.820000000000000284e-01 -2.138451819326752457e+02
7.830000000000000293e-01 -2.146292256708075001e+02
7.840000000000000302e-01 -2.154142079294041991e+02
7.850000000000000311e-01 -2.162001281171690721e+02
7.860000000000000320e-01 -2.169869856440410558e+02
7.870000000000000329e-01 -2.177747799211884967e+02
7.880000000000000338e-01 -2.185635103610053420e+02
7.890000000000000346e-01 -2.193531763771073884e+02
7.900000000000000355e-01 -2.201437773843286436e+02
7.910000000000000364e-01 -2.209353127987156427e+02
7.920000000000000373e-01 -2.217277820375239230e+02
7.930000000000000382e-01 -2.225211845192151259e+02
7.940000000000000391e-01 -2.233155196634509139e+02
7.950000000000000400e-01 -2.241107868910901857e+02
7.960000000000000409e-01 -2.249069856241846992e+02
7.970000000000000417e-01 -2.257041152859750923e+02
7.980000000000000426e-01 -2.265021753008859946e+02
7.990000000000000435e-01 -2.273011650945240945e+02
8.000000000000000444e-01 -2.281010840936716022e+02
8.010000000000000453e-01 -2.289019317262842605e+02
8.020000000000000462e-01 -2.297037074214861150e+02
8.030000000000000471e-01 -2.305064106095664442e+02
8.040000000000000480e-01 -2.313100407219754970e+02
8.050000000000000488e-01 -2.321145971913205130e+02
8.060000000000000497e-01 -2.329200794513618007e+02
8.070000000000000506e-01 -2.337264869370093834e+02
8.080000000000000515e-01 -2.345338190843186226e+02
8.090000000000000524e-01 -2.353420753304858408e+02
8.100000000000000533e-01 -2.361512551138466165e+02
8.110000000000000542e-01 -2.369613578738694173e+02
8.120000000000000551e-01 -2.377723830511537244e+02
8.130000000000000560e-01 -2.385843300874253146e+02
8.140000000000000568e-01 -2.393971984255322241e+02
8.150000000000000577e-01 -2.402109875094429299e+02
8.160000000000000586e-01 -2.410256967842399831e+02
8.170000000000000595e-01 -2.418413256961180196e+02
8.180000000000000604e-01 -2.426578736923804627e+02
8.190000000000000613e-01 -2.434753402214338962e+02
8.200000000000000622e-01 -2.442937247327866999e+02
8.210000000000000631e-01 -2.451130266770433650e+02
8.220000000000000639e-01 -2.459332455059026188e+02
8.230000000000000648e-01 -2.467543806721529904e+02
8.240000000000000657e-01 -2.475764316296695711e+02
8.250000000000000666e-01 -2.483993978334098642e+02
8.260000000000000675e-01 -2.492232787394102047e+02
8.270000000000000684e-01 -2.500480738047843943e+02
8.280000000000000693e-01 -2.508737824877165963e+02
8.290000000000000702e-01 -2.517004042474603693e+02
8.300000000000000711e-01 -2.525279385443351998e+02
8.310000000000000719e-01 -2.533563848397214429e+02
8.320000000000000728e-01 -2.541857425960585033e+02
8.329999999999999627e-01 -2.550160112768400040e+02
8.339999999999999636e-01 -2.558471903466119670e+02
8.349999999999999645e-01 -2.566792792709681521e+02
8.359999999999999654e-01 -2.575122775165469307e+02
8.369999999999999662e-01 -2.583461845510281591e+02
8.379999999999999671e-01 -2.591809998431295980e+02
8.389999999999999680e-01 -2.600167228626042970e+02
8.399999999999999689e-01 -2.608533530802358769e+02
8.409999999999999698e-01 -2.616908899678368243e+02
8.419999999999999707e-01 -2.625293329982430350e+02
8.429999999999999716e-01 -2.633686816453137567e+02
8.439999999999999725e-01 -2.642089353839251089e+02
8.449999999999999734e-01 -2.650500936899689464e+02
8.459999999999999742e-01 -2.658921560403480839e+02
8.469999999999999751e-01 -2.667351219129745914e+02
8.479999999999999760e-01 -2.675789907867655870e+02
8.489999999999999769e-01 -2.684237621416402249e+02
8.499999999999999778e-01 -2.692694354585167389e+02
8.509999999999999787e-01 -2.701160102193092598e+02
8.519999999999999796e-01 -2.709634859069243475e+02
8.529999999999999805e-01 -2.718118620052580923e+02
8.539999999999999813e-01 -2.726611379991927606e+02
8.549999999999999822e-01 -2.735113133745942946e+02
8.559999999999999831e-01 -2.743623876183086736e+02
8.569999999999999840e-01 -2.752143602181587880e+02
8.579999999999999849e-01 -2.760672306629418244e+02
8.589999999999999858e-01 -2.769209984424256277e+02
8.599999999999999867e-01 -2.777756630473461428e+02
8.609999999999999876e-01 -2.786312239694042887e+02
8.619999999999999885e-01 -2.794876807012624340e+02
8.629999999999999893e-01 -2.803450327365422936e+02
8.639999999999999902e-01 -2.812032795698212908e+02
8.649999999999999911e-01 -2.820624206966298289e+02
8.659999999999999920e-01 -2.829224556134478803e+02
8.669999999999999929e-01 -2.837833838177031680e+02
8.679999999999999938e-01 -2.846452048077666745e+02
8.689999999999999947e-01 -2.855079180829511074e+02
8.699999999999999956e-01 -2.863715231435065789e+02
8.709999999999999964e-01 -2.872360194906193556e+02
8.719999999999999973e-01 -2.881014066264083340e+02
8.729999999999999982e-01 -2.889676840539204363e+02
8.739999999999999991e-01 -2.898348512771310084e+02
8.750000000000000000e-01 -2.907029078009383625e+02
8.760000000000000009e-01 -2.915718531311616744e+02
8.770000000000000018e-01 -2.924416867745385957e+02
8.780000000000000027e-01 -2.933124082387222415e+02
8.790000000000000036e-01 -2.941840170322777794e+02
8.800000000000000044e-01 -2.950565126646807812e+02
8.810000000000000053e-01 -2.959298946463131870e+02
8.820000000000000062e-01 -2.968041624884614862e+02
8.830000000000000071e-01 -2.976793157033135913e+02
8.840000000000000080e-01 -2.985553538039559953e+02
8.850000000000000089e-01 -2.994322763043715554e+02
8.860000000000000098e-01 -3.003100827194353997e+02
8.870000000000000107e-01 -3.011887725649142453e+02
8.880000000000000115e-01 -3.020683453574618511e+02
8.890000000000000124e-01 -3.029488006146181647e+02
8.900000000000000133e-01 -3.038301378548043772e+02
8.910000000000000142e-01 -3.047123565973226391e+02
8.920000000000000151e-01 -3.055954563623512854e+02
8.930000000000000160e-01 -3.064794366709434712e+02
8.940000000000000169e-01 -3.073642970450247276e+02
8.950000000000000178e-01 -3.082500370073893237e+02
8.960000000000000187e-01 -3.091366560816982769e+02
8.970000000000000195e-01 -3.100241537924764543e+02
8.980000000000000204e-01 -3.109125296651106396e+02
8.990000000000000213e-01 -3.118017832258465774e+02
9.000000000000000222e-01 -3.126919140017857899e+02
9.010000000000000231e-01 -3.135829215208835308e+02
9.020000000000000240e-01 -3.144748053119470796e+02
9.030000000000000249e-01 -3.153675649046317062e+02
9.040000000000000258e-01 -3.162611998294387377e+02
9.050000000000000266e-01 -3.171557096177138533e+02
9.060000000000000275e-01 -3.180510938016433897e+02
9.070000000000000284e-01 -3.189473519142521241e+02
9.080000000000000293e-01 -3.198444834894014548e+02
9.090000000000000302e-01 -3.207424880617865028e+02
9.100000000000000311e-01 -3.216413651669327578e+02
9.110000000000000320e-01 -3.225411143411960211e+02
9.120000000000000329e-01 -3.234417351217567216e+02
9.130000000000000338e-01 -3.243432270466205978e+02
9.140000000000000346e-01 -3.252455896546139797e+02
9.150000000000000355e-01 -3.261488224853825955e+02
9.160000000000000364e-01 -3.270529250793887854e+02
9.170000000000000373e-01 -3.279578969779090585e+02
9.180000000000000382e-01 -3.288637377230322159e+02
9.190000000000000391e-01 -3.297704468576562817e+02
9.200000000000000400e-01 -3.306780239254861158e+02
9.210000000000000409e-01 -3.315864684710317078e+02
9.220000000000000417e-01 -3.324957800396053358e+02
9.230000000000000426e-01 -3.334059581773201444e+02
9.240000000000000435e-01 -3.343170024310858253e+02
9.250000000000000444e-01 -3.352289123486081053e+02
9.260000000000000453e-01 -3.361416874783865865e+02
9.270000000000000462e-01 -3.370553273697101986e+02
9.280000000000000471e-01 -3.379698315726577107e+02
9.290000000000000480e-01 -3.388851996380936953e+02
9.300000000000000488e-01 -3.398014311176669366e+02
9.310000000000000497e-01 -3.407185255638075887e+02
9.320000000000000506e-01 -3.416364825297259245e+02
9.330000000000000515e-01 -3.425553015694085275e+02
9.340000000000000524e-01 -3.434749822376183488e+02
9.350000000000000533e-01 -3.443955240898895909e+02
9.360000000000000542e-01 -3.453169266825288446e+02
9.370000000000000551e-01 -3.462391895726092912e+02
9.380000000000000560e-01 -3.471623123179710433e+02
9.390000000000000568e-01 -3.480862944772189280e+02
9.400000000000000577e-01 -3.490111356097180533e+02
9.410000000000000586e-01 -3.499368352755944898e+02
9.420000000000000595e-01 -3.508633930357312352e+02
9.430000000000000604e-01 -3.517908084517664520e+02
9.440000000000000613e-01 -3.527190810860916486e+02
9.450000000000000622e-01 -3.536482105018495758e+02
9.460000000000000631e-01 -3.545781962629311579e+02
9.470000000000000639e-01 -3.555090379339752076e+02
9.480000000000000648e-01 -3.564407350803641066e+02
9.490000000000000657e-01 -3.573732872682231800e+02
9.500000000000000666e-01 -3.583066940644187071e+02
9.510000000000000675e-01 -3.592409550365543964e+02
9.520000000000000684e-01 -3.601760697529712161e+02
9.530000000000000693e-01 -3.611120377827434140e+02
9.540000000000000702e-01 -3.620488586956777226e+02
9.550000000000000711e-01 -3.629865320623111984e+02
9.560000000000000719e-01 -3.639250574539088348e+02
9.570000000000000728e-01 -3.648644344424619703e+02
9.580000000000000737e-01 -3.658046626006844235e+02
9.590000000000000746e-01 -3.667457415020141980e+02
9.599999999999999645e-01 -3.676876707206072297e+02
9.609999999999999654e-01 -3.686304498313382965e+02
9.619999999999999662e-01 -3.695740784097985170e+02
9.629999999999999671e-01 -3.705185560322921674e+02
9.639999999999999680e-01 -3.714638822758349761e+02
9.649999999999999689e-01 -3.724100567181541237e+02
9.659999999999999698e-01 -3.733570789376834682e+02
9.669999999999999707e-01 -3.743049485135636587e+02
9.679999999999999716e-01 -3.752536650256388384e+02
9.689999999999999725e-01 -3.762032280544558489e+02
9.699999999999999734e-01 -3.771536371812609332e+02
9.709999999999999742e-01 -3.781048919879995083e+02
9.719999999999999751e-01 -3.790569920573124136e+02
9.729999999999999760e-01 -3.800099369725356837e+02
9.739999999999999769e-01 -3.809637263176970237e+02
9.749999999999999778e-01 -3.819183596775152409e+02
9.759999999999999787e-01 -3.828738366373977442e+02
9.769999999999999796e-01 -3.838301567834388379e+02
9.779999999999999805e-01 -3.847873197024172214e+02
9.789999999999999813e-01 -3.857453249817955339e+02
9.799999999999999822e-01 -3.867041722097163756e+02
9.809999999999999831e-01 -3.876638609750026490e+02
9.819999999999999840e-01 -3.886243908671547160e+02
9.829999999999999849e-01 -3.895857614763476704e+02
9.839999999999999858e-01 -3.905479723934309959e+02
9.849999999999999867e-01 -3.915110232099261793e+02
9.859999999999999876e-01 -3.924749135180244366e+02
9.869999999999999885e-01 -3.934396429105859170e+02
9.879999999999999893e-01 -3.944052109811361788e+02
9.889999999999999902e-01 -3.953716173238665306e+02
9.899999999999999911e-01 -3.963388615336302792e+02
9.909999999999999920e-01 -3.973069432059427299e+02
9.919999999999999929e-01 -3.982758619369774351e+02
9.929999999999999938e-01 -3.992456173235665347e+02
9.939999999999999947e-01 -4.002162089631964363e+02
9.949999999999999956e-01 -4.011876364540095210e+02
9.959999999999999964e-01 -4.021598993947987992e+02
9.969999999999999973e-01 -4.031329973850081387e+02
9.979999999999999982e-01 -4.041069300247304454e+02
9.989999999999999991e-01 -4.050816969147055033e+02
1.000000000000000000e+00 -4.060572976563177008e+02
