0.000000000000000000e+00 0.000000000000000000e+00
1.000000000000000021e-03 1.565634629863116078e+00
2.000000000000000042e-03 2.778787272386433749e+00
3.000000000000000062e-03 3.904785141044230024e+00
4.000000000000000083e-03 4.978620897118207544e+00
5.000000000000000104e-03 6.014846378443142072e+00
6.000000000000000125e-03 7.021295744583910370e+00
7.000000000000000146e-03 8.002801574173220800e+00
8.000000000000000167e-03 8.962612042163838666e+00
9.000000000000001055e-03 9.903044242748110904e+00
1.000000000000000021e-02 1.082582515219598029e+01
1.099999999999999936e-02 1.173228603558917449e+01
1.200000000000000025e-02 1.262348093258103177e+01
1.300000000000000114e-02 1.350026274051228903e+01
1.400000000000000029e-02 1.436333416800826335e+01
1.499999999999999944e-02 1.521328306232338257e+01
1.600000000000000033e-02 1.605060762513780048e+01
1.700000000000000122e-02 1.687573486204542306e+01
1.800000000000000211e-02 1.768903437252327038e+01
1.899999999999999953e-02 1.849082885059103987e+01
2.000000000000000042e-02 1.928140221254104958e+01
2.100000000000000130e-02 2.006100597978150901e+01
2.199999999999999872e-02 2.082986435663222835e+01
2.299999999999999961e-02 2.158817831709560053e+01
2.400000000000000050e-02 2.233612892870290878e+01
2.500000000000000139e-02 2.307388008172241456e+01
2.600000000000000228e-02 2.380158074965070014e+01
2.699999999999999969e-02 2.451936687642738377e+01
2.800000000000000058e-02 2.522736296356548991e+01
2.900000000000000147e-02 2.592568341393718256e+01
2.999999999999999889e-02 2.661443367663967763e+01
3.099999999999999978e-02 2.729371122804546346e+01
3.200000000000000067e-02 2.796360641701329541e+01
3.300000000000000155e-02 2.862420319673324443e+01
3.400000000000000244e-02 2.927557976139283369e+01
3.500000000000000333e-02 2.991780910248366609e+01
3.600000000000000422e-02 3.055095949690348434e+01
3.699999999999999817e-02 3.117509493688258004e+01
3.799999999999999906e-02 3.179027551005792063e+01
3.899999999999999994e-02 3.239655773663912441e+01
4.000000000000000083e-02 3.299399486949019433e+01
4.100000000000000172e-02 3.358263716203381222e+01
4.200000000000000261e-02 3.416253210813223973e+01
4.300000000000000350e-02 3.473372465747618065e+01
4.399999999999999745e-02 3.529625740949573753e+01
4.499999999999999833e-02 3.585017078837696403e+01
4.599999999999999922e-02 3.639550320140574513e+01
4.700000000000000011e-02 3.693229118255691645e+01
4.800000000000000100e-02 3.746056952298967957e+01
4.900000000000000189e-02 3.798037138989272421e+01
5.000000000000000278e-02 3.849172843493668950e+01
5.100000000000000366e-02 3.899467089343393411e+01
5.200000000000000455e-02 3.948922767516908294e+01
5.299999999999999850e-02 3.997542644774802056e+01
5.399999999999999939e-02 4.045329371321160039e+01
5.500000000000000028e-02 4.092285487857414950e+01
5.600000000000000117e-02 4.138413432087050126e+01
5.700000000000000205e-02 4.183715544723051494e+01
5.800000000000000294e-02 4.228194075044210365e+01
5.900000000000000383e-02 4.271851186041423176e+01
5.999999999999999778e-02 4.314688959190717554e+01
6.099999999999999867e-02 4.356709398885902829e+01
6.199999999999999956e-02 4.397914436560336071e+01
6.300000000000000044e-02 4.438305934524310459e+01
6.400000000000000133e-02 4.477885689541930958e+01
6.500000000000000222e-02 4.516655436168979065e+01
6.600000000000000311e-02 4.554616849871210604e+01
6.700000000000000400e-02 4.591771549940652619e+01
6.800000000000000488e-02 4.628121102225846073e+01
6.900000000000000577e-02 4.663667021690479686e+01
7.000000000000000666e-02 4.698410774813554269e+01
7.100000000000000755e-02 4.732353781843045937e+01
7.200000000000000844e-02 4.765497418913950867e+01
7.299999999999999545e-02 4.797843020040681239e+01
7.399999999999999634e-02 4.829391878992885978e+01
7.499999999999999722e-02 4.860145251063021732e+01
7.599999999999999811e-02 4.890104354733296788e+01
7.699999999999999900e-02 4.919270373248973272e+01
7.799999999999999989e-02 4.947644456104458044e+01
7.900000000000000078e-02 4.975227720448079083e+01
8.000000000000000167e-02 5.002021252410970931e+01
8.100000000000000255e-02 5.028026108365096292e+01
8.200000000000000344e-02 5.053243316115010941e+01
8.300000000000000433e-02 5.077673876027628097e+01
8.400000000000000522e-02 5.101318762103937843e+01
8.500000000000000611e-02 5.124178922996319585e+01
8.600000000000000699e-02 5.146255282974827594e+01
8.700000000000000788e-02 5.167548742845582410e+01
8.799999999999999489e-02 5.188060180824157186e+01
8.899999999999999578e-02 5.207790453366682470e+01
8.999999999999999667e-02 5.226740395961147101e+01
9.099999999999999756e-02 5.244910823881251360e+01
9.199999999999999845e-02 5.262302532904968899e+01
9.299999999999999933e-02 5.278916299999834649e+01
9.400000000000000022e-02 5.294752883976861568e+01
9.500000000000000111e-02 5.309813026114844092e+01
9.600000000000000200e-02 5.324097450756661942e+01
9.700000000000000289e-02 5.337606865879171636e+01
9.800000000000000377e-02 5.350341963638069132e+01
9.900000000000000466e-02 5.362303420889115557e+01
1.000000000000000056e-01 5.373491899686939632e+01
1.010000000000000064e-01 5.383908047762644600e+01
1.020000000000000073e-01 5.393552498981282639e+01
1.030000000000000082e-01 5.402425873780262577e+01
1.040000000000000091e-01 5.410528779589659365e+01
1.049999999999999961e-01 5.417861811235351865e+01
1.059999999999999970e-01 5.424425551325803241e+01
1.069999999999999979e-01 5.430220570623387033e+01
1.079999999999999988e-01 5.435247428400916192e+01
1.089999999999999997e-01 5.439506672784180097e+01
1.100000000000000006e-01 5.442998841081107742e+01
1.110000000000000014e-01 5.445724460098234232e+01
1.120000000000000023e-01 5.447684046445051109e+01
1.130000000000000032e-01 5.448878106826828827e+01
1.140000000000000041e-01 5.449307138326417999e+01
1.150000000000000050e-01 5.448971628675572276e+01
1.160000000000000059e-01 5.447872056516253991e+01
1.170000000000000068e-01 5.446008891652373762e+01
1.180000000000000077e-01 5.443382595292413129e+01
1.190000000000000085e-01 5.439993620283301823e+01
1.199999999999999956e-01 5.435842411335988089e+01
1.209999999999999964e-01 5.430929405243006869e+01
1.219999999999999973e-01 5.425255031088444468e+01
1.229999999999999982e-01 5.418819710450591032e+01
1.239999999999999991e-01 5.411623857597618326e+01
1.250000000000000000e-01 5.403667879676567054e+01
1.260000000000000009e-01 5.394952176895920815e+01
1.270000000000000018e-01 5.385477142702043807e+01
1.280000000000000027e-01 5.375243163949734537e+01
1.290000000000000036e-01 5.364250621067127156e+01
1.300000000000000044e-01 5.352499888215193380e+01
1.310000000000000053e-01 5.339991333442027610e+01
1.320000000000000062e-01 5.326725318832161093e+01
1.330000000000000071e-01 5.312702200651084183e+01
1.340000000000000080e-01 5.297922329485162152e+01
1.350000000000000089e-01 5.282386050377139242e+01
1.360000000000000098e-01 5.266093702957387990e+01
1.370000000000000107e-01 5.249045621571082876e+01
1.380000000000000115e-01 5.231242135401443960e+01
1.390000000000000124e-01 5.212683568589195460e+01
1.400000000000000133e-01 5.193370240348404820e+01
1.410000000000000142e-01 5.173302465078803891e+01
1.420000000000000151e-01 5.152480552474762021e+01
1.430000000000000160e-01 5.130904807630997766e+01
1.440000000000000169e-01 5.108575531145180548e+01
1.449999999999999900e-01 5.085493019217500432e+01
1.459999999999999909e-01 5.061657563747370148e+01
1.469999999999999918e-01 5.037069452427284943e+01
1.479999999999999927e-01 5.011728968834028564e+01
1.489999999999999936e-01 4.985636392517247373e+01
1.499999999999999944e-01 4.958791999085513424e+01
1.509999999999999953e-01 4.931196060290000105e+01
1.519999999999999962e-01 4.902848844105760406e+01
1.529999999999999971e-01 4.873750614810809623e+01
1.539999999999999980e-01 4.843901633062973389e+01
1.549999999999999989e-01 4.813302155974672303e+01
1.559999999999999998e-01 4.781952437185637450e+01
1.570000000000000007e-01 4.749852726933676905e+01
1.580000000000000016e-01 4.717003272123557878e+01
1.590000000000000024e-01 4.683404316393991706e+01
1.600000000000000033e-01 4.649056100182916396e+01
1.610000000000000042e-01 4.613958860791007766e+01
1.620000000000000051e-01 4.578112832443542857e+01
1.630000000000000060e-01 4.541518246350650401e+01
1.640000000000000069e-01 4.504175330766029361e+01
1.650000000000000078e-01 4.466084311044109967e+01
1.660000000000000087e-01 4.427245409695787970e+01
1.670000000000000095e-01 4.387658846442752747e+01
1.680000000000000104e-01 4.347324838270418468e+01
1.690000000000000113e-01 4.306243599479534367e+01
1.700000000000000122e-01 4.264415341736533804e+01
1.710000000000000131e-01 4.221840274122609316e+01
1.720000000000000140e-01 4.178518603181573354e+01
1.730000000000000149e-01 4.134450532966592817e+01
1.740000000000000158e-01 4.089636265085731992e+01
1.750000000000000167e-01 4.044075998746428979e+01
1.759999999999999898e-01 3.997769930798889959e+01
1.769999999999999907e-01 3.950718255778453880e+01
1.779999999999999916e-01 3.902921165946936100e+01
1.789999999999999925e-01 3.854378851333015632e+01
1.799999999999999933e-01 3.805091499771661034e+01
1.809999999999999942e-01 3.755059296942628322e+01
1.819999999999999951e-01 3.704282426408083495e+01
1.829999999999999960e-01 3.652761069649338310e+01
1.839999999999999969e-01 3.600495406102767504e+01
1.849999999999999978e-01 3.547485613194859866e+01
1.859999999999999987e-01 3.493731866376540296e+01
1.869999999999999996e-01 3.439234339156640630e+01
1.880000000000000004e-01 3.383993203134686212e+01
1.890000000000000013e-01 3.328008628032907268e+01
1.900000000000000022e-01 3.271280781727557496e+01
1.910000000000000031e-01 3.213809830279532775e+01
1.920000000000000040e-01 3.155595937964319830e+01
1.930000000000000049e-01 3.096639267301297949e+01
1.940000000000000058e-01 3.036939979082391972e+01
1.950000000000000067e-01 2.976498232400106048e+01
1.960000000000000075e-01 2.915314184674958042e+01
1.970000000000000084e-01 2.853387991682350133e+01
1.980000000000000093e-01 2.790719807578793521e+01
1.990000000000000102e-01 2.727309784927690828e+01
2.000000000000000111e-01 2.663158074724457691e+01
2.010000000000000120e-01 2.598264826421221940e+01
2.020000000000000129e-01 2.532630187950910283e+01
2.030000000000000138e-01 2.466254305750928921e+01
2.040000000000000147e-01 2.399137324786266490e+01
2.050000000000000155e-01 2.331279388572213662e+01
2.060000000000000164e-01 2.262680639196525334e+01
2.070000000000000173e-01 2.193341217341215810e+01
2.080000000000000182e-01 2.123261262303841335e+01
2.089999999999999913e-01 2.052440912018428421e+01
2.099999999999999922e-01 1.980880303075889515e+01
2.109999999999999931e-01 1.908579570744127096e+01
2.119999999999999940e-01 1.835538848987699367e+01
2.129999999999999949e-01 1.761758270487046119e+01
2.139999999999999958e-01 1.687237966657448851e+01
2.149999999999999967e-01 1.611978067667506309e+01
2.159999999999999976e-01 1.535978702457325262e+01
2.169999999999999984e-01 1.459239998756337187e+01
2.179999999999999993e-01 1.381762083100758964e+01
2.190000000000000002e-01 1.303545080850722648e+01
2.200000000000000011e-01 1.224589116207115680e+01
2.210000000000000020e-01 1.144894312228020539e+01
2.220000000000000029e-01 1.064460790844955618e+01
2.230000000000000038e-01 9.832886728786816022e+00
2.240000000000000047e-01 9.013780780548266591e+00
2.250000000000000056e-01 8.187291250191455205e+00
2.260000000000000064e-01 7.353419313525350276e+00
2.270000000000000073e-01 6.512166135857437865e+00
2.280000000000000082e-01 5.663532872138425489e+00
2.290000000000000091e-01 4.807520667103919010e+00
2.300000000000000100e-01 3.944130655413964348e+00
2.310000000000000109e-01 3.073363961789569387e+00
2.320000000000000118e-01 2.195221701147193727e+00
2.330000000000000127e-01 1.309704978730490410e+00
2.340000000000000135e-01 4.168148902399657629e-01
2.350000000000000144e-01 -4.834474780400697114e-01
2.360000000000000153e-01 -1.391081049116083435e+00
2.370000000000000162e-01 -2.306084755163132272e+00
2.380000000000000171e-01 -3.228457537403903288e+00
2.390000000000000180e-01 -4.158198345990401279e+00
2.399999999999999911e-01 -5.095306139887366470e+00
2.409999999999999920e-01 -6.039779886758280369e+00
2.419999999999999929e-01 -6.991618562852554675e+00
2.429999999999999938e-01 -7.950821152895144905e+00
2.439999999999999947e-01 -8.917386649978251256e+00
2.449999999999999956e-01 -9.891314055454278886e+00
2.459999999999999964e-01 -1.087260237883112346e+01
2.469999999999999973e-01 -1.186125063766895416e+01
2.479999999999999982e-01 -1.285725785747885830e+01
2.489999999999999991e-01 -1.386062307162318952e+01
2.500000000000000000e-01 -1.487134532121748798e+01
2.510000000000000009e-01 -1.588942365503417697e+01
2.520000000000000018e-01 -1.691485712940765751e+01
2.530000000000000027e-01 -1.794764480814115970e+01
2.540000000000000036e-01 -1.898778576241513605e+01
2.550000000000000044e-01 -2.003527907069692304e+01
2.560000000000000053e-01 -2.109012381865203878e+01
2.570000000000000062e-01 -2.215231909905715924e+01
2.580000000000000071e-01 -2.322186401171383707e+01
2.590000000000000080e-01 -2.429875766336447640e+01
2.600000000000000089e-01 -2.538299916760882624e+01
2.610000000000000098e-01 -2.647458764482240667e+01
2.620000000000000107e-01 -2.757352222207599368e+01
2.630000000000000115e-01 -2.867980203305646114e+01
2.640000000000000124e-01 -2.979342621798858204e+01
2.650000000000000133e-01 -3.091439392355866644e+01
2.660000000000000142e-01 -3.204270430283867199e+01
2.670000000000000151e-01 -3.317835651521208717e+01
2.680000000000000160e-01 -3.432134972630070990e+01
2.690000000000000169e-01 -3.547168310789251677e+01
2.700000000000000178e-01 -3.662935583787073313e+01
2.710000000000000187e-01 -3.779436710014407197e+01
2.720000000000000195e-01 -3.896671608457779712e+01
2.730000000000000204e-01 -4.014640198692618611e+01
2.740000000000000213e-01 -4.133342400876558997e+01
2.750000000000000222e-01 -4.252778135742893539e+01
2.760000000000000231e-01 -4.372947324594089480e+01
2.770000000000000240e-01 -4.493849889295445621e+01
2.780000000000000249e-01 -4.615485752268752151e+01
2.790000000000000258e-01 -4.737854836486182819e+01
2.800000000000000266e-01 -4.860957065464128846e+01
2.810000000000000275e-01 -4.984792363257284364e+01
2.820000000000000284e-01 -5.109360654452633099e+01
2.830000000000000293e-01 -5.234661864163707889e+01
2.840000000000000302e-01 -5.360695918024788398e+01
2.850000000000000311e-01 -5.487462742185299192e+01
2.860000000000000320e-01 -5.614962263304184376e+01
2.870000000000000329e-01 -5.743194408544442808e+01
2.880000000000000338e-01 -5.872159105567708082e+01
2.889999999999999791e-01 -6.001856282528908082e+01
2.899999999999999800e-01 -6.132285868071011237e+01
2.909999999999999809e-01 -6.263447791319841684e+01
2.919999999999999818e-01 -6.395341981878940629e+01
2.929999999999999827e-01 -6.527968369824581885e+01
2.939999999999999836e-01 -6.661326885700741229e+01
2.949999999999999845e-01 -6.795417460514268271e+01
2.959999999999999853e-01 -6.930240025729972331e+01
2.969999999999999862e-01 -7.065794513265960575e+01
2.979999999999999871e-01 -7.202080855488839006e+01
2.989999999999999880e-01 -7.339098985209180626e+01
2.999999999999999889e-01 -7.476848835676878480e+01
3.009999999999999898e-01 -7.615330340576693402e+01
3.019999999999999907e-01 -7.754543434023794646e+01
3.029999999999999916e-01 -7.894488050559390047e+01
3.039999999999999925e-01 -8.035164125146386027e+01
3.049999999999999933e-01 -8.176571593165141394e+01
3.059999999999999942e-01 -8.318710390409259503e+01
3.069999999999999951e-01 -8.461580453081452902e+01
3.079999999999999960e-01 -8.605181717789422180e+01
3.089999999999999969e-01 -8.749514121541847089e+01
3.099999999999999978e-01 -8.894577601744401818e+01
3.109999999999999987e-01 -9.040372096195805796e+01
3.119999999999999996e-01 -9.186897543083966866e+01
3.130000000000000004e-01 -9.334153880982159990e+01
3.140000000000000013e-01 -9.482141048845217313e+01
3.150000000000000022e-01 -9.630858986005843292e+01
3.160000000000000031e-01 -9.780307632170907084e+01
3.170000000000000040e-01 -9.930486927417842935e+01
3.180000000000000049e-01 -1.008139681219104773e+02
3.190000000000000058e-01 -1.023303722729833254e+02
3.200000000000000067e-01 -1.038540811390748217e+02
3.210000000000000075e-01 -1.053850941354275790e+02
3.220000000000000084e-01 -1.069234106808152518e+02
3.230000000000000093e-01 -1.084690301975089710e+02
3.240000000000000102e-01 -1.100219521112441043e+02
3.250000000000000111e-01 -1.115821758511877420e+02
3.260000000000000120e-01 -1.131497008499059120e+02
3.270000000000000129e-01 -1.147245265433322743e+02
3.280000000000000138e-01 -1.163066523707364439e+02
3.290000000000000147e-01 -1.178960777746925999e+02
3.300000000000000155e-01 -1.194928022010492157e+02
3.310000000000000164e-01 -1.210968250988984778e+02
3.320000000000000173e-01 -1.227081459205464569e+02
3.330000000000000182e-01 -1.243267641214832651e+02
3.340000000000000191e-01 -1.259526791603545348e+02
3.350000000000000200e-01 -1.275858904989315477e+02
3.360000000000000209e-01 -1.292263976020836651e+02
3.370000000000000218e-01 -1.308741999377498360e+02
3.380000000000000226e-01 -1.325292969769106719e+02
3.390000000000000235e-01 -1.341916881935610775e+02
3.400000000000000244e-01 -1.358613730646834199e+02
3.410000000000000253e-01 -1.375383510702200738e+02
3.420000000000000262e-01 -1.392226216930476141e+02
3.430000000000000271e-01 -1.409141844189504127e+02
3.440000000000000280e-01 -1.426130387365946603e+02
3.450000000000000289e-01 -1.443191841375029867e+02
3.460000000000000298e-01 -1.460326201160292783e+02
3.470000000000000306e-01 -1.477533461693334687e+02
3.480000000000000315e-01 -1.494813617973573230e+02
3.490000000000000324e-01 -1.512166665027997965e+02
3.500000000000000333e-01 -1.529592597910929896e+02
3.510000000000000342e-01 -1.547091411703786150e+02
3.519999999999999796e-01 -1.564663101514842083e+02
3.529999999999999805e-01 -1.582307662479001351e+02
3.539999999999999813e-01 -1.600025089757565127e+02
3.549999999999999822e-01 -1.617815378538006712e+02
3.559999999999999831e-01 -1.635678524033741610e+02
3.569999999999999840e-01 -1.653614521483917201e+02
3.579999999999999849e-01 -1.671623366153184804e+02
3.589999999999999858e-01 -1.689705053331481963e+02
3.599999999999999867e-01 -1.707859578333825255e+02
3.609999999999999876e-01 -1.726086936500095135e+02
3.619999999999999885e-01 -1.744387123194826756e+02
3.629999999999999893e-01 -1.762760133807001637e+02
3.639999999999999902e-01 -1.781205963749844159e+02
3.649999999999999911e-01 -1.799724608460623188e+02
3.659999999999999920e-01 -1.818316063400446865e+02
3.669999999999999929e-01 -1.836980324054067353e+02
3.679999999999999938e-01 -1.855717385929681882e+02
3.689999999999999947e-01 -1.874527244558749999e+02
3.699999999999999956e-01 -1.893409895495785520e+02
3.709999999999999964e-01 -1.912365334318182875e+02
3.719999999999999973e-01 -1.931393556626024122e+02
3.729999999999999982e-01 -1.950494558041891366e+02
3.739999999999999991e-01 -1.969668334210688272e+02
3.750000000000000000e-01 -1.988914880799457308e+02
3.760000000000000009e-01 -2.008234193497202114e+02
3.770000000000000018e-01 -2.027626268014707591e+02
3.780000000000000027e-01 -2.047091100084369373e+02
3.790000000000000036e-01 -2.066628685460015618e+02
3.800000000000000044e-01 -2.086239019916742450e+02
3.810000000000000053e-01 -2.105922099250736039e+02
3.820000000000000062e-01 -2.125677919279112018e+02
3.830000000000000071e-01 -2.145506475839749498e+02
3.840000000000000080e-01 -2.165407764791119689e+02
3.850000000000000089e-01 -2.185381782012133556e+02
3.860000000000000098e-01 -2.205428523401974417e+02
3.870000000000000107e-01 -2.225547984879941907e+02
3.880000000000000115e-01 -2.245740162385294809e+02
3.890000000000000124e-01 -2.266005051877093592e+02
3.900000000000000133e-01 -2.286342649334049213e+02
3.910000000000000142e-01 -2.306752950754370488e+02
3.920000000000000151e-01 -2.327235952155610903e+02
3.930000000000000160e-01 -2.347791649574520250e+02
3.940000000000000169e-01 -2.368420039066904508e+02
3.950000000000000178e-01 -2.389121116707466967e+02
3.960000000000000187e-01 -2.409894878589672373e+02
3.970000000000000195e-01 -2.430741320825602543e+02
3.980000000000000204e-01 -2.451660439545813972e+02
3.990000000000000213e-01 -2.472652230899198855e+02
4.000000000000000222e-01 -2.493716691052846386e+02
4.010000000000000231e-01 -2.514853816191898943e+02
4.020000000000000240e-01 -2.536063602519431299e+02
4.030000000000000249e-01 -2.557346046256299985e+02
4.040000000000000258e-01 -2.578701143641023350e+02
4.050000000000000266e-01 -2.600128890929637464e+02
4.060000000000000275e-01 -2.621629284395577315e+02
4.070000000000000284e-01 -2.643202320329540385e+02
4.080000000000000293e-01 -2.664847995039361876e+02
4.090000000000000302e-01 -2.686566304849886251e+02
4.100000000000000311e-01 -2.708357246102845579e+02
4.110000000000000320e-01 -2.730220815156729941e+02
4.120000000000000329e-01 -2.752157008386671464e+02
4.130000000000000338e-01 -2.774165822184315289e+02
4.140000000000000346e-01 -2.796247252957707019e+02
4.150000000000000355e-01 -2.818401297131167098e+02
4.160000000000000364e-01 -2.840627951145177690e+02
4.169999999999999818e-01 -2.862927211456259329e+02
4.179999999999999827e-01 -2.885299074536865760e+02
4.189999999999999836e-01 -2.907743536875259451e+02
4.199999999999999845e-01 -2.930260594975401318e+02
4.209999999999999853e-01 -2.952850245356842720e+02
4.219999999999999862e-01 -2.975512484554605521e+02
4.229999999999999871e-01 -2.998247309119078068e+02
4.239999999999999880e-01 -3.021054715615909458e+02
4.249999999999999889e-01 -3.043934700625891878e+02
4.259999999999999898e-01 -3.066887260744861123e+02
4.269999999999999907e-01 -3.089912392583585188e+02
4.279999999999999916e-01 -3.113010092767664787e+02
4.289999999999999925e-01 -3.136180357937428198e+02
4.299999999999999933e-01 -3.159423184747823257e+02
4.309999999999999942e-01 -3.182738569868321861e+02
4.319999999999999951e-01 -3.206126509982814241e+02
4.329999999999999960e-01 -3.229587001789510055e+02
4.339999999999999969e-01 -3.253120042000840613e+02
4.349999999999999978e-01 -3.276725627343361111e+02
4.359999999999999987e-01 -3.300403754557649449e+02
4.369999999999999996e-01 -3.324154420398215848e+02
4.380000000000000004e-01 -3.347977621633399394e+02
4.390000000000000013e-01 -3.371873355045281642e+02
4.400000000000000022e-01 -3.395841617429585995e+02
4.410000000000000031e-01 -3.419882405595592445e+02
4.420000000000000040e-01 -3.443995716366035822e+02
4.430000000000000049e-01 -3.468181546577022800e+02
4.440000000000000058e-01 -3.492439893077938109e+02
4.450000000000000067e-01 -3.516770752731356424e+02
4.460000000000000075e-01 -3.541174122412950851e+02
4.470000000000000084e-01 -3.565649999011409363e+02
4.480000000000000093e-01 -3.590198379428342719e+02
4.490000000000000102e-01 -3.614819260578203171e+02
4.500000000000000111e-01 -3.639512639388195225e+02
4.510000000000000120e-01 -3.664278512798191514e+02
4.520000000000000129e-01 -3.689116877760653779e+02
4.530000000000000138e-01 -3.714027731240539083e+02
4.540000000000000147e-01 -3.739011070215229324e+02
4.550000000000000155e-01 -3.764066891674440853e+02
4.560000000000000164e-01 -3.789195192620146599e+02
4.570000000000000173e-01 -3.814395970066497057e+02
4.580000000000000182e-01 -3.839669221039739568e+02
4.590000000000000191e-01 -3.865014942578137038e+02
4.600000000000000200e-01 -3.890433131731892900e+02
4.610000000000000209e-01 -3.915923785563075512e+02
4.620000000000000218e-01 -3.941486901145535171e+02
4.630000000000000226e-01 -3.967122475564832484e+02
4.640000000000000235e-01 -3.992830505918158792e+02
4.650000000000000244e-01 -4.018610989314273070e+02
4.660000000000000253e-01 -4.044463922873410411e+02
4.670000000000000262e-01 -4.070389303727220636e+02
4.680000000000000271e-01 -4.096387129018690985e+02
4.690000000000000280e-01 -4.122457395902079043e+02
4.700000000000000289e-01 -4.148600101542833158e+02
4.710000000000000298e-01 -4.174815243117523664e+02
4.720000000000000306e-01 -4.201102817813778074e+02
4.730000000000000315e-01 -4.227462822830207756e+02
4.740000000000000324e-01 -4.253895255376335172e+02
4.750000000000000333e-01 -4.280400112672531350e+02
4.760000000000000342e-01 -4.306977391949944831e+02
4.770000000000000351e-01 -4.333627090450432888e+02
4.780000000000000360e-01 -4.360349205426499566e+02
4.790000000000000369e-01 -4.387143734141222353e+02
4.799999999999999822e-01 -4.414010673868191361e+02
4.809999999999999831e-01 -4.440950021891447932e+02
4.819999999999999840e-01 -4.467961775505409605e+02
4.829999999999999849e-01 -4.495045932014815548e+02
4.839999999999999858e-01 -4.522202488734655503e+02
4.849999999999999867e-01 -4.549431442990112373e+02
4.859999999999999876e-01 -4.576732792116498558e+02
4.869999999999999885e-01 -4.604106533459193997e+02
4.879999999999999893e-01 -4.631552664373581933e+02
4.889999999999999902e-01 -4.659071182224992071e+02
4.899999999999999911e-01 -4.686662084388634639e+02
4.909999999999999920e-01 -4.714325368249550365e+02
4.919999999999999929e-01 -4.742061031202539994e+02
4.929999999999999938e-01 -4.769869070652111418e+02
4.939999999999999947e-01 -4.797749484012418861e+02
4.949999999999999956e-01 -4.825702268707209441e+02
4.959999999999999964e-01 -4.853727422169757233e+02
4.969999999999999973e-01 -4.881824941842817225e+02
4.979999999999999982e-01 -4.909994825178555402e+02
4.989999999999999991e-01 -4.938237069638506114e+02
5.000000000000000000e-01 -4.966551672693508976e+02
5.010000000000000009e-01 -4.994938631823651463e+02
5.020000000000000018e-01 -5.023397944518224563e+02
5.030000000000000027e-01 -5.051929608275653436e+02
5.040000000000000036e-01 -5.080533620603458189e+02
5.050000000000000044e-01 -5.109209979018190211e+02
5.060000000000000053e-01 -5.137958681045384992e+02
5.070000000000000062e-01 -5.166779724219505852e+02
5.080000000000000071e-01 -5.195673106083894481e+02
5.090000000000000080e-01 -5.224638824190717514e+02
5.100000000000000089e-01 -5.253676876100915933e+02
5.110000000000000098e-01 -5.282787259384151639e+02
5.120000000000000107e-01 -5.311969971618765385e+02
5.130000000000000115e-01 -5.341225010391711976e+02
5.140000000000000124e-01 -5.370552373298527300e+02
5.150000000000000133e-01 -5.399952057943262389e+02
5.160000000000000142e-01 -5.429424061938450450e+02
5.170000000000000151e-01 -5.458968382905045473e+02
5.180000000000000160e-01 -5.488585018472380170e+02
5.190000000000000169e-01 -5.518273966278115950e+02
5.200000000000000178e-01 -5.548035223968201990e+02
5.210000000000000187e-01 -5.577868789196816124e+02
5.220000000000000195e-01 -5.607774659626325047e+02
5.230000000000000204e-01 -5.637752832927243389e+02
5.240000000000000213e-01 -5.667803306778179149e+02
5.250000000000000222e-01 -5.697926078865787076e+02
5.260000000000000231e-01 -5.728121146884732298e+02
5.270000000000000240e-01 -5.758388508537634607e+02
5.280000000000000249e-01 -5.788728161535038907e+02
5.290000000000000258e-01 -5.819140103595349274e+02
5.300000000000000266e-01 -5.849624332444808488e+02
5.310000000000000275e-01 -5.880180845817430964e+02
5.320000000000000284e-01 -5.910809641454987968e+02
5.330000000000000293e-01 -5.941510717106932589e+02
5.340000000000000302e-01 -5.972284070530380404e+02
5.350000000000000311e-01 -6.003129699490059465e+02
5.360000000000000320e-01 -6.034047601758270503e+02
5.370000000000000329e-01 -6.065037775114836904e+02
5.380000000000000338e-01 -6.096100217347075159e+02
5.390000000000000346e-01 -6.127234926249745968e+02
5.400000000000000355e-01 -6.158441899625019005e+02
5.410000000000000364e-01 -6.189721135282427440e+02
5.420000000000000373e-01 -6.221072631038825875e+02
5.430000000000000382e-01 -6.252496384718365334e+02
5.440000000000000391e-01 -6.283992394152428460e+02
5.450000000000000400e-01 -6.315560657179619284e+02
5.460000000000000409e-01 -6.347201171645699560e+02
5.470000000000000417e-01 -6.378913935403563755e+02
5.480000000000000426e-01 -6.410698946313196984e+02
5.490000000000000435e-01 -6.442556202241635219e+02
5.500000000000000444e-01 -6.474485701062935732e+02
5.510000000000000453e-01 -6.506487440658123660e+02
5.520000000000000462e-01 -6.538561418915172680e+02
5.530000000000000471e-01 -6.570707633728957262e+02
5.540000000000000480e-01 -6.602926083001215147e+02
5.550000000000000488e-01 -6.635216764640514384e+02
5.560000000000000497e-01 -6.667579676562220357e+02
5.570000000000000506e-01 -6.700014816688458268e+02
5.580000000000000515e-01 -6.732522182948066529e+02
5.590000000000000524e-01 -6.765101773276572885e+02
5.600000000000000533e-01 -6.797753585616167129e+02
5.610000000000000542e-01 -6.830477617915645396e+02
5.620000000000000551e-01 -6.863273868130385154e+02
5.630000000000000560e-01 -6.896142334222314503e+02
5.640000000000000568e-01 -6.929083014159880349e+02
5.650000000000000577e-01 -6.962095905917999517e+02
5.660000000000000586e-01 -6.995181007478038282e+02
5.670000000000000595e-01 -7.028338316827777135e+02
5.680000000000000604e-01 -7.061567831961376669e+02
5.690000000000000613e-01 -7.094869550879341205e+02
5.700000000000000622e-01 -7.128243471588484681e+02
5.710000000000000631e-01 -7.161689592101912467e+02
5.720000000000000639e-01 -7.195207910438969066e+02
5.730000000000000648e-01 -7.228798424625218786e+02
5.740000000000000657e-01 -7.262461132692413912e+02
5.750000000000000666e-01 -7.296196032678451502e+02
5.760000000000000675e-01 -7.330003122627363155e+02
5.769999999999999574e-01 -7.363882400589258168e+02
5.779999999999999583e-01 -7.397833864620316717e+02
5.789999999999999591e-01 -7.431857512782739832e+02
5.799999999999999600e-01 -7.465953343144730070e+02
5.809999999999999609e-01 -7.500121353780457412e+02
5.819999999999999618e-01 -7.534361542770033111e+02
5.829999999999999627e-01 -7.568673908199472180e+02
5.839999999999999636e-01 -7.603058448160669514e+02
5.849999999999999645e-01 -7.637515160751370331e+02
5.859999999999999654e-01 -7.672044044075140619e+02
5.869999999999999662e-01 -7.706645096241330748e+02
5.879999999999999671e-01 -7.741318315365060698e+02
5.889999999999999680e-01 -7.776063699567180265e+02
5.899999999999999689e-01 -7.810881246974241776e+02
5.909999999999999698e-01 -7.845770955718475079e+02
5.919999999999999707e-01 -7.880732823937764806e+02
5.929999999999999716e-01 -7.915766849775604896e+02
5.939999999999999725e-01 -7.950873031381087230e+02
5.949999999999999734e-01 -7.986051366908868658e+02
5.959999999999999742e-01 -8.021301854519144854e+02
5.969999999999999751e-01 -8.056624492377621891e+02
5.979999999999999760e-01 -8.092019278655487824e+02
5.989999999999999769e-01 -8.127486211529383127e+02
5.999999999999999778e-01 -8.163025289181389326e+02
6.009999999999999787e-01 -8.198636509798981251e+02
6.019999999999999796e-01 -8.234319871575014531e+02
6.029999999999999805e-01 -8.270075372707702854e+02
6.039999999999999813e-01 -8.305903011400571359e+02
6.049999999999999822e-01 -8.341802785862461178e+02
6.059999999999999831e-01 -8.377774694307472600e+02
6.069999999999999840e-01 -8.413818734954960519e+02
6.079999999999999849e-01 -8.449934906029508284e+02
6.089999999999999858e-01 -8.486123205760887913e+02
6.099999999999999867e-01 -8.522383632384054408e+02
6.109999999999999876e-01 -8.558716184139102552e+02
6.119999999999999885e-01 -8.595120859271257814e+02
6.129999999999999893e-01 -8.631597656030841108e+02
6.139999999999999902e-01 -8.668146572673252876e+02
6.149999999999999911e-01 -8.704767607458938983e+02
6.159999999999999920e-01 -8.741460758653379344e+02
6.169999999999999929e-01 -8.778226024527052687e+02
6.179999999999999938e-01 -8.815063403355417222e+02
6.189999999999999947e-01 -8.851972893418892454e+02
6.199999999999999956e-01 -8.888954493002823938e+02
6.209999999999999964e-01 -8.926008200397473047e+02
6.219999999999999973e-01 -8.963134013897984005e+02
6.229999999999999982e-01 -9.000331931804366832e+02
6.239999999999999991e-01 -9.037601952421474607e+02
6.250000000000000000e-01 -9.074944074058975048e+02
6.260000000000000009e-01 -9.112358295031331181e+02
6.270000000000000018e-01 -9.149844613657788841e+02
6.280000000000000027e-01 -9.187403028262333464e+02
6.290000000000000036e-01 -9.225033537173686682e+02
6.300000000000000044e-01 -9.262736138725279034e+02
6.310000000000000053e-01 -9.300510831255219273e+02
6.320000000000000062e-01 -9.338357613106294366e+02
6.330000000000000071e-01 -9.376276482625920607e+02
6.340000000000000080e-01 -9.414267438166141346e+02
6.350000000000000089e-01 -9.452330478083599701e+02
6.360000000000000098e-01 -9.490465600739519232e+02
6.370000000000000107e-01 -9.528672804499678932e+02
6.380000000000000115e-01 -9.566952087734401857e+02
6.390000000000000124e-01 -9.605303448818519882e+02
6.400000000000000133e-01 -9.643726886131363472e+02
6.410000000000000142e-01 -9.682222398056742350e+02
6.420000000000000151e-01 -9.720789982982920492e+02
6.430000000000000160e-01 -9.759429639302592250e+02
6.440000000000000169e-01 -9.798141365412877803e+02
6.450000000000000178e-01 -9.836925159715279960e+02
6.460000000000000187e-01 -9.875781020615687567e+02
6.470000000000000195e-01 -9.914708946524340263e+02
6.480000000000000204e-01 -9.953708935855814843e+02
6.490000000000000213e-01 -9.992780987029010475e+02
6.500000000000000222e-01 -1.003192509846711118e+03
6.510000000000000231e-01 -1.007114126859759267e+03
6.520000000000000240e-01 -1.011042949585218366e+03
6.530000000000000249e-01 -1.014978977866685568e+03
6.540000000000000258e-01 -1.018922211548179803e+03
6.550000000000000266e-01 -1.022872650474140983e+03
6.560000000000000275e-01 -1.026830294489426706e+03
6.570000000000000284e-01 -1.030795143439311687e+03
6.580000000000000293e-01 -1.034767197169485144e+03
6.590000000000000302e-01 -1.038746455526048976e+03
6.600000000000000311e-01 -1.042732918355516631e+03
6.610000000000000320e-01 -1.046726585504810828e+03
6.620000000000000329e-01 -1.050727456821261285e+03
6.630000000000000338e-01 -1.054735532152603810e+03
6.640000000000000346e-01 -1.058750811346978480e+03
6.650000000000000355e-01 -1.062773294252926462e+03
6.660000000000000364e-01 -1.066802980719390689e+03
6.670000000000000373e-01 -1.070839870595711545e+03
6.680000000000000382e-01 -1.074883963731627546e+03
6.690000000000000391e-01 -1.078935259977271016e+03
6.700000000000000400e-01 -1.082993759183169914e+03
6.710000000000000409e-01 -1.087059461200241230e+03
6.720000000000000417e-01 -1.091132365879794179e+03
6.730000000000000426e-01 -1.095212473073526326e+03
6.740000000000000435e-01 -1.099299782633520635e+03
6.750000000000000444e-01 -1.103394294412246381e+03
6.760000000000000453e-01 -1.107496008262556188e+03
6.770000000000000462e-01 -1.111604924037683759e+03
6.780000000000000471e-01 -1.115721041591244330e+03
6.790000000000000480e-01 -1.119844360777230349e+03
6.800000000000000488e-01 -1.123974881450011253e+03
6.810000000000000497e-01 -1.128112603464333233e+03
6.820000000000000506e-01 -1.132257526675314693e+03
6.830000000000000515e-01 -1.136409650938447612e+03
6.840000000000000524e-01 -1.140568976109592995e+03
6.850000000000000533e-01 -1.144735502044982013e+03
6.860000000000000542e-01 -1.148909228601213044e+03
6.870000000000000551e-01 -1.153090155635250539e+03
6.880000000000000560e-01 -1.157278283004422974e+03
6.890000000000000568e-01 -1.161473610566421939e+03
6.900000000000000577e-01 -1.165676138179300096e+03
6.910000000000000586e-01 -1.169885865701470493e+03
6.920000000000000595e-01 -1.174102792991703609e+03
6.930000000000000604e-01 -1.178326919909127582e+03
6.940000000000000613e-01 -1.182558246313225709e+03
6.950000000000000622e-01 -1.186796772063835306e+03
6.960000000000000631e-01 -1.191042497021144982e+03
6.970000000000000639e-01 -1.195295421045696003e+03
6.980000000000000648e-01 -1.199555543998377743e+03
6.990000000000000657e-01 -1.203822865740427915e+03
7.000000000000000666e-01 -1.208097386133431428e+03
7.010000000000000675e-01 -1.212379105039317665e+03
7.020000000000000684e-01 -1.216668022320360478e+03
7.030000000000000693e-01 -1.220964137839175237e+03
7.039999999999999591e-01 -1.225267451458717915e+03
7.049999999999999600e-01 -1.229577963042286228e+03
7.059999999999999609e-01 -1.233895672453513725e+03
7.069999999999999618e-01 -1.238220579556371831e+03
7.079999999999999627e-01 -1.242552684215167119e+03
7.089999999999999636e-01 -1.246891986294539947e+03
7.099999999999999645e-01 -1.251238485659463777e+03
7.109999999999999654e-01 -1.255592182175242669e+03
7.119999999999999662e-01 -1.259953075707511744e+03
7.129999999999999671e-01 -1.264321166122233535e+03
7.139999999999999680e-01 -1.268696453285699363e+03
7.149999999999999689e-01 -1.273078937064525689e+03
7.159999999999999698e-01 -1.277468617325653440e+03
7.169999999999999707e-01 -1.281865493936346866e+03
7.179999999999999716e-01 -1.286269566764193542e+03
7.189999999999999725e-01 -1.290680835677100276e+03
7.199999999999999734e-01 -1.295099300543293793e+03
7.209999999999999742e-01 -1.299524961231319821e+03
7.219999999999999751e-01 -1.303957817610040593e+03
7.229999999999999760e-01 -1.308397869548633480e+03
7.239999999999999769e-01 -1.312845116916591223e+03
7.249999999999999778e-01 -1.317299559583719201e+03
7.259999999999999787e-01 -1.321761197420134749e+03
7.269999999999999796e-01 -1.326230030296266023e+03
7.279999999999999805e-01 -1.330706058082851314e+03
7.289999999999999813e-01 -1.335189280650935189e+03
7.299999999999999822e-01 -1.339679697871871667e+03
7.309999999999999831e-01 -1.344177309617319906e+03
7.319999999999999840e-01 -1.348682115759241924e+03
7.329999999999999849e-01 -1.353194116169906238e+03
7.339999999999999858e-01 -1.357713310721880816e+03
7.349999999999999867e-01 -1.362239699288035808e+03
7.359999999999999876e-01 -1.366773281741541950e+03
7.369999999999999885e-01 -1.371314057955868066e+03
7.379999999999999893e-01 -1.375862027804780155e+03
7.389999999999999902e-01 -1.380417191162341169e+03
7.399999999999999911e-01 -1.384979547902908962e+03
7.409999999999999920e-01 -1.389549097901136065e+03
7.419999999999999929e-01 -1.394125841031966729e+03
7.429999999999999938e-01 -1.398709777170639200e+03
7.439999999999999947e-01 -1.403300906192679804e+03
7.449999999999999956e-01 -1.407899227973906591e+03
7.459999999999999964e-01 -1.412504742390424781e+03
7.469999999999999973e-01 -1.417117449318627678e+03
7.479999999999999982e-01 -1.421737348635194621e+03
7.489999999999999991e-01 -1.426364440217090078e+03
7.500000000000000000e-01 -1.430998723941562048e+03
7.510000000000000009e-01 -1.435640199686142296e+03
7.520000000000000018e-01 -1.440288867328644983e+03
7.530000000000000027e-01 -1.444944726747163259e+03
7.540000000000000036e-01 -1.449607777820071760e+03
7.550000000000000044e-01 -1.454278020426022294e+03
7.560000000000000053e-01 -1.458955454443946564e+03
7.570000000000000062e-01 -1.463640079753050486e+03
7.580000000000000071e-01 -1.468331896232816234e+03
7.590000000000000080e-01 -1.473030903763001788e+03
7.600000000000000089e-01 -1.477737102223636612e+03
7.610000000000000098e-01 -1.482450491495023471e+03
7.620000000000000107e-01 -1.487171071457737298e+03
7.630000000000000115e-01 -1.491898841992622465e+03
7.640000000000000124e-01 -1.496633802980792098e+03
7.650000000000000133e-01 -1.501375954303629669e+03
7.660000000000000142e-01 -1.506125295842784453e+03
7.670000000000000151e-01 -1.510881827480171751e+03
7.680000000000000160e-01 -1.515645549097974254e+03
7.690000000000000169e-01 -1.520416460578636361e+03
7.700000000000000178e-01 -1.525194561804868272e+03
7.710000000000000187e-01 -1.529979852659641210e+03
7.720000000000000195e-01 -1.534772333026187880e+03
7.730000000000000204e-01 -1.539572002788002010e+03
7.740000000000000213e-01 -1.544378861828836307e+03
7.750000000000000222e-01 -1.549192910032703367e+03
7.760000000000000231e-01 -1.554014147283870670e+03
7.770000000000000240e-01 -1.558842573466865133e+03
7.780000000000000249e-01 -1.563678188466467418e+03
7.790000000000000258e-01 -1.568520992167714439e+03
7.800000000000000266e-01 -1.573370984455895950e+03
7.810000000000000275e-01 -1.578228165216554771e+03
7.820000000000000284e-01 -1.583092534335486107e+03
7.830000000000000293e-01 -1.587964091698735047e+03
7.840000000000000302e-01 -1.592842837192599745e+03
7.850000000000000311e-01 -1.597728770703622786e+03
7.860000000000000320e-01 -1.602621892118599590e+03
7.870000000000000329e-01 -1.607522201324570915e+03
7.880000000000000338e-01 -1.612429698208823766e+03
7.890000000000000346e-01 -1.617344382658892073e+03
7.900000000000000355e-01 -1.622266254562552831e+03
7.910000000000000364e-01 -1.627195313807828825e+03
7.920000000000000373e-01 -1.632131560282984083e+03
7.930000000000000382e-01 -1.637074993876525696e+03
7.940000000000000391e-01 -1.642025614477201543e+03
7.950000000000000400e-01 -1.646983421974000294e+03
7.960000000000000409e-01 -1.651948416256149130e+03
7.970000000000000417e-01 -1.656920597213115798e+03
7.980000000000000426e-01 -1.661899964734603600e+03
7.990000000000000435e-01 -1.666886518710554810e+03
8.000000000000000444e-01 -1.671880259031145670e+03
8.010000000000000453e-01 -1.676881185586789115e+03
8.020000000000000462e-01 -1.681889298268131824e+03
8.030000000000000471e-01 -1.686904596966055124e+03
8.040000000000000480e-01 -1.691927081571672034e+03
8.050000000000000488e-01 -1.696956751976327041e+03
8.060000000000000497e-01 -1.701993608071597691e+03
8.070000000000000506e-01 -1.707037649749290040e+03
8.080000000000000515e-01 -1.712088876901440244e+03
8.090000000000000524e-01 -1.717147289420312518e+03
8.100000000000000533e-01 -1.722212887198400040e+03
8.110000000000000542e-01 -1.727285670128422453e+03
8.120000000000000551e-01 -1.732365638103324954e+03
8.130000000000000560e-01 -1.737452791016280344e+03
8.140000000000000568e-01 -1.742547128760682881e+03
8.150000000000000577e-01 -1.747648651230153973e+03
8.160000000000000586e-01 -1.752757358318535807e+03
8.170000000000000595e-01 -1.757873249919894079e+03
8.180000000000000604e-01 -1.762996325928515262e+03
8.190000000000000613e-01 -1.768126586238908203e+03
8.200000000000000622e-01 -1.773264030745799573e+03
8.210000000000000631e-01 -1.778408659344136140e+03
8.220000000000000639e-01 -1.783560471929084088e+03
8.230000000000000648e-01 -1.788719468396026741e+03
8.240000000000000657e-01 -1.793885648640563659e+03
8.250000000000000666e-01 -1.799059012558510858e+03
8.260000000000000675e-01 -1.804239560045901726e+03
8.270000000000000684e-01 -1.809427290998981562e+03
8.280000000000000693e-01 -1.814622205314211897e+03
8.290000000000000702e-01 -1.819824302888266175e+03
8.300000000000000711e-01 -1.825033583618030434e+03
8.310000000000000719e-01 -1.830250047400604217e+03
8.320000000000000728e-01 -1.835473694133296249e+03
8.329999999999999627e-01 -1.840704523713625349e+03
8.339999999999999636e-01 -1.845942536039322022e+03
8.349999999999999645e-01 -1.851187731008324818e+03
8.359999999999999654e-01 -1.856440108518779653e+03
8.369999999999999662e-01 -1.861699668469041399e+03
8.379999999999999671e-01 -1.866966410757670019e+03
8.389999999999999680e-01 -1.872240335283432614e+03
8.399999999999999689e-01 -1.877521441945302513e+03
8.409999999999999698e-01 -1.882809730642456543e+03
8.419999999999999707e-01 -1.888105201274275714e+03
8.429999999999999716e-01 -1.893407853740344081e+03
8.439999999999999725e-01 -1.898717687940450105e+03
8.449999999999999734e-01 -1.904034703774581658e+03
8.459999999999999742e-01 -1.909358901142929653e+03
8.469999999999999751e-01 -1.914690279945885777e+03
8.479999999999999760e-01 -1.920028840084040439e+03
8.489999999999999769e-01 -1.925374581458184366e+03
8.499999999999999778e-01 -1.930727503969306554e+03
8.509999999999999787e-01 -1.936087607518593586e+03
8.519999999999999796e-01 -1.941454892007429862e+03
8.529999999999999805e-01 -1.946829357337396004e+03
8.539999999999999813e-01 -1.952211003410269768e+03
8.549999999999999822e-01 -1.957599830128021949e+03
8.559999999999999831e-01 -1.962995837392820476e+03
8.569999999999999840e-01 -1.968399025107026546e+03
8.579999999999999849e-01 -1.973809393173192802e+03
8.589999999999999858e-01 -1.979226941494068342e+03
8.599999999999999867e-01 -1.984651669972590753e+03
8.609999999999999876e-01 -1.990083578511892256e+03
8.619999999999999885e-01 -1.995522667015292654e+03
8.629999999999999893e-01 -2.000968935386305930e+03
8.639999999999999902e-01 -2.006422383528631372e+03
8.649999999999999911e-01 -2.011883011346160856e+03
8.659999999999999920e-01 -2.017350818742971796e+03
8.669999999999999929e-01 -2.022825805623331917e+03
8.679999999999999938e-01 -2.028307971891694706e+03
8.689999999999999947e-01 -2.033797317452699872e+03
8.699999999999999956e-01 -2.039293842211174706e+03
8.709999999999999964e-01 -2.044797546072129535e+03
8.719999999999999973e-01 -2.050308428940760223e+03
8.729999999999999982e-01 -2.055826490722448398e+03
8.739999999999999991e-01 -2.061351731322757132e+03
8.750000000000000000e-01 -2.066884150647433671e+03
8.760000000000000009e-01 -2.072423748602405794e+03
8.770000000000000018e-01 -2.077970525093785454e+03
8.780000000000000027e-01 -2.083524480027864684e+03
8.790000000000000036e-01 -2.089085613311116504e+03
8.800000000000000044e-01 -2.094653924850191288e+03
8.810000000000000053e-01 -2.100229414551924037e+03
8.820000000000000062e-01 -2.105812082323323466e+03
8.830000000000000071e-01 -2.111401928071578823e+03
8.840000000000000080e-01 -2.116998951704058527e+03
8.850000000000000089e-01 -2.122603153128305166e+03
8.860000000000000098e-01 -2.128214532252038680e+03
8.870000000000000107e-01 -2.133833088983157268e+03
8.880000000000000115e-01 -2.139458823229731479e+03
8.890000000000000124e-01 -2.145091734900008760e+03
8.900000000000000133e-01 -2.150731823902410724e+03
8.910000000000000142e-01 -2.156379090145530881e+03
8.920000000000000151e-01 -2.162033533538139181e+03
8.930000000000000160e-01 -2.167695153989175196e+03
8.940000000000000169e-01 -2.173363951407752666e+03
8.950000000000000178e-01 -2.179039925703155404e+03
8.960000000000000187e-01 -2.184723076784840032e+03
8.970000000000000195e-01 -2.190413404562430969e+03
8.980000000000000204e-01 -2.196110908945725896e+03
8.990000000000000213e-01 -2.201815589844690294e+03
9.000000000000000222e-01 -2.207527447169457446e+03
9.010000000000000231e-01 -2.213246480830330711e+03
9.020000000000000240e-01 -2.218972690737780795e+03
9.030000000000000249e-01 -2.224706076802446205e+03
9.040000000000000258e-01 -2.230446638935130977e+03
9.050000000000000266e-01 -2.236194377046806039e+03
9.060000000000000275e-01 -2.241949291048608302e+03
9.070000000000000284e-01 -2.247711380851840659e+03
9.080000000000000293e-01 -2.253480646367969257e+03
9.090000000000000302e-01 -2.259257087508624409e+03
9.100000000000000311e-01 -2.265040704185601498e+03
9.110000000000000320e-01 -2.270831496310858256e+03
9.120000000000000329e-01 -2.276629463796516120e+03
9.130000000000000338e-01 -2.282434606554857055e+03
9.140000000000000346e-01 -2.288246924498324915e+03
9.150000000000000355e-01 -2.294066417539527265e+03
9.160000000000000364e-01 -2.299893085591228100e+03
9.170000000000000373e-01 -2.305726928566356492e+03
9.180000000000000382e-01 -2.311567946377996577e+03
9.190000000000000391e-01 -2.317416138939395296e+03
9.200000000000000400e-01 -2.323271506163956019e+03
9.210000000000000409e-01 -2.329134047965242644e+03
9.220000000000000417e-01 -2.335003764256973682e+03
9.230000000000000426e-01 -2.340880654953028625e+03
9.240000000000000435e-01 -2.346764719967439760e+03
9.250000000000000444e-01 -2.352655959214398990e+03
9.260000000000000453e-01 -2.358554372608252834e+03
9.270000000000000462e-01 -2.364459960063502422e+03
9.280000000000000471e-01 -2.370372721494804864e+03
9.290000000000000480e-01 -2.376292656816972340e+03
9.300000000000000488e-01 -2.382219765944969822e+03
9.310000000000000497e-01 -2.388154048793915535e+03
9.320000000000000506e-01 -2.394095505279080498e+03
9.330000000000000515e-01 -2.400044135315889889e+03
9.340000000000000524e-01 -2.405999938819921226e+03
9.350000000000000533e-01 -2.411962915706901185e+03
9.360000000000000542e-01 -2.417933065892708328e+03
9.370000000000000551e-01 -2.423910389293374919e+03
9.380000000000000560e-01 -2.429894885825079655e+03
9.390000000000000568e-01 -2.435886555404154024e+03
9.400000000000000577e-01 -2.441885397947076854e+03
9.410000000000000586e-01 -2.447891413370476130e+03
9.420000000000000595e-01 -2.453904601591129449e+03
9.430000000000000604e-01 -2.459924962525962201e+03
9.440000000000000613e-01 -2.465952496092047568e+03
9.450000000000000622e-01 -2.471987202206603342e+03
9.460000000000000631e-01 -2.478029080786998747e+03
9.470000000000000639e-01 -2.484078131750745342e+03
9.480000000000000648e-01 -2.490134355015502024e+03
9.490000000000000657e-01 -2.496197750499073209e+03
9.500000000000000666e-01 -2.502268318119408377e+03
9.510000000000000675e-01 -2.508346057794600711e+03
9.520000000000000684e-01 -2.514430969442889364e+03
9.530000000000000693e-01 -2.520523052982654917e+03
9.540000000000000702e-01 -2.526622308332423017e+03
9.550000000000000711e-01 -2.532728735410861646e+03
9.560000000000000719e-01 -2.538842334136781119e+03
9.570000000000000728e-01 -2.544963104429133637e+03
9.580000000000000737e-01 -2.551091046207014188e+03
9.590000000000000746e-01 -2.557226159389656914e+03
9.599999999999999645e-01 -2.563368443896437384e+03
9.609999999999999654e-01 -2.569517899646873957e+03
9.619999999999999662e-01 -2.575674526560622326e+03
9.629999999999999671e-01 -2.581838324557477790e+03
9.639999999999999680e-01 -2.588009293557377077e+03
9.649999999999999689e-01 -2.594187433480392883e+03
9.659999999999999698e-01 -2.600372744246737966e+03
9.669999999999999707e-01 -2.606565225776762418e+03
9.679999999999999716e-01 -2.612764877990954574e+03
9.689999999999999725e-01 -2.618971700809938739e+03
9.699999999999999734e-01 -2.625185694154476550e+03
9.709999999999999742e-01 -2.631406857945466982e+03
9.719999999999999751e-01 -2.637635192103942700e+03
9.729999999999999760e-01 -2.643870696551075525e+03
9.739999999999999769e-01 -2.650113371208168701e+03
9.749999999999999778e-01 -2.656363215996662348e+03
9.759999999999999787e-01 -2.662620230838130738e+03
9.769999999999999796e-01 -2.668884415654281383e+03
9.779999999999999805e-01 -2.675155770366956858e+03
9.789999999999999813e-01 -2.681434294898131157e+03
9.799999999999999822e-01 -2.687719989169912424e+03
9.809999999999999831e-01 -2.694012853104541591e+03
9.819999999999999840e-01 -2.700312886624390103e+03
9.829999999999999849e-01 -2.706620089651964463e+03
9.839999999999999858e-01 -2.712934462109897595e+03
9.849999999999999867e-01 -2.719256003920957937e+03
9.859999999999999876e-01 -2.725584715008041712e+03
9.869999999999999885e-01 -2.731920595294176564e+03
9.879999999999999893e-01 -2.738263644702520651e+03
9.889999999999999902e-01 -2.744613863156359912e+03
9.899999999999999911e-01 -2.750971250579110801e+03
9.909999999999999920e-01 -2.757335806894318011e+03
9.919999999999999929e-01 -2.763707532025654928e+03
9.929999999999999938e-01 -2.770086425896922265e+03
9.939999999999999947e-01 -2.776472488432050341e+03
9.949999999999999956e-01 -2.782865719555094074e+03
9.959999999999999964e-01 -2.789266119190237532e+03
9.969999999999999973e-01 -2.795673687261789837e+03
9.979999999999999982e-01 -2.802088423694188350e+03
9.989999999999999991e-01 -2.808510328411994578e+03
1.000000000000000000e+00 -2.814939401339895994e+03
