0.000000000000000000e+00 0.000000000000000000e+00
1.000000000000000021e-03 5.351921782858264087e-02
2.000000000000000042e-03 -1.090774094743703765e-01
3.000000000000000062e-03 -3.036078534066172230e-01
4.000000000000000083e-03 -5.113459545515304239e-01
5.000000000000000104e-03 -7.254576626781054083e-01
6.000000000000000125e-03 -9.426648353441562378e-01
7.000000000000000146e-03 -1.161155426687209280e+00
8.000000000000000167e-03 -1.379836161412820505e+00
9.000000000000001055e-03 -1.598007492104880356e+00
1.000000000000000021e-02 -1.815202969023097745e+00
1.099999999999999936e-02 -2.031102310478477779e+00
1.200000000000000025e-02 -2.245481034949365906e+00
1.300000000000000114e-02 -2.458179680503931319e+00
1.400000000000000029e-02 -2.669084172529410104e+00
1.499999999999999944e-02 -2.878112855115589674e+00
1.600000000000000033e-02 -3.085207670028436322e+00
1.700000000000000122e-02 -3.290328006587615484e+00
1.800000000000000211e-02 -3.493446322135591586e+00
1.899999999999999953e-02 -3.694544965992702767e+00
2.000000000000000042e-02 -3.893613839440554170e+00
2.100000000000000130e-02 -4.090648647679106631e+00
2.199999999999999872e-02 -4.285649578090263923e+00
2.299999999999999961e-02 -4.478620290151249073e+00
2.400000000000000050e-02 -4.669567136258673479e+00
2.500000000000000139e-02 -4.858498555716067813e+00
2.600000000000000228e-02 -5.045424599997474502e+00
2.699999999999999969e-02 -5.230356558513177490e+00
2.800000000000000058e-02 -5.413306662004927716e+00
2.900000000000000147e-02 -5.594287846388412255e+00
2.999999999999999889e-02 -5.773313564010104315e+00
3.099999999999999978e-02 -5.950397632343438659e+00
3.200000000000000067e-02 -6.125554112427117559e+00
3.300000000000000155e-02 -6.298797211060443324e+00
3.400000000000000244e-02 -6.470141202069415343e+00
3.500000000000000333e-02 -6.639600362949712675e+00
3.600000000000000422e-02 -6.807188923958572779e+00
3.699999999999999817e-02 -6.972921027320309939e+00
3.799999999999999906e-02 -7.136810694674429634e+00
3.899999999999999994e-02 -7.298871801259431358e+00
4.000000000000000083e-02 -7.459118055613418896e+00
4.100000000000000172e-02 -7.617562983801720478e+00
4.200000000000000261e-02 -7.774219917364501242e+00
4.300000000000000350e-02 -7.929101984324203656e+00
4.399999999999999745e-02 -8.082222102710732159e+00
4.499999999999999833e-02 -8.233592976158863763e+00
4.599999999999999922e-02 -8.383227091209192849e+00
4.700000000000000011e-02 -8.531136716008640875e+00
4.800000000000000100e-02 -8.677333900157659485e+00
4.900000000000000189e-02 -8.821830475494669699e+00
5.000000000000000278e-02 -8.964638057643149693e+00
5.100000000000000366e-02 -9.105768048175992391e+00
5.200000000000000455e-02 -9.245231637276130954e+00
5.299999999999999850e-02 -9.383039806791817483e+00
5.399999999999999939e-02 -9.519203333602662909e+00
5.500000000000000028e-02 -9.653732793225284325e+00
5.600000000000000117e-02 -9.786638563600124741e+00
5.700000000000000205e-02 -9.917930829009920402e+00
5.800000000000000294e-02 -1.004761958408898614e+01
5.900000000000000383e-02 -1.017571463788921093e+01
5.999999999999999778e-02 -1.030222561797442538e+01
6.099999999999999867e-02 -1.042716197451953342e+01
6.199999999999999956e-02 -1.055053298439529996e+01
6.300000000000000044e-02 -1.067234775522252654e+01
6.400000000000000133e-02 -1.079261522938305262e+01
6.500000000000000222e-02 -1.091134418797664729e+01
6.600000000000000311e-02 -1.102854325471576402e+01
6.700000000000000400e-02 -1.114422089975082208e+01
6.800000000000000488e-02 -1.125838544342184022e+01
6.900000000000000577e-02 -1.137104505993131376e+01
7.000000000000000666e-02 -1.148220778093625505e+01
7.100000000000000755e-02 -1.159188149905701515e+01
7.200000000000000844e-02 -1.170007397130165749e+01
7.299999999999999545e-02 -1.180679282240524053e+01
7.399999999999999634e-02 -1.191204554808396843e+01
7.499999999999999722e-02 -1.201583951820414420e+01
7.599999999999999811e-02 -1.211818197986717038e+01
7.699999999999999900e-02 -1.221908006041070216e+01
7.799999999999999989e-02 -1.231854077032804540e+01
7.900000000000000078e-02 -1.241657100610644271e+01
8.000000000000000167e-02 -1.251317755298591017e+01
8.100000000000000255e-02 -1.260836708764066572e+01
8.200000000000000344e-02 -1.270214618078433588e+01
8.300000000000000433e-02 -1.279452129970099961e+01
8.400000000000000522e-02 -1.288549881070391834e+01
8.500000000000000611e-02 -1.297508498152371459e+01
8.600000000000000699e-02 -1.306328598362802751e+01
8.700000000000000788e-02 -1.315010789447421402e+01
8.799999999999999489e-02 -1.323555669969770321e+01
8.899999999999999578e-02 -1.331963829523660792e+01
8.999999999999999667e-02 -1.340235848939597574e+01
9.099999999999999756e-02 -1.348372300485241482e+01
9.199999999999999845e-02 -1.356373748060102002e+01
9.299999999999999933e-02 -1.364240747384685193e+01
9.400000000000000022e-02 -1.371973846184235768e+01
9.500000000000000111e-02 -1.379573584367214067e+01
9.600000000000000200e-02 -1.387040494198741314e+01
9.700000000000000289e-02 -1.394375100469106243e+01
9.800000000000000377e-02 -1.401577920657512522e+01
9.900000000000000466e-02 -1.408649465091244579e+01
1.000000000000000056e-01 -1.415590237100349924e+01
1.010000000000000064e-01 -1.422400733168005260e+01
1.020000000000000073e-01 -1.429081443076724511e+01
1.030000000000000082e-01 -1.435632850050505027e+01
1.040000000000000091e-01 -1.442055430893059409e+01
1.049999999999999961e-01 -1.448349656122218221e+01
1.059999999999999970e-01 -1.454515990100764355e+01
1.069999999999999979e-01 -1.460554891163596380e+01
1.079999999999999988e-01 -1.466466811741522136e+01
1.089999999999999997e-01 -1.472252198481701058e+01
1.100000000000000006e-01 -1.477911492364869162e+01
1.110000000000000014e-01 -1.483445128819428405e+01
1.120000000000000023e-01 -1.488853537832527252e+01
1.130000000000000032e-01 -1.494137144058193556e+01
1.140000000000000041e-01 -1.499296366922654400e+01
1.150000000000000050e-01 -1.504331620726897611e+01
1.160000000000000059e-01 -1.509243314746555598e+01
1.170000000000000068e-01 -1.514031853329244726e+01
1.180000000000000077e-01 -1.518697635989377304e+01
1.190000000000000085e-01 -1.523241057500565887e+01
1.199999999999999956e-01 -1.527662507985662188e+01
1.209999999999999964e-01 -1.531962373004569145e+01
1.219999999999999973e-01 -1.536141033639778186e+01
1.229999999999999982e-01 -1.540198866579836334e+01
1.239999999999999991e-01 -1.544136244200682029e+01
1.250000000000000000e-01 -1.547953534645021989e+01
1.260000000000000009e-01 -1.551651101899721397e+01
1.270000000000000018e-01 -1.555229305871319667e+01
1.280000000000000027e-01 -1.558688502459697389e+01
1.290000000000000036e-01 -1.562029043629997460e+01
1.300000000000000044e-01 -1.565251277482757786e+01
1.310000000000000053e-01 -1.568355548322437443e+01
1.320000000000000062e-01 -1.571342196724242513e+01
1.330000000000000071e-01 -1.574211559599453381e+01
1.340000000000000080e-01 -1.576963970259122050e+01
1.350000000000000089e-01 -1.579599758476381055e+01
1.360000000000000098e-01 -1.582119250547206235e+01
1.370000000000000107e-01 -1.584522769349862159e+01
1.380000000000000115e-01 -1.586810634402898756e+01
1.390000000000000124e-01 -1.588983161921910892e+01
1.400000000000000133e-01 -1.591040664874904564e+01
1.410000000000000142e-01 -1.592983453036520558e+01
1.420000000000000151e-01 -1.594811833040939320e+01
1.430000000000000160e-01 -1.596526108433666025e+01
1.440000000000000169e-01 -1.598126579722140406e+01
1.449999999999999900e-01 -1.599613544425226053e+01
1.459999999999999909e-01 -1.600987297121619690e+01
1.469999999999999918e-01 -1.602248129497186824e+01
1.479999999999999927e-01 -1.603396330391277758e+01
1.489999999999999936e-01 -1.604432185842041747e+01
1.499999999999999944e-01 -1.605355979130752075e+01
1.509999999999999953e-01 -1.606167990825186109e+01
1.519999999999999962e-01 -1.606868498822097280e+01
1.529999999999999971e-01 -1.607457778388769754e+01
1.539999999999999980e-01 -1.607936102203693451e+01
1.549999999999999989e-01 -1.608303740396380732e+01
1.559999999999999998e-01 -1.608560960586407163e+01
1.570000000000000007e-01 -1.608708027921541373e+01
1.580000000000000016e-01 -1.608745205115199894e+01
1.590000000000000024e-01 -1.608672752483020219e+01
1.600000000000000033e-01 -1.608490927978808571e+01
1.610000000000000042e-01 -1.608199987229617989e+01
1.620000000000000051e-01 -1.607800183570257246e+01
1.630000000000000060e-01 -1.607291768076994032e+01
1.640000000000000069e-01 -1.606674989600653447e+01
1.650000000000000078e-01 -1.605950094799000993e+01
1.660000000000000087e-01 -1.605117328168568491e+01
1.670000000000000095e-01 -1.604176932075719009e+01
1.680000000000000104e-01 -1.603129146787273385e+01
1.690000000000000113e-01 -1.601974210500355156e+01
1.700000000000000122e-01 -1.600712359371807736e+01
1.710000000000000131e-01 -1.599343827546973529e+01
1.720000000000000140e-01 -1.597868847187908870e+01
1.730000000000000149e-01 -1.596287648501093770e+01
1.740000000000000158e-01 -1.594600459764608757e+01
1.750000000000000167e-01 -1.592807507354739727e+01
1.759999999999999898e-01 -1.590909015772196966e+01
1.769999999999999907e-01 -1.588905207667720276e+01
1.779999999999999916e-01 -1.586796303867285474e+01
1.789999999999999925e-01 -1.584582523396801435e+01
1.799999999999999933e-01 -1.582264083506377972e+01
1.809999999999999942e-01 -1.579841199694124043e+01
1.819999999999999951e-01 -1.577314085729534554e+01
1.829999999999999960e-01 -1.574682953676406783e+01
1.839999999999999969e-01 -1.571948013915408637e+01
1.849999999999999978e-01 -1.569109475166163747e+01
1.859999999999999987e-01 -1.566167544509022491e+01
1.869999999999999996e-01 -1.563122427406351278e+01
1.880000000000000004e-01 -1.559974327723510612e+01
1.890000000000000013e-01 -1.556723447749448042e+01
1.900000000000000022e-01 -1.553369988216924469e+01
1.910000000000000031e-01 -1.549914148322331187e+01
1.920000000000000040e-01 -1.546356125745280963e+01
1.930000000000000049e-01 -1.542696116667751483e+01
1.940000000000000058e-01 -1.538934315792928942e+01
1.950000000000000067e-01 -1.535070916363747529e+01
1.960000000000000075e-01 -1.531106110181075053e+01
1.970000000000000084e-01 -1.527040087621621467e+01
1.980000000000000093e-01 -1.522873037655543271e+01
1.990000000000000102e-01 -1.518605147863699756e+01
2.000000000000000111e-01 -1.514236604454676183e+01
2.010000000000000120e-01 -1.509767592281502857e+01
2.020000000000000129e-01 -1.505198294858065822e+01
2.030000000000000138e-01 -1.500528894375315758e+01
2.040000000000000147e-01 -1.495759571717107406e+01
2.050000000000000155e-01 -1.490890506475868449e+01
2.060000000000000164e-01 -1.485921876967978505e+01
2.070000000000000173e-01 -1.480853860248865317e+01
2.080000000000000182e-01 -1.475686632127894882e+01
2.089999999999999913e-01 -1.470420367183048427e+01
2.099999999999999922e-01 -1.465055238775255475e+01
2.109999999999999931e-01 -1.459591419062607542e+01
2.119999999999999940e-01 -1.454029079014304671e+01
2.129999999999999949e-01 -1.448368388424349007e+01
2.139999999999999958e-01 -1.442609515925097696e+01
2.149999999999999967e-01 -1.436752629000466186e+01
2.159999999999999976e-01 -1.430797893999101689e+01
2.169999999999999984e-01 -1.424745476147214163e+01
2.179999999999999993e-01 -1.418595539561280816e+01
2.190000000000000002e-01 -1.412348247260462131e+01
2.200000000000000011e-01 -1.406003761178952516e+01
2.210000000000000020e-01 -1.399562242178051008e+01
2.220000000000000029e-01 -1.393023850058092705e+01
2.230000000000000038e-01 -1.386388743570127247e+01
2.240000000000000047e-01 -1.379657080427531923e+01
2.250000000000000056e-01 -1.372829017317341993e+01
2.260000000000000064e-01 -1.365904709911494308e+01
2.270000000000000073e-01 -1.358884312877799516e+01
2.280000000000000082e-01 -1.351767979890888682e+01
2.290000000000000091e-01 -1.344555863642875693e+01
2.300000000000000100e-01 -1.337248115853908814e+01
2.310000000000000109e-01 -1.329844887282568777e+01
2.320000000000000118e-01 -1.322346327736131855e+01
2.330000000000000127e-01 -1.314752586080621199e+01
2.340000000000000135e-01 -1.307063810250785707e+01
2.350000000000000144e-01 -1.299280147259834450e+01
2.360000000000000153e-01 -1.291401743209210906e+01
2.370000000000000162e-01 -1.283428743297969277e+01
2.380000000000000171e-01 -1.275361291832260235e+01
2.390000000000000180e-01 -1.267199532234509718e+01
2.399999999999999911e-01 -1.258943607052567870e+01
2.409999999999999920e-01 -1.250593657968680361e+01
2.419999999999999929e-01 -1.242149825808350272e+01
2.429999999999999938e-01 -1.233612250549062139e+01
2.439999999999999947e-01 -1.224981071328879523e+01
2.449999999999999956e-01 -1.216256426454962991e+01
2.459999999999999964e-01 -1.207438453411910473e+01
2.469999999999999973e-01 -1.198527288870020868e+01
2.479999999999999982e-01 -1.189523068693424079e+01
2.489999999999999991e-01 -1.180425927948152776e+01
2.500000000000000000e-01 -1.171236000909949837e+01
2.510000000000000009e-01 -1.161953421072215065e+01
2.520000000000000018e-01 -1.152578321153596619e+01
2.530000000000000027e-01 -1.143110833105650670e+01
2.540000000000000036e-01 -1.133551088120282202e+01
2.550000000000000044e-01 -1.123899216637198606e+01
2.560000000000000053e-01 -1.114155348351152952e+01
2.570000000000000062e-01 -1.104319612219167368e+01
2.580000000000000071e-01 -1.094392136467594412e+01
2.590000000000000080e-01 -1.084373048599181288e+01
2.600000000000000089e-01 -1.074262475399916639e+01
2.610000000000000098e-01 -1.064060542945917121e+01
2.620000000000000107e-01 -1.053767376610093720e+01
2.630000000000000115e-01 -1.043383101068845065e+01
2.640000000000000124e-01 -1.032907840308561731e+01
2.650000000000000133e-01 -1.022341717632167502e+01
2.660000000000000142e-01 -1.011684855665450300e+01
2.670000000000000151e-01 -1.000937376363353337e+01
2.680000000000000160e-01 -9.900994010162605719e+00
2.690000000000000169e-01 -9.791710502560931673e+00
2.700000000000000178e-01 -9.681524440623917371e+00
2.710000000000000187e-01 -9.570437017682763781e+00
2.720000000000000195e-01 -9.458449420663981755e+00
2.730000000000000204e-01 -9.345562830147457589e+00
2.740000000000000213e-01 -9.231778420424149090e+00
2.750000000000000222e-01 -9.117097359553184788e+00
2.760000000000000231e-01 -9.001520809417485225e+00
2.770000000000000240e-01 -8.885049925780236890e+00
2.780000000000000249e-01 -8.767685858338495564e+00
2.790000000000000258e-01 -8.649429750778210746e+00
2.800000000000000266e-01 -8.530282740827232146e+00
2.810000000000000275e-01 -8.410245960308373014e+00
2.820000000000000284e-01 -8.289320535191194494e+00
2.830000000000000293e-01 -8.167507585644074197e+00
2.840000000000000302e-01 -8.044808226084199987e+00
2.850000000000000311e-01 -7.921223565229013275e+00
2.860000000000000320e-01 -7.796754706144326974e+00
2.870000000000000329e-01 -7.671402746295314046e+00
2.880000000000000338e-01 -7.545168777592891729e+00
2.889999999999999791e-01 -7.418053886443232159e+00
2.899999999999999800e-01 -7.290059153794288704e+00
2.909999999999999809e-01 -7.161185655182492837e+00
2.919999999999999818e-01 -7.031434460779422579e+00
2.929999999999999827e-01 -6.900806635436993020e+00
2.939999999999999836e-01 -6.769303238732732098e+00
2.949999999999999845e-01 -6.636925325014374266e+00
2.959999999999999853e-01 -6.503673943443828875e+00
2.969999999999999862e-01 -6.369550138041063292e+00
2.979999999999999871e-01 -6.234554947726024920e+00
2.989999999999999880e-01 -6.098689406363035914e+00
2.999999999999999889e-01 -5.961954542801038315e+00
3.009999999999999898e-01 -5.824351380916141352e+00
3.019999999999999907e-01 -5.685880939651951849e+00
3.029999999999999916e-01 -5.546544233061638352e+00
3.039999999999999925e-01 -5.406342270346016221e+00
3.049999999999999933e-01 -5.265276055895100171e+00
3.059999999999999942e-01 -5.123346589325791456e+00
3.069999999999999951e-01 -4.980554865522066166e+00
3.079999999999999960e-01 -4.836901874672150825e+00
3.089999999999999969e-01 -4.692388602307318024e+00
3.099999999999999978e-01 -4.547016029338692533e+00
3.109999999999999987e-01 -4.400785132094767960e+00
3.119999999999999996e-01 -4.253696882357871800e+00
3.130000000000000004e-01 -4.105752247400545230e+00
3.140000000000000013e-01 -3.956952190021013394e+00
3.150000000000000022e-01 -3.807297668579735728e+00
3.160000000000000031e-01 -3.656789637032659357e+00
3.170000000000000040e-01 -3.505429044967570462e+00
3.180000000000000049e-01 -3.353216837637404524e+00
3.190000000000000058e-01 -3.200153955994778698e+00
3.200000000000000067e-01 -3.046241336725188376e+00
3.210000000000000075e-01 -2.891479912280118469e+00
3.220000000000000084e-01 -2.735870610910012601e+00
3.230000000000000093e-01 -2.579414356697157018e+00
3.240000000000000102e-01 -2.422112069587001315e+00
3.250000000000000111e-01 -2.263964665420701294e+00
3.260000000000000120e-01 -2.104973055965700723e+00
3.270000000000000129e-01 -1.945138148947989976e+00
3.280000000000000138e-01 -1.784460848082233042e+00
3.290000000000000147e-01 -1.622942053101695592e+00
3.300000000000000155e-01 -1.460582659789281479e+00
3.310000000000000164e-01 -1.297383560007318692e+00
3.320000000000000173e-01 -1.133345641726066333e+00
3.330000000000000182e-01 -9.684697890539837317e-01
3.340000000000000191e-01 -8.027568822663511128e-01
3.350000000000000200e-01 -6.362077978335207717e-01
3.360000000000000209e-01 -4.688234084492819420e-01
3.370000000000000218e-01 -3.006045830594530344e-01
3.380000000000000226e-01 -1.315521868883422485e-01
3.390000000000000235e-01 3.833291853217701828e-02
3.400000000000000244e-01 2.090498753368308371e-01
3.410000000000000253e-01 3.805978292997167500e-01
3.420000000000000262e-01 5.529759298077578933e-01
3.430000000000000271e-01 7.261833298334749998e-01
3.440000000000000280e-01 9.002191859107426808e-01
3.450000000000000289e-01 1.075082658107390898e+00
3.460000000000000298e-01 1.250772910000449656e+00
3.470000000000000306e-01 1.427289108650427352e+00
3.480000000000000315e-01 1.604630424577152326e+00
3.490000000000000324e-01 1.782796031733823838e+00
3.500000000000000333e-01 1.961785107483393631e+00
3.510000000000000342e-01 2.141596832573640086e+00
3.519999999999999796e-01 2.322230391114146641e+00
3.529999999999999805e-01 2.503684970551148581e+00
3.539999999999999813e-01 2.685959761644824084e+00
3.549999999999999822e-01 2.869053958446130537e+00
3.559999999999999831e-01 3.052966758272759762e+00
3.569999999999999840e-01 3.237697361687622788e+00
3.579999999999999849e-01 3.423244972474691394e+00
3.589999999999999858e-01 3.609608797617539722e+00
3.599999999999999867e-01 3.796788047277289024e+00
3.609999999999999876e-01 3.984781934769756617e+00
3.619999999999999885e-01 4.173589676544366966e+00
3.629999999999999893e-01 4.363210492161982756e+00
3.639999999999999902e-01 4.553643604274469681e+00
3.649999999999999911e-01 4.744888238602470665e+00
3.659999999999999920e-01 4.936943623915453827e+00
3.669999999999999929e-01 5.129808992009486701e+00
3.679999999999999938e-01 5.323483577688790547e+00
3.689999999999999947e-01 5.517966618743031404e+00
3.699999999999999956e-01 5.713257355929272308e+00
3.709999999999999964e-01 5.909355032950230679e+00
3.719999999999999973e-01 6.106258896435690531e+00
3.729999999999999982e-01 6.303968195922436735e+00
3.739999999999999991e-01 6.502482183834985108e+00
3.750000000000000000e-01 6.701800115465260888e+00
3.760000000000000009e-01 6.901921248955943611e+00
3.770000000000000018e-01 7.102844845278582397e+00
3.780000000000000027e-01 7.304570168217736637e+00
3.790000000000000036e-01 7.507096484349773391e+00
3.800000000000000044e-01 7.710423063026553336e+00
3.810000000000000053e-01 7.914549176356672433e+00
3.820000000000000062e-01 8.119474099186675176e+00
3.830000000000000071e-01 8.325197109083859459e+00
3.840000000000000080e-01 8.531717486318598276e+00
3.850000000000000089e-01 8.739034513846121399e+00
3.860000000000000098e-01 8.947147477290599227e+00
3.870000000000000107e-01 9.156055664925617066e+00
3.880000000000000115e-01 9.365758367659680061e+00
3.890000000000000124e-01 9.576254879016914856e+00
3.900000000000000133e-01 9.787544495122091348e+00
3.910000000000000142e-01 9.999626514683114920e+00
3.920000000000000151e-01 1.021250023897519554e+01
3.930000000000000160e-01 1.042616497182262947e+01
3.940000000000000169e-01 1.064062001958581050e+01
3.950000000000000178e-01 1.085586469114227270e+01
3.960000000000000187e-01 1.107189829787265012e+01
3.970000000000000195e-01 1.128872015364351000e+01
3.980000000000000204e-01 1.150632957479317042e+01
3.990000000000000213e-01 1.172472588011521566e+01
4.000000000000000222e-01 1.194390839084303479e+01
4.010000000000000231e-01 1.216387643063566770e+01
4.020000000000000240e-01 1.238462932556188889e+01
4.030000000000000249e-01 1.260616640408517242e+01
4.040000000000000258e-01 1.282848699704913997e+01
4.050000000000000266e-01 1.305159043766332161e+01
4.060000000000000275e-01 1.327547606148766590e+01
4.070000000000000284e-01 1.350014320641906806e+01
4.080000000000000293e-01 1.372559121267619275e+01
4.090000000000000302e-01 1.395181942278554743e+01
4.100000000000000311e-01 1.417882718156829469e+01
4.110000000000000320e-01 1.440661383612433610e+01
4.120000000000000329e-01 1.463517873582105722e+01
4.130000000000000338e-01 1.486452123227684297e+01
4.140000000000000346e-01 1.509464067934982268e+01
4.150000000000000355e-01 1.532553643312360236e+01
4.160000000000000364e-01 1.555720785189294020e+01
4.169999999999999818e-01 1.578965429615192306e+01
4.179999999999999827e-01 1.602287512857969887e+01
4.189999999999999836e-01 1.625686971402853942e+01
4.199999999999999845e-01 1.649163741950962958e+01
4.209999999999999853e-01 1.672717761418130067e+01
4.219999999999999862e-01 1.696348966933635438e+01
4.229999999999999871e-01 1.720057295838802247e+01
4.239999999999999880e-01 1.743842685685973493e+01
4.249999999999999889e-01 1.767705074237005647e+01
4.259999999999999898e-01 1.791644399462319370e+01
4.269999999999999907e-01 1.815660599539467057e+01
4.279999999999999916e-01 1.839753612851990283e+01
4.289999999999999925e-01 1.863923377988265884e+01
4.299999999999999933e-01 1.888169833740249715e+01
4.309999999999999942e-01 1.912492919102345468e+01
4.319999999999999951e-01 1.936892573270205276e+01
4.329999999999999960e-01 1.961368735639581473e+01
4.339999999999999969e-01 1.985921345805155624e+01
4.349999999999999978e-01 2.010550343559390285e+01
4.359999999999999987e-01 2.035255668891483083e+01
4.369999999999999996e-01 2.060037261986116164e+01
4.380000000000000004e-01 2.084895063222433009e+01
4.390000000000000013e-01 2.109829013172878831e+01
4.400000000000000022e-01 2.134839052602154652e+01
4.410000000000000031e-01 2.159925122466029279e+01
4.420000000000000040e-01 2.185087163910407071e+01
4.430000000000000049e-01 2.210325118270134226e+01
4.440000000000000058e-01 2.235638927067969917e+01
4.450000000000000067e-01 2.261028532013597214e+01
4.460000000000000075e-01 2.286493875002452114e+01
4.470000000000000084e-01 2.312034898114762882e+01
4.480000000000000093e-01 2.337651543614589400e+01
4.490000000000000102e-01 2.363343753948606718e+01
4.500000000000000111e-01 2.389111471745303561e+01
4.510000000000000120e-01 2.414954639813788617e+01
4.520000000000000129e-01 2.440873201142971993e+01
4.530000000000000138e-01 2.466867098900422661e+01
4.540000000000000147e-01 2.492936276431498754e+01
4.550000000000000155e-01 2.519080677258267542e+01
4.560000000000000164e-01 2.545300245078647094e+01
4.570000000000000173e-01 2.571594923765326257e+01
4.580000000000000182e-01 2.597964657364934737e+01
4.590000000000000191e-01 2.624409390097014239e+01
4.600000000000000200e-01 2.650929066353097596e+01
4.610000000000000209e-01 2.677523630695833390e+01
4.620000000000000218e-01 2.704193027857968445e+01
4.630000000000000226e-01 2.730937202741426972e+01
4.640000000000000235e-01 2.757756100416588652e+01
4.650000000000000244e-01 2.784649666121077871e+01
4.660000000000000253e-01 2.811617845259172555e+01
4.670000000000000262e-01 2.838660583400695714e+01
4.680000000000000271e-01 2.865777826280265117e+01
4.690000000000000280e-01 2.892969519796298528e+01
4.700000000000000289e-01 2.920235610010286109e+01
4.710000000000000298e-01 2.947576043145778613e+01
4.720000000000000306e-01 2.974990765587665464e+01
4.730000000000000315e-01 3.002479723881197060e+01
4.740000000000000324e-01 3.030042864731262853e+01
4.750000000000000333e-01 3.057680135001447752e+01
4.760000000000000342e-01 3.085391481713287476e+01
4.770000000000000351e-01 3.113176852045353371e+01
4.780000000000000360e-01 3.141036193332541870e+01
4.790000000000000369e-01 3.168969453065136577e+01
4.799999999999999822e-01 3.196976578888131826e+01
4.809999999999999831e-01 3.225057518600232243e+01
4.819999999999999840e-01 3.253212220153369572e+01
4.829999999999999849e-01 3.281440631651594231e+01
4.839999999999999858e-01 3.309742701350506877e+01
4.849999999999999867e-01 3.338118377656292068e+01
4.859999999999999876e-01 3.366567609125149829e+01
4.869999999999999885e-01 3.395090344462425946e+01
4.879999999999999893e-01 3.423686532521776371e+01
4.889999999999999902e-01 3.452356122304547625e+01
4.899999999999999911e-01 3.481099062958986678e+01
4.909999999999999920e-01 3.509915303779399665e+01
4.919999999999999929e-01 3.538804794205577764e+01
4.929999999999999938e-01 3.567767483821859287e+01
4.939999999999999947e-01 3.596803322356623767e+01
4.949999999999999956e-01 3.625912259681336991e+01
4.959999999999999964e-01 3.655094245810062148e+01
4.969999999999999973e-01 3.684349230898521910e+01
4.979999999999999982e-01 3.713677165243592526e+01
4.989999999999999991e-01 3.743077999282468227e+01
5.000000000000000000e-01 3.772551683591973415e+01
5.010000000000000009e-01 3.802098168887897600e+01
5.020000000000000018e-01 3.831717406024330330e+01
5.030000000000000027e-01 3.861409345992933595e+01
5.040000000000000036e-01 3.891173939922248337e+01
5.050000000000000044e-01 3.921011139077052121e+01
5.060000000000000053e-01 3.950920894857705434e+01
5.070000000000000062e-01 3.980903158799446828e+01
5.080000000000000071e-01 4.010957882571722166e+01
5.090000000000000080e-01 4.041085017977576399e+01
5.100000000000000089e-01 4.071284516952971444e+01
5.110000000000000098e-01 4.101556331566149538e+01
5.120000000000000107e-01 4.131900414016928380e+01
5.130000000000000115e-01 4.162316716636166802e+01
5.140000000000000124e-01 4.192805191885054228e+01
5.150000000000000133e-01 4.223365792354564974e+01
5.160000000000000142e-01 4.253998470764679496e+01
5.170000000000000151e-01 4.284703179963833009e+01
5.180000000000000160e-01 4.315479872928472105e+01
5.190000000000000169e-01 4.346328502762168000e+01
5.200000000000000178e-01 4.377249022695116309e+01
5.210000000000000187e-01 4.408241386083608404e+01
5.220000000000000195e-01 4.439305546409326553e+01
5.230000000000000204e-01 4.470441457278752750e+01
5.240000000000000213e-01 4.501649072422708286e+01
5.250000000000000222e-01 4.532928345695535199e+01
5.260000000000000231e-01 4.564279231074732479e+01
5.270000000000000240e-01 4.595701682660256893e+01
5.280000000000000249e-01 4.627195654673948866e+01
5.290000000000000258e-01 4.658761101458975418e+01
5.300000000000000266e-01 4.690397977479290148e+01
5.310000000000000275e-01 4.722106237319053434e+01
5.320000000000000284e-01 4.753885835682012839e+01
5.330000000000000293e-01 4.785736727391014256e+01
5.340000000000000302e-01 4.817658867387416421e+01
5.350000000000000311e-01 4.849652210730579327e+01
5.360000000000000320e-01 4.881716712597233254e+01
5.370000000000000329e-01 4.913852328280989923e+01
5.380000000000000338e-01 4.946059013191825215e+01
5.390000000000000346e-01 4.978336722855453900e+01
5.400000000000000355e-01 5.010685412912971515e+01
5.410000000000000364e-01 5.043105039120081301e+01
5.420000000000000373e-01 5.075595557346747455e+01
5.430000000000000382e-01 5.108156923576632380e+01
5.440000000000000391e-01 5.140789093906545304e+01
5.450000000000000400e-01 5.173492024545930690e+01
5.460000000000000409e-01 5.206265671816402119e+01
5.470000000000000417e-01 5.239109992151134065e+01
5.480000000000000426e-01 5.272024942094503785e+01
5.490000000000000435e-01 5.305010478301431931e+01
5.500000000000000444e-01 5.338066557536996015e+01
5.510000000000000453e-01 5.371193136675901769e+01
5.520000000000000462e-01 5.404390172701920392e+01
5.530000000000000471e-01 5.437657622707484961e+01
5.540000000000000480e-01 5.470995443893173160e+01
5.550000000000000488e-01 5.504403593567241160e+01
5.560000000000000497e-01 5.537882029145134766e+01
5.570000000000000506e-01 5.571430708148920985e+01
5.580000000000000515e-01 5.605049588206992439e+01
5.590000000000000524e-01 5.638738627053407981e+01
5.600000000000000533e-01 5.672497782527619847e+01
5.610000000000000542e-01 5.706327012573774482e+01
5.620000000000000551e-01 5.740226275240434006e+01
5.630000000000000560e-01 5.774195528680058942e+01
5.640000000000000568e-01 5.808234731148536412e+01
5.650000000000000577e-01 5.842343841004708338e+01
5.660000000000000586e-01 5.876522816709962171e+01
5.670000000000000595e-01 5.910771616827804564e+01
5.680000000000000604e-01 5.945090200023315674e+01
5.690000000000000613e-01 5.979478525062796734e+01
5.700000000000000622e-01 6.013936550813247095e+01
5.710000000000000631e-01 6.048464236242023162e+01
5.720000000000000639e-01 6.083061540416412072e+01
5.730000000000000648e-01 6.117728422502966623e+01
5.740000000000000657e-01 6.152464841767442749e+01
5.750000000000000666e-01 6.187270757574037816e+01
5.760000000000000675e-01 6.222146129385203039e+01
5.769999999999999574e-01 6.257090916761001154e+01
5.779999999999999583e-01 6.292105079358992725e+01
5.789999999999999591e-01 6.327188576933457398e+01
5.799999999999999600e-01 6.362341369335280206e+01
5.809999999999999609e-01 6.397563416511331980e+01
5.819999999999999618e-01 6.432854678504196499e+01
5.829999999999999627e-01 6.468215115451653219e+01
5.839999999999999636e-01 6.503644687586444206e+01
5.849999999999999645e-01 6.539143355235586341e+01
5.859999999999999654e-01 6.574711078820308785e+01
5.869999999999999662e-01 6.610347818855376545e+01
5.879999999999999671e-01 6.646053535948902891e+01
5.889999999999999680e-01 6.681828190801729761e+01
5.899999999999999689e-01 6.717671744207279971e+01
5.909999999999999698e-01 6.753584157050966041e+01
5.919999999999999707e-01 6.789565390310002613e+01
5.929999999999999716e-01 6.825615405052838014e+01
5.939999999999999725e-01 6.861734162438858675e+01
5.949999999999999734e-01 6.897921623718025330e+01
5.959999999999999742e-01 6.934177750230463744e+01
5.969999999999999751e-01 6.970502503406049755e+01
5.979999999999999760e-01 7.006895844764142112e+01
5.989999999999999769e-01 7.043357735913127726e+01
5.999999999999999778e-01 7.079888138550120402e+01
6.009999999999999787e-01 7.116487014460471983e+01
6.019999999999999796e-01 7.153154325517579082e+01
6.029999999999999805e-01 7.189890033682399917e+01
6.039999999999999813e-01 7.226694101003118931e+01
6.049999999999999822e-01 7.263566489614777311e+01
6.059999999999999831e-01 7.300507161738983086e+01
6.069999999999999840e-01 7.337516079683484804e+01
6.079999999999999849e-01 7.374593205841870258e+01
6.089999999999999858e-01 7.411738502693162900e+01
6.099999999999999867e-01 7.448951932801548992e+01
6.109999999999999876e-01 7.486233458815951280e+01
6.119999999999999885e-01 7.523583043469778886e+01
6.129999999999999893e-01 7.561000649580392974e+01
6.139999999999999902e-01 7.598486240049084017e+01
6.149999999999999911e-01 7.636039777860463573e+01
6.159999999999999920e-01 7.673661226082225539e+01
6.169999999999999929e-01 7.711350547864816463e+01
6.179999999999999938e-01 7.749107706441083110e+01
6.189999999999999947e-01 7.786932665125908670e+01
6.199999999999999956e-01 7.824825387316150227e+01
6.209999999999999964e-01 7.862785836489740632e+01
6.219999999999999973e-01 7.900813976206001144e+01
6.229999999999999982e-01 7.938909770104908148e+01
6.239999999999999991e-01 7.977073181906933996e+01
6.250000000000000000e-01 8.015304175412683207e+01
6.260000000000000009e-01 8.053602714502534354e+01
6.270000000000000018e-01 8.091968763136492271e+01
6.280000000000000027e-01 8.130402285353676461e+01
6.290000000000000036e-01 8.168903245272076674e+01
6.300000000000000044e-01 8.207471607088291421e+01
6.310000000000000053e-01 8.246107335077147127e+01
6.320000000000000062e-01 8.284810393591487809e+01
6.330000000000000071e-01 8.323580747061771490e+01
6.340000000000000080e-01 8.362418359995763240e+01
6.350000000000000089e-01 8.401323196978376018e+01
6.360000000000000098e-01 8.440295222671227293e+01
6.370000000000000107e-01 8.479334401812286615e+01
6.380000000000000115e-01 8.518440699215852874e+01
6.390000000000000124e-01 8.557614079771974502e+01
6.400000000000000133e-01 8.596854508446233467e+01
6.410000000000000142e-01 8.636161950279620214e+01
6.420000000000000151e-01 8.675536370387908391e+01
6.430000000000000160e-01 8.714977733961802642e+01
6.440000000000000169e-01 8.754486006266222375e+01
6.450000000000000178e-01 8.794061152640279033e+01
6.460000000000000187e-01 8.833703138496923657e+01
6.470000000000000195e-01 8.873411929322662672e+01
6.480000000000000204e-01 8.913187490677307778e+01
6.490000000000000213e-01 8.953029788193543936e+01
6.500000000000000222e-01 8.992938787576929371e+01
6.510000000000000231e-01 9.032914454605395349e+01
6.520000000000000240e-01 9.072956755129030171e+01
6.530000000000000249e-01 9.113065655069783588e+01
6.540000000000000258e-01 9.153241120421307642e+01
6.550000000000000266e-01 9.193483117248524650e+01
6.560000000000000275e-01 9.233791611687490786e+01
6.570000000000000284e-01 9.274166569945066385e+01
6.580000000000000293e-01 9.314607958298654466e+01
6.590000000000000302e-01 9.355115743095916514e+01
6.600000000000000311e-01 9.395689890754601947e+01
6.610000000000000320e-01 9.436330367762116111e+01
6.620000000000000329e-01 9.477037140675429328e+01
6.630000000000000338e-01 9.517810176120758570e+01
6.640000000000000346e-01 9.558649440793260510e+01
6.650000000000000355e-01 9.599554901456849620e+01
6.660000000000000364e-01 9.640526524943868480e+01
6.670000000000000373e-01 9.681564278154883141e+01
6.680000000000000382e-01 9.722668128058535331e+01
6.690000000000000391e-01 9.763838041690974023e+01
6.700000000000000400e-01 9.805073986155957755e+01
6.710000000000000409e-01 9.846375928624411245e+01
6.720000000000000417e-01 9.887743836334254866e+01
6.730000000000000426e-01 9.929177676590040846e+01
6.740000000000000435e-01 9.970677416762930534e+01
6.750000000000000444e-01 1.001224302429022828e+02
6.760000000000000453e-01 1.005387446667529048e+02
6.770000000000000462e-01 1.009557171148705947e+02
6.780000000000000471e-01 1.013733472636019997e+02
6.790000000000000480e-01 1.017916347899454195e+02
6.800000000000000488e-01 1.022105793715498976e+02
6.810000000000000497e-01 1.026301806867118103e+02
6.820000000000000506e-01 1.030504384143735024e+02
6.830000000000000515e-01 1.034713522341212411e+02
6.840000000000000524e-01 1.038929218261814640e+02
6.850000000000000533e-01 1.043151468714194152e+02
6.860000000000000542e-01 1.047380270513372125e+02
6.870000000000000551e-01 1.051615620480698681e+02
6.880000000000000560e-01 1.055857515443861985e+02
6.890000000000000568e-01 1.060105952236826852e+02
6.900000000000000577e-01 1.064360927699840431e+02
6.910000000000000586e-01 1.068622438679396964e+02
6.920000000000000595e-01 1.072890482028223005e+02
6.930000000000000604e-01 1.077165054605243313e+02
6.940000000000000613e-01 1.081446153275574034e+02
6.950000000000000622e-01 1.085733774910496550e+02
6.960000000000000631e-01 1.090027916387417690e+02
6.970000000000000639e-01 1.094328574589878826e+02
6.980000000000000648e-01 1.098635746407509259e+02
6.990000000000000657e-01 1.102949428736014852e+02
7.000000000000000666e-01 1.107269618477155291e+02
7.010000000000000675e-01 1.111596312538727034e+02
7.020000000000000684e-01 1.115929507834531478e+02
7.030000000000000693e-01 1.120269201284364726e+02
7.039999999999999591e-01 1.124615389813993716e+02
7.049999999999999600e-01 1.128968070355124382e+02
7.059999999999999609e-01 1.133327239845403938e+02
7.069999999999999618e-01 1.137692895228374255e+02
7.079999999999999627e-01 1.142065033453474143e+02
7.089999999999999636e-01 1.146443651476000696e+02
7.099999999999999645e-01 1.150828746257095645e+02
7.109999999999999654e-01 1.155220314763733995e+02
7.119999999999999662e-01 1.159618353968687643e+02
7.129999999999999671e-01 1.164022860850516281e+02
7.139999999999999680e-01 1.168433832393552620e+02
7.149999999999999689e-01 1.172851265587861462e+02
7.159999999999999698e-01 1.177275157429243109e+02
7.169999999999999707e-01 1.181705504919192435e+02
7.179999999999999716e-01 1.186142305064902303e+02
7.189999999999999725e-01 1.190585554879228312e+02
7.199999999999999734e-01 1.195035251380668342e+02
7.209999999999999742e-01 1.199491391593359140e+02
7.219999999999999751e-01 1.203953972547033118e+02
7.229999999999999760e-01 1.208422991277019491e+02
7.239999999999999769e-01 1.212898444824219268e+02
7.249999999999999778e-01 1.217380330235081374e+02
7.259999999999999787e-01 1.221868644561589008e+02
7.269999999999999796e-01 1.226363384861240320e+02
7.279999999999999805e-01 1.230864548197025670e+02
7.289999999999999813e-01 1.235372131637424218e+02
7.299999999999999822e-01 1.239886132256357314e+02
7.309999999999999831e-01 1.244406547133187360e+02
7.319999999999999840e-01 1.248933373352718945e+02
7.329999999999999849e-01 1.253466608005130638e+02
7.339999999999999858e-01 1.258006248186010225e+02
7.349999999999999867e-01 1.262552290996304691e+02
7.359999999999999876e-01 1.267104733542306576e+02
7.369999999999999885e-01 1.271663572935640332e+02
7.379999999999999893e-01 1.276228806293248681e+02
7.389999999999999902e-01 1.280800430737367606e+02
7.399999999999999911e-01 1.285378443395519525e+02
7.409999999999999920e-01 1.289962841400470097e+02
7.419999999999999929e-01 1.294553621890244131e+02
7.429999999999999938e-01 1.299150782008086935e+02
7.439999999999999947e-01 1.303754318902452951e+02
7.449999999999999956e-01 1.308364229726984149e+02
7.459999999999999964e-01 1.312980511640504346e+02
7.469999999999999973e-01 1.317603161806995331e+02
7.479999999999999982e-01 1.322232177395570716e+02
7.489999999999999991e-01 1.326867555580464568e+02
7.500000000000000000e-01 1.331509293541045054e+02
7.510000000000000009e-01 1.336157388461730307e+02
7.520000000000000018e-01 1.340811837532045274e+02
7.530000000000000027e-01 1.345472637946548957e+02
7.540000000000000036e-01 1.350139786904852599e+02
7.550000000000000044e-01 1.354813281611595812e+02
7.560000000000000053e-01 1.359493119276412472e+02
7.570000000000000062e-01 1.364179297113937537e+02
7.580000000000000071e-01 1.368871812343775218e+02
7.590000000000000080e-01 1.373570662190488747e+02
7.600000000000000089e-01 1.378275843883592415e+02
7.610000000000000098e-01 1.382987354657519745e+02
7.620000000000000107e-01 1.387705191751612119e+02
7.630000000000000115e-01 1.392429352410119918e+02
7.640000000000000124e-01 1.397159833882157045e+02
7.650000000000000133e-01 1.401896633421714569e+02
7.660000000000000142e-01 1.406639748287618659e+02
7.670000000000000151e-01 1.411389175743541955e+02
7.680000000000000160e-01 1.416144913057961503e+02
7.690000000000000169e-01 1.420906957504165575e+02
7.700000000000000178e-01 1.425675306360219565e+02
7.710000000000000187e-01 1.430449956908980766e+02
7.720000000000000195e-01 1.435230906438034708e+02
7.730000000000000204e-01 1.440018152239722440e+02
7.740000000000000213e-01 1.444811691611112110e+02
7.750000000000000222e-01 1.449611521853981912e+02
7.760000000000000231e-01 1.454417640274797350e+02
7.770000000000000240e-01 1.459230044184716917e+02
7.780000000000000249e-01 1.464048730899560269e+02
7.790000000000000258e-01 1.468873697739794579e+02
7.800000000000000266e-01 1.473704942030535676e+02
7.810000000000000275e-01 1.478542461101509389e+02
7.820000000000000284e-01 1.483386252287053821e+02
7.830000000000000293e-01 1.488236312926102300e+02
7.840000000000000302e-01 1.493092640362167458e+02
7.850000000000000311e-01 1.497955231943323042e+02
7.860000000000000320e-01 1.502824085022197096e+02
7.870000000000000329e-01 1.507699196955951493e+02
7.880000000000000338e-01 1.512580565106276254e+02
7.890000000000000346e-01 1.517468186839350892e+02
7.900000000000000355e-01 1.522362059525877385e+02
7.910000000000000364e-01 1.527262180541018779e+02
7.920000000000000373e-01 1.532168547264403742e+02
7.930000000000000382e-01 1.537081157080122011e+02
7.940000000000000391e-01 1.542000007376700523e+02
7.950000000000000400e-01 1.546925095547085220e+02
7.960000000000000409e-01 1.551856418988633095e+02
7.970000000000000417e-01 1.556793975103114462e+02
7.980000000000000426e-01 1.561737761296664075e+02
7.990000000000000435e-01 1.566687774979797041e+02
8.000000000000000444e-01 1.571644013567386082e+02
8.010000000000000453e-01 1.576606474478650171e+02
8.020000000000000462e-01 1.581575155137123829e+02
8.030000000000000471e-01 1.586550052970681008e+02
8.040000000000000480e-01 1.591531165411482789e+02
8.050000000000000488e-01 1.596518489895995572e+02
8.060000000000000497e-01 1.601512023864952425e+02
8.070000000000000506e-01 1.606511764763354222e+02
8.080000000000000515e-01 1.611517710040459406e+02
8.090000000000000524e-01 1.616529857149764666e+02
8.100000000000000533e-01 1.621548203548979927e+02
8.110000000000000542e-01 1.626572746700046537e+02
8.120000000000000551e-01 1.631603484069102024e+02
8.130000000000000560e-01 1.636640413126468729e+02
8.140000000000000568e-01 1.641683531346645850e+02
8.150000000000000577e-01 1.646732836208295794e+02
8.160000000000000586e-01 1.651788325194230538e+02
8.170000000000000595e-01 1.656849995791404808e+02
8.180000000000000604e-01 1.661917845490892205e+02
8.190000000000000613e-01 1.666991871787888613e+02
8.200000000000000622e-01 1.672072072181682643e+02
8.210000000000000631e-01 1.677158444175655632e+02
8.220000000000000639e-01 1.682250985277266864e+02
8.230000000000000648e-01 1.687349692998046748e+02
8.240000000000000657e-01 1.692454564853557031e+02
8.250000000000000666e-01 1.697565598363412391e+02
8.260000000000000675e-01 1.702682791051271352e+02
8.270000000000000684e-01 1.707806140444786251e+02
8.280000000000000693e-01 1.712935644075624850e+02
8.290000000000000702e-01 1.718071299479441905e+02
8.300000000000000711e-01 1.723213104195885990e+02
8.310000000000000719e-01 1.728361055768558572e+02
8.320000000000000728e-01 1.733515151745024241e+02
8.329999999999999627e-01 1.738675389676806162e+02
8.339999999999999636e-01 1.743841767119341739e+02
8.349999999999999645e-01 1.749014281632008760e+02
8.359999999999999654e-01 1.754192930778083337e+02
8.369999999999999662e-01 1.759377712124754680e+02
8.379999999999999671e-01 1.764568623243083039e+02
8.389999999999999680e-01 1.769765661708022435e+02
8.399999999999999689e-01 1.774968825098388834e+02
8.409999999999999698e-01 1.780178110996848773e+02
8.419999999999999707e-01 1.785393516989909131e+02
8.429999999999999716e-01 1.790615040667928497e+02
8.439999999999999725e-01 1.795842679625058054e+02
8.449999999999999734e-01 1.801076431459282503e+02
8.459999999999999742e-01 1.806316293772370045e+02
8.469999999999999751e-01 1.811562264169895116e+02
8.479999999999999760e-01 1.816814340261188363e+02
8.489999999999999769e-01 1.822072519659361660e+02
8.499999999999999778e-01 1.827336799981273998e+02
8.509999999999999787e-01 1.832607178847542855e+02
8.519999999999999796e-01 1.837883653882498720e+02
8.529999999999999805e-01 1.843166222714211244e+02
8.539999999999999813e-01 1.848454882974458542e+02
8.549999999999999822e-01 1.853749632298718097e+02
8.559999999999999831e-01 1.859050468326167902e+02
8.569999999999999840e-01 1.864357388699650073e+02
8.579999999999999849e-01 1.869670391065695867e+02
8.589999999999999858e-01 1.874989473074484749e+02
8.599999999999999867e-01 1.880314632379847808e+02
8.609999999999999876e-01 1.885645866639258657e+02
8.619999999999999885e-01 1.890983173513815245e+02
8.629999999999999893e-01 1.896326550668238724e+02
8.639999999999999902e-01 1.901675995770854115e+02
8.649999999999999911e-01 1.907031506493591451e+02
8.659999999999999920e-01 1.912393080511957351e+02
8.669999999999999929e-01 1.917760715505057760e+02
8.679999999999999938e-01 1.923134409155535423e+02
8.689999999999999947e-01 1.928514159149614215e+02
8.699999999999999956e-01 1.933899963177066184e+02
8.709999999999999964e-01 1.939291818931183116e+02
8.719999999999999973e-01 1.944689724108804967e+02
8.729999999999999982e-01 1.950093676410275521e+02
8.739999999999999991e-01 1.955503673539454894e+02
8.750000000000000000e-01 1.960919713203701349e+02
8.760000000000000009e-01 1.966341793113858785e+02
8.770000000000000018e-01 1.971769910984245371e+02
8.780000000000000027e-01 1.977204064532660368e+02
8.790000000000000036e-01 1.982644251480357980e+02
8.800000000000000044e-01 1.988090469552034847e+02
8.810000000000000053e-01 1.993542716475838006e+02
8.820000000000000062e-01 1.999000989983345562e+02
8.830000000000000071e-01 2.004465287809551910e+02
8.840000000000000080e-01 2.009935607692858639e+02
8.850000000000000089e-01 2.015411947375081354e+02
8.860000000000000098e-01 2.020894304601429212e+02
8.870000000000000107e-01 2.026382677120482185e+02
8.880000000000000115e-01 2.031877062684208113e+02
8.890000000000000124e-01 2.037377459047933144e+02
8.900000000000000133e-01 2.042883863970346283e+02
8.910000000000000142e-01 2.048396275213470972e+02
8.920000000000000151e-01 2.053914690542684411e+02
8.930000000000000160e-01 2.059439107726675502e+02
8.940000000000000169e-01 2.064969524537472125e+02
8.950000000000000178e-01 2.070505938750392261e+02
8.960000000000000187e-01 2.076048348144076954e+02
8.970000000000000195e-01 2.081596750500438020e+02
8.980000000000000204e-01 2.087151143604687604e+02
8.990000000000000213e-01 2.092711525245301800e+02
9.000000000000000222e-01 2.098277893214033156e+02
9.010000000000000231e-01 2.103850245305879980e+02
9.020000000000000240e-01 2.109428579319096571e+02
9.030000000000000249e-01 2.115012893055173890e+02
9.040000000000000258e-01 2.120603184318824788e+02
9.050000000000000266e-01 2.126199450918006733e+02
9.060000000000000275e-01 2.131801690663871796e+02
9.070000000000000284e-01 2.137409901370783700e+02
9.080000000000000293e-01 2.143024080856293949e+02
9.090000000000000302e-01 2.148644226941153192e+02
9.100000000000000311e-01 2.154270337449283943e+02
9.110000000000000320e-01 2.159902410207777166e+02
9.120000000000000329e-01 2.165540443046900236e+02
9.130000000000000338e-01 2.171184433800050329e+02
9.140000000000000346e-01 2.176834380303791932e+02
9.150000000000000355e-01 2.182490280397818196e+02
9.160000000000000364e-01 2.188152131924946389e+02
9.170000000000000373e-01 2.193819932731112203e+02
9.180000000000000382e-01 2.199493680665376587e+02
9.190000000000000391e-01 2.205173373579892768e+02
9.200000000000000400e-01 2.210859009329908531e+02
9.210000000000000409e-01 2.216550585773769626e+02
9.220000000000000417e-01 2.222248100772883390e+02
9.230000000000000426e-01 2.227951552191749442e+02
9.240000000000000435e-01 2.233660937897913072e+02
9.250000000000000444e-01 2.239376255761983430e+02
9.260000000000000453e-01 2.245097503657605102e+02
9.270000000000000462e-01 2.250824679461483129e+02
9.280000000000000471e-01 2.256557781053326153e+02
9.290000000000000480e-01 2.262296806315889626e+02
9.300000000000000488e-01 2.268041753134925784e+02
9.310000000000000497e-01 2.273792619399206387e+02
9.320000000000000506e-01 2.279549403000492021e+02
9.330000000000000515e-01 2.285312101833542329e+02
9.340000000000000524e-01 2.291080713796095552e+02
9.350000000000000533e-01 2.296855236788874208e+02
9.360000000000000542e-01 2.302635668715558950e+02
9.370000000000000551e-01 2.308422007482793106e+02
9.380000000000000560e-01 2.314214251000172453e+02
9.390000000000000568e-01 2.320012397180247490e+02
9.400000000000000577e-01 2.325816443938482507e+02
9.410000000000000586e-01 2.331626389193302202e+02
9.420000000000000595e-01 2.337442230866028012e+02
9.430000000000000604e-01 2.343263966880913358e+02
9.440000000000000613e-01 2.349091595165102717e+02
9.450000000000000622e-01 2.354925113648653223e+02
9.460000000000000631e-01 2.360764520264507382e+02
9.470000000000000639e-01 2.366609812948498757e+02
9.480000000000000648e-01 2.372460989639330364e+02
9.490000000000000657e-01 2.378318048278576953e+02
9.500000000000000666e-01 2.384180986810687273e+02
9.510000000000000675e-01 2.390049803182943151e+02
9.520000000000000684e-01 2.395924495345493597e+02
9.530000000000000693e-01 2.401805061251326379e+02
9.540000000000000702e-01 2.407691498856249837e+02
9.550000000000000711e-01 2.413583806118913344e+02
9.560000000000000719e-01 2.419481981000777751e+02
9.570000000000000728e-01 2.425386021466113107e+02
9.580000000000000737e-01 2.431295925482000939e+02
9.590000000000000746e-01 2.437211691018320607e+02
9.599999999999999645e-01 2.443133316047733388e+02
9.609999999999999654e-01 2.449060798545693842e+02
9.619999999999999662e-01 2.454994136490427081e+02
9.629999999999999671e-01 2.460933327862932174e+02
9.639999999999999680e-01 2.466878370646965095e+02
9.649999999999999689e-01 2.472829262829042136e+02
9.659999999999999698e-01 2.478786002398427399e+02
9.669999999999999707e-01 2.484748587347125977e+02
9.679999999999999716e-01 2.490717015669871444e+02
9.689999999999999725e-01 2.496691285364139503e+02
9.699999999999999734e-01 2.502671394430116152e+02
9.709999999999999742e-01 2.508657340870706776e+02
9.719999999999999751e-01 2.514649122691520233e+02
9.729999999999999760e-01 2.520646737900860899e+02
9.739999999999999769e-01 2.526650184509746850e+02
9.749999999999999778e-01 2.532659460531865534e+02
9.759999999999999787e-01 2.538674563983589678e+02
9.769999999999999796e-01 2.544695492883965926e+02
9.779999999999999805e-01 2.550722245254708014e+02
9.789999999999999813e-01 2.556754819120197908e+02
9.799999999999999822e-01 2.562793212507459657e+02
9.809999999999999831e-01 2.568837423446176444e+02
9.819999999999999840e-01 2.574887449968657620e+02
9.829999999999999849e-01 2.580943290109864847e+02
9.839999999999999858e-01 2.587004941907380271e+02
9.849999999999999867e-01 2.593072403401392876e+02
9.859999999999999876e-01 2.599145672634729181e+02
9.869999999999999885e-01 2.605224747652821407e+02
9.879999999999999893e-01 2.611309626503684740e+02
9.889999999999999902e-01 2.617400307237955985e+02
9.899999999999999911e-01 2.623496787908836723e+02
9.909999999999999920e-01 2.629599066572131960e+02
9.919999999999999929e-01 2.635707141286209207e+02
9.929999999999999938e-01 2.641821010112021213e+02
9.939999999999999947e-01 2.647940671113069584e+02
9.949999999999999956e-01 2.654066122355422976e+02
9.959999999999999964e-01 2.660197361907701179e+02
9.969999999999999973e-01 2.666334387841063744e+02
9.979999999999999982e-01 2.672477198229216810e+02
9.989999999999999991e-01 2.678625791148394910e+02
1.000000000000000000e+00 2.684780164677365519e+02
