0.000000000000000000e+00 0.000000000000000000e+00
1.000000000000000021e-03 1.076008873766136908e-01
2.000000000000000042e-03 -2.431863199315384069e-02
3.000000000000000062e-03 -1.945812552428653752e-01
4.000000000000000083e-03 -3.814869300068745583e-01
5.000000000000000104e-03 -5.769400940755706753e-01
6.000000000000000125e-03 -7.769887697998862919e-01
7.000000000000000146e-03 -9.794140913992762654e-01
8.000000000000000167e-03 -1.182857474567317713e+00
9.000000000000001055e-03 -1.386436910651605459e+00
1.000000000000000021e-02 -1.589555521977078500e+00
1.099999999999999936e-02 -1.791797037091791722e+00
1.200000000000000025e-02 -1.992864722901837027e+00
1.300000000000000114e-02 -2.192543768028257567e+00
1.400000000000000029e-02 -2.390677105870601338e+00
1.499999999999999944e-02 -2.587149324046623899e+00
1.600000000000000033e-02 -2.781875639047604487e+00
1.700000000000000122e-02 -2.974794152934928881e+00
1.800000000000000211e-02 -3.165860298956046481e+00
1.899999999999999953e-02 -3.355042783863497746e+00
2.000000000000000042e-02 -3.542320576085606021e+00
2.100000000000000130e-02 -3.727680638782832290e+00
2.199999999999999872e-02 -3.911116202466510927e+00
2.299999999999999961e-02 -4.092625434374250304e+00
2.400000000000000050e-02 -4.272210403546950808e+00
2.500000000000000139e-02 -4.449876268976899141e+00
2.600000000000000228e-02 -4.625630637886916752e+00
2.699999999999999969e-02 -4.799483055057219616e+00
2.800000000000000058e-02 -4.971444594009042817e+00
2.900000000000000147e-02 -5.141527528009078196e+00
2.999999999999999889e-02 -5.309745064096852651e+00
3.099999999999999978e-02 -5.476111127214465135e+00
3.200000000000000067e-02 -5.640640184417700098e+00
3.300000000000000155e-02 -5.803347101336433056e+00
3.400000000000000244e-02 -5.964247024719621315e+00
3.500000000000000333e-02 -6.123355286180052204e+00
3.600000000000000422e-02 -6.280687323244930731e+00
3.699999999999999817e-02 -6.436258614589995375e+00
3.799999999999999906e-02 -6.590084626940535095e+00
3.899999999999999994e-02 -6.742180771600796874e+00
4.000000000000000083e-02 -6.892562368952598995e+00
4.100000000000000172e-02 -7.041244619567444296e+00
4.200000000000000261e-02 -7.188242580819224514e+00
4.300000000000000350e-02 -7.333571148081175828e+00
4.399999999999999745e-02 -7.477245039749463196e+00
4.499999999999999833e-02 -7.619278785465221304e+00
4.599999999999999922e-02 -7.759686717012482582e+00
4.700000000000000011e-02 -7.898482961456357643e+00
4.800000000000000100e-02 -8.035681436156783874e+00
4.900000000000000189e-02 -8.171295845352577913e+00
5.000000000000000278e-02 -8.305339678059121766e+00
5.100000000000000366e-02 -8.437826207063579886e+00
5.200000000000000455e-02 -8.568768488835761588e+00
5.299999999999999850e-02 -8.698179364200692376e+00
5.399999999999999939e-02 -8.826071459642749417e+00
5.500000000000000028e-02 -8.952457189131518334e+00
5.600000000000000117e-02 -9.077348756375828387e+00
5.700000000000000205e-02 -9.200758157426829342e+00
5.800000000000000294e-02 -9.322697183563230183e+00
5.900000000000000383e-02 -9.443177424401227427e+00
5.999999999999999778e-02 -9.562210271181266208e+00
6.099999999999999867e-02 -9.679806920190136665e+00
6.199999999999999956e-02 -9.795978376283887457e+00
6.300000000000000044e-02 -9.910735456481994277e+00
6.400000000000000133e-02 -1.002408879360763017e+01
6.500000000000000222e-02 -1.013604883995321337e+01
6.600000000000000311e-02 -1.024662587095333599e+01
6.700000000000000400e-02 -1.035582998885013595e+01
6.800000000000000488e-02 -1.046367112633853580e+01
6.900000000000000577e-02 -1.057015905018124435e+01
7.000000000000000666e-02 -1.067530336478428410e+01
7.100000000000000755e-02 -1.077911351572662824e+01
7.200000000000000844e-02 -1.088159879323762524e+01
7.299999999999999545e-02 -1.098276833561770616e+01
7.399999999999999634e-02 -1.108263113259872945e+01
7.499999999999999722e-02 -1.118119602864101125e+01
7.599999999999999811e-02 -1.127847172616477067e+01
7.699999999999999900e-02 -1.137446678871452654e+01
7.799999999999999989e-02 -1.146918964405528563e+01
7.900000000000000078e-02 -1.156264858720001776e+01
8.000000000000000167e-02 -1.165485178336779981e+01
8.100000000000000255e-02 -1.174580727087332832e+01
8.200000000000000344e-02 -1.183552296394723058e+01
8.300000000000000433e-02 -1.192400665548857752e+01
8.400000000000000522e-02 -1.201126601974966057e+01
8.500000000000000611e-02 -1.209730861495432386e+01
8.600000000000000699e-02 -1.218214188585053037e+01
8.700000000000000788e-02 -1.226577316619859914e+01
8.799999999999999489e-02 -1.234820968119593765e+01
8.899999999999999578e-02 -1.242945854983980780e+01
8.999999999999999667e-02 -1.250952678722919131e+01
9.099999999999999756e-02 -1.258842130680738691e+01
9.199999999999999845e-02 -1.266614892254635372e+01
9.299999999999999933e-02 -1.274271635107431955e+01
9.400000000000000022e-02 -1.281813021374824402e+01
9.500000000000000111e-02 -1.289239703867217024e+01
9.600000000000000200e-02 -1.296552326266297683e+01
9.700000000000000289e-02 -1.303751523316512895e+01
9.800000000000000377e-02 -1.310837921011547280e+01
9.900000000000000466e-02 -1.317812136775947707e+01
1.000000000000000056e-01 -1.324674779642043987e+01
1.010000000000000064e-01 -1.331426450422271301e+01
1.020000000000000073e-01 -1.338067741877034678e+01
1.030000000000000082e-01 -1.344599238878253544e+01
1.040000000000000091e-01 -1.351021518568662394e+01
1.049999999999999961e-01 -1.357335150517058331e+01
1.059999999999999970e-01 -1.363540696869535829e+01
1.069999999999999979e-01 -1.369638712496872301e+01
1.079999999999999988e-01 -1.375629745138177640e+01
1.089999999999999997e-01 -1.381514335540879301e+01
1.100000000000000006e-01 -1.387293017597173694e+01
1.110000000000000014e-01 -1.392966318477050969e+01
1.120000000000000023e-01 -1.398534758757963914e+01
1.130000000000000032e-01 -1.403998852551280940e+01
1.140000000000000041e-01 -1.409359107625578744e+01
1.150000000000000050e-01 -1.414616025526864895e+01
1.160000000000000059e-01 -1.419770101695870501e+01
1.170000000000000068e-01 -1.424821825582419699e+01
1.180000000000000077e-01 -1.429771680757040819e+01
1.190000000000000085e-01 -1.434620145019822246e+01
1.199999999999999956e-01 -1.439367690506654718e+01
1.209999999999999964e-01 -1.444014783792898271e+01
1.219999999999999973e-01 -1.448561885994567255e+01
1.229999999999999982e-01 -1.453009452867083340e+01
1.239999999999999991e-01 -1.457357934901688523e+01
1.250000000000000000e-01 -1.461607777419572862e+01
1.260000000000000009e-01 -1.465759420663780688e+01
1.270000000000000018e-01 -1.469813299888964586e+01
1.280000000000000027e-01 -1.473769845449039551e+01
1.290000000000000036e-01 -1.477629482882815282e+01
1.300000000000000044e-01 -1.481392632997612147e+01
1.310000000000000053e-01 -1.485059711951007344e+01
1.320000000000000062e-01 -1.488631131330662427e+01
1.330000000000000071e-01 -1.492107298232362567e+01
1.340000000000000080e-01 -1.495488615336271110e+01
1.350000000000000089e-01 -1.498775480981467645e+01
1.360000000000000098e-01 -1.501968289238814336e+01
1.370000000000000107e-01 -1.505067429982221050e+01
1.380000000000000115e-01 -1.508073288958259184e+01
1.390000000000000124e-01 -1.510986247854323672e+01
1.400000000000000133e-01 -1.513806684365212263e+01
1.410000000000000142e-01 -1.516534972258332203e+01
1.420000000000000151e-01 -1.519171481437403415e+01
1.430000000000000160e-01 -1.521716578004844678e+01
1.440000000000000169e-01 -1.524170624322778522e+01
1.449999999999999900e-01 -1.526533979072755542e+01
1.459999999999999909e-01 -1.528806997314166871e+01
1.469999999999999918e-01 -1.530990030541455127e+01
1.479999999999999927e-01 -1.533083426740097188e+01
1.489999999999999936e-01 -1.535087530441398229e+01
1.499999999999999944e-01 -1.537002682776181750e+01
1.509999999999999953e-01 -1.538829221527299751e+01
1.519999999999999962e-01 -1.540567481181103915e+01
1.529999999999999971e-01 -1.542217792977854884e+01
1.539999999999999980e-01 -1.543780484961052224e+01
1.549999999999999989e-01 -1.545255882025822203e+01
1.559999999999999998e-01 -1.546644305966257704e+01
1.570000000000000007e-01 -1.547946075521865872e+01
1.580000000000000016e-01 -1.549161506423015844e+01
1.590000000000000024e-01 -1.550290911435533481e+01
1.600000000000000033e-01 -1.551334600404371500e+01
1.610000000000000042e-01 -1.552292880296446143e+01
1.620000000000000051e-01 -1.553166055242583887e+01
1.630000000000000060e-01 -1.553954426578685677e+01
1.640000000000000069e-01 -1.554658292886065318e+01
1.650000000000000078e-01 -1.555277950031033463e+01
1.660000000000000087e-01 -1.555813691203662330e+01
1.670000000000000095e-01 -1.556265806955850017e+01
1.680000000000000104e-01 -1.556634585238636781e+01
1.690000000000000113e-01 -1.556920311438822679e+01
1.700000000000000122e-01 -1.557123268414874495e+01
1.710000000000000131e-01 -1.557243736532150891e+01
1.720000000000000140e-01 -1.557281993697494471e+01
1.730000000000000149e-01 -1.557238315393139771e+01
1.740000000000000158e-01 -1.557112974710021192e+01
1.750000000000000167e-01 -1.556906242380437888e+01
1.759999999999999898e-01 -1.556618386810143662e+01
1.769999999999999907e-01 -1.556249674109808012e+01
1.779999999999999916e-01 -1.555800368125942512e+01
1.789999999999999925e-01 -1.555270730471248974e+01
1.799999999999999933e-01 -1.554661020554398121e+01
1.809999999999999942e-01 -1.553971495609319398e+01
1.819999999999999951e-01 -1.553202410723900329e+01
1.829999999999999960e-01 -1.552354018868234142e+01
1.839999999999999969e-01 -1.551426570922327741e+01
1.849999999999999978e-01 -1.550420315703330765e+01
1.859999999999999987e-01 -1.549335499992278642e+01
1.869999999999999996e-01 -1.548172368560399192e+01
1.880000000000000004e-01 -1.546931164194888986e+01
1.890000000000000013e-01 -1.545612127724315243e+01
1.900000000000000022e-01 -1.544215498043539725e+01
1.910000000000000031e-01 -1.542741512138219662e+01
1.920000000000000040e-01 -1.541190405108895867e+01
1.930000000000000049e-01 -1.539562410194641728e+01
1.940000000000000058e-01 -1.537857758796361374e+01
1.950000000000000067e-01 -1.536076680499646052e+01
1.960000000000000075e-01 -1.534219403097237056e+01
1.970000000000000084e-01 -1.532286152611200514e+01
1.980000000000000093e-01 -1.530277153314604810e+01
1.990000000000000102e-01 -1.528192627752932431e+01
2.000000000000000111e-01 -1.526032796765088051e+01
2.010000000000000120e-01 -1.523797879504089892e+01
2.020000000000000129e-01 -1.521488093457394797e+01
2.030000000000000138e-01 -1.519103654466909603e+01
2.040000000000000147e-01 -1.516644776748670331e+01
2.050000000000000155e-01 -1.514111672912197726e+01
2.060000000000000164e-01 -1.511504553979553123e+01
2.070000000000000173e-01 -1.508823629404058231e+01
2.080000000000000182e-01 -1.506069107088758052e+01
2.089999999999999913e-01 -1.503241193404562104e+01
2.099999999999999922e-01 -1.500340093208075487e+01
2.109999999999999931e-01 -1.497366009859226210e+01
2.119999999999999940e-01 -1.494319145238493007e+01
2.129999999999999949e-01 -1.491199699764010411e+01
2.139999999999999958e-01 -1.488007872408255672e+01
2.149999999999999967e-01 -1.484743860714596941e+01
2.159999999999999976e-01 -1.481407860813525623e+01
2.169999999999999984e-01 -1.478000067438630438e+01
2.179999999999999993e-01 -1.474520673942358151e+01
2.190000000000000002e-01 -1.470969872311542659e+01
2.200000000000000011e-01 -1.467347853182611495e+01
2.210000000000000020e-01 -1.463654805856696406e+01
2.220000000000000029e-01 -1.459890918314384223e+01
2.230000000000000038e-01 -1.456056377230337695e+01
2.240000000000000047e-01 -1.452151367987652186e+01
2.250000000000000056e-01 -1.448176074691984816e+01
2.260000000000000064e-01 -1.444130680185552862e+01
2.270000000000000073e-01 -1.440015366060805135e+01
2.280000000000000082e-01 -1.435830312673983933e+01
2.290000000000000091e-01 -1.431575699158476667e+01
2.300000000000000100e-01 -1.427251703437889852e+01
2.310000000000000109e-01 -1.422858502239068379e+01
2.320000000000000118e-01 -1.418396271104804462e+01
2.330000000000000127e-01 -1.413865184406411935e+01
2.340000000000000135e-01 -1.409265415356144047e+01
2.350000000000000144e-01 -1.404597136019359382e+01
2.360000000000000153e-01 -1.399860517326616183e+01
2.370000000000000162e-01 -1.395055729085473573e+01
2.380000000000000171e-01 -1.390182939992238431e+01
2.390000000000000180e-01 -1.385242317643462862e+01
2.399999999999999911e-01 -1.380234028547332770e+01
2.409999999999999920e-01 -1.375158238134863531e+01
2.419999999999999929e-01 -1.370015110770929034e+01
2.429999999999999938e-01 -1.364804809765215587e+01
2.439999999999999947e-01 -1.359527497382901906e+01
2.449999999999999956e-01 -1.354183334855289367e+01
2.459999999999999964e-01 -1.348772482390245919e+01
2.469999999999999973e-01 -1.343295099182505759e+01
2.479999999999999982e-01 -1.337751343423832395e+01
2.489999999999999991e-01 -1.332141372313052763e+01
2.500000000000000000e-01 -1.326465342065920261e+01
2.510000000000000009e-01 -1.320723407924902126e+01
2.520000000000000018e-01 -1.314915724168790057e+01
2.530000000000000027e-01 -1.309042444122171922e+01
2.540000000000000036e-01 -1.303103720164827806e+01
2.550000000000000044e-01 -1.297099703740945920e+01
2.560000000000000053e-01 -1.291030545368251126e+01
2.570000000000000062e-01 -1.284896394647012663e+01
2.580000000000000071e-01 -1.278697400268885787e+01
2.590000000000000080e-01 -1.272433710025701536e+01
2.600000000000000089e-01 -1.266105470818106937e+01
2.610000000000000098e-01 -1.259712828664088669e+01
2.620000000000000107e-01 -1.253255928707398326e+01
2.630000000000000115e-01 -1.246734915225854579e+01
2.640000000000000124e-01 -1.240149931639548697e+01
2.650000000000000133e-01 -1.233501120518972627e+01
2.660000000000000142e-01 -1.226788623592940830e+01
2.670000000000000151e-01 -1.220012581756559022e+01
2.680000000000000160e-01 -1.213173135078982412e+01
2.690000000000000169e-01 -1.206270422811056342e+01
2.700000000000000178e-01 -1.199304583393010404e+01
2.710000000000000187e-01 -1.192275754461854476e+01
2.720000000000000195e-01 -1.185184072858865711e+01
2.730000000000000204e-01 -1.178029674636825952e+01
2.740000000000000213e-01 -1.170812695067267484e+01
2.750000000000000222e-01 -1.163533268647631935e+01
2.760000000000000231e-01 -1.156191529108260418e+01
2.770000000000000240e-01 -1.148787609419360045e+01
2.780000000000000249e-01 -1.141321641797889619e+01
2.790000000000000258e-01 -1.133793757714298245e+01
2.800000000000000266e-01 -1.126204087899281348e+01
2.810000000000000275e-01 -1.118552762350335072e+01
2.820000000000000284e-01 -1.110839910338340353e+01
2.830000000000000293e-01 -1.103065660413985860e+01
2.840000000000000302e-01 -1.095230140414149034e+01
2.850000000000000311e-01 -1.087333477468227727e+01
2.860000000000000320e-01 -1.079375798004316600e+01
2.870000000000000329e-01 -1.071357227755402342e+01
2.880000000000000338e-01 -1.063277891765382499e+01
2.889999999999999791e-01 -1.055137914395149679e+01
2.899999999999999800e-01 -1.046937419328438246e+01
2.909999999999999809e-01 -1.038676529577757712e+01
2.919999999999999818e-01 -1.030355367490121843e+01
2.929999999999999827e-01 -1.021974054752818262e+01
2.939999999999999836e-01 -1.013532712399061353e+01
2.949999999999999845e-01 -1.005031460813557942e+01
2.959999999999999853e-01 -9.964704197380552131e+00
2.969999999999999862e-01 -9.878497082767921711e+00
2.979999999999999871e-01 -9.791694449018887525e+00
2.989999999999999880e-01 -9.704297474587217920e+00
2.999999999999999889e-01 -9.616307331711347217e+00
3.009999999999999898e-01 -9.527725186467218776e+00
3.019999999999999907e-01 -9.438552198819181172e+00
3.029999999999999916e-01 -9.348789522671211216e+00
3.039999999999999925e-01 -9.258438305917568556e+00
3.049999999999999933e-01 -9.167499690492146414e+00
3.059999999999999942e-01 -9.075974812417829440e+00
3.069999999999999951e-01 -8.983864801855158788e+00
3.079999999999999960e-01 -8.891170783150904811e+00
3.089999999999999969e-01 -8.797893874884881171e+00
3.099999999999999978e-01 -8.704035189917597393e+00
3.109999999999999987e-01 -8.609595835436469002e+00
3.119999999999999996e-01 -8.514576913002084524e+00
3.130000000000000004e-01 -8.418979518593612710e+00
3.140000000000000013e-01 -8.322804742653676868e+00
3.150000000000000022e-01 -8.226053670133115503e+00
3.160000000000000031e-01 -8.128727380534737534e+00
3.170000000000000040e-01 -8.030826947956992257e+00
3.180000000000000049e-01 -7.932353441137173888e+00
3.190000000000000058e-01 -7.833307923493830316e+00
3.200000000000000067e-01 -7.733691453168766827e+00
3.210000000000000075e-01 -7.633505083069220376e+00
3.220000000000000084e-01 -7.532749860908278805e+00
3.230000000000000093e-01 -7.431426829246738919e+00
3.240000000000000102e-01 -7.329537025532509631e+00
3.250000000000000111e-01 -7.227081482140771840e+00
3.260000000000000120e-01 -7.124061226413910930e+00
3.270000000000000129e-01 -7.020477280699999767e+00
3.280000000000000138e-01 -6.916330662391683148e+00
3.290000000000000147e-01 -6.811622383964692773e+00
3.300000000000000155e-01 -6.706353453015200472e+00
3.310000000000000164e-01 -6.600524872297704349e+00
3.320000000000000173e-01 -6.494137639761401459e+00
3.330000000000000182e-01 -6.387192748587917634e+00
3.340000000000000191e-01 -6.279691187226909221e+00
3.350000000000000200e-01 -6.171633939431444560e+00
3.360000000000000209e-01 -6.063021984294966416e+00
3.370000000000000218e-01 -5.953856296285085392e+00
3.380000000000000226e-01 -5.844137845279185228e+00
3.390000000000000235e-01 -5.733867596598511085e+00
3.400000000000000244e-01 -5.623046511042328888e+00
3.410000000000000253e-01 -5.511675544921764924e+00
3.420000000000000262e-01 -5.399755650093304382e+00
3.430000000000000271e-01 -5.287287773991145912e+00
3.440000000000000280e-01 -5.174272859661218860e+00
3.450000000000000289e-01 -5.060711845792162933e+00
3.460000000000000298e-01 -4.946605666748411068e+00
3.470000000000000306e-01 -4.831955252601467521e+00
3.480000000000000315e-01 -4.716761529161409783e+00
3.490000000000000324e-01 -4.601025418008028112e+00
3.500000000000000333e-01 -4.484747836521670195e+00
3.510000000000000342e-01 -4.367929697913712772e+00
3.519999999999999796e-01 -4.250571911256503910e+00
3.529999999999999805e-01 -4.132675381513742252e+00
3.539999999999999813e-01 -4.014241009569623486e+00
3.549999999999999822e-01 -3.895269692258388261e+00
3.559999999999999831e-01 -3.775762322393227066e+00
3.569999999999999840e-01 -3.655719788795043002e+00
3.579999999999999849e-01 -3.535142976321061781e+00
3.589999999999999858e-01 -3.414032765892645926e+00
3.599999999999999867e-01 -3.292390034523641873e+00
3.609999999999999876e-01 -3.170215655347618622e+00
3.619999999999999885e-01 -3.047510497645202321e+00
3.629999999999999893e-01 -2.924275426871862038e+00
3.639999999999999902e-01 -2.800511304683730884e+00
3.649999999999999911e-01 -2.676218988965182177e+00
3.659999999999999920e-01 -2.551399333854064366e+00
3.669999999999999929e-01 -2.426053189769131535e+00
3.679999999999999938e-01 -2.300181403434436334e+00
3.689999999999999947e-01 -2.173784817906021516e+00
3.699999999999999956e-01 -2.046864272596721435e+00
3.709999999999999964e-01 -1.919420603301276174e+00
3.719999999999999973e-01 -1.791454642221520288e+00
3.729999999999999982e-01 -1.662967217990516389e+00
3.739999999999999991e-01 -1.533959155697434795e+00
3.750000000000000000e-01 -1.404431276911402904e+00
3.760000000000000009e-01 -1.274384399705589033e+00
3.770000000000000018e-01 -1.143819338680916786e+00
3.780000000000000027e-01 -1.012736904989605335e+00
3.790000000000000036e-01 -8.811379063582762683e-01
3.800000000000000044e-01 -7.490231471110142536e-01
3.810000000000000053e-01 -6.163934281928042935e-01
3.820000000000000062e-01 -4.832495471911713025e-01
3.830000000000000071e-01 -3.495922983596777556e-01
3.840000000000000080e-01 -2.154224726392506284e-01
3.850000000000000089e-01 -8.074085768087613246e-02
3.860000000000000098e-01 5.445176213309466107e-02
3.870000000000000107e-01 1.901546056667520190e-01
3.880000000000000115e-01 3.263668950095990340e-01
3.890000000000000124e-01 4.630878554553561344e-01
3.900000000000000133e-01 6.003167154805311156e-01
3.910000000000000142e-01 7.380527067239270878e-01
3.920000000000000151e-01 8.762950639658804164e-01
3.930000000000000160e-01 1.015043025107409846e+00
3.940000000000000169e-01 1.154295831150594864e+00
3.950000000000000178e-01 1.294052726177660873e+00
3.960000000000000187e-01 1.434312957331918881e+00
3.970000000000000195e-01 1.575075774797099371e+00
3.980000000000000204e-01 1.716340431778323961e+00
3.990000000000000213e-01 1.858106184482519296e+00
4.000000000000000222e-01 2.000372292099282134e+00
4.010000000000000231e-01 2.143138016781435340e+00
4.020000000000000240e-01 2.286402623626646147e+00
4.030000000000000249e-01 2.430165380658195318e+00
4.040000000000000258e-01 2.574425558806602510e+00
4.050000000000000266e-01 2.719182431891351115e+00
4.060000000000000275e-01 2.864435276602240066e+00
4.070000000000000284e-01 3.010183372481655795e+00
4.080000000000000293e-01 3.156426001906261547e+00
4.090000000000000302e-01 3.303162450069677902e+00
4.100000000000000311e-01 3.450392004964538017e+00
4.110000000000000320e-01 3.598113957364390103e+00
4.120000000000000329e-01 3.746327600807905611e+00
4.130000000000000338e-01 3.895032231580184856e+00
4.140000000000000346e-01 4.044227148696222685e+00
4.150000000000000355e-01 4.193911653884555335e+00
4.160000000000000364e-01 4.344085051569518185e+00
4.169999999999999818e-01 4.494746648855198146e+00
4.179999999999999827e-01 4.645895755509211966e+00
4.189999999999999836e-01 4.797531683945567949e+00
4.199999999999999845e-01 4.949653749209222298e+00
4.209999999999999853e-01 5.102261268959491503e+00
4.219999999999999862e-01 5.255353563454544741e+00
4.229999999999999871e-01 5.408929955535327849e+00
4.239999999999999880e-01 5.562989770609981122e+00
4.249999999999999889e-01 5.717532336638193158e+00
4.259999999999999898e-01 5.872556984115817613e+00
4.269999999999999907e-01 6.028063046059990882e+00
4.279999999999999916e-01 6.184049857993255017e+00
4.289999999999999925e-01 6.340516757929250957e+00
4.299999999999999933e-01 6.497463086357296191e+00
4.309999999999999942e-01 6.654888186227552183e+00
4.319999999999999951e-01 6.812791402937069307e+00
4.329999999999999960e-01 6.971172084314439132e+00
4.339999999999999969e-01 7.130029580605789619e+00
4.349999999999999978e-01 7.289363244460286495e+00
4.359999999999999987e-01 7.449172430916039644e+00
4.369999999999999996e-01 7.609456497386052121e+00
4.380000000000000004e-01 7.770214803644279300e+00
4.390000000000000013e-01 7.931446711811627637e+00
4.400000000000000022e-01 8.093151586342280268e+00
4.410000000000000031e-01 8.255328794009972881e+00
4.420000000000000040e-01 8.417977703894866437e+00
4.430000000000000049e-01 8.581097687369730664e+00
4.440000000000000058e-01 8.744688118086600070e+00
4.450000000000000067e-01 8.908748371963895352e+00
4.460000000000000075e-01 9.073277827173029664e+00
4.470000000000000084e-01 9.238275864125611747e+00
4.480000000000000093e-01 9.403741865460482074e+00
4.490000000000000102e-01 9.569675216031001241e+00
4.500000000000000111e-01 9.736075302892103878e+00
4.510000000000000120e-01 9.902941515288070207e+00
4.520000000000000129e-01 1.007027324463975759e+01
4.530000000000000138e-01 1.023806988453222289e+01
4.540000000000000147e-01 1.040633083070289189e+01
4.550000000000000155e-01 1.057505548102854931e+01
4.560000000000000164e-01 1.074424323551382798e+01
4.570000000000000173e-01 1.091389349627899463e+01
4.580000000000000182e-01 1.108400566754814776e+01
4.590000000000000191e-01 1.125457915563735156e+01
4.600000000000000200e-01 1.142561336894271307e+01
4.610000000000000209e-01 1.159710771792886419e+01
4.620000000000000218e-01 1.176906161511759308e+01
4.630000000000000226e-01 1.194147447507603488e+01
4.640000000000000235e-01 1.211434571440571517e+01
4.650000000000000244e-01 1.228767475173078338e+01
4.660000000000000253e-01 1.246146100768691412e+01
4.670000000000000262e-01 1.263570390491058504e+01
4.680000000000000271e-01 1.281040286802761585e+01
4.690000000000000280e-01 1.298555732364238935e+01
4.700000000000000289e-01 1.316116670032688774e+01
4.710000000000000298e-01 1.333723042860997055e+01
4.720000000000000306e-01 1.351374794096667387e+01
4.730000000000000315e-01 1.369071867180741009e+01
4.740000000000000324e-01 1.386814205746769346e+01
4.750000000000000333e-01 1.404601753619767379e+01
4.760000000000000342e-01 1.422434454815122962e+01
4.770000000000000351e-01 1.440312253537634035e+01
4.780000000000000360e-01 1.458235094180443525e+01
4.790000000000000369e-01 1.476202921324036765e+01
4.799999999999999822e-01 1.494215679735221869e+01
4.809999999999999831e-01 1.512273314366139942e+01
4.819999999999999840e-01 1.530375770353255405e+01
4.829999999999999849e-01 1.548522993016416649e+01
4.839999999999999858e-01 1.566714927857805151e+01
4.849999999999999867e-01 1.584951520560991867e+01
4.859999999999999876e-01 1.603232716989996476e+01
4.869999999999999885e-01 1.621558463188321042e+01
4.879999999999999893e-01 1.639928705377985807e+01
4.889999999999999902e-01 1.658343389958562142e+01
4.899999999999999911e-01 1.676802463506284369e+01
4.909999999999999920e-01 1.695305872773085554e+01
4.919999999999999929e-01 1.713853564685715725e+01
4.929999999999999938e-01 1.732445486344732188e+01
4.939999999999999947e-01 1.751081585023706566e+01
4.949999999999999956e-01 1.769761808168225770e+01
4.959999999999999964e-01 1.788486103395062798e+01
4.969999999999999973e-01 1.807254418491225323e+01
4.979999999999999982e-01 1.826066701413105875e+01
4.989999999999999991e-01 1.844922900285643408e+01
5.000000000000000000e-01 1.863822963401322141e+01
5.010000000000000009e-01 1.882766839219473098e+01
5.020000000000000018e-01 1.901754476365264424e+01
5.030000000000000027e-01 1.920785823628938260e+01
5.040000000000000036e-01 1.939860829964969469e+01
5.050000000000000044e-01 1.958979444491125577e+01
5.060000000000000053e-01 1.978141616487740606e+01
5.070000000000000062e-01 1.997347295396838263e+01
5.080000000000000071e-01 2.016596430821283548e+01
5.090000000000000080e-01 2.035888972524041662e+01
5.100000000000000089e-01 2.055224870427246486e+01
5.110000000000000098e-01 2.074604074611507087e+01
5.120000000000000107e-01 2.094026535315068571e+01
5.130000000000000115e-01 2.113492202932967245e+01
5.140000000000000124e-01 2.133001028016288814e+01
5.150000000000000133e-01 2.152552961271424437e+01
5.160000000000000142e-01 2.172147953559164790e+01
5.170000000000000151e-01 2.191785955894076920e+01
5.180000000000000160e-01 2.211466919443607537e+01
5.190000000000000169e-01 2.231190795527379578e+01
5.200000000000000178e-01 2.250957535616435479e+01
5.210000000000000187e-01 2.270767091332498211e+01
5.220000000000000195e-01 2.290619414447160551e+01
5.230000000000000204e-01 2.310514456881208645e+01
5.240000000000000213e-01 2.330452170703831882e+01
5.250000000000000222e-01 2.350432508131945042e+01
5.260000000000000231e-01 2.370455421529386086e+01
5.270000000000000240e-01 2.390520863406295149e+01
5.280000000000000249e-01 2.410628786418285330e+01
5.290000000000000258e-01 2.430779143365811734e+01
5.300000000000000266e-01 2.450971887193406928e+01
5.310000000000000275e-01 2.471206970989019425e+01
5.320000000000000284e-01 2.491484347983331560e+01
5.330000000000000293e-01 2.511803971548973635e+01
5.340000000000000302e-01 2.532165795199896507e+01
5.350000000000000311e-01 2.552569772590718600e+01
5.360000000000000320e-01 2.573015857515999727e+01
5.370000000000000329e-01 2.593504003909546896e+01
5.380000000000000338e-01 2.614034165843794000e+01
5.390000000000000346e-01 2.634606297529087726e+01
5.400000000000000355e-01 2.655220353313060855e+01
5.410000000000000364e-01 2.675876287679979271e+01
5.420000000000000373e-01 2.696574055250019342e+01
5.430000000000000382e-01 2.717313610778715116e+01
5.440000000000000391e-01 2.738094909156225754e+01
5.450000000000000400e-01 2.758917905406740090e+01
5.460000000000000409e-01 2.779782554687869833e+01
5.470000000000000417e-01 2.800688812289930496e+01
5.480000000000000426e-01 2.821636633635370828e+01
5.490000000000000435e-01 2.842625974278167433e+01
5.500000000000000444e-01 2.863656789903122046e+01
5.510000000000000453e-01 2.884729036325354201e+01
5.520000000000000462e-01 2.905842669489595664e+01
5.530000000000000471e-01 2.926997645469610632e+01
5.540000000000000480e-01 2.948193920467625162e+01
5.550000000000000488e-01 2.969431450813666373e+01
5.560000000000000497e-01 2.990710192965026692e+01
5.570000000000000506e-01 3.012030103505623657e+01
5.580000000000000515e-01 3.033391139145440007e+01
5.590000000000000524e-01 3.054793256719893435e+01
5.600000000000000533e-01 3.076236413189341334e+01
5.610000000000000542e-01 3.097720565638369550e+01
5.620000000000000551e-01 3.119245671275391629e+01
5.630000000000000560e-01 3.140811687431899912e+01
5.640000000000000568e-01 3.162418571562013625e+01
5.650000000000000577e-01 3.184066281241868523e+01
5.660000000000000586e-01 3.205754774169087540e+01
5.670000000000000595e-01 3.227484008162213769e+01
5.680000000000000604e-01 3.249253941160120007e+01
5.690000000000000613e-01 3.271064531221460925e+01
5.700000000000000622e-01 3.292915736524249581e+01
5.710000000000000631e-01 3.314807515365127699e+01
5.720000000000000639e-01 3.336739826158957101e+01
5.730000000000000648e-01 3.358712627438243459e+01
5.740000000000000657e-01 3.380725877852582784e+01
5.750000000000000666e-01 3.402779536168176122e+01
5.760000000000000675e-01 3.424873561267286703e+01
5.769999999999999574e-01 3.447007912147649478e+01
5.779999999999999583e-01 3.469182547922105897e+01
5.789999999999999591e-01 3.491397427817893373e+01
5.799999999999999600e-01 3.513652511176310611e+01
5.809999999999999609e-01 3.535947757452108675e+01
5.819999999999999618e-01 3.558283126212955949e+01
5.829999999999999627e-01 3.580658577139058707e+01
5.839999999999999636e-01 3.603074070022515940e+01
5.849999999999999645e-01 3.625529564766944191e+01
5.859999999999999654e-01 3.648025021386882116e+01
5.869999999999999662e-01 3.670560400007342849e+01
5.879999999999999671e-01 3.693135660863385539e+01
5.889999999999999680e-01 3.715750764299503572e+01
5.899999999999999689e-01 3.738405670769256517e+01
5.909999999999999698e-01 3.761100340834718736e+01
5.919999999999999707e-01 3.783834735165994090e+01
5.929999999999999716e-01 3.806608814540837926e+01
5.939999999999999725e-01 3.829422539844090068e+01
5.949999999999999734e-01 3.852275872067235696e+01
5.959999999999999742e-01 3.875168772307931420e+01
5.969999999999999751e-01 3.898101201769573976e+01
5.979999999999999760e-01 3.921073121760800007e+01
5.989999999999999769e-01 3.944084493695061155e+01
5.999999999999999778e-01 3.967135279090144451e+01
6.009999999999999787e-01 3.990225439567737453e+01
6.019999999999999796e-01 4.013354936852960009e+01
6.029999999999999805e-01 4.036523732773962081e+01
6.039999999999999813e-01 4.059731789261402213e+01
6.049999999999999822e-01 4.082979068348087281e+01
6.059999999999999831e-01 4.106265532168496435e+01
6.069999999999999840e-01 4.129591142958305738e+01
6.079999999999999849e-01 4.152955863054067009e+01
6.089999999999999858e-01 4.176359654892623752e+01
6.099999999999999867e-01 4.199802481010831201e+01
6.109999999999999876e-01 4.223284304045029103e+01
6.119999999999999885e-01 4.246805086730653755e+01
6.129999999999999893e-01 4.270364791901832291e+01
6.139999999999999902e-01 4.293963382490949954e+01
6.149999999999999911e-01 4.317600821528170485e+01
6.159999999999999920e-01 4.341277072141181037e+01
6.169999999999999929e-01 4.364992097554591055e+01
6.179999999999999938e-01 4.388745861089689271e+01
6.189999999999999947e-01 4.412538326163922164e+01
6.199999999999999956e-01 4.436369456290535851e+01
6.209999999999999964e-01 4.460239215078171071e+01
6.219999999999999973e-01 4.484147566230448234e+01
6.229999999999999982e-01 4.508094473545653358e+01
6.239999999999999991e-01 4.532079900916146187e+01
6.250000000000000000e-01 4.556103812328195346e+01
6.260000000000000009e-01 4.580166171861461066e+01
6.270000000000000018e-01 4.604266943688636360e+01
6.280000000000000027e-01 4.628406092075015721e+01
6.290000000000000036e-01 4.652583581378223698e+01
6.300000000000000044e-01 4.676799376047701173e+01
6.310000000000000053e-01 4.701053440624402668e+01
6.320000000000000062e-01 4.725345739740414786e+01
6.330000000000000071e-01 4.749676238118578198e+01
6.340000000000000080e-01 4.774044900572099692e+01
6.350000000000000089e-01 4.798451692004135793e+01
6.360000000000000098e-01 4.822896577407554020e+01
6.370000000000000107e-01 4.847379521864451135e+01
6.380000000000000115e-01 4.871900490545801432e+01
6.390000000000000124e-01 4.896459448711175355e+01
6.400000000000000133e-01 4.921056361708235727e+01
6.410000000000000142e-01 4.945691194972545190e+01
6.420000000000000151e-01 4.970363914027062435e+01
6.430000000000000160e-01 4.995074484481927612e+01
6.440000000000000169e-01 5.019822872033996219e+01
6.450000000000000178e-01 5.044609042466483828e+01
6.460000000000000187e-01 5.069432961648709579e+01
6.470000000000000195e-01 5.094294595535694725e+01
6.480000000000000204e-01 5.119193910167824413e+01
6.490000000000000213e-01 5.144130871670486727e+01
6.500000000000000222e-01 5.169105446253787051e+01
6.510000000000000231e-01 5.194117600212097585e+01
6.520000000000000240e-01 5.219167299923854131e+01
6.530000000000000249e-01 5.244254511851151079e+01
6.540000000000000258e-01 5.269379202539387563e+01
6.550000000000000266e-01 5.294541338616991766e+01
6.560000000000000275e-01 5.319740886795033674e+01
6.570000000000000284e-01 5.344977813866949390e+01
6.580000000000000293e-01 5.370252086708185146e+01
6.590000000000000302e-01 5.395563672275859801e+01
6.600000000000000311e-01 5.420912537608484882e+01
6.610000000000000320e-01 5.446298649825607185e+01
6.620000000000000329e-01 5.471721976127469844e+01
6.630000000000000338e-01 5.497182483794806274e+01
6.640000000000000346e-01 5.522680140188342079e+01
6.650000000000000355e-01 5.548214912748677108e+01
6.660000000000000364e-01 5.573786768995818619e+01
6.670000000000000373e-01 5.599395676528884280e+01
6.680000000000000382e-01 5.625041603025957926e+01
6.690000000000000391e-01 5.650724516243577256e+01
6.700000000000000400e-01 5.676444384016544831e+01
6.710000000000000409e-01 5.702201174257557881e+01
6.720000000000000417e-01 5.727994854956950377e+01
6.730000000000000426e-01 5.753825394182436526e+01
6.740000000000000435e-01 5.779692760078667391e+01
6.750000000000000444e-01 5.805596920867064625e+01
6.760000000000000453e-01 5.831537844845487939e+01
6.770000000000000462e-01 5.857515500387900431e+01
6.780000000000000471e-01 5.883529855944138376e+01
6.790000000000000480e-01 5.909580880039585793e+01
6.800000000000000488e-01 5.935668541274884547e+01
6.810000000000000497e-01 5.961792808325604653e+01
6.820000000000000506e-01 5.987953649942062384e+01
6.830000000000000515e-01 6.014151034948956465e+01
6.840000000000000524e-01 6.040384932245071070e+01
6.850000000000000533e-01 6.066655310803074030e+01
6.860000000000000542e-01 6.092962139669124610e+01
6.870000000000000551e-01 6.119305387962708664e+01
6.880000000000000560e-01 6.145685024876254943e+01
6.890000000000000568e-01 6.172101019674937561e+01
6.900000000000000577e-01 6.198553341696403152e+01
6.910000000000000586e-01 6.225041960350405645e+01
6.920000000000000595e-01 6.251566845118608740e+01
6.930000000000000604e-01 6.278127965554337209e+01
6.940000000000000613e-01 6.304725291282242949e+01
6.950000000000000622e-01 6.331358791998052027e+01
6.960000000000000631e-01 6.358028437468333038e+01
6.970000000000000639e-01 6.384734197530197264e+01
6.980000000000000648e-01 6.411476042091064187e+01
6.990000000000000657e-01 6.438253941128343172e+01
7.000000000000000666e-01 6.465067864689251564e+01
7.010000000000000675e-01 6.491917782890476474e+01
7.020000000000000684e-01 6.518803665917945978e+01
7.030000000000000693e-01 6.545725484026647223e+01
7.039999999999999591e-01 6.572683207540234207e+01
7.049999999999999600e-01 6.599676806850858668e+01
7.059999999999999609e-01 6.626706252418880183e+01
7.069999999999999618e-01 6.653771514772665796e+01
7.079999999999999627e-01 6.680872564508287326e+01
7.089999999999999636e-01 6.708009372289292571e+01
7.099999999999999645e-01 6.735181908846433885e+01
7.109999999999999654e-01 6.762390144977470641e+01
7.119999999999999662e-01 6.789634051546866544e+01
7.129999999999999671e-01 6.816913599485602049e+01
7.139999999999999680e-01 6.844228759790875927e+01
7.149999999999999689e-01 6.871579503525856580e+01
7.159999999999999698e-01 6.898965801819555566e+01
7.169999999999999707e-01 6.926387625866451003e+01
7.179999999999999716e-01 6.953844946926324155e+01
7.189999999999999725e-01 6.981337736323939680e+01
7.199999999999999734e-01 7.008865965448944735e+01
7.209999999999999742e-01 7.036429605755519390e+01
7.219999999999999751e-01 7.064028628762217465e+01
7.229999999999999760e-01 7.091663006051678053e+01
7.239999999999999769e-01 7.119332709270375403e+01
7.249999999999999778e-01 7.147037710128483923e+01
7.259999999999999787e-01 7.174777980399581168e+01
7.269999999999999796e-01 7.202553491920406259e+01
7.279999999999999805e-01 7.230364216590717774e+01
7.289999999999999813e-01 7.258210126372948423e+01
7.299999999999999822e-01 7.286091193292034518e+01
7.309999999999999831e-01 7.314007389435241180e+01
7.319999999999999840e-01 7.341958686951889490e+01
7.329999999999999849e-01 7.369945058053124853e+01
7.339999999999999858e-01 7.397966475011715204e+01
7.349999999999999867e-01 7.426022910161832158e+01
7.359999999999999876e-01 7.454114335898835009e+01
7.369999999999999885e-01 7.482240724679070354e+01
7.379999999999999893e-01 7.510402049019593562e+01
7.389999999999999902e-01 7.538598281498052245e+01
7.399999999999999911e-01 7.566829394752333826e+01
7.409999999999999920e-01 7.595095361480500173e+01
7.419999999999999929e-01 7.623396154440484906e+01
7.429999999999999938e-01 7.651731746449922866e+01
7.439999999999999947e-01 7.680102110385924163e+01
7.449999999999999956e-01 7.708507219184824066e+01
7.459999999999999964e-01 7.736947045842087789e+01
7.469999999999999973e-01 7.765421563411969430e+01
7.479999999999999982e-01 7.793930745007379812e+01
7.489999999999999991e-01 7.822474563799748637e+01
7.500000000000000000e-01 7.851052993018588211e+01
7.510000000000000009e-01 7.879666005951621344e+01
7.520000000000000018e-01 7.908313575944286811e+01
7.530000000000000027e-01 7.936995676399664035e+01
7.540000000000000036e-01 7.965712280778332399e+01
7.550000000000000044e-01 7.994463362598020240e+01
7.560000000000000053e-01 8.023248895433559369e+01
7.570000000000000062e-01 8.052068852916585229e+01
7.580000000000000071e-01 8.080923208735372043e+01
7.590000000000000080e-01 8.109811936634646656e+01
7.600000000000000089e-01 8.138735010415378213e+01
7.610000000000000098e-01 8.167692403934611889e+01
7.620000000000000107e-01 8.196684091105272785e+01
7.630000000000000115e-01 8.225710045895873179e+01
7.640000000000000124e-01 8.254770242330521057e+01
7.650000000000000133e-01 8.283864654488560575e+01
7.660000000000000142e-01 8.312993256504437056e+01
7.670000000000000151e-01 8.342156022567536411e+01
7.680000000000000160e-01 8.371352926921919391e+01
7.690000000000000169e-01 8.400583943866269010e+01
7.700000000000000178e-01 8.429849047753560853e+01
7.710000000000000187e-01 8.459148212990989180e+01
7.720000000000000195e-01 8.488481414039711126e+01
7.730000000000000204e-01 8.517848625414649177e+01
7.740000000000000213e-01 8.547249821684425797e+01
7.750000000000000222e-01 8.576684977471089155e+01
7.760000000000000231e-01 8.606154067449901390e+01
7.770000000000000240e-01 8.635657066349261868e+01
7.780000000000000249e-01 8.665193948950461333e+01
7.790000000000000258e-01 8.694764690087474435e+01
7.800000000000000266e-01 8.724369264646874456e+01
7.810000000000000275e-01 8.754007647567604522e+01
7.820000000000000284e-01 8.783679813840798545e+01
7.830000000000000293e-01 8.813385738509563794e+01
7.840000000000000302e-01 8.843125396668929739e+01
7.850000000000000311e-01 8.872898763465572358e+01
7.860000000000000320e-01 8.902705814097697612e+01
7.870000000000000329e-01 8.932546523814784223e+01
7.880000000000000338e-01 8.962420867917511202e+01
7.890000000000000346e-01 8.992328821757550372e+01
7.900000000000000355e-01 9.022270360737405781e+01
7.910000000000000364e-01 9.052245460310217595e+01
7.920000000000000373e-01 9.082254095979625674e+01
7.930000000000000382e-01 9.112296243299563514e+01
7.940000000000000391e-01 9.142371877874180086e+01
7.950000000000000400e-01 9.172480975357512989e+01
7.960000000000000409e-01 9.202623511453550975e+01
7.970000000000000417e-01 9.232799461915843153e+01
7.980000000000000426e-01 9.263008802547470566e+01
7.990000000000000435e-01 9.293251509200885607e+01
8.000000000000000444e-01 9.323527557777619279e+01
8.010000000000000453e-01 9.353836924228322403e+01
8.020000000000000462e-01 9.384179584552458664e+01
8.030000000000000471e-01 9.414555514798153979e+01
8.040000000000000480e-01 9.444964691062129702e+01
8.050000000000000488e-01 9.475407089489411305e+01
8.060000000000000497e-01 9.505882686273299953e+01
8.070000000000000506e-01 9.536391457655170711e+01
8.080000000000000515e-01 9.566933379924218173e+01
8.090000000000000524e-01 9.597508429417527509e+01
8.100000000000000533e-01 9.628116582519660938e+01
8.110000000000000542e-01 9.658757815662647772e+01
8.120000000000000551e-01 9.689432105325869315e+01
8.130000000000000560e-01 9.720139428035787432e+01
8.140000000000000568e-01 9.750879760365860704e+01
8.150000000000000577e-01 9.781653078936413692e+01
8.160000000000000586e-01 9.812459360414401033e+01
8.170000000000000595e-01 9.843298581513374756e+01
8.180000000000000604e-01 9.874170718993208595e+01
8.190000000000000613e-01 9.905075749660097983e+01
8.200000000000000622e-01 9.936013650366227523e+01
8.210000000000000631e-01 9.966984398009826407e+01
8.220000000000000639e-01 9.997987969534813146e+01
8.230000000000000648e-01 1.002902434193083252e+02
8.240000000000000657e-01 1.006009349223306089e+02
8.250000000000000666e-01 1.009119539752194044e+02
8.260000000000000675e-01 1.012233003492318772e+02
8.270000000000000684e-01 1.015349738160757624e+02
8.280000000000000693e-01 1.018469741479083410e+02
8.290000000000000702e-01 1.021593011173347776e+02
8.300000000000000711e-01 1.024719544974064291e+02
8.310000000000000719e-01 1.027849340616196656e+02
8.320000000000000728e-01 1.030982395839149319e+02
8.329999999999999627e-01 1.034118708386745453e+02
8.339999999999999636e-01 1.037258276007218569e+02
8.349999999999999645e-01 1.040401096453198306e+02
8.359999999999999654e-01 1.043547167481691105e+02
8.369999999999999662e-01 1.046696486854078501e+02
8.379999999999999671e-01 1.049849052336088278e+02
8.389999999999999680e-01 1.053004861697792478e+02
8.399999999999999689e-01 1.056163912713588502e+02
8.409999999999999698e-01 1.059326203162181059e+02
8.419999999999999707e-01 1.062491730826588281e+02
8.429999999999999716e-01 1.065660493494104912e+02
8.439999999999999725e-01 1.068832488956295919e+02
8.449999999999999734e-01 1.072007715008994211e+02
8.459999999999999742e-01 1.075186169452272225e+02
8.469999999999999751e-01 1.078367850090441635e+02
8.479999999999999760e-01 1.081552754732029626e+02
8.489999999999999769e-01 1.084740881189773347e+02
8.499999999999999778e-01 1.087932227280604849e+02
8.509999999999999787e-01 1.091126790825629769e+02
8.519999999999999796e-01 1.094324569650137846e+02
8.529999999999999805e-01 1.097525561583557732e+02
8.539999999999999813e-01 1.100729764459470772e+02
8.549999999999999822e-01 1.103937176115588272e+02
8.559999999999999831e-01 1.107147794393729470e+02
8.569999999999999840e-01 1.110361617139831480e+02
8.579999999999999849e-01 1.113578642203919031e+02
8.589999999999999858e-01 1.116798867440090532e+02
8.599999999999999867e-01 1.120022290706523620e+02
8.609999999999999876e-01 1.123248909865435508e+02
8.619999999999999885e-01 1.126478722783101887e+02
8.629999999999999893e-01 1.129711727329820832e+02
8.639999999999999902e-01 1.132947921379904983e+02
8.649999999999999911e-01 1.136187302811683395e+02
8.659999999999999920e-01 1.139429869507467288e+02
8.669999999999999929e-01 1.142675619353560705e+02
8.679999999999999938e-01 1.145924550240228257e+02
8.689999999999999947e-01 1.149176660061696111e+02
8.699999999999999956e-01 1.152431946716140487e+02
8.709999999999999964e-01 1.155690408105659372e+02
8.719999999999999973e-01 1.158952042136289862e+02
8.729999999999999982e-01 1.162216846717963108e+02
8.739999999999999991e-01 1.165484819764518818e+02
8.750000000000000000e-01 1.168755959193679530e+02
8.760000000000000009e-01 1.172030262927042088e+02
8.770000000000000018e-01 1.175307728890076078e+02
8.780000000000000027e-01 1.178588355012086737e+02
8.790000000000000036e-01 1.181872139226233571e+02
8.800000000000000044e-01 1.185159079469503638e+02
8.810000000000000053e-01 1.188449173682690514e+02
8.820000000000000062e-01 1.191742419810409785e+02
8.830000000000000071e-01 1.195038815801062384e+02
8.840000000000000080e-01 1.198338359606833166e+02
8.850000000000000089e-01 1.201641049183685652e+02
8.860000000000000098e-01 1.204946882491336879e+02
8.870000000000000107e-01 1.208255857493260805e+02
8.880000000000000115e-01 1.211567972156667281e+02
8.890000000000000124e-01 1.214883224452493948e+02
8.900000000000000133e-01 1.218201612355396861e+02
8.910000000000000142e-01 1.221523133843734001e+02
8.920000000000000151e-01 1.224847786899571247e+02
8.930000000000000160e-01 1.228175569508640734e+02
8.940000000000000169e-01 1.231506479660364874e+02
8.950000000000000178e-01 1.234840515347817558e+02
8.960000000000000187e-01 1.238177674567727280e+02
8.970000000000000195e-01 1.241517955320471316e+02
8.980000000000000204e-01 1.244861355610045308e+02
8.990000000000000213e-01 1.248207873444076483e+02
9.000000000000000222e-01 1.251557506833796793e+02
9.010000000000000231e-01 1.254910253794032116e+02
9.020000000000000240e-01 1.258266112343208647e+02
9.030000000000000249e-01 1.261625080503317520e+02
9.040000000000000258e-01 1.264987156299932280e+02
9.050000000000000266e-01 1.268352337762170947e+02
9.060000000000000275e-01 1.271720622922704393e+02
9.070000000000000284e-01 1.275092009817742991e+02
9.080000000000000293e-01 1.278466496487014297e+02
9.090000000000000302e-01 1.281844080973776272e+02
9.100000000000000311e-01 1.285224761324778626e+02
9.110000000000000320e-01 1.288608535590274755e+02
9.120000000000000329e-01 1.291995401824010798e+02
9.130000000000000338e-01 1.295385358083194660e+02
9.140000000000000346e-01 1.298778402428511924e+02
9.150000000000000355e-01 1.302174532924096013e+02
9.160000000000000364e-01 1.305573747637531028e+02
9.170000000000000373e-01 1.308976044639844076e+02
9.180000000000000382e-01 1.312381422005471450e+02
9.190000000000000391e-01 1.315789877812283635e+02
9.200000000000000400e-01 1.319201410141551776e+02
9.210000000000000409e-01 1.322616017077937158e+02
9.220000000000000417e-01 1.326033696709502863e+02
9.230000000000000426e-01 1.329454447127675962e+02
9.240000000000000435e-01 1.332878266427264862e+02
9.250000000000000444e-01 1.336305152706426043e+02
9.260000000000000453e-01 1.339735104066668896e+02
9.270000000000000462e-01 1.343168118612851458e+02
9.280000000000000471e-01 1.346604194453142895e+02
9.290000000000000480e-01 1.350043329699053061e+02
9.300000000000000488e-01 1.353485522465389295e+02
9.310000000000000497e-01 1.356930770870271772e+02
9.320000000000000506e-01 1.360379073035106217e+02
9.330000000000000515e-01 1.363830427084583334e+02
9.340000000000000524e-01 1.367284831146675685e+02
9.350000000000000533e-01 1.370742283352605568e+02
9.360000000000000542e-01 1.374202781836864915e+02
9.370000000000000551e-01 1.377666324737193690e+02
9.380000000000000560e-01 1.381132910194556018e+02
9.390000000000000568e-01 1.384602536353160929e+02
9.400000000000000577e-01 1.388075201360423421e+02
9.410000000000000586e-01 1.391550903366976968e+02
9.420000000000000595e-01 1.395029640526659591e+02
9.430000000000000604e-01 1.398511410996492828e+02
9.440000000000000613e-01 1.401996212936690540e+02
9.450000000000000622e-01 1.405484044510638455e+02
9.460000000000000631e-01 1.408974903884887340e+02
9.470000000000000639e-01 1.412468789229149877e+02
9.480000000000000648e-01 1.415965698716282191e+02
9.490000000000000657e-01 1.419465630522287825e+02
9.500000000000000666e-01 1.422968582826290458e+02
9.510000000000000675e-01 1.426474553810550674e+02
9.520000000000000684e-01 1.429983541660431001e+02
9.530000000000000693e-01 1.433495544564405577e+02
9.540000000000000702e-01 1.437010560714047074e+02
9.550000000000000711e-01 1.440528588304011919e+02
9.560000000000000719e-01 1.444049625532038874e+02
9.570000000000000728e-01 1.447573670598937099e+02
9.580000000000000737e-01 1.451100721708585581e+02
9.590000000000000746e-01 1.454630777067907275e+02
9.599999999999999645e-01 1.458163834886877908e+02
9.609999999999999654e-01 1.461699893378510922e+02
9.619999999999999662e-01 1.465238950758848659e+02
9.629999999999999671e-01 1.468781005246955829e+02
9.639999999999999680e-01 1.472326055064907280e+02
9.649999999999999689e-01 1.475874098437792554e+02
9.659999999999999698e-01 1.479425133593684336e+02
9.669999999999999707e-01 1.482979158763649821e+02
9.679999999999999716e-01 1.486536172181744462e+02
9.689999999999999725e-01 1.490096172084982982e+02
9.699999999999999734e-01 1.493659156713356992e+02
9.709999999999999742e-01 1.497225124309803732e+02
9.719999999999999751e-01 1.500794073120218002e+02
9.729999999999999760e-01 1.504366001393428292e+02
9.739999999999999769e-01 1.507940907381199906e+02
9.749999999999999778e-01 1.511518789338224451e+02
9.759999999999999787e-01 1.515099645522103060e+02
9.769999999999999796e-01 1.518683474193351799e+02
9.779999999999999805e-01 1.522270273615388874e+02
9.789999999999999813e-01 1.525860042054518431e+02
9.799999999999999822e-01 1.529452777779943062e+02
9.809999999999999831e-01 1.533048479063726290e+02
9.819999999999999840e-01 1.536647144180817577e+02
9.829999999999999849e-01 1.540248771409019355e+02
9.839999999999999858e-01 1.543853359028994419e+02
9.849999999999999867e-01 1.547460905324245743e+02
9.859999999999999876e-01 1.551071408581123023e+02
9.869999999999999885e-01 1.554684867088807323e+02
9.879999999999999893e-01 1.558301279139302551e+02
9.889999999999999902e-01 1.561920643027426081e+02
9.899999999999999911e-01 1.565542957050807900e+02
9.909999999999999920e-01 1.569168219509884352e+02
9.919999999999999929e-01 1.572796428707885070e+02
9.929999999999999938e-01 1.576427582950817055e+02
9.939999999999999947e-01 1.580061680547481728e+02
9.949999999999999956e-01 1.583698719809438842e+02
9.959999999999999964e-01 1.587338699051028357e+02
9.969999999999999973e-01 1.590981616589340319e+02
9.979999999999999982e-01 1.594627470744211166e+02
9.989999999999999991e-01 1.598276259838226565e+02
1.000000000000000000e+00 1.601927982196710332e+02
