0.000000000000000000e+00 0.000000000000000000e+00
1.000000000000000021e-03 2.021770347567284076e-01
2.000000000000000042e-03 1.245005119275345018e-01
3.000000000000000062e-03 -7.105020347169622996e-03
4.000000000000000083e-03 -1.652087446442641328e-01
5.000000000000000104e-03 -3.389526562070057092e-01
6.000000000000000125e-03 -5.227488920777983994e-01
7.000000000000000146e-03 -7.132964582566652112e-01
8.000000000000000167e-03 -9.084687064840035742e-01
9.000000000000001055e-03 -1.106811031058727579e+00
1.000000000000000021e-02 -1.307283884649878658e+00
1.099999999999999936e-02 -1.509119048492740811e+00
1.200000000000000025e-02 -1.711733664971883950e+00
1.300000000000000114e-02 -1.914676045952005357e+00
1.400000000000000029e-02 -2.117590035582944452e+00
1.499999999999999944e-02 -2.320190743923443932e+00
1.600000000000000033e-02 -2.522247533514813789e+00
1.700000000000000122e-02 -2.723571790923274616e+00
1.800000000000000211e-02 -2.924007947320701462e+00
1.899999999999999953e-02 -3.123426760843647454e+00
2.000000000000000042e-02 -3.321720208104776972e+00
2.100000000000000130e-02 -3.518797542713868687e+00
2.199999999999999872e-02 -3.714582214692185858e+00
2.299999999999999961e-02 -3.909009434706856911e+00
2.400000000000000050e-02 -4.102024227944841783e+00
2.500000000000000139e-02 -4.293579864425298709e+00
2.600000000000000228e-02 -4.483636581995866344e+00
2.699999999999999969e-02 -4.672160539242129929e+00
2.800000000000000058e-02 -4.859122950708889555e+00
2.900000000000000147e-02 -5.044499367943206636e+00
2.999999999999999889e-02 -5.228269078107118162e+00
3.099999999999999978e-02 -5.410414598083923110e+00
3.200000000000000067e-02 -5.590921246680198742e+00
3.300000000000000155e-02 -5.769776781103558960e+00
3.400000000000000244e-02 -5.946971086656974492e+00
3.500000000000000333e-02 -6.122495910738315672e+00
3.600000000000000422e-02 -6.296344633918405265e+00
3.699999999999999817e-02 -6.468512072200939933e+00
3.799999999999999906e-02 -6.638994305626088277e+00
3.899999999999999994e-02 -6.807788529226067809e+00
4.000000000000000083e-02 -6.974892923023336522e+00
4.100000000000000172e-02 -7.140306538314200147e+00
4.200000000000000261e-02 -7.304029197930408834e+00
4.300000000000000350e-02 -7.466061408539692579e+00
4.399999999999999745e-02 -7.626404283348627189e+00
4.499999999999999833e-02 -7.785059473821706710e+00
4.599999999999999922e-02 -7.942029109238101015e+00
4.700000000000000011e-02 -8.097315743080335082e+00
4.800000000000000100e-02 -8.250922305394428946e+00
4.900000000000000189e-02 -8.402852060382045352e+00
5.000000000000000278e-02 -8.553108568588298155e+00
5.100000000000000366e-02 -8.701695653134972730e+00
5.200000000000000455e-02 -8.848617369523129383e+00
5.299999999999999850e-02 -8.993877978591118705e+00
5.399999999999999939e-02 -9.137481922267944867e+00
5.500000000000000028e-02 -9.279433801807561721e+00
5.600000000000000117e-02 -9.419738358229064801e+00
5.700000000000000205e-02 -9.558400454721656558e+00
5.800000000000000294e-02 -9.695425060802485007e+00
5.900000000000000383e-02 -9.830817238040758355e+00
5.999999999999999778e-02 -9.964582127183735594e+00
6.099999999999999867e-02 -1.009672493653878611e+01
6.199999999999999956e-02 -1.022725093148314635e+01
6.300000000000000044e-02 -1.035616542498664749e+01
6.400000000000000133e-02 -1.048347376904623474e+01
6.500000000000000222e-02 -1.060918134694170156e+01
6.600000000000000311e-02 -1.073329356623215425e+01
6.700000000000000400e-02 -1.085581585242129421e+01
6.800000000000000488e-02 -1.097675364322709157e+01
6.900000000000000577e-02 -1.109611238339851980e+01
7.000000000000000666e-02 -1.121389752002738405e+01
7.100000000000000755e-02 -1.133011449830926409e+01
7.200000000000000844e-02 -1.144476875771155910e+01
7.299999999999999545e-02 -1.155786572851144989e+01
7.399999999999999634e-02 -1.166941082866972046e+01
7.499999999999999722e-02 -1.177940946101023378e+01
7.599999999999999811e-02 -1.188786701067719420e+01
7.699999999999999900e-02 -1.199478884284573077e+01
7.799999999999999989e-02 -1.210018030066285988e+01
7.900000000000000078e-02 -1.220404670339872943e+01
8.000000000000000167e-02 -1.230639334478954261e+01
8.100000000000000255e-02 -1.240722549155532306e+01
8.200000000000000344e-02 -1.250654838207731068e+01
8.300000000000000433e-02 -1.260436722522116426e+01
8.400000000000000522e-02 -1.270068719929336432e+01
8.500000000000000611e-02 -1.279551345111910621e+01
8.600000000000000699e-02 -1.288885109523162953e+01
8.700000000000000788e-02 -1.298070521316291703e+01
8.799999999999999489e-02 -1.307108085282758125e+01
8.899999999999999578e-02 -1.315998302799154729e+01
8.999999999999999667e-02 -1.324741671781850627e+01
9.099999999999999756e-02 -1.333338686648733074e+01
9.199999999999999845e-02 -1.341789838287456860e+01
9.299999999999999933e-02 -1.350095614029620705e+01
9.400000000000000022e-02 -1.358256497630376103e+01
9.500000000000000111e-02 -1.366272969252998415e+01
9.600000000000000200e-02 -1.374145505457977379e+01
9.700000000000000289e-02 -1.381874579196266950e+01
9.800000000000000377e-02 -1.389460659806285747e+01
9.900000000000000466e-02 -1.396904213014384410e+01
1.000000000000000056e-01 -1.404205700938433488e+01
1.010000000000000064e-01 -1.411365582094287419e+01
1.020000000000000073e-01 -1.418384311404844311e+01
1.030000000000000082e-01 -1.425262340211471290e+01
1.040000000000000091e-01 -1.432000116287580127e+01
1.049999999999999961e-01 -1.438598083854151000e+01
1.059999999999999970e-01 -1.445056683597021419e+01
1.069999999999999979e-01 -1.451376352685769078e+01
1.079999999999999988e-01 -1.457557524794037107e+01
1.089999999999999997e-01 -1.463600630121149315e+01
1.100000000000000006e-01 -1.469506095414886460e+01
1.110000000000000014e-01 -1.475274343995314297e+01
1.120000000000000023e-01 -1.480905795779536582e+01
1.130000000000000032e-01 -1.486400867307259865e+01
1.140000000000000041e-01 -1.491759971767116078e+01
1.150000000000000050e-01 -1.496983519023595655e+01
1.160000000000000059e-01 -1.502071915644572897e+01
1.170000000000000068e-01 -1.507025564929299755e+01
1.180000000000000077e-01 -1.511844866936829490e+01
1.190000000000000085e-01 -1.516530218514795969e+01
1.199999999999999956e-01 -1.521082013328476989e+01
1.209999999999999964e-01 -1.525500641890128328e+01
1.219999999999999973e-01 -1.529786491588501818e+01
1.229999999999999982e-01 -1.533939946718513170e+01
1.239999999999999991e-01 -1.537961388511013183e+01
1.250000000000000000e-01 -1.541851195162658428e+01
1.260000000000000009e-01 -1.545609741865789921e+01
1.270000000000000018e-01 -1.549237400838339873e+01
1.280000000000000027e-01 -1.552734541353694198e+01
1.290000000000000036e-01 -1.556101529770525183e+01
1.300000000000000044e-01 -1.559338729562541026e+01
1.310000000000000053e-01 -1.562446501348131456e+01
1.320000000000000062e-01 -1.565425202919908543e+01
1.330000000000000071e-01 -1.568275189274109316e+01
1.340000000000000080e-01 -1.570996812639836548e+01
1.350000000000000089e-01 -1.573590422508138609e+01
1.360000000000000098e-01 -1.576056365660912739e+01
1.370000000000000107e-01 -1.578394986199606009e+01
1.380000000000000115e-01 -1.580606625573711277e+01
1.390000000000000124e-01 -1.582691622609043236e+01
1.400000000000000133e-01 -1.584650313535810895e+01
1.410000000000000142e-01 -1.586483032016433903e+01
1.420000000000000151e-01 -1.588190109173118358e+01
1.430000000000000160e-01 -1.589771873615206843e+01
1.440000000000000169e-01 -1.591228651466253652e+01
1.449999999999999900e-01 -1.592560766390866611e+01
1.459999999999999909e-01 -1.593768539621259350e+01
1.469999999999999918e-01 -1.594852289983555416e+01
1.479999999999999927e-01 -1.595812333923831794e+01
1.489999999999999936e-01 -1.596648985533875553e+01
1.499999999999999944e-01 -1.597362556576672787e+01
1.509999999999999953e-01 -1.597953356511629330e+01
1.519999999999999962e-01 -1.598421692519505832e+01
1.529999999999999971e-01 -1.598767869527094732e+01
1.539999999999999980e-01 -1.598992190231594002e+01
1.549999999999999989e-01 -1.599094955124733097e+01
1.559999999999999998e-01 -1.599076462516591057e+01
1.570000000000000007e-01 -1.598937008559169115e+01
1.580000000000000016e-01 -1.598676887269667013e+01
1.590000000000000024e-01 -1.598296390553488600e+01
1.600000000000000033e-01 -1.597795808226986658e+01
1.610000000000000042e-01 -1.597175428039911083e+01
1.620000000000000051e-01 -1.596435535697603214e+01
1.630000000000000060e-01 -1.595576414882927097e+01
1.640000000000000069e-01 -1.594598347277905503e+01
1.650000000000000078e-01 -1.593501612585125393e+01
1.660000000000000087e-01 -1.592286488548847601e+01
1.670000000000000095e-01 -1.590953250975881517e+01
1.680000000000000104e-01 -1.589502173756176795e+01
1.690000000000000113e-01 -1.587933528883172585e+01
1.700000000000000122e-01 -1.586247586473895765e+01
1.710000000000000131e-01 -1.584444614788784733e+01
1.720000000000000140e-01 -1.582524880251285992e+01
1.730000000000000149e-01 -1.580488647467198859e+01
1.740000000000000158e-01 -1.578336179243761350e+01
1.750000000000000167e-01 -1.576067736608506920e+01
1.759999999999999898e-01 -1.573683578827883522e+01
1.769999999999999907e-01 -1.571183963425621144e+01
1.779999999999999916e-01 -1.568569146200886166e+01
1.789999999999999925e-01 -1.565839381246181716e+01
1.799999999999999933e-01 -1.562994920965031298e+01
1.809999999999999942e-01 -1.560036016089438959e+01
1.819999999999999951e-01 -1.556962915697120664e+01
1.829999999999999960e-01 -1.553775867228513263e+01
1.839999999999999969e-01 -1.550475116503569950e+01
1.849999999999999978e-01 -1.547060907738344326e+01
1.859999999999999987e-01 -1.543533483561348163e+01
1.869999999999999996e-01 -1.539893085029716602e+01
1.880000000000000004e-01 -1.536139951645147406e+01
1.890000000000000013e-01 -1.532274321369661152e+01
1.900000000000000022e-01 -1.528296430641139736e+01
1.910000000000000031e-01 -1.524206514388652423e+01
1.920000000000000040e-01 -1.520004806047639434e+01
1.930000000000000049e-01 -1.515691537574848624e+01
1.940000000000000058e-01 -1.511266939463092029e+01
1.950000000000000067e-01 -1.506731240755838286e+01
1.960000000000000075e-01 -1.502084669061592948e+01
1.970000000000000084e-01 -1.497327450568114315e+01
1.980000000000000093e-01 -1.492459810056427116e+01
1.990000000000000102e-01 -1.487481970914679152e+01
2.000000000000000111e-01 -1.482394155151815340e+01
2.010000000000000120e-01 -1.477196583411073050e+01
2.020000000000000129e-01 -1.471889474983305846e+01
2.030000000000000138e-01 -1.466473047820157305e+01
2.040000000000000147e-01 -1.460947518547041923e+01
2.050000000000000155e-01 -1.455313102475977161e+01
2.060000000000000164e-01 -1.449570013618253839e+01
2.070000000000000173e-01 -1.443718464696951287e+01
2.080000000000000182e-01 -1.437758667159281245e+01
2.089999999999999913e-01 -1.431690831188786817e+01
2.099999999999999922e-01 -1.425515165717385813e+01
2.109999999999999931e-01 -1.419231878437279804e+01
2.119999999999999940e-01 -1.412841175812686600e+01
2.129999999999999949e-01 -1.406343263091441642e+01
2.139999999999999958e-01 -1.399738344316464378e+01
2.149999999999999967e-01 -1.393026622337064424e+01
2.159999999999999976e-01 -1.386208298820121954e+01
2.169999999999999984e-01 -1.379283574261125267e+01
2.179999999999999993e-01 -1.372252647995060570e+01
2.190000000000000002e-01 -1.365115718207199080e+01
2.200000000000000011e-01 -1.357872981943723545e+01
2.210000000000000020e-01 -1.350524635122227579e+01
2.220000000000000029e-01 -1.343070872542093852e+01
2.230000000000000038e-01 -1.335511887894761074e+01
2.240000000000000047e-01 -1.327847873773833598e+01
2.250000000000000056e-01 -1.320079021685081599e+01
2.260000000000000064e-01 -1.312205522056346041e+01
2.270000000000000073e-01 -1.304227564247275595e+01
2.280000000000000082e-01 -1.296145336558983274e+01
2.290000000000000091e-01 -1.287959026243582983e+01
2.300000000000000100e-01 -1.279668819513589639e+01
2.310000000000000109e-01 -1.271274901551233683e+01
2.320000000000000118e-01 -1.262777456517648744e+01
2.330000000000000127e-01 -1.254176667561945990e+01
2.340000000000000135e-01 -1.245472716830208526e+01
2.350000000000000144e-01 -1.236665785474333745e+01
2.360000000000000153e-01 -1.227756053660805335e+01
2.370000000000000162e-01 -1.218743700579374689e+01
2.380000000000000171e-01 -1.209628904451577469e+01
2.390000000000000180e-01 -1.200411842539216423e+01
2.399999999999999911e-01 -1.191092691152725180e+01
2.409999999999999920e-01 -1.181671625659404512e+01
2.419999999999999929e-01 -1.172148820491616661e+01
2.429999999999999938e-01 -1.162524449154819095e+01
2.439999999999999947e-01 -1.152798684235570548e+01
2.449999999999999956e-01 -1.142971697409401344e+01
2.459999999999999964e-01 -1.133043659448606633e+01
2.469999999999999973e-01 -1.123014740229939079e+01
2.479999999999999982e-01 -1.112885108742245777e+01
2.489999999999999991e-01 -1.102654933093976553e+01
2.500000000000000000e-01 -1.092324380520629390e+01
2.510000000000000009e-01 -1.081893617392109164e+01
2.520000000000000018e-01 -1.071362809219992940e+01
2.530000000000000027e-01 -1.060732120664736300e+01
2.540000000000000036e-01 -1.050001715542759584e+01
2.550000000000000044e-01 -1.039171756833496119e+01
2.560000000000000053e-01 -1.028242406686320720e+01
2.570000000000000062e-01 -1.017213826427447287e+01
2.580000000000000071e-01 -1.006086176566695656e+01
2.590000000000000080e-01 -9.948596168042371346e+00
2.600000000000000089e-01 -9.835343060372139234e+00
2.610000000000000098e-01 -9.721104023663215798e+00
2.620000000000000107e-01 -9.605880631022998273e+00
2.630000000000000115e-01 -9.489674447723700723e+00
2.640000000000000124e-01 -9.372487031265734458e+00
2.650000000000000133e-01 -9.254319931440718960e+00
2.660000000000000142e-01 -9.135174690393320418e+00
2.670000000000000151e-01 -9.015052842683218159e+00
2.680000000000000160e-01 -8.893955915345507890e+00
2.690000000000000169e-01 -8.771885427950941505e+00
2.700000000000000178e-01 -8.648842892665520310e+00
2.710000000000000187e-01 -8.524829814309242693e+00
2.720000000000000195e-01 -8.399847690414325996e+00
2.730000000000000204e-01 -8.273898011282746268e+00
2.740000000000000213e-01 -8.146982260043316160e+00
2.750000000000000222e-01 -8.019101912708002544e+00
2.760000000000000231e-01 -7.890258438227526483e+00
2.770000000000000240e-01 -7.760453298546657663e+00
2.780000000000000249e-01 -7.629687948658904872e+00
2.790000000000000258e-01 -7.497963836660169079e+00
2.800000000000000266e-01 -7.365282403802439148e+00
2.810000000000000275e-01 -7.231645084546535429e+00
2.820000000000000284e-01 -7.097053306614441226e+00
2.830000000000000293e-01 -6.961508491041016100e+00
2.840000000000000302e-01 -6.825012052225240211e+00
2.850000000000000311e-01 -6.687565397980833382e+00
2.860000000000000320e-01 -6.549169929586440730e+00
2.870000000000000329e-01 -6.409827041835271189e+00
2.880000000000000338e-01 -6.269538123084103631e+00
2.889999999999999791e-01 -6.128304555302072743e+00
2.899999999999999800e-01 -5.986127714118531173e+00
2.909999999999999809e-01 -5.843008968870876174e+00
2.919999999999999818e-01 -5.698949682651480941e+00
2.929999999999999827e-01 -5.553951212354363065e+00
2.939999999999999836e-01 -5.408014908721575864e+00
2.949999999999999845e-01 -5.261142116388541012e+00
2.959999999999999853e-01 -5.113334173929381166e+00
2.969999999999999862e-01 -4.964592413901947054e+00
2.979999999999999871e-01 -4.814918162891750342e+00
2.989999999999999880e-01 -4.664312741556052799e+00
2.999999999999999889e-01 -4.512777464667124150e+00
3.009999999999999898e-01 -4.360313641155535436e+00
3.019999999999999907e-01 -4.206922574152400784e+00
3.029999999999999916e-01 -4.052605561031498382e+00
3.039999999999999925e-01 -3.897363893451320394e+00
3.049999999999999933e-01 -3.741198857396163646e+00
3.059999999999999942e-01 -3.584111733216850837e+00
3.069999999999999951e-01 -3.426103795671437524e+00
3.079999999999999960e-01 -3.267176313965421741e+00
3.089999999999999969e-01 -3.107330551791093853e+00
3.099999999999999978e-01 -2.946567767367028523e+00
3.109999999999999987e-01 -2.784889213477043768e+00
3.119999999999999996e-01 -2.622296137508591585e+00
3.130000000000000004e-01 -2.458789781491091730e+00
3.140000000000000013e-01 -2.294371382133725490e+00
3.150000000000000022e-01 -2.129042170862582850e+00
3.160000000000000031e-01 -1.962803373858150735e+00
3.170000000000000040e-01 -1.795656212091664372e+00
3.180000000000000049e-01 -1.627601901361643399e+00
3.190000000000000058e-01 -1.458641652329959015e+00
3.200000000000000067e-01 -1.288776670557304271e+00
3.210000000000000075e-01 -1.118008156538550679e+00
3.220000000000000084e-01 -9.463373057380053410e-01
3.230000000000000093e-01 -7.737653086237159528e-01
3.240000000000000102e-01 -6.002933507019463377e-01
3.250000000000000111e-01 -4.259226125513109196e-01
3.260000000000000120e-01 -2.506542698561986526e-01
3.270000000000000129e-01 -7.448949344023958474e-02
3.280000000000000138e-01 1.025705507004701644e-01
3.290000000000000147e-01 2.805247013649392329e-01
3.300000000000000155e-01 4.593718021143970986e-01
3.310000000000000164e-01 6.391107012407886145e-01
3.320000000000000173e-01 8.197402517343235218e-01
3.330000000000000182e-01 1.001259311252276518e+00
3.340000000000000191e-01 1.183666742087638113e+00
3.350000000000000200e-01 1.366961411138156279e+00
3.360000000000000209e-01 1.551142189875704958e+00
3.370000000000000218e-01 1.736207954315801771e+00
3.380000000000000226e-01 1.922157584987537859e+00
3.390000000000000235e-01 2.108989966903678237e+00
3.400000000000000244e-01 2.296703989531280854e+00
3.410000000000000253e-01 2.485298546762074068e+00
3.420000000000000262e-01 2.674772536883764928e+00
3.430000000000000271e-01 2.865124862550963769e+00
3.440000000000000280e-01 3.056354430756812235e+00
3.450000000000000289e-01 3.248460152804831580e+00
3.460000000000000298e-01 3.441440944280714120e+00
3.470000000000000306e-01 3.635295725024590752e+00
3.480000000000000315e-01 3.830023419103710580e+00
3.490000000000000324e-01 4.025622954784985552e+00
3.500000000000000333e-01 4.222093264507975618e+00
3.510000000000000342e-01 4.419433284858421018e+00
3.519999999999999796e-01 4.617641956541056913e+00
3.529999999999999805e-01 4.816718224354140432e+00
3.539999999999999813e-01 5.016661037162677417e+00
3.549999999999999822e-01 5.217469347872800256e+00
3.559999999999999831e-01 5.419142113406465455e+00
3.569999999999999840e-01 5.621678294675341192e+00
3.579999999999999849e-01 5.825076856556584914e+00
3.589999999999999858e-01 6.029336767866965374e+00
3.599999999999999867e-01 6.234457001338654436e+00
3.609999999999999876e-01 6.440436533594663615e+00
3.619999999999999885e-01 6.647274345124444039e+00
3.629999999999999893e-01 6.854969420259656943e+00
3.639999999999999902e-01 7.063520747150519696e+00
3.649999999999999911e-01 7.272927317742094999e+00
3.659999999999999920e-01 7.483188127750437957e+00
3.669999999999999929e-01 7.694302176640043456e+00
3.679999999999999938e-01 7.906268467599709027e+00
3.689999999999999947e-01 8.119086007520934345e+00
3.699999999999999956e-01 8.332753806973954624e+00
3.709999999999999964e-01 8.547270880186111697e+00
3.719999999999999973e-01 8.762636245019294279e+00
3.729999999999999982e-01 8.978848922947577194e+00
3.739999999999999991e-01 9.195907939035599554e+00
3.750000000000000000e-01 9.413812321916722681e+00
3.760000000000000009e-01 9.632561103771244859e+00
3.770000000000000018e-01 9.852153320305326645e+00
3.780000000000000027e-01 1.007258801072968168e+01
3.790000000000000036e-01 1.029386421773826754e+01
3.800000000000000044e-01 1.051598098748792154e+01
3.810000000000000053e-01 1.073893736957726475e+01
3.820000000000000062e-01 1.096273241702617440e+01
3.830000000000000071e-01 1.118736518625600240e+01
3.840000000000000080e-01 1.141283473706837270e+01
3.850000000000000089e-01 1.163914013262628089e+01
3.860000000000000098e-01 1.186628043943338895e+01
3.870000000000000107e-01 1.209425472731491880e+01
3.880000000000000115e-01 1.232306206939755100e+01
3.890000000000000124e-01 1.255270154209081568e+01
3.900000000000000133e-01 1.278317222506692019e+01
3.910000000000000142e-01 1.301447320124255214e+01
3.920000000000000151e-01 1.324660355675963785e+01
3.930000000000000160e-01 1.347956238096634252e+01
3.940000000000000169e-01 1.371334876639890865e+01
3.950000000000000178e-01 1.394796180876295466e+01
3.960000000000000187e-01 1.418340060691515703e+01
3.970000000000000195e-01 1.441966426284527358e+01
3.980000000000000204e-01 1.465675188165795362e+01
3.990000000000000213e-01 1.489466257155483220e+01
4.000000000000000222e-01 1.513339544381717872e+01
4.010000000000000231e-01 1.537294961278780647e+01
4.020000000000000240e-01 1.561332419585376385e+01
4.030000000000000249e-01 1.585451831342942342e+01
4.040000000000000258e-01 1.609653108893877516e+01
4.050000000000000266e-01 1.633936164879870034e+01
4.060000000000000275e-01 1.658300912240190428e+01
4.070000000000000284e-01 1.682747264210030380e+01
4.080000000000000293e-01 1.707275134318821586e+01
4.090000000000000302e-01 1.731884436388605764e+01
4.100000000000000311e-01 1.756575084532366304e+01
4.110000000000000320e-01 1.781346993152445179e+01
4.120000000000000329e-01 1.806200076938878851e+01
4.130000000000000338e-01 1.831134250867829394e+01
4.140000000000000346e-01 1.856149430200009931e+01
4.150000000000000355e-01 1.881245530479060335e+01
4.160000000000000364e-01 1.906422467530036613e+01
4.169999999999999818e-01 1.931680157457815028e+01
4.179999999999999827e-01 1.957018516645582906e+01
4.189999999999999836e-01 1.982437461753312391e+01
4.199999999999999845e-01 2.007936909716187301e+01
4.209999999999999853e-01 2.033516777743189152e+01
4.219999999999999862e-01 2.059176983315532539e+01
4.229999999999999871e-01 2.084917444185195734e+01
4.239999999999999880e-01 2.110738078373481130e+01
4.249999999999999889e-01 2.136638804169523098e+01
4.259999999999999898e-01 2.162619540128839901e+01
4.269999999999999907e-01 2.188680205071922558e+01
4.279999999999999916e-01 2.214820718082775386e+01
4.289999999999999925e-01 2.241040998507510551e+01
4.299999999999999933e-01 2.267340965952961085e+01
4.309999999999999942e-01 2.293720540285244169e+01
4.319999999999999951e-01 2.320179641628421052e+01
4.329999999999999960e-01 2.346718190363090173e+01
4.339999999999999969e-01 2.373336107125027183e+01
4.349999999999999978e-01 2.400033312803843444e+01
4.359999999999999987e-01 2.426809728541630307e+01
4.369999999999999996e-01 2.453665275731626139e+01
4.380000000000000004e-01 2.480599876016894711e+01
4.390000000000000013e-01 2.507613451288997908e+01
4.400000000000000022e-01 2.534705923686691165e+01
4.410000000000000031e-01 2.561877215594665813e+01
4.420000000000000040e-01 2.589127249642189099e+01
4.430000000000000049e-01 2.616455948701906209e+01
4.440000000000000058e-01 2.643863235888501606e+01
4.450000000000000067e-01 2.671349034557485425e+01
4.460000000000000075e-01 2.698913268303925861e+01
4.470000000000000084e-01 2.726555860961221356e+01
4.480000000000000093e-01 2.754276736599842934e+01
4.490000000000000102e-01 2.782075819526134808e+01
4.500000000000000111e-01 2.809953034281099349e+01
4.510000000000000120e-01 2.837908305639150797e+01
4.520000000000000129e-01 2.865941558607008233e+01
4.530000000000000138e-01 2.894052718422378234e+01
4.540000000000000147e-01 2.922241710552917482e+01
4.550000000000000155e-01 2.950508460694923940e+01
4.560000000000000164e-01 2.978852894772278148e+01
4.570000000000000173e-01 3.007274938935238140e+01
4.580000000000000182e-01 3.035774519559288365e+01
4.590000000000000191e-01 3.064351563244036925e+01
4.600000000000000200e-01 3.093005996812046021e+01
4.610000000000000209e-01 3.121737747307726352e+01
4.620000000000000218e-01 3.150546741996207345e+01
4.630000000000000226e-01 3.179432908362277033e+01
4.640000000000000235e-01 3.208396174109195442e+01
4.650000000000000244e-01 3.237436467157696995e+01
4.660000000000000253e-01 3.266553715644849376e+01
4.670000000000000262e-01 3.295747847922973506e+01
4.680000000000000271e-01 3.325018792558601888e+01
4.690000000000000280e-01 3.354366478331405688e+01
4.700000000000000289e-01 3.383790834233137446e+01
4.710000000000000298e-01 3.413291789466579473e+01
4.720000000000000306e-01 3.442869273444517830e+01
4.730000000000000315e-01 3.472523215788670825e+01
4.740000000000000324e-01 3.502253546328735467e+01
4.750000000000000333e-01 3.532060195101273337e+01
4.760000000000000342e-01 3.561943092348785456e+01
4.770000000000000351e-01 3.591902168518670635e+01
4.780000000000000360e-01 3.621937354262186659e+01
4.790000000000000369e-01 3.652048580433533687e+01
4.799999999999999822e-01 3.682235778088814016e+01
4.809999999999999831e-01 3.712498878485092746e+01
4.819999999999999840e-01 3.742837813079388809e+01
4.829999999999999849e-01 3.773252513527712892e+01
4.839999999999999858e-01 3.803742911684147998e+01
4.849999999999999867e-01 3.834308939599857524e+01
4.859999999999999876e-01 3.864950529522158718e+01
4.869999999999999885e-01 3.895667613893560599e+01
4.879999999999999893e-01 3.926460125350867258e+01
4.889999999999999902e-01 3.957327996724201569e+01
4.899999999999999911e-01 3.988271161036144008e+01
4.909999999999999920e-01 4.019289551500750690e+01
4.919999999999999929e-01 4.050383101522706397e+01
4.929999999999999938e-01 4.081551744696385242e+01
4.939999999999999947e-01 4.112795414804953964e+01
4.949999999999999956e-01 4.144114045819495118e+01
4.959999999999999964e-01 4.175507571898110371e+01
4.969999999999999973e-01 4.206975927385047953e+01
4.979999999999999982e-01 4.238519046809831536e+01
4.989999999999999991e-01 4.270136864886391947e+01
5.000000000000000000e-01 4.301829316512169044e+01
5.010000000000000009e-01 4.333596336767318746e+01
5.020000000000000018e-01 4.365437860913817758e+01
5.030000000000000027e-01 4.397353824394632227e+01
5.040000000000000036e-01 4.429344162832875043e+01
5.050000000000000044e-01 4.461408812030936133e+01
5.060000000000000053e-01 4.493547707969746341e+01
5.070000000000000062e-01 4.525760786807839509e+01
5.080000000000000071e-01 4.558047984880630565e+01
5.090000000000000080e-01 4.590409238699523087e+01
5.100000000000000089e-01 4.622844484951163224e+01
5.110000000000000098e-01 4.655353660496584212e+01
5.120000000000000107e-01 4.687936702370465980e+01
5.130000000000000115e-01 4.720593547780292454e+01
5.140000000000000124e-01 4.753324134105567111e+01
5.150000000000000133e-01 4.786128398897071179e+01
5.160000000000000142e-01 4.819006279876040821e+01
5.170000000000000151e-01 4.851957714933431021e+01
5.180000000000000160e-01 4.884982642129092767e+01
5.190000000000000169e-01 4.918080999691080990e+01
5.200000000000000178e-01 4.951252726014847383e+01
5.210000000000000187e-01 4.984497759662490068e+01
5.220000000000000195e-01 5.017816039362024583e+01
5.230000000000000204e-01 5.051207504006625015e+01
5.240000000000000213e-01 5.084672092653883624e+01
5.250000000000000222e-01 5.118209744525094607e+01
5.260000000000000231e-01 5.151820399004485296e+01
5.270000000000000240e-01 5.185503995638528352e+01
5.280000000000000249e-01 5.219260474135199956e+01
5.290000000000000258e-01 5.253089774363276376e+01
5.300000000000000266e-01 5.286991836351599261e+01
5.310000000000000275e-01 5.320966600288393522e+01
5.320000000000000284e-01 5.355014006520551106e+01
5.330000000000000293e-01 5.389133995552911927e+01
5.340000000000000302e-01 5.423326508047600214e+01
5.350000000000000311e-01 5.457591484823336714e+01
5.360000000000000320e-01 5.491928866854712510e+01
5.370000000000000329e-01 5.526338595271555221e+01
5.380000000000000338e-01 5.560820611358182930e+01
5.390000000000000346e-01 5.595374856552821541e+01
5.400000000000000355e-01 5.630001272446851601e+01
5.410000000000000364e-01 5.664699800784188710e+01
5.420000000000000373e-01 5.699470383460615608e+01
5.430000000000000382e-01 5.734312962523108581e+01
5.440000000000000391e-01 5.769227480169185185e+01
5.450000000000000400e-01 5.804213878746271860e+01
5.460000000000000409e-01 5.839272100751044547e+01
5.470000000000000417e-01 5.874402088828790625e+01
5.480000000000000426e-01 5.909603785772752360e+01
5.490000000000000435e-01 5.944877134523541429e+01
5.500000000000000444e-01 5.980222078168415578e+01
5.510000000000000453e-01 6.015638559940788355e+01
5.520000000000000462e-01 6.051126523219454612e+01
5.530000000000000471e-01 6.086685911528094550e+01
5.540000000000000480e-01 6.122316668534585915e+01
5.550000000000000488e-01 6.158018738050405716e+01
5.560000000000000497e-01 6.193792064030026268e+01
5.570000000000000506e-01 6.229636590570348176e+01
5.580000000000000515e-01 6.265552261910009690e+01
5.590000000000000524e-01 6.301539022428892167e+01
5.600000000000000533e-01 6.337596816647430842e+01
5.610000000000000542e-01 6.373725589226081922e+01
5.620000000000000551e-01 6.409925284964745629e+01
5.630000000000000560e-01 6.446195848802108230e+01
5.640000000000000568e-01 6.482537225815174509e+01
5.650000000000000577e-01 6.518949361218551530e+01
5.660000000000000586e-01 6.555432200364009532e+01
5.670000000000000595e-01 6.591985688739802640e+01
5.680000000000000604e-01 6.628609771970197073e+01
5.690000000000000613e-01 6.665304395814823124e+01
5.700000000000000622e-01 6.702069506168164992e+01
5.710000000000000631e-01 6.738905049058979557e+01
5.720000000000000639e-01 6.775810970649754950e+01
5.730000000000000648e-01 6.812787217236177639e+01
5.740000000000000657e-01 6.849833735246508581e+01
5.750000000000000666e-01 6.886950471241158311e+01
5.760000000000000675e-01 6.924137371912020456e+01
5.769999999999999574e-01 6.961394384082018405e+01
5.779999999999999583e-01 6.998721454704559619e+01
5.789999999999999591e-01 7.036118530862931664e+01
5.799999999999999600e-01 7.073585559769895781e+01
5.809999999999999609e-01 7.111122488767026084e+01
5.819999999999999618e-01 7.148729265324287496e+01
5.829999999999999627e-01 7.186405837039495736e+01
5.839999999999999636e-01 7.224152151637731833e+01
5.849999999999999645e-01 7.261968156970922905e+01
5.859999999999999654e-01 7.299853801017260935e+01
5.869999999999999662e-01 7.337809031880728128e+01
5.879999999999999671e-01 7.375833797790582480e+01
5.889999999999999680e-01 7.413928047100850449e+01
5.899999999999999689e-01 7.452091728289838102e+01
5.909999999999999698e-01 7.490324789959595364e+01
5.919999999999999707e-01 7.528627180835496802e+01
5.929999999999999716e-01 7.566998849765656132e+01
5.939999999999999725e-01 7.605439745720534006e+01
5.949999999999999734e-01 7.643949817792346835e+01
5.959999999999999742e-01 7.682529015194688782e+01
5.969999999999999751e-01 7.721177287261963329e+01
5.979999999999999760e-01 7.759894583448948424e+01
5.989999999999999769e-01 7.798680853330321838e+01
5.999999999999999778e-01 7.837536046600172313e+01
6.009999999999999787e-01 7.876460113071541969e+01
6.019999999999999796e-01 7.915453002675934613e+01
6.029999999999999805e-01 7.954514665462895096e+01
6.039999999999999813e-01 7.993645051599474982e+01
6.049999999999999822e-01 8.032844111369860229e+01
6.059999999999999831e-01 8.072111795174836857e+01
6.069999999999999840e-01 8.111448053531393043e+01
6.079999999999999849e-01 8.150852837072210377e+01
6.089999999999999858e-01 8.190326096545263113e+01
6.099999999999999867e-01 8.229867782813334998e+01
6.109999999999999876e-01 8.269477846853607161e+01
6.119999999999999885e-01 8.309156239757180629e+01
6.129999999999999893e-01 8.348902912728649994e+01
6.139999999999999902e-01 8.388717817085682782e+01
6.149999999999999911e-01 8.428600904258527748e+01
6.159999999999999920e-01 8.468552125789679508e+01
6.169999999999999929e-01 8.508571433333324308e+01
6.179999999999999938e-01 8.548658778655018864e+01
6.189999999999999947e-01 8.588814113631198666e+01
6.199999999999999956e-01 8.629037390248765860e+01
6.209999999999999964e-01 8.669328560604697032e+01
6.219999999999999973e-01 8.709687576905577089e+01
6.229999999999999982e-01 8.750114391467218411e+01
6.239999999999999991e-01 8.790608956714228839e+01
6.250000000000000000e-01 8.831171225179599560e+01
6.260000000000000009e-01 8.871801149504290152e+01
6.270000000000000018e-01 8.912498682436836361e+01
6.280000000000000027e-01 8.953263776832912413e+01
6.290000000000000036e-01 8.994096385654978576e+01
6.300000000000000044e-01 9.034996461971795156e+01
6.310000000000000053e-01 9.075963958958126909e+01
6.320000000000000062e-01 9.116998829894245659e+01
6.330000000000000071e-01 9.158101028165606294e+01
6.340000000000000080e-01 9.199270507262428964e+01
6.350000000000000089e-01 9.240507220779261388e+01
6.360000000000000098e-01 9.281811122414674742e+01
6.370000000000000107e-01 9.323182165970797541e+01
6.380000000000000115e-01 9.364620305353011531e+01
6.390000000000000124e-01 9.406125494569451462e+01
6.400000000000000133e-01 9.447697687730737925e+01
6.410000000000000142e-01 9.489336839049536820e+01
6.420000000000000151e-01 9.531042902840206921e+01
6.430000000000000160e-01 9.572815833518370709e+01
6.440000000000000169e-01 9.614655585600650056e+01
6.450000000000000178e-01 9.656562113704134731e+01
6.460000000000000187e-01 9.698535372546194822e+01
6.470000000000000195e-01 9.740575316943954931e+01
6.480000000000000204e-01 9.782681901814009962e+01
6.490000000000000213e-01 9.824855082172047105e+01
6.500000000000000222e-01 9.867094813132470676e+01
6.510000000000000231e-01 9.909401049908072423e+01
6.520000000000000240e-01 9.951773747809602355e+01
6.530000000000000249e-01 9.994212862245521478e+01
6.540000000000000258e-01 1.003671834872151294e+02
6.550000000000000266e-01 1.007929016284025465e+02
6.560000000000000275e-01 1.012192826030097024e+02
6.570000000000000284e-01 1.016463259689916470e+02
6.580000000000000293e-01 1.020740312852618104e+02
6.590000000000000302e-01 1.025023981116892742e+02
6.600000000000000311e-01 1.029314260090951336e+02
6.610000000000000320e-01 1.033611145392490016e+02
6.620000000000000329e-01 1.037914632648655697e+02
6.630000000000000338e-01 1.042224717496010271e+02
6.640000000000000346e-01 1.046541395580504741e+02
6.650000000000000355e-01 1.050864662557435167e+02
6.660000000000000364e-01 1.055194514091414533e+02
6.670000000000000373e-01 1.059530945856340338e+02
6.680000000000000382e-01 1.063873953535360783e+02
6.690000000000000391e-01 1.068223532820837534e+02
6.700000000000000400e-01 1.072579679414317866e+02
6.710000000000000409e-01 1.076942389026504259e+02
6.720000000000000417e-01 1.081311657377212327e+02
6.730000000000000426e-01 1.085687480195350645e+02
6.740000000000000435e-01 1.090069853218876119e+02
6.750000000000000444e-01 1.094458772194773530e+02
6.760000000000000453e-01 1.098854232879014887e+02
6.770000000000000462e-01 1.103256231036532711e+02
6.780000000000000471e-01 1.107664762441187918e+02
6.790000000000000480e-01 1.112079822875738842e+02
6.800000000000000488e-01 1.116501408131802862e+02
6.810000000000000497e-01 1.120929514009836794e+02
6.820000000000000506e-01 1.125364136319099941e+02
6.830000000000000515e-01 1.129805270877622263e+02
6.840000000000000524e-01 1.134252913512175951e+02
6.850000000000000533e-01 1.138707060058245020e+02
6.860000000000000542e-01 1.143167706359994327e+02
6.870000000000000551e-01 1.147634848270238024e+02
6.880000000000000560e-01 1.152108481650411989e+02
6.890000000000000568e-01 1.156588602370543413e+02
6.900000000000000577e-01 1.161075206309220675e+02
6.910000000000000586e-01 1.165568289353562648e+02
6.920000000000000595e-01 1.170067847399191123e+02
6.930000000000000604e-01 1.174573876350200408e+02
6.940000000000000613e-01 1.179086372119127191e+02
6.950000000000000622e-01 1.183605330626926389e+02
6.960000000000000631e-01 1.188130747802934764e+02
6.970000000000000639e-01 1.192662619584848187e+02
6.980000000000000648e-01 1.197200941918690944e+02
6.990000000000000657e-01 1.201745710758784185e+02
7.000000000000000666e-01 1.206296922067726314e+02
7.010000000000000675e-01 1.210854571816354905e+02
7.020000000000000684e-01 1.215418655983724250e+02
7.030000000000000693e-01 1.219989170557074090e+02
7.039999999999999591e-01 1.224566111531806598e+02
7.049999999999999600e-01 1.229149474911455115e+02
7.059999999999999609e-01 1.233739256707657432e+02
7.069999999999999618e-01 1.238335452940127084e+02
7.079999999999999627e-01 1.242938059636628338e+02
7.089999999999999636e-01 1.247547072832947208e+02
7.099999999999999645e-01 1.252162488572866437e+02
7.109999999999999654e-01 1.256784302908138500e+02
7.119999999999999662e-01 1.261412511898455193e+02
7.129999999999999671e-01 1.266047111611423190e+02
7.139999999999999680e-01 1.270688098122541589e+02
7.149999999999999689e-01 1.275335467515169228e+02
7.159999999999999698e-01 1.279989215880501945e+02
7.169999999999999707e-01 1.284649339317542456e+02
7.179999999999999716e-01 1.289315833933083582e+02
7.189999999999999725e-01 1.293988695841670165e+02
7.199999999999999734e-01 1.298667921165582868e+02
7.209999999999999742e-01 1.303353506034807197e+02
7.219999999999999751e-01 1.308045446587011043e+02
7.229999999999999760e-01 1.312743738967518254e+02
7.239999999999999769e-01 1.317448379329279078e+02
7.249999999999999778e-01 1.322159363832854240e+02
7.259999999999999787e-01 1.326876688646381126e+02
7.269999999999999796e-01 1.331600349945554456e+02
7.279999999999999805e-01 1.336330343913594447e+02
7.289999999999999813e-01 1.341066666741233746e+02
7.299999999999999822e-01 1.345809314626681328e+02
7.309999999999999831e-01 1.350558283775602320e+02
7.319999999999999840e-01 1.355313570401096683e+02
7.329999999999999849e-01 1.360075170723672500e+02
7.339999999999999858e-01 1.364843080971215272e+02
7.349999999999999867e-01 1.369617297378974854e+02
7.359999999999999876e-01 1.374397816189538162e+02
7.369999999999999885e-01 1.379184633652799903e+02
7.379999999999999893e-01 1.383977746025946942e+02
7.389999999999999902e-01 1.388777149573425618e+02
7.399999999999999911e-01 1.393582840566925256e+02
7.409999999999999920e-01 1.398394815285353729e+02
7.419999999999999929e-01 1.403213070014811308e+02
7.429999999999999938e-01 1.408037601048570480e+02
7.439999999999999947e-01 1.412868404687050372e+02
7.449999999999999956e-01 1.417705477237797993e+02
7.459999999999999964e-01 1.422548815015455546e+02
7.469999999999999973e-01 1.427398414341750765e+02
7.479999999999999982e-01 1.432254271545465940e+02
7.489999999999999991e-01 1.437116382962416026e+02
7.500000000000000000e-01 1.441984744935428466e+02
7.510000000000000009e-01 1.446859353814319604e+02
7.520000000000000018e-01 1.451740205955871374e+02
7.530000000000000027e-01 1.456627297723811409e+02
7.540000000000000036e-01 1.461520625488790586e+02
7.550000000000000044e-01 1.466420185628358865e+02
7.560000000000000053e-01 1.471325974526943980e+02
7.570000000000000062e-01 1.476237988575832105e+02
7.580000000000000071e-01 1.481156224173143698e+02
7.590000000000000080e-01 1.486080677723812471e+02
7.600000000000000089e-01 1.491011345639564354e+02
7.610000000000000098e-01 1.495948224338897603e+02
7.620000000000000107e-01 1.500891310247056936e+02
7.630000000000000115e-01 1.505840599796015340e+02
7.640000000000000124e-01 1.510796089424453328e+02
7.650000000000000133e-01 1.515757775577738187e+02
7.660000000000000142e-01 1.520725654707902663e+02
7.670000000000000151e-01 1.525699723273620805e+02
7.680000000000000160e-01 1.530679977740190338e+02
7.690000000000000169e-01 1.535666414579514480e+02
7.700000000000000178e-01 1.540659030270075505e+02
7.710000000000000187e-01 1.545657821296917689e+02
7.720000000000000195e-01 1.550662784151629978e+02
7.730000000000000204e-01 1.555673915332316426e+02
7.740000000000000213e-01 1.560691211343585110e+02
7.750000000000000222e-01 1.565714668696522835e+02
7.760000000000000231e-01 1.570744283908681211e+02
7.770000000000000240e-01 1.575780053504047089e+02
7.780000000000000249e-01 1.580821974013030626e+02
7.790000000000000258e-01 1.585870041972438571e+02
7.800000000000000266e-01 1.590924253925465450e+02
7.810000000000000275e-01 1.595984606421664012e+02
7.820000000000000284e-01 1.601051096016926465e+02
7.830000000000000293e-01 1.606123719273473114e+02
7.840000000000000302e-01 1.611202472759821092e+02
7.850000000000000311e-01 1.616287353050774414e+02
7.860000000000000320e-01 1.621378356727402377e+02
7.870000000000000329e-01 1.626475480377019380e+02
7.880000000000000338e-01 1.631578720593164746e+02
7.890000000000000346e-01 1.636688073975587372e+02
7.900000000000000355e-01 1.641803537130220718e+02
7.910000000000000364e-01 1.646925106669174284e+02
7.920000000000000373e-01 1.652052779210703193e+02
7.930000000000000382e-01 1.657186551379197965e+02
7.940000000000000391e-01 1.662326419805162061e+02
7.950000000000000400e-01 1.667472381125193976e+02
7.960000000000000409e-01 1.672624431981969337e+02
7.970000000000000417e-01 1.677782569024221857e+02
7.980000000000000426e-01 1.682946788906726567e+02
7.990000000000000435e-01 1.688117088290282766e+02
8.000000000000000444e-01 1.693293463841689004e+02
8.010000000000000453e-01 1.698475912233733141e+02
8.020000000000000462e-01 1.703664430145169888e+02
8.030000000000000471e-01 1.708859014260705464e+02
8.040000000000000480e-01 1.714059661270977699e+02
8.050000000000000488e-01 1.719266367872540400e+02
8.060000000000000497e-01 1.724479130767843742e+02
8.070000000000000506e-01 1.729697946665214374e+02
8.080000000000000515e-01 1.734922812278844617e+02
8.090000000000000524e-01 1.740153724328772569e+02
8.100000000000000533e-01 1.745390679540860788e+02
8.110000000000000542e-01 1.750633674646781515e+02
8.120000000000000551e-01 1.755882706384001892e+02
8.130000000000000560e-01 1.761137771495762934e+02
8.140000000000000568e-01 1.766398866731065311e+02
8.150000000000000577e-01 1.771665988844649746e+02
8.160000000000000586e-01 1.776939134596983649e+02
8.170000000000000595e-01 1.782218300754240659e+02
8.180000000000000604e-01 1.787503484088285859e+02
8.190000000000000613e-01 1.792794681376657593e+02
8.200000000000000622e-01 1.798091889402554102e+02
8.210000000000000631e-01 1.803395104954813064e+02
8.220000000000000639e-01 1.808704324827894823e+02
8.230000000000000648e-01 1.814019545821873294e+02
8.240000000000000657e-01 1.819340764742407544e+02
8.250000000000000666e-01 1.824667978400735535e+02
8.260000000000000675e-01 1.830001183613652813e+02
8.270000000000000684e-01 1.835340377203501703e+02
8.280000000000000693e-01 1.840685555998145446e+02
8.290000000000000702e-01 1.846036716830961950e+02
8.300000000000000711e-01 1.851393856540822185e+02
8.310000000000000719e-01 1.856756971972076826e+02
8.320000000000000728e-01 1.862126059974541192e+02
8.329999999999999627e-01 1.867501117403470516e+02
8.339999999999999636e-01 1.872882141119562789e+02
8.349999999999999645e-01 1.878269127988921809e+02
8.359999999999999654e-01 1.883662074883056050e+02
8.369999999999999662e-01 1.889060978678861034e+02
8.379999999999999671e-01 1.894465836258596596e+02
8.389999999999999680e-01 1.899876644509877508e+02
8.399999999999999689e-01 1.905293400325656705e+02
8.409999999999999698e-01 1.910716100604213921e+02
8.419999999999999707e-01 1.916144742249133515e+02
8.429999999999999716e-01 1.921579322169289696e+02
8.439999999999999725e-01 1.927019837278841408e+02
8.449999999999999734e-01 1.932466284497204754e+02
8.459999999999999742e-01 1.937918660749046467e+02
8.469999999999999751e-01 1.943376962964262304e+02
8.479999999999999760e-01 1.948841188077969377e+02
8.489999999999999769e-01 1.954311333030485116e+02
8.499999999999999778e-01 1.959787394767318176e+02
8.509999999999999787e-01 1.965269370239145417e+02
8.519999999999999796e-01 1.970757256401807922e+02
8.529999999999999805e-01 1.976251050216290821e+02
8.539999999999999813e-01 1.981750748648704530e+02
8.549999999999999822e-01 1.987256348670281341e+02
8.559999999999999831e-01 1.992767847257345579e+02
8.569999999999999840e-01 1.998285241391315878e+02
8.579999999999999849e-01 2.003808528058679030e+02
8.589999999999999858e-01 2.009337704250985155e+02
8.599999999999999867e-01 2.014872766964820414e+02
8.609999999999999876e-01 2.020413713201805024e+02
8.619999999999999885e-01 2.025960539968575063e+02
8.629999999999999893e-01 2.031513244276769399e+02
8.639999999999999902e-01 2.037071823143009510e+02
8.649999999999999911e-01 2.042636273588895506e+02
8.659999999999999920e-01 2.048206592640986514e+02
8.669999999999999929e-01 2.053782777330785336e+02
8.679999999999999938e-01 2.059364824694729350e+02
8.689999999999999947e-01 2.064952731774174595e+02
8.699999999999999956e-01 2.070546495615382412e+02
8.709999999999999964e-01 2.076146113269503530e+02
8.719999999999999973e-01 2.081751581792568970e+02
8.729999999999999982e-01 2.087362898245472707e+02
8.739999999999999991e-01 2.092980059693958026e+02
8.750000000000000000e-01 2.098603063208612127e+02
8.760000000000000009e-01 2.104231905864839121e+02
8.770000000000000018e-01 2.109866584742860312e+02
8.780000000000000027e-01 2.115507096927689759e+02
8.790000000000000036e-01 2.121153439509129441e+02
8.800000000000000044e-01 2.126805609581749650e+02
8.810000000000000053e-01 2.132463604244886142e+02
8.820000000000000062e-01 2.138127420602611437e+02
8.830000000000000071e-01 2.143797055763732544e+02
8.840000000000000080e-01 2.149472506841783854e+02
8.850000000000000089e-01 2.155153770954996162e+02
8.860000000000000098e-01 2.160840845226300360e+02
8.870000000000000107e-01 2.166533726783304132e+02
8.880000000000000115e-01 2.172232412758289115e+02
8.890000000000000124e-01 2.177936900288186735e+02
8.900000000000000133e-01 2.183647186514574230e+02
8.910000000000000142e-01 2.189363268583661011e+02
8.920000000000000151e-01 2.195085143646271035e+02
8.930000000000000160e-01 2.200812808857837126e+02
8.940000000000000169e-01 2.206546261378380791e+02
8.950000000000000178e-01 2.212285498372507959e+02
8.960000000000000187e-01 2.218030517009390792e+02
8.970000000000000195e-01 2.223781314462759724e+02
8.980000000000000204e-01 2.229537887910885274e+02
8.990000000000000213e-01 2.235300234536573498e+02
9.000000000000000222e-01 2.241068351527147229e+02
9.010000000000000231e-01 2.246842236074434709e+02
9.020000000000000240e-01 2.252621885374765611e+02
9.030000000000000249e-01 2.258407296628947734e+02
9.040000000000000258e-01 2.264198467042261882e+02
9.050000000000000266e-01 2.269995393824444818e+02
9.060000000000000275e-01 2.275798074189684144e+02
9.070000000000000284e-01 2.281606505356604657e+02
9.080000000000000293e-01 2.287420684548251302e+02
9.090000000000000302e-01 2.293240608992081206e+02
9.100000000000000311e-01 2.299066275919951750e+02
9.110000000000000320e-01 2.304897682568111463e+02
9.120000000000000329e-01 2.310734826177184118e+02
9.130000000000000338e-01 2.316577703992156785e+02
9.140000000000000346e-01 2.322426313262374720e+02
9.150000000000000355e-01 2.328280651241521468e+02
9.160000000000000364e-01 2.334140715187612045e+02
9.170000000000000373e-01 2.340006502362984975e+02
9.180000000000000382e-01 2.345878010034280123e+02
9.190000000000000391e-01 2.351755235472440404e+02
9.200000000000000400e-01 2.357638175952689039e+02
9.210000000000000409e-01 2.363526828754527855e+02
9.220000000000000417e-01 2.369421191161722504e+02
9.230000000000000426e-01 2.375321260462279724e+02
9.240000000000000435e-01 2.381227033948461553e+02
9.250000000000000444e-01 2.387138508916750652e+02
9.260000000000000453e-01 2.393055682667852579e+02
9.270000000000000462e-01 2.398978552506676465e+02
9.280000000000000471e-01 2.404907115742327619e+02
9.290000000000000480e-01 2.410841369688106397e+02
9.300000000000000488e-01 2.416781311661474660e+02
9.310000000000000497e-01 2.422726938984069420e+02
9.320000000000000506e-01 2.428678248981673846e+02
9.330000000000000515e-01 2.434635238984213288e+02
9.340000000000000524e-01 2.440597906325753002e+02
9.350000000000000533e-01 2.446566248344466885e+02
9.360000000000000542e-01 2.452540262382652259e+02
9.370000000000000551e-01 2.458519945786695757e+02
9.380000000000000560e-01 2.464505295907078448e+02
9.390000000000000568e-01 2.470496310098356503e+02
9.400000000000000577e-01 2.476492985719160629e+02
9.410000000000000586e-01 2.482495320132171059e+02
9.420000000000000595e-01 2.488503310704121532e+02
9.430000000000000604e-01 2.494516954805779960e+02
9.440000000000000613e-01 2.500536249811941047e+02
9.450000000000000622e-01 2.506561193101413778e+02
9.460000000000000631e-01 2.512591782057018577e+02
9.470000000000000639e-01 2.518628014065566845e+02
9.480000000000000648e-01 2.524669886517856980e+02
9.490000000000000657e-01 2.530717396808662443e+02
9.500000000000000666e-01 2.536770542336718677e+02
9.510000000000000675e-01 2.542829320504726525e+02
9.520000000000000684e-01 2.548893728719320393e+02
9.530000000000000693e-01 2.554963764391075642e+02
9.540000000000000702e-01 2.561039424934491535e+02
9.550000000000000711e-01 2.567120707767982140e+02
9.560000000000000719e-01 2.573207610313867235e+02
9.570000000000000728e-01 2.579300129998360944e+02
9.580000000000000737e-01 2.585398264251566616e+02
9.590000000000000746e-01 2.591502010507457499e+02
9.599999999999999645e-01 2.597611366203873331e+02
9.609999999999999654e-01 2.603726328782519204e+02
9.619999999999999662e-01 2.609846895688935433e+02
9.629999999999999671e-01 2.615973064372505519e+02
9.639999999999999680e-01 2.622104832286438523e+02
9.649999999999999689e-01 2.628242196887757132e+02
9.659999999999999698e-01 2.634385155637300500e+02
9.669999999999999707e-01 2.640533705999696963e+02
9.679999999999999716e-01 2.646687845443374272e+02
9.689999999999999725e-01 2.652847571440528327e+02
9.699999999999999734e-01 2.659012881467132274e+02
9.709999999999999742e-01 2.665183773002920589e+02
9.719999999999999751e-01 2.671360243531374863e+02
9.729999999999999760e-01 2.677542290539720398e+02
9.739999999999999769e-01 2.683729911518915969e+02
9.749999999999999778e-01 2.689923103963643030e+02
9.759999999999999787e-01 2.696121865372298885e+02
9.769999999999999796e-01 2.702326193246977937e+02
9.779999999999999805e-01 2.708536085093486463e+02
9.789999999999999813e-01 2.714751538421300552e+02
9.799999999999999822e-01 2.720972550743584293e+02
9.809999999999999831e-01 2.727199119577163628e+02
9.819999999999999840e-01 2.733431242442529197e+02
9.829999999999999849e-01 2.739668916863818708e+02
9.839999999999999858e-01 2.745912140368814107e+02
9.849999999999999867e-01 2.752160910488927357e+02
9.859999999999999876e-01 2.758415224759194757e+02
9.869999999999999885e-01 2.764675080718267282e+02
9.879999999999999893e-01 2.770940475908400913e+02
9.889999999999999902e-01 2.777211407875448117e+02
9.899999999999999911e-01 2.783487874168852727e+02
9.909999999999999920e-01 2.789769872341635164e+02
9.919999999999999929e-01 2.796057399950388458e+02
9.929999999999999938e-01 2.802350454555263468e+02
9.939999999999999947e-01 2.808649033719967179e+02
9.949999999999999956e-01 2.814953135011750760e+02
9.959999999999999964e-01 2.821262756001405023e+02
9.969999999999999973e-01 2.827577894263241660e+02
9.979999999999999982e-01 2.833898547375092676e+02
9.989999999999999991e-01 2.840224712918301293e+02
1.000000000000000000e+00 2.846556388477717405e+02
