0.000000000000000000e+00 0.000000000000000000e+00
1.000000000000000021e-03 7.958823316309272811e-02
2.000000000000000042e-03 -7.490252807825728554e-02
3.000000000000000062e-03 -2.657956344449129427e-01
4.000000000000000083e-03 -4.720774864657253378e-01
5.000000000000000104e-03 -6.859659324257094681e-01
6.000000000000000125e-03 -9.036883255990898478e-01
7.000000000000000146e-03 -1.123141621358808795e+00
8.000000000000000167e-03 -1.343048033800771091e+00
9.000000000000001055e-03 -1.562585036870185018e+00
1.000000000000000021e-02 -1.781201323658590630e+00
1.099999999999999936e-02 -1.998516626455152823e+00
1.200000000000000025e-02 -2.214263363258289985e+00
1.300000000000000114e-02 -2.428250802339082970e+00
1.400000000000000029e-02 -2.640342101467830105e+00
1.499999999999999944e-02 -2.850439075367171782e+00
1.600000000000000033e-02 -3.058471792593731031e+00
1.700000000000000122e-02 -3.264391294182843239e+00
1.800000000000000211e-02 -3.468164389237447409e+00
1.899999999999999953e-02 -3.669769867113303885e+00
2.000000000000000042e-02 -3.869195696946647889e+00
2.100000000000000130e-02 -4.066436928543329721e+00
2.199999999999999872e-02 -4.261494099921946166e+00
2.299999999999999961e-02 -4.454372016366614950e+00
2.400000000000000050e-02 -4.645078805556088319e+00
2.500000000000000139e-02 -4.833625180326301063e+00
2.600000000000000228e-02 -5.020023859288372137e+00
2.699999999999999969e-02 -5.204289108636108274e+00
2.800000000000000058e-02 -5.386436377821402388e+00
2.900000000000000147e-02 -5.566482008522032565e+00
2.999999999999999889e-02 -5.744443001256271053e+00
3.099999999999999978e-02 -5.920336827640801936e+00
3.200000000000000067e-02 -6.094181279006884999e+00
3.300000000000000155e-02 -6.265994344138050565e+00
3.400000000000000244e-02 -6.435794110449222671e+00
3.500000000000000333e-02 -6.603598684120201234e+00
3.600000000000000422e-02 -6.769426125617360235e+00
3.699999999999999817e-02 -6.933294397753777538e+00
3.799999999999999906e-02 -7.095221323998161189e+00
3.899999999999999994e-02 -7.255224555184931923e+00
4.000000000000000083e-02 -7.413321543126891733e+00
4.100000000000000172e-02 -7.569529519910934923e+00
4.200000000000000261e-02 -7.723865481879832018e+00
4.300000000000000350e-02 -7.876346177482682620e+00
4.399999999999999745e-02 -8.026988098321258036e+00
4.499999999999999833e-02 -8.175807472837350431e+00
4.599999999999999922e-02 -8.322820262181521045e+00
4.700000000000000011e-02 -8.468042157882512910e+00
4.800000000000000100e-02 -8.611488581000362075e+00
4.900000000000000189e-02 -8.753174682499439641e+00
5.000000000000000278e-02 -8.893115344621181251e+00
5.100000000000000366e-02 -9.031325183072404172e+00
5.200000000000000455e-02 -9.167818549875386580e+00
5.299999999999999850e-02 -9.302609536750747310e+00
5.399999999999999939e-02 -9.435711978924800292e+00
5.500000000000000028e-02 -9.567139459271061241e+00
5.600000000000000117e-02 -9.696905312709825253e+00
5.700000000000000205e-02 -9.825022630801925061e+00
5.800000000000000294e-02 -9.951504266483677696e+00
5.900000000000000383e-02 -1.007636283889791073e+01
5.999999999999999778e-02 -1.019961073828419451e+01
6.099999999999999867e-02 -1.032126013089678018e+01
6.199999999999999956e-02 -1.044132296392475290e+01
6.300000000000000044e-02 -1.055981097039252248e+01
6.400000000000000133e-02 -1.067673567402344759e+01
6.500000000000000222e-02 -1.079210839405168088e+01
6.600000000000000311e-02 -1.090594024997086464e+01
6.700000000000000400e-02 -1.101824216620958730e+01
6.800000000000000488e-02 -1.112902487672680074e+01
6.900000000000000577e-02 -1.123829892952042897e+01
7.000000000000000666e-02 -1.134607469104530075e+01
7.100000000000000755e-02 -1.145236235053661034e+01
7.200000000000000844e-02 -1.155717192423684381e+01
7.299999999999999545e-02 -1.166051325952417983e+01
7.399999999999999634e-02 -1.176239603894206809e+01
7.499999999999999722e-02 -1.186282978412931399e+01
7.599999999999999811e-02 -1.196182385965099826e+01
7.699999999999999900e-02 -1.205938747673101830e+01
7.799999999999999989e-02 -1.215552969688702767e+01
7.900000000000000078e-02 -1.225025943546925689e+01
8.000000000000000167e-02 -1.234358546510424937e+01
8.100000000000000255e-02 -1.243551641904586624e+01
8.200000000000000344e-02 -1.252606079443477505e+01
8.300000000000000433e-02 -1.261522695546845085e+01
8.400000000000000522e-02 -1.270302313648400983e+01
8.500000000000000611e-02 -1.278945744495551118e+01
8.600000000000000699e-02 -1.287453786440817005e+01
8.700000000000000788e-02 -1.295827225725122567e+01
8.799999999999999489e-02 -1.304066836753224301e+01
8.899999999999999578e-02 -1.312173382361409146e+01
8.999999999999999667e-02 -1.320147614077768239e+01
9.099999999999999756e-02 -1.327990272375162917e+01
9.199999999999999845e-02 -1.335702086917196141e+01
9.299999999999999933e-02 -1.343283776797281348e+01
9.400000000000000022e-02 -1.350736050771101127e+01
9.500000000000000111e-02 -1.358059607482612563e+01
9.600000000000000200e-02 -1.365255135683783649e+01
9.700000000000000289e-02 -1.372323314448290787e+01
9.800000000000000377e-02 -1.379264813379306176e+01
9.900000000000000466e-02 -1.386080292811617021e+01
1.000000000000000056e-01 -1.392770404008184570e+01
1.010000000000000064e-01 -1.399335789351383852e+01
1.020000000000000073e-01 -1.405777082529010258e+01
1.030000000000000082e-01 -1.412094908715304165e+01
1.040000000000000091e-01 -1.418289884747076712e+01
1.049999999999999961e-01 -1.424362619295102306e+01
1.059999999999999970e-01 -1.430313713030953338e+01
1.069999999999999979e-01 -1.436143758789402725e+01
1.079999999999999988e-01 -1.441853341726523929e+01
1.089999999999999997e-01 -1.447443039473604642e+01
1.100000000000000006e-01 -1.452913422287081424e+01
1.110000000000000014e-01 -1.458265053194498506e+01
1.120000000000000023e-01 -1.463498488136730558e+01
1.130000000000000032e-01 -1.468614276106499439e+01
1.140000000000000041e-01 -1.473612959283338952e+01
1.150000000000000050e-01 -1.478495073165120921e+01
1.160000000000000059e-01 -1.483261146696217203e+01
1.170000000000000068e-01 -1.487911702392421276e+01
1.180000000000000077e-01 -1.492447256462740057e+01
1.190000000000000085e-01 -1.496868318928114050e+01
1.199999999999999956e-01 -1.501175393737190689e+01
1.209999999999999964e-01 -1.505368978879219100e+01
1.219999999999999973e-01 -1.509449566494176054e+01
1.229999999999999982e-01 -1.513417642980188660e+01
1.239999999999999991e-01 -1.517273689098294831e+01
1.250000000000000000e-01 -1.521018180074742077e+01
1.260000000000000009e-01 -1.524651585700742729e+01
1.270000000000000018e-01 -1.528174370429876028e+01
1.280000000000000027e-01 -1.531586993473141156e+01
1.290000000000000036e-01 -1.534889908891769394e+01
1.300000000000000044e-01 -1.538083565687844612e+01
1.310000000000000053e-01 -1.541168407892769565e+01
1.320000000000000062e-01 -1.544144874653711952e+01
1.330000000000000071e-01 -1.547013400317971055e+01
1.340000000000000080e-01 -1.549774414515476906e+01
1.350000000000000089e-01 -1.552428342239328884e+01
1.360000000000000098e-01 -1.554975603924512484e+01
1.370000000000000107e-01 -1.557416615524839187e+01
1.380000000000000115e-01 -1.559751788588116383e+01
1.390000000000000124e-01 -1.561981530329671486e+01
1.400000000000000133e-01 -1.564106243704167731e+01
1.410000000000000142e-01 -1.566126327475875613e+01
1.420000000000000151e-01 -1.568042176287364242e+01
1.430000000000000160e-01 -1.569854180726671267e+01
1.440000000000000169e-01 -1.571562727393037662e+01
1.449999999999999900e-01 -1.573168198961157316e+01
1.459999999999999909e-01 -1.574670974244063615e+01
1.469999999999999918e-01 -1.576071428254678075e+01
1.479999999999999927e-01 -1.577369932265998465e+01
1.489999999999999936e-01 -1.578566853870026954e+01
1.499999999999999944e-01 -1.579662557035433146e+01
1.509999999999999953e-01 -1.580657402164026948e+01
1.519999999999999962e-01 -1.581551746146006288e+01
1.529999999999999971e-01 -1.582345942414082884e+01
1.539999999999999980e-01 -1.583040340996460493e+01
1.549999999999999989e-01 -1.583635288568729571e+01
1.559999999999999998e-01 -1.584131128504695418e+01
1.570000000000000007e-01 -1.584528200926155073e+01
1.580000000000000016e-01 -1.584826842751666831e+01
1.590000000000000024e-01 -1.585027387744335314e+01
1.600000000000000033e-01 -1.585130166558623088e+01
1.610000000000000042e-01 -1.585135506786235915e+01
1.620000000000000051e-01 -1.585043733001079502e+01
1.630000000000000060e-01 -1.584855166803331450e+01
1.640000000000000069e-01 -1.584570126862635675e+01
1.650000000000000078e-01 -1.584188928960458398e+01
1.660000000000000087e-01 -1.583711886031617944e+01
1.670000000000000095e-01 -1.583139308204974682e+01
1.680000000000000104e-01 -1.582471502843370814e+01
1.690000000000000113e-01 -1.581708774582781096e+01
1.700000000000000122e-01 -1.580851425370716790e+01
1.710000000000000131e-01 -1.579899754503906628e+01
1.720000000000000140e-01 -1.578854058665237758e+01
1.730000000000000149e-01 -1.577714631960007452e+01
1.740000000000000158e-01 -1.576481765951527692e+01
1.750000000000000167e-01 -1.575155749696002694e+01
1.759999999999999898e-01 -1.573736869776809399e+01
1.769999999999999907e-01 -1.572225410338097085e+01
1.779999999999999916e-01 -1.570621653117814098e+01
1.789999999999999925e-01 -1.568925877480106124e+01
1.799999999999999933e-01 -1.567138360447098933e+01
1.809999999999999942e-01 -1.565259376730127094e+01
1.819999999999999951e-01 -1.563289198760429599e+01
1.829999999999999960e-01 -1.561228096719211678e+01
1.839999999999999969e-01 -1.559076338567247966e+01
1.849999999999999978e-01 -1.556834190073898938e+01
1.859999999999999987e-01 -1.554501914845651633e+01
1.869999999999999996e-01 -1.552079774354137065e+01
1.880000000000000004e-01 -1.549568027963648653e+01
1.890000000000000013e-01 -1.546966932958184238e+01
1.900000000000000022e-01 -1.544276744568029969e+01
1.910000000000000031e-01 -1.541497715995860673e+01
1.920000000000000040e-01 -1.538630098442421357e+01
1.930000000000000049e-01 -1.535674141131695869e+01
1.940000000000000058e-01 -1.532630091335736999e+01
1.950000000000000067e-01 -1.529498194399016953e+01
1.960000000000000075e-01 -1.526278693762360739e+01
1.970000000000000084e-01 -1.522971830986520203e+01
1.980000000000000093e-01 -1.519577845775281233e+01
1.990000000000000102e-01 -1.516096975998256013e+01
2.000000000000000111e-01 -1.512529457713243808e+01
2.010000000000000120e-01 -1.508875525188266487e+01
2.020000000000000129e-01 -1.505135410923153216e+01
2.030000000000000138e-01 -1.501309345670901507e+01
2.040000000000000147e-01 -1.497397558458550826e+01
2.050000000000000155e-01 -1.493400276607839672e+01
2.060000000000000164e-01 -1.489317725755413413e+01
2.070000000000000173e-01 -1.485150129872775615e+01
2.080000000000000182e-01 -1.480897711285921226e+01
2.089999999999999913e-01 -1.476560690694605604e+01
2.099999999999999922e-01 -1.472139287191346213e+01
2.109999999999999931e-01 -1.467633718280107047e+01
2.119999999999999940e-01 -1.463044199894688013e+01
2.129999999999999949e-01 -1.458370946416837022e+01
2.139999999999999958e-01 -1.453614170694039487e+01
2.149999999999999967e-01 -1.448774084057092360e+01
2.159999999999999976e-01 -1.443850896337323420e+01
2.169999999999999984e-01 -1.438844815883622630e+01
2.179999999999999993e-01 -1.433756049579151792e+01
2.190000000000000002e-01 -1.428584802857854186e+01
2.200000000000000011e-01 -1.423331279720630249e+01
2.210000000000000020e-01 -1.417995682751343267e+01
2.220000000000000029e-01 -1.412578213132536575e+01
2.230000000000000038e-01 -1.407079070660949682e+01
2.240000000000000047e-01 -1.401498453762745555e+01
2.250000000000000056e-01 -1.395836559508557073e+01
2.260000000000000064e-01 -1.390093583628305041e+01
2.270000000000000073e-01 -1.384269720525756142e+01
2.280000000000000082e-01 -1.378365163292919959e+01
2.290000000000000091e-01 -1.372380103724184863e+01
2.300000000000000100e-01 -1.366314732330258863e+01
2.310000000000000109e-01 -1.360169238351930332e+01
2.320000000000000118e-01 -1.353943809773615214e+01
2.330000000000000127e-01 -1.347638633336661940e+01
2.340000000000000135e-01 -1.341253894552551884e+01
2.350000000000000144e-01 -1.334789777715816683e+01
2.360000000000000153e-01 -1.328246465916852870e+01
2.370000000000000162e-01 -1.321624141054474322e+01
2.380000000000000171e-01 -1.314922983848345339e+01
2.390000000000000180e-01 -1.308143173851215835e+01
2.399999999999999911e-01 -1.301284889460976757e+01
2.409999999999999920e-01 -1.294348307932542141e+01
2.419999999999999929e-01 -1.287333605389592961e+01
2.429999999999999938e-01 -1.280240956836111366e+01
2.439999999999999947e-01 -1.273070536167805500e+01
2.449999999999999956e-01 -1.265822516183332525e+01
2.459999999999999964e-01 -1.258497068595373847e+01
2.469999999999999973e-01 -1.251094364041578544e+01
2.479999999999999982e-01 -1.243614572095346205e+01
2.489999999999999991e-01 -1.236057861276448477e+01
2.500000000000000000e-01 -1.228424399061529826e+01
2.510000000000000009e-01 -1.220714351894436689e+01
2.520000000000000018e-01 -1.212927885196409150e+01
2.530000000000000027e-01 -1.205065163376189830e+01
2.540000000000000036e-01 -1.197126349839927428e+01
2.550000000000000044e-01 -1.189111607000953086e+01
2.560000000000000053e-01 -1.181021096289500960e+01
2.570000000000000062e-01 -1.172854978162188644e+01
2.580000000000000071e-01 -1.164613412111464896e+01
2.590000000000000080e-01 -1.156296556674900344e+01
2.600000000000000089e-01 -1.147904569444305167e+01
2.610000000000000098e-01 -1.139437607074823688e+01
2.620000000000000107e-01 -1.130895825293852752e+01
2.630000000000000115e-01 -1.122279378909823322e+01
2.640000000000000124e-01 -1.113588421820920615e+01
2.650000000000000133e-01 -1.104823107023644724e+01
2.660000000000000142e-01 -1.095983586621301242e+01
2.670000000000000151e-01 -1.087070011832369332e+01
2.680000000000000160e-01 -1.078082532998732290e+01
2.690000000000000169e-01 -1.069021299593861585e+01
2.700000000000000178e-01 -1.059886460230807259e+01
2.710000000000000187e-01 -1.050678162670204685e+01
2.720000000000000195e-01 -1.041396553828097638e+01
2.730000000000000204e-01 -1.032041779783640578e+01
2.740000000000000213e-01 -1.022613985786839663e+01
2.750000000000000222e-01 -1.013113316265989283e+01
2.760000000000000231e-01 -1.003539914835230107e+01
2.770000000000000240e-01 -9.938939243018683811e+00
2.780000000000000249e-01 -9.841754866736451390e+00
2.790000000000000258e-01 -9.743847431659329317e+00
2.800000000000000266e-01 -9.645218342088405450e+00
2.810000000000000275e-01 -9.545868994541933716e+00
2.820000000000000284e-01 -9.445800777825070327e+00
2.830000000000000293e-01 -9.345015073097499680e+00
2.840000000000000302e-01 -9.243513253941845420e+00
2.850000000000000311e-01 -9.141296686429896567e+00
2.860000000000000320e-01 -9.038366729188378912e+00
2.870000000000000329e-01 -8.934724733464875612e+00
2.880000000000000338e-01 -8.830372043191172082e+00
2.889999999999999791e-01 -8.725309995047702216e+00
2.899999999999999800e-01 -8.619539918526022859e+00
2.909999999999999809e-01 -8.513063135990769581e+00
2.919999999999999818e-01 -8.405880962741370865e+00
2.929999999999999827e-01 -8.297994707072131604e+00
2.939999999999999836e-01 -8.189405670332980947e+00
2.949999999999999845e-01 -8.080115146987949970e+00
2.959999999999999853e-01 -7.970124424673937114e+00
2.969999999999999862e-01 -7.859434784258745310e+00
2.979999999999999871e-01 -7.748047499897893431e+00
2.989999999999999880e-01 -7.635963839091438388e+00
2.999999999999999889e-01 -7.523185062739742079e+00
3.009999999999999898e-01 -7.409712425198559771e+00
3.019999999999999907e-01 -7.295547174333723461e+00
3.029999999999999916e-01 -7.180690551575281688e+00
3.039999999999999925e-01 -7.065143791970580622e+00
3.049999999999999933e-01 -6.948908124236890416e+00
3.059999999999999942e-01 -6.831984770813935626e+00
3.069999999999999951e-01 -6.714374947915398906e+00
3.079999999999999960e-01 -6.596079865579465462e+00
3.089999999999999969e-01 -6.477100727719633966e+00
3.099999999999999978e-01 -6.357438732174401252e+00
3.109999999999999987e-01 -6.237095070756613069e+00
3.119999999999999996e-01 -6.116070929302168224e+00
3.130000000000000004e-01 -5.994367487718214704e+00
3.140000000000000013e-01 -5.871985920030660111e+00
3.150000000000000022e-01 -5.748927394431493809e+00
3.160000000000000031e-01 -5.625193073325501558e+00
3.170000000000000040e-01 -5.500784113375964068e+00
3.180000000000000049e-01 -5.375701665550771224e+00
3.190000000000000058e-01 -5.249946875166980220e+00
3.200000000000000067e-01 -5.123520881935942128e+00
3.210000000000000075e-01 -4.996424820007273837e+00
3.220000000000000084e-01 -4.868659818012023521e+00
3.230000000000000093e-01 -4.740226999106777583e+00
3.240000000000000102e-01 -4.611127481015774521e+00
3.250000000000000111e-01 -4.481362376073054321e+00
3.260000000000000120e-01 -4.350932791264696675e+00
3.270000000000000129e-01 -4.219839828269982718e+00
3.280000000000000138e-01 -4.088084583502144653e+00
3.290000000000000147e-01 -3.955668148149449337e+00
3.300000000000000155e-01 -3.822591608214551684e+00
3.310000000000000164e-01 -3.688856044554583491e+00
3.320000000000000173e-01 -3.554462532920368290e+00
3.330000000000000182e-01 -3.419412143994847497e+00
3.340000000000000191e-01 -3.283705943432188690e+00
3.350000000000000200e-01 -3.147344991895039357e+00
3.360000000000000209e-01 -3.010330345092860682e+00
3.370000000000000218e-01 -2.872663053818634182e+00
3.380000000000000226e-01 -2.734344163985916509e+00
3.390000000000000235e-01 -2.595374716665332926e+00
3.400000000000000244e-01 -2.455755748120658666e+00
3.410000000000000253e-01 -2.315488289844495284e+00
3.420000000000000262e-01 -2.174573368593755163e+00
3.430000000000000271e-01 -2.033012006424499418e+00
3.440000000000000280e-01 -1.890805220726633706e+00
3.450000000000000289e-01 -1.747954024258355332e+00
3.460000000000000298e-01 -1.604459425179832976e+00
3.470000000000000306e-01 -1.460322427087184849e+00
3.480000000000000315e-01 -1.315544029045483398e+00
3.490000000000000324e-01 -1.170125225621710285e+00
3.500000000000000333e-01 -1.024067006917249500e+00
3.510000000000000342e-01 -8.773703586008210209e-01
3.519999999999999796e-01 -7.300362619394178409e-01
3.529999999999999805e-01 -5.820656938309909378e-01
3.539999999999999813e-01 -4.334596268350452419e-01
3.549999999999999822e-01 -2.842190292038182520e-01
3.559999999999999831e-01 -1.343448649136007589e-01
3.569999999999999840e-01 1.616190630589642296e-02
3.579999999999999849e-01 1.673003289404277893e-01
3.589999999999999858e-01 3.190694516619316801e-01
3.599999999999999867e-01 4.714683272987940654e-01
3.609999999999999876e-01 6.244960128067305050e-01
3.619999999999999885e-01 7.781515692396183681e-01
3.629999999999999893e-01 9.324340617208477511e-01
3.639999999999999902e-01 1.087342559415276355e+00
3.649999999999999911e-01 1.242876135500182500e+00
3.659999999999999920e-01 1.399033867138683718e+00
3.669999999999999929e-01 1.555814835450618716e+00
3.679999999999999938e-01 1.713218125486633880e+00
3.689999999999999947e-01 1.871242826200109732e+00
3.699999999999999956e-01 2.029888030420615053e+00
3.709999999999999964e-01 2.189152834827460481e+00
3.719999999999999973e-01 2.349036339923507910e+00
3.729999999999999982e-01 2.509537650008454079e+00
3.739999999999999991e-01 2.670655873153627624e+00
3.750000000000000000e-01 2.832390121175940578e+00
3.760000000000000009e-01 2.994739509613069117e+00
3.770000000000000018e-01 3.157703157697802965e+00
3.780000000000000027e-01 3.321280188333311401e+00
3.790000000000000036e-01 3.485469728068601114e+00
3.800000000000000044e-01 3.650270907074080640e+00
3.810000000000000053e-01 3.815682859117018211e+00
3.820000000000000062e-01 3.981704721538442016e+00
3.830000000000000071e-01 4.148335635227759610e+00
3.840000000000000080e-01 4.315574744601143209e+00
3.850000000000000089e-01 4.483421197576852535e+00
3.860000000000000098e-01 4.651874145552426398e+00
3.870000000000000107e-01 4.820932743382066121e+00
3.880000000000000115e-01 4.990596149353542899e+00
3.890000000000000124e-01 5.160863525166142551e+00
3.900000000000000133e-01 5.331734035907800262e+00
3.910000000000000142e-01 5.503206850033578235e+00
3.920000000000000151e-01 5.675281139343276493e+00
3.930000000000000160e-01 5.847956078959960280e+00
3.940000000000000169e-01 6.021230847308828515e+00
3.950000000000000178e-01 6.195104626094874334e+00
3.960000000000000187e-01 6.369576600282876200e+00
3.970000000000000195e-01 6.544645958075875569e+00
3.980000000000000204e-01 6.720311890894251405e+00
3.990000000000000213e-01 6.896573593355633136e+00
4.000000000000000222e-01 7.073430263254365968e+00
4.010000000000000231e-01 7.250881101540862517e+00
4.020000000000000240e-01 7.428925312302297357e+00
4.030000000000000249e-01 7.607562102742114973e+00
4.040000000000000258e-01 7.786790683160560889e+00
4.050000000000000266e-01 7.966610266935475693e+00
4.060000000000000275e-01 8.147020070501987732e+00
4.070000000000000284e-01 8.328019313334834806e+00
4.080000000000000293e-01 8.509607217927722900e+00
4.090000000000000302e-01 8.691783009775988944e+00
4.100000000000000311e-01 8.874545917356421398e+00
4.110000000000000320e-01 9.057895172109802218e+00
4.120000000000000329e-01 9.241830008422567744e+00
4.130000000000000338e-01 9.426349663607560103e+00
4.140000000000000346e-01 9.611453377887066551e+00
4.150000000000000355e-01 9.797140394374281414e+00
4.160000000000000364e-01 9.983409959055776994e+00
4.169999999999999818e-01 1.017026132077381817e+01
4.179999999999999827e-01 1.035769373120912462e+01
4.189999999999999836e-01 1.054570644486312148e+01
4.199999999999999845e-01 1.073429871904095023e+01
4.209999999999999853e-01 1.092346981383489890e+01
4.219999999999999862e-01 1.111321899210687292e+01
4.229999999999999871e-01 1.130354551947186081e+01
4.239999999999999880e-01 1.149444866428159173e+01
4.249999999999999889e-01 1.168592769760755345e+01
4.259999999999999898e-01 1.187798189322529652e+01
4.269999999999999907e-01 1.207061052759753039e+01
4.279999999999999916e-01 1.226381287985892499e+01
4.289999999999999925e-01 1.245758823179927788e+01
4.299999999999999933e-01 1.265193586784835134e+01
4.309999999999999942e-01 1.284685507506013380e+01
4.319999999999999951e-01 1.304234514309644055e+01
4.329999999999999960e-01 1.323840536421334946e+01
4.339999999999999969e-01 1.343503503324366477e+01
4.349999999999999978e-01 1.363223344758360156e+01
4.359999999999999987e-01 1.382999990717665639e+01
4.369999999999999996e-01 1.402833371449917621e+01
4.380000000000000004e-01 1.422723417454518824e+01
4.390000000000000013e-01 1.442670059481219624e+01
4.400000000000000022e-01 1.462673228528630176e+01
4.410000000000000031e-01 1.482732855842770903e+01
4.420000000000000040e-01 1.502848872915657097e+01
4.430000000000000049e-01 1.523021211483859361e+01
4.440000000000000058e-01 1.543249803527136521e+01
4.450000000000000067e-01 1.563534581266929280e+01
4.460000000000000075e-01 1.583875477165136658e+01
4.470000000000000084e-01 1.604272423922584778e+01
4.480000000000000093e-01 1.624725354477730122e+01
4.490000000000000102e-01 1.645234202005340052e+01
4.500000000000000111e-01 1.665798899915019859e+01
4.510000000000000120e-01 1.686419381850070920e+01
4.520000000000000129e-01 1.707095581685967289e+01
4.530000000000000138e-01 1.727827433529166257e+01
4.540000000000000147e-01 1.748614871715776786e+01
4.550000000000000155e-01 1.769457830810238619e+01
4.560000000000000164e-01 1.790356245604115060e+01
4.570000000000000173e-01 1.811310051114676156e+01
4.580000000000000182e-01 1.832319182583807304e+01
4.590000000000000191e-01 1.853383575476609479e+01
4.600000000000000200e-01 1.874503165480263789e+01
4.610000000000000209e-01 1.895677888502707020e+01
4.620000000000000218e-01 1.916907680671488379e+01
4.630000000000000226e-01 1.938192478332471325e+01
4.640000000000000235e-01 1.959532218048722996e+01
4.650000000000000244e-01 1.980926836599231677e+01
4.660000000000000253e-01 2.002376270977713801e+01
4.670000000000000262e-01 2.023880458391557369e+01
4.680000000000000271e-01 2.045439336260454155e+01
4.690000000000000280e-01 2.067052842215467479e+01
4.700000000000000289e-01 2.088720914097649484e+01
4.710000000000000298e-01 2.110443489957088303e+01
4.720000000000000306e-01 2.132220508051646135e+01
4.730000000000000315e-01 2.154051906845876374e+01
4.740000000000000324e-01 2.175937625009935772e+01
4.750000000000000333e-01 2.197877601418418436e+01
4.760000000000000342e-01 2.219871775149272963e+01
4.770000000000000351e-01 2.241920085482730229e+01
4.780000000000000360e-01 2.264022471900201339e+01
4.790000000000000369e-01 2.286178874083169177e+01
4.799999999999999822e-01 2.308389231912173045e+01
4.809999999999999831e-01 2.330653485465723662e+01
4.819999999999999840e-01 2.352971575019228823e+01
4.829999999999999849e-01 2.375343441043982295e+01
4.839999999999999858e-01 2.397769024206100141e+01
4.849999999999999867e-01 2.420248265365496110e+01
4.859999999999999876e-01 2.442781105574837852e+01
4.869999999999999885e-01 2.465367486078559978e+01
4.879999999999999893e-01 2.488007348311888478e+01
4.889999999999999902e-01 2.510700633899721623e+01
4.899999999999999911e-01 2.533447284655752441e+01
4.909999999999999920e-01 2.556247242581432033e+01
4.919999999999999929e-01 2.579100449864998268e+01
4.929999999999999938e-01 2.602006848880500911e+01
4.939999999999999947e-01 2.624966382186794789e+01
4.949999999999999956e-01 2.647978992526682163e+01
4.959999999999999964e-01 2.671044622825853310e+01
4.969999999999999973e-01 2.694163216192002608e+01
4.979999999999999982e-01 2.717334715913850118e+01
4.989999999999999991e-01 2.740559065460276145e+01
5.000000000000000000e-01 2.763836208479305867e+01
5.010000000000000009e-01 2.787166088797245322e+01
5.020000000000000018e-01 2.810548650417787542e+01
5.030000000000000027e-01 2.833983837521026317e+01
5.040000000000000036e-01 2.857471594462650444e+01
5.050000000000000044e-01 2.881011865772988756e+01
5.060000000000000053e-01 2.904604596156133312e+01
5.070000000000000062e-01 2.928249730489058322e+01
5.080000000000000071e-01 2.951947213820804450e+01
5.090000000000000080e-01 2.975696991371501099e+01
5.100000000000000089e-01 2.999499008531591926e+01
5.110000000000000098e-01 3.023353210860931028e+01
5.120000000000000107e-01 3.047259544087933136e+01
5.130000000000000115e-01 3.071217954108794856e+01
5.140000000000000124e-01 3.095228386986543967e+01
5.150000000000000133e-01 3.119290788950326032e+01
5.160000000000000142e-01 3.143405106394439485e+01
5.170000000000000151e-01 3.167571285877664877e+01
5.180000000000000160e-01 3.191789274122328379e+01
5.190000000000000169e-01 3.216059018013581294e+01
5.200000000000000178e-01 3.240380464598480614e+01
5.210000000000000187e-01 3.264753561085329636e+01
5.220000000000000195e-01 3.289178254842776994e+01
5.230000000000000204e-01 3.313654493399047851e+01
5.240000000000000213e-01 3.338182224441250412e+01
5.250000000000000222e-01 3.362761395814398213e+01
5.260000000000000231e-01 3.387391955520905640e+01
5.270000000000000240e-01 3.412073851719566164e+01
5.280000000000000249e-01 3.436807032724946964e+01
5.290000000000000258e-01 3.461591447006607325e+01
5.300000000000000266e-01 3.486427043188228936e+01
5.310000000000000275e-01 3.511313770047097194e+01
5.320000000000000284e-01 3.536251576513113548e+01
5.330000000000000293e-01 3.561240411668217121e+01
5.340000000000000302e-01 3.586280224745608791e+01
5.350000000000000311e-01 3.611370965128980970e+01
5.360000000000000320e-01 3.636512582351900846e+01
5.370000000000000329e-01 3.661705026096939264e+01
5.380000000000000338e-01 3.686948246195096601e+01
5.390000000000000346e-01 3.712242192625033965e+01
5.400000000000000355e-01 3.737586815512354121e+01
5.410000000000000364e-01 3.762982065128944953e+01
5.420000000000000373e-01 3.788427891892226285e+01
5.430000000000000382e-01 3.813924246364526027e+01
5.440000000000000391e-01 3.839471079252373897e+01
5.450000000000000400e-01 3.865068341405772401e+01
5.460000000000000409e-01 3.890715983817581503e+01
5.470000000000000417e-01 3.916413957622813768e+01
5.480000000000000426e-01 3.942162214097956507e+01
5.490000000000000435e-01 3.967960704660377758e+01
5.500000000000000444e-01 3.993809380867573111e+01
5.510000000000000453e-01 4.019708194416554647e+01
5.520000000000000462e-01 4.045657097143191550e+01
5.530000000000000471e-01 4.071656041021574879e+01
5.540000000000000480e-01 4.097704978163415035e+01
5.550000000000000488e-01 4.123803860817268685e+01
5.560000000000000497e-01 4.149952641368071227e+01
5.570000000000000506e-01 4.176151272336360876e+01
5.580000000000000515e-01 4.202399706377777022e+01
5.590000000000000524e-01 4.228697896282352531e+01
5.600000000000000533e-01 4.255045794973905515e+01
5.610000000000000542e-01 4.281443355509502169e+01
5.620000000000000551e-01 4.307890531078703589e+01
5.630000000000000560e-01 4.334387275003081186e+01
5.640000000000000568e-01 4.360933540735582881e+01
5.650000000000000577e-01 4.387529281859931984e+01
5.660000000000000586e-01 4.414174452089967815e+01
5.670000000000000595e-01 4.440869005269171055e+01
5.680000000000000604e-01 4.467612895369977366e+01
5.690000000000000613e-01 4.494406076493241642e+01
5.700000000000000622e-01 4.521248502867665309e+01
5.710000000000000631e-01 4.548140128849148311e+01
5.720000000000000639e-01 4.575080908920358524e+01
5.730000000000000648e-01 4.602070797689923154e+01
5.740000000000000657e-01 4.629109749892180048e+01
5.750000000000000666e-01 4.656197720386312255e+01
5.760000000000000675e-01 4.683334664156005545e+01
5.769999999999999574e-01 4.710520536308727912e+01
5.779999999999999583e-01 4.737755292075333102e+01
5.789999999999999591e-01 4.765038886809389851e+01
5.799999999999999600e-01 4.792371275986701562e+01
5.809999999999999609e-01 4.819752415204717977e+01
5.819999999999999618e-01 4.847182260182056268e+01
5.829999999999999627e-01 4.874660766757914132e+01
5.839999999999999636e-01 4.902187890891508459e+01
5.849999999999999645e-01 4.929763588661687379e+01
5.859999999999999654e-01 4.957387816266226821e+01
5.869999999999999662e-01 4.985060530021432612e+01
5.879999999999999671e-01 5.012781686361532252e+01
5.889999999999999680e-01 5.040551241838261376e+01
5.899999999999999689e-01 5.068369153120207216e+01
5.909999999999999698e-01 5.096235376992490274e+01
5.919999999999999707e-01 5.124149870356079361e+01
5.929999999999999716e-01 5.152112590227325484e+01
5.939999999999999725e-01 5.180123493737609408e+01
5.949999999999999734e-01 5.208182538132587069e+01
5.959999999999999742e-01 5.236289680771933774e+01
5.969999999999999751e-01 5.264444879128710397e+01
5.979999999999999760e-01 5.292648090788939896e+01
5.989999999999999769e-01 5.320899273451034617e+01
5.999999999999999778e-01 5.349198384925426808e+01
6.009999999999999787e-01 5.377545383134055612e+01
6.019999999999999796e-01 5.405940226109807156e+01
6.029999999999999805e-01 5.434382871996142228e+01
6.039999999999999813e-01 5.462873279046567632e+01
6.049999999999999822e-01 5.491411405624171493e+01
6.059999999999999831e-01 5.519997210201175619e+01
6.069999999999999840e-01 5.548630651358476484e+01
6.079999999999999849e-01 5.577311687785152117e+01
6.089999999999999858e-01 5.606040278278051403e+01
6.099999999999999867e-01 5.634816381741252656e+01
6.109999999999999876e-01 5.663639957185702656e+01
6.119999999999999885e-01 5.692510963728750539e+01
6.129999999999999893e-01 5.721429360593586466e+01
6.139999999999999902e-01 5.750395107109012827e+01
6.149999999999999911e-01 5.779408162708779173e+01
6.159999999999999920e-01 5.808468486931303687e+01
6.169999999999999929e-01 5.837576039419109009e+01
6.179999999999999938e-01 5.866730779918485439e+01
6.189999999999999947e-01 5.895932668279064615e+01
6.199999999999999956e-01 5.925181664453248231e+01
6.209999999999999964e-01 5.954477728495965039e+01
6.219999999999999973e-01 5.983820820564102405e+01
6.229999999999999982e-01 6.013210900916182311e+01
6.239999999999999991e-01 6.042647929911863969e+01
6.250000000000000000e-01 6.072131868011568656e+01
6.260000000000000009e-01 6.101662675776096023e+01
6.270000000000000018e-01 6.131240313866113922e+01
6.280000000000000027e-01 6.160864743041821612e+01
6.290000000000000036e-01 6.190535924162554693e+01
6.300000000000000044e-01 6.220253818186318995e+01
6.310000000000000053e-01 6.250018386169399776e+01
6.320000000000000062e-01 6.279829589266034873e+01
6.330000000000000071e-01 6.309687388727866164e+01
6.340000000000000080e-01 6.339591745903754827e+01
6.350000000000000089e-01 6.369542622239129059e+01
6.360000000000000098e-01 6.399539979275803603e+01
6.370000000000000107e-01 6.429583778651539205e+01
6.380000000000000115e-01 6.459673982099550926e+01
6.390000000000000124e-01 6.489810551448233866e+01
6.400000000000000133e-01 6.519993448620761001e+01
6.410000000000000142e-01 6.550222635634624169e+01
6.420000000000000151e-01 6.580498074601392489e+01
6.430000000000000160e-01 6.610819727726210715e+01
6.440000000000000169e-01 6.641187557307465283e+01
6.450000000000000178e-01 6.671601525736427618e+01
6.460000000000000187e-01 6.702061595496857649e+01
6.470000000000000195e-01 6.732567729164652803e+01
6.480000000000000204e-01 6.763119889407477103e+01
6.490000000000000213e-01 6.793718038984371788e+01
6.500000000000000222e-01 6.824362140745456884e+01
6.510000000000000231e-01 6.855052157631446619e+01
6.520000000000000240e-01 6.885788052673463255e+01
6.530000000000000249e-01 6.916569788992528345e+01
6.540000000000000258e-01 6.947397329799267141e+01
6.550000000000000266e-01 6.978270638393583170e+01
6.560000000000000275e-01 7.009189678164190695e+01
6.570000000000000284e-01 7.040154412588488242e+01
6.580000000000000293e-01 7.071164805231944683e+01
6.590000000000000302e-01 7.102220819747932978e+01
6.600000000000000311e-01 7.133322419877345055e+01
6.610000000000000320e-01 7.164469569448229436e+01
6.620000000000000329e-01 7.195662232375417489e+01
6.630000000000000338e-01 7.226900372660323058e+01
6.640000000000000346e-01 7.258183954390408132e+01
6.650000000000000355e-01 7.289512941738999530e+01
6.660000000000000364e-01 7.320887298964908041e+01
6.670000000000000373e-01 7.352306990412060372e+01
6.680000000000000382e-01 7.383771980509261823e+01
6.690000000000000391e-01 7.415282233769772802e+01
6.700000000000000400e-01 7.446837714791023188e+01
6.710000000000000409e-01 7.478438388254282643e+01
6.720000000000000417e-01 7.510084218924352228e+01
6.730000000000000426e-01 7.541775171649230458e+01
6.740000000000000435e-01 7.573511211359785023e+01
6.750000000000000444e-01 7.605292303069479942e+01
6.760000000000000453e-01 7.637118411873971979e+01
6.770000000000000462e-01 7.668989502950867632e+01
6.780000000000000471e-01 7.700905541559457390e+01
6.790000000000000480e-01 7.732866493040246780e+01
6.800000000000000488e-01 7.764872322814808570e+01
6.810000000000000497e-01 7.796922996385364968e+01
6.820000000000000506e-01 7.829018479334541780e+01
6.830000000000000515e-01 7.861158737325052925e+01
6.840000000000000524e-01 7.893343736099411956e+01
6.850000000000000533e-01 7.925573441479546943e+01
6.860000000000000542e-01 7.957847819366615738e+01
6.870000000000000551e-01 7.990166835740654960e+01
6.880000000000000560e-01 8.022530456660270204e+01
6.890000000000000568e-01 8.054938648262380241e+01
6.900000000000000577e-01 8.087391376761820538e+01
6.910000000000000586e-01 8.119888608451260836e+01
6.920000000000000595e-01 8.152430309700622502e+01
6.930000000000000604e-01 8.185016446957125424e+01
6.940000000000000613e-01 8.217646986744699689e+01
6.950000000000000622e-01 8.250321895663866201e+01
6.960000000000000631e-01 8.283041140391419788e+01
6.970000000000000639e-01 8.315804687680115137e+01
6.980000000000000648e-01 8.348612504358460740e+01
6.990000000000000657e-01 8.381464557330291143e+01
7.000000000000000666e-01 8.414360813574694475e+01
7.010000000000000675e-01 8.447301240145550594e+01
7.020000000000000684e-01 8.480285804171329289e+01
7.030000000000000693e-01 8.513314472854850123e+01
7.039999999999999591e-01 8.546387213472969790e+01
7.049999999999999600e-01 8.579503993376282267e+01
7.059999999999999609e-01 8.612664779988909913e+01
7.069999999999999618e-01 8.645869540808205045e+01
7.079999999999999627e-01 8.679118243404440136e+01
7.089999999999999636e-01 8.712410855420657185e+01
7.099999999999999645e-01 8.745747344572278337e+01
7.109999999999999654e-01 8.779127678646895561e+01
7.119999999999999662e-01 8.812551825504019121e+01
7.129999999999999671e-01 8.846019753074827463e+01
7.139999999999999680e-01 8.879531429361803418e+01
7.149999999999999689e-01 8.913086822438663148e+01
7.159999999999999698e-01 8.946685900449915607e+01
7.169999999999999707e-01 8.980328631610717594e+01
7.179999999999999716e-01 9.014014984206554004e+01
7.189999999999999725e-01 9.047744926593047410e+01
7.199999999999999734e-01 9.081518427195685206e+01
7.209999999999999742e-01 9.115335454509505553e+01
7.219999999999999751e-01 9.149195977098953847e+01
7.229999999999999760e-01 9.183099963597530291e+01
7.239999999999999769e-01 9.217047382707627889e+01
7.249999999999999778e-01 9.251038203200275234e+01
7.259999999999999787e-01 9.285072393914796862e+01
7.269999999999999796e-01 9.319149923758708098e+01
7.279999999999999805e-01 9.353270761707364045e+01
7.289999999999999813e-01 9.387434876803793316e+01
7.299999999999999822e-01 9.421642238158388238e+01
7.309999999999999831e-01 9.455892814948774117e+01
7.319999999999999840e-01 9.490186576419399955e+01
7.329999999999999849e-01 9.524523491881461723e+01
7.339999999999999858e-01 9.558903530712636609e+01
7.349999999999999867e-01 9.593326662356744805e+01
7.359999999999999876e-01 9.627792856323671344e+01
7.369999999999999885e-01 9.662302082189000885e+01
7.379999999999999893e-01 9.696854309593886967e+01
7.389999999999999902e-01 9.731449508244706692e+01
7.399999999999999911e-01 9.766087647912981140e+01
7.409999999999999920e-01 9.800768698435027204e+01
7.419999999999999929e-01 9.835492629711774271e+01
7.429999999999999938e-01 9.870259411708572372e+01
7.439999999999999947e-01 9.905069014454906551e+01
7.449999999999999956e-01 9.939921408044172324e+01
7.459999999999999964e-01 9.974816562633560579e+01
7.469999999999999973e-01 1.000975444844371367e+02
7.479999999999999982e-01 1.004473503575852078e+02
7.489999999999999991e-01 1.007975829492497155e+02
7.500000000000000000e-01 1.011482419635289602e+02
7.510000000000000009e-01 1.014993271051475716e+02
7.520000000000000018e-01 1.018508380794538084e+02
7.530000000000000027e-01 1.022027745924183648e+02
7.540000000000000036e-01 1.025551363506314146e+02
7.550000000000000044e-01 1.029079230613009486e+02
7.560000000000000053e-01 1.032611344322504578e+02
7.570000000000000062e-01 1.036147701719169447e+02
7.580000000000000071e-01 1.039688299893489614e+02
7.590000000000000080e-01 1.043233135942037961e+02
7.600000000000000089e-01 1.046782206967466777e+02
7.610000000000000098e-01 1.050335510078469099e+02
7.620000000000000107e-01 1.053893042389782408e+02
7.630000000000000115e-01 1.057454801022143158e+02
7.640000000000000124e-01 1.061020783102284497e+02
7.650000000000000133e-01 1.064590985762899606e+02
7.660000000000000142e-01 1.068165406142644827e+02
7.670000000000000151e-01 1.071744041386098161e+02
7.680000000000000160e-01 1.075326888643744780e+02
7.690000000000000169e-01 1.078913945071966509e+02
7.700000000000000178e-01 1.082505207833007148e+02
7.710000000000000187e-01 1.086100674094962812e+02
7.720000000000000195e-01 1.089700341031764879e+02
7.730000000000000204e-01 1.093304205823150426e+02
7.740000000000000213e-01 1.096912265654643761e+02
7.750000000000000222e-01 1.100524517717551305e+02
7.760000000000000231e-01 1.104140959208925494e+02
7.770000000000000240e-01 1.107761587331555404e+02
7.780000000000000249e-01 1.111386399293943441e+02
7.790000000000000258e-01 1.115015392310281754e+02
7.800000000000000266e-01 1.118648563600448540e+02
7.810000000000000275e-01 1.122285910389973083e+02
7.820000000000000284e-01 1.125927429910026376e+02
7.830000000000000293e-01 1.129573119397400944e+02
7.840000000000000302e-01 1.133222976094483840e+02
7.850000000000000311e-01 1.136876997249253805e+02
7.860000000000000320e-01 1.140535180115250569e+02
7.870000000000000329e-01 1.144197521951563772e+02
7.880000000000000338e-01 1.147864020022802265e+02
7.890000000000000346e-01 1.151534671599095532e+02
7.900000000000000355e-01 1.155209473956053614e+02
7.910000000000000364e-01 1.158888424374777628e+02
7.920000000000000373e-01 1.162571520141804911e+02
7.930000000000000382e-01 1.166258758549125218e+02
7.940000000000000391e-01 1.169950136894144634e+02
7.950000000000000400e-01 1.173645652479669081e+02
7.960000000000000409e-01 1.177345302613896649e+02
7.970000000000000417e-01 1.181049084610384057e+02
7.980000000000000426e-01 1.184756995788043810e+02
7.990000000000000435e-01 1.188469033471123453e+02
8.000000000000000444e-01 1.192185194989182548e+02
8.010000000000000453e-01 1.195905477677077329e+02
8.020000000000000462e-01 1.199629878874949611e+02
8.030000000000000471e-01 1.203358395928206335e+02
8.040000000000000480e-01 1.207091026187499949e+02
8.050000000000000488e-01 1.210827767008707951e+02
8.060000000000000497e-01 1.214568615752929475e+02
8.070000000000000506e-01 1.218313569786457151e+02
8.080000000000000515e-01 1.222062626480765175e+02
8.090000000000000524e-01 1.225815783212490260e+02
8.100000000000000533e-01 1.229573037363416859e+02
8.110000000000000542e-01 1.233334386320456986e+02
8.120000000000000551e-01 1.237099827475641689e+02
8.130000000000000560e-01 1.240869358226097461e+02
8.140000000000000568e-01 1.244642975974034584e+02
8.150000000000000577e-01 1.248420678126726386e+02
8.160000000000000586e-01 1.252202462096494742e+02
8.170000000000000595e-01 1.255988325300697852e+02
8.180000000000000604e-01 1.259778265161713193e+02
8.190000000000000613e-01 1.263572279106917051e+02
8.200000000000000622e-01 1.267370364568668037e+02
8.210000000000000631e-01 1.271172518984299984e+02
8.220000000000000639e-01 1.274978739796102047e+02
8.230000000000000648e-01 1.278789024451299383e+02
8.240000000000000657e-01 1.282603370402040071e+02
8.250000000000000666e-01 1.286421775105379481e+02
8.260000000000000675e-01 1.290244236023268343e+02
8.270000000000000684e-01 1.294070750622532557e+02
8.280000000000000693e-01 1.297901316374863541e+02
8.290000000000000702e-01 1.301735930756792925e+02
8.300000000000000711e-01 1.305574591249686307e+02
8.310000000000000719e-01 1.309417295339727048e+02
8.320000000000000728e-01 1.313264040517899502e+02
8.329999999999999627e-01 1.317114824279973391e+02
8.339999999999999636e-01 1.320969644126493847e+02
8.349999999999999645e-01 1.324828497562756127e+02
8.359999999999999654e-01 1.328691382098802478e+02
8.369999999999999662e-01 1.332558295249399691e+02
8.379999999999999671e-01 1.336429234534031991e+02
8.389999999999999680e-01 1.340304197476873753e+02
8.399999999999999689e-01 1.344183181606791777e+02
8.409999999999999698e-01 1.348066184457317149e+02
8.419999999999999707e-01 1.351953203566632169e+02
8.429999999999999716e-01 1.355844236477571201e+02
8.439999999999999725e-01 1.359739280737579463e+02
8.449999999999999734e-01 1.363638333898729513e+02
8.459999999999999742e-01 1.367541393517681456e+02
8.469999999999999751e-01 1.371448457155682377e+02
8.479999999999999760e-01 1.375359522378547865e+02
8.489999999999999769e-01 1.379274586756651217e+02
8.499999999999999778e-01 1.383193647864910645e+02
8.509999999999999787e-01 1.387116703282765968e+02
8.519999999999999796e-01 1.391043750594177482e+02
8.529999999999999805e-01 1.394974787387599235e+02
8.539999999999999813e-01 1.398909811255977900e+02
8.549999999999999822e-01 1.402848819796731732e+02
8.559999999999999831e-01 1.406791810611739777e+02
8.569999999999999840e-01 1.410738781307325382e+02
8.579999999999999849e-01 1.414689729494243977e+02
8.589999999999999858e-01 1.418644652787673124e+02
8.599999999999999867e-01 1.422603548807197740e+02
8.609999999999999876e-01 1.426566415176793612e+02
8.619999999999999885e-01 1.430533249524814892e+02
8.629999999999999893e-01 1.434504049483981305e+02
8.639999999999999902e-01 1.438478812691369910e+02
8.649999999999999911e-01 1.442457536788400034e+02
8.659999999999999920e-01 1.446440219420812241e+02
8.669999999999999929e-01 1.450426858238660373e+02
8.679999999999999938e-01 1.454417450896305866e+02
8.689999999999999947e-01 1.458411995052398424e+02
8.699999999999999956e-01 1.462410488369860957e+02
8.709999999999999964e-01 1.466412928515878491e+02
8.719999999999999973e-01 1.470419313161889647e+02
8.729999999999999982e-01 1.474429639983569018e+02
8.739999999999999991e-01 1.478443906660818072e+02
8.750000000000000000e-01 1.482462110877746966e+02
8.760000000000000009e-01 1.486484250322672835e+02
8.770000000000000018e-01 1.490510322688096210e+02
8.780000000000000027e-01 1.494540325670689924e+02
8.790000000000000036e-01 1.498574256971301963e+02
8.800000000000000044e-01 1.502612114294915671e+02
8.810000000000000053e-01 1.506653895350664527e+02
8.820000000000000062e-01 1.510699597851806288e+02
8.830000000000000071e-01 1.514749219515704510e+02
8.840000000000000080e-01 1.518802758063839917e+02
8.850000000000000089e-01 1.522860211221768907e+02
8.860000000000000098e-01 1.526921576719141171e+02
8.870000000000000107e-01 1.530986852289657634e+02
8.880000000000000115e-01 1.535056035671084658e+02
8.890000000000000124e-01 1.539129124605224774e+02
8.900000000000000133e-01 1.543206116837914408e+02
8.910000000000000142e-01 1.547287010119009665e+02
8.920000000000000151e-01 1.551371802202374113e+02
8.930000000000000160e-01 1.555460490845864854e+02
8.940000000000000169e-01 1.559553073811323998e+02
8.950000000000000178e-01 1.563649548864568146e+02
8.960000000000000187e-01 1.567749913775374750e+02
8.970000000000000195e-01 1.571854166317469890e+02
8.980000000000000204e-01 1.575962304268519745e+02
8.990000000000000213e-01 1.580074325410113829e+02
9.000000000000000222e-01 1.584190227527757315e+02
9.010000000000000231e-01 1.588310008410869045e+02
9.020000000000000240e-01 1.592433665852748845e+02
9.030000000000000249e-01 1.596561197650585484e+02
9.040000000000000258e-01 1.600692601605433651e+02
9.050000000000000266e-01 1.604827875522214526e+02
9.060000000000000275e-01 1.608967017209694177e+02
9.070000000000000284e-01 1.613110024480477307e+02
9.080000000000000293e-01 1.617256895150990488e+02
9.090000000000000302e-01 1.621407627041483011e+02
9.100000000000000311e-01 1.625562217976005002e+02
9.110000000000000320e-01 1.629720665782405149e+02
9.120000000000000329e-01 1.633882968292308817e+02
9.130000000000000338e-01 1.638049123341117195e+02
9.140000000000000346e-01 1.642219128767992231e+02
9.150000000000000355e-01 1.646392982415854647e+02
9.160000000000000364e-01 1.650570682131349542e+02
9.170000000000000373e-01 1.654752225764870559e+02
9.180000000000000382e-01 1.658937611170518380e+02
9.190000000000000391e-01 1.663126836206101018e+02
9.200000000000000400e-01 1.667319898733139780e+02
9.210000000000000409e-01 1.671516796616824934e+02
9.220000000000000417e-01 1.675717527726037588e+02
9.230000000000000426e-01 1.679922089933324969e+02
9.240000000000000435e-01 1.684130481114884219e+02
9.250000000000000444e-01 1.688342699150564385e+02
9.260000000000000453e-01 1.692558741923851642e+02
9.270000000000000462e-01 1.696778607321857066e+02
9.280000000000000471e-01 1.701002293235304421e+02
9.290000000000000480e-01 1.705229797558535267e+02
9.300000000000000488e-01 1.709461118189470312e+02
9.310000000000000497e-01 1.713696253029629304e+02
9.320000000000000506e-01 1.717935199984102894e+02
9.330000000000000515e-01 1.722177956961551786e+02
9.340000000000000524e-01 1.726424521874187121e+02
9.350000000000000533e-01 1.730674892637765652e+02
9.360000000000000542e-01 1.734929067171590873e+02
9.370000000000000551e-01 1.739187043398483468e+02
9.380000000000000560e-01 1.743448819244786989e+02
9.390000000000000568e-01 1.747714392640341714e+02
9.400000000000000577e-01 1.751983761518499421e+02
9.410000000000000586e-01 1.756256923816090705e+02
9.420000000000000595e-01 1.760533877473429243e+02
9.430000000000000604e-01 1.764814620434291612e+02
9.440000000000000613e-01 1.769099150645922691e+02
9.450000000000000622e-01 1.773387466059003259e+02
9.460000000000000631e-01 1.777679564627668753e+02
9.470000000000000639e-01 1.781975444309478860e+02
9.480000000000000648e-01 1.786275103065414669e+02
9.490000000000000657e-01 1.790578538859869582e+02
9.500000000000000666e-01 1.794885749660638794e+02
9.510000000000000675e-01 1.799196733438914464e+02
9.520000000000000684e-01 1.803511488169268944e+02
9.530000000000000693e-01 1.807830011829650516e+02
9.540000000000000702e-01 1.812152302401375721e+02
9.550000000000000711e-01 1.816478357869113438e+02
9.560000000000000719e-01 1.820808176220888583e+02
9.570000000000000728e-01 1.825141755448053118e+02
9.580000000000000737e-01 1.829479093545294575e+02
9.590000000000000746e-01 1.833820188510620994e+02
9.599999999999999645e-01 1.838165038345353253e+02
9.609999999999999654e-01 1.842513641054107438e+02
9.619999999999999662e-01 1.846865994644805937e+02
9.629999999999999671e-01 1.851222097128639916e+02
9.639999999999999680e-01 1.855581946520092345e+02
9.649999999999999689e-01 1.859945540836904172e+02
9.659999999999999698e-01 1.864312878100070634e+02
9.669999999999999707e-01 1.868683956333847789e+02
9.679999999999999716e-01 1.873058773565725232e+02
9.689999999999999725e-01 1.877437327826425815e+02
9.699999999999999734e-01 1.881819617149897113e+02
9.709999999999999742e-01 1.886205639573302904e+02
9.719999999999999751e-01 1.890595393137004976e+02
9.729999999999999760e-01 1.894988875884574497e+02
9.739999999999999769e-01 1.899386085862763025e+02
9.749999999999999778e-01 1.903787021121510747e+02
9.759999999999999787e-01 1.908191679713923463e+02
9.769999999999999796e-01 1.912600059696269739e+02
9.779999999999999805e-01 1.917012159127979487e+02
9.789999999999999813e-01 1.921427976071629189e+02
9.799999999999999822e-01 1.925847508592932513e+02
9.809999999999999831e-01 1.930270754760728380e+02
9.819999999999999840e-01 1.934697712646983518e+02
9.829999999999999849e-01 1.939128380326779109e+02
9.839999999999999858e-01 1.943562755878302539e+02
9.849999999999999867e-01 1.948000837382834334e+02
9.859999999999999876e-01 1.952442622924748719e+02
9.869999999999999885e-01 1.956888110591496570e+02
9.879999999999999893e-01 1.961337298473604847e+02
9.889999999999999902e-01 1.965790184664667777e+02
9.899999999999999911e-01 1.970246767261332366e+02
9.909999999999999920e-01 1.974707044363297825e+02
9.919999999999999929e-01 1.979171014073303638e+02
9.929999999999999938e-01 1.983638674497119894e+02
9.939999999999999947e-01 1.988110023743547288e+02
9.949999999999999956e-01 1.992585059924395239e+02
9.959999999999999964e-01 1.997063781154493540e+02
9.969999999999999973e-01 2.001546185551665076e+02
9.979999999999999982e-01 2.006032271236729514e+02
9.989999999999999991e-01 2.010522036333491371e+02
1.000000000000000000e+00 2.015015478968737455e+02
