0.000000000000000000e+00 0.000000000000000000e+00
1.000000000000000021e-03 9.112863022348574593e-02
2.000000000000000042e-03 -5.811964919407267699e-02
3.000000000000000062e-03 -2.458178290140944633e-01
4.000000000000000083e-03 -4.501090387124345171e-01
5.000000000000000104e-03 -6.628286318701264168e-01
6.000000000000000125e-03 -8.799873529702773034e-01
7.000000000000000146e-03 -1.099344001899012158e+00
8.000000000000000167e-03 -1.319525756673191719e+00
9.000000000000001055e-03 -1.539641180077427896e+00
1.000000000000000021e-02 -1.759087012309171305e+00
1.099999999999999936e-02 -1.977442623583954839e+00
1.200000000000000025e-02 -2.194408316667392445e+00
1.300000000000000114e-02 -2.409767304198255911e+00
1.400000000000000029e-02 -2.623361259961650926e+00
1.499999999999999944e-02 -2.835074040758763125e+00
1.600000000000000033e-02 -3.044820528281083849e+00
1.700000000000000122e-02 -3.252538789772596139e+00
1.800000000000000211e-02 -3.458184452906476025e+00
1.899999999999999953e-02 -3.661726595172101195e+00
2.000000000000000042e-02 -3.863144691896745364e+00
2.100000000000000130e-02 -4.062426318487835530e+00
2.199999999999999872e-02 -4.259565399158375953e+00
2.299999999999999961e-02 -4.454560857609455304e+00
2.400000000000000050e-02 -4.647415567369377776e+00
2.500000000000000139e-02 -4.838135528244063899e+00
2.600000000000000228e-02 -5.026729215258480821e+00
2.699999999999999969e-02 -5.213207060493508571e+00
2.800000000000000058e-02 -5.397581038238031148e+00
2.900000000000000147e-02 -5.579864331120897525e+00
2.999999999999999889e-02 -5.760071060193302728e+00
3.099999999999999978e-02 -5.938216065859828419e+00
3.200000000000000067e-02 -6.114314729494517486e+00
3.300000000000000155e-02 -6.288382827797057928e+00
3.400000000000000244e-02 -6.460436413634159436e+00
3.500000000000000333e-02 -6.630491718408967117e+00
3.600000000000000422e-02 -6.798565072006314658e+00
3.699999999999999817e-02 -6.964672837143996098e+00
3.799999999999999906e-02 -7.128831355575127482e+00
3.899999999999999994e-02 -7.291056904071346878e+00
4.000000000000000083e-02 -7.451365658501820199e+00
4.100000000000000172e-02 -7.609773664630866463e+00
4.200000000000000261e-02 -7.766296814503836465e+00
4.300000000000000350e-02 -7.920950827489911639e+00
4.399999999999999745e-02 -8.073751235212194288e+00
4.499999999999999833e-02 -8.224713369726604384e+00
4.599999999999999922e-02 -8.373852354418559685e+00
4.700000000000000011e-02 -8.521183097174485965e+00
4.800000000000000100e-02 -8.666720285457659045e+00
4.900000000000000189e-02 -8.810478382977843026e+00
5.000000000000000278e-02 -8.952471627693949330e+00
5.100000000000000366e-02 -9.092714030929965219e+00
5.200000000000000455e-02 -9.231219377419108696e+00
5.299999999999999850e-02 -9.368001226119851310e+00
5.399999999999999939e-02 -9.503072911671498701e+00
5.500000000000000028e-02 -9.636447546377485907e+00
5.600000000000000117e-02 -9.768138022621354111e+00
5.700000000000000205e-02 -9.898157015635247191e+00
5.800000000000000294e-02 -1.002651698655222035e+01
5.900000000000000383e-02 -1.015323018568490099e+01
5.999999999999999778e-02 -1.027830865598107302e+01
6.099999999999999867e-02 -1.040176423661436367e+01
6.199999999999999956e-02 -1.052360856667507072e+01
6.300000000000000044e-02 -1.064385308893072590e+01
6.400000000000000133e-02 -1.076250905363128041e+01
6.500000000000000222e-02 -1.087958752233753401e+01
6.600000000000000311e-02 -1.099509937175470675e+01
6.700000000000000400e-02 -1.110905529755589427e+01
6.800000000000000488e-02 -1.122146581818303268e+01
6.900000000000000577e-02 -1.133234127861452123e+01
7.000000000000000666e-02 -1.144169185409099931e+01
7.100000000000000755e-02 -1.154952755379182783e+01
7.200000000000000844e-02 -1.165585822445678943e+01
7.299999999999999545e-02 -1.176069355394770710e+01
7.399999999999999634e-02 -1.186404307474720454e+01
7.499999999999999722e-02 -1.196591616739052810e+01
7.599999999999999811e-02 -1.206632206382921702e+01
7.699999999999999900e-02 -1.216526985072463063e+01
7.799999999999999989e-02 -1.226276847267029169e+01
7.900000000000000078e-02 -1.235882673534253584e+01
8.000000000000000167e-02 -1.245345330857911392e+01
8.100000000000000255e-02 -1.254665672938605070e+01
8.200000000000000344e-02 -1.263844540487298929e+01
8.300000000000000433e-02 -1.272882761511742800e+01
8.400000000000000522e-02 -1.281781151595901136e+01
8.500000000000000611e-02 -1.290540514172445263e+01
8.600000000000000699e-02 -1.299161640788433481e+01
8.700000000000000788e-02 -1.307645311364283458e+01
8.799999999999999489e-02 -1.315992294446186150e+01
8.899999999999999578e-02 -1.324203347452025348e+01
8.999999999999999667e-02 -1.332279216911051201e+01
9.099999999999999756e-02 -1.340220638697317668e+01
9.199999999999999845e-02 -1.348028338257129377e+01
9.299999999999999933e-02 -1.355703030830583700e+01
9.400000000000000022e-02 -1.363245421667373769e+01
9.500000000000000111e-02 -1.370656206236984787e+01
9.600000000000000200e-02 -1.377936070433448279e+01
9.700000000000000289e-02 -1.385085690774753786e+01
9.800000000000000377e-02 -1.392105734597133448e+01
9.900000000000000466e-02 -1.398996860244262308e+01
1.000000000000000056e-01 -1.405759717251596541e+01
1.010000000000000064e-01 -1.412394946525941819e+01
1.020000000000000073e-01 -1.418903180520372231e+01
1.030000000000000082e-01 -1.425285043404696239e+01
1.040000000000000091e-01 -1.431541151231479247e+01
1.049999999999999961e-01 -1.437672112097898491e+01
1.059999999999999970e-01 -1.443678526303391862e+01
1.069999999999999979e-01 -1.449560986503356474e+01
1.079999999999999988e-01 -1.455320077858916505e+01
1.089999999999999997e-01 -1.460956378182926585e+01
1.100000000000000006e-01 -1.466470458082275741e+01
1.110000000000000014e-01 -1.471862881096658349e+01
1.120000000000000023e-01 -1.477134203833850812e+01
1.130000000000000032e-01 -1.482284976101635365e+01
1.140000000000000041e-01 -1.487315741036454497e+01
1.150000000000000050e-01 -1.492227035228878407e+01
1.160000000000000059e-01 -1.497019388846009846e+01
1.170000000000000068e-01 -1.501693325750884611e+01
1.180000000000000077e-01 -1.506249363618972126e+01
1.190000000000000085e-01 -1.510688014051827466e+01
1.199999999999999956e-01 -1.515009782688030882e+01
1.209999999999999964e-01 -1.519215169311454083e+01
1.219999999999999973e-01 -1.523304667956915637e+01
1.229999999999999982e-01 -1.527278767013369531e+01
1.239999999999999991e-01 -1.531137949324587488e+01
1.250000000000000000e-01 -1.534882692287527917e+01
1.260000000000000009e-01 -1.538513467948360258e+01
1.270000000000000018e-01 -1.542030743096245615e+01
1.280000000000000027e-01 -1.545434979354983085e+01
1.290000000000000036e-01 -1.548726633272477926e+01
1.300000000000000044e-01 -1.551906156408185744e+01
1.310000000000000053e-01 -1.554973995418567156e+01
1.320000000000000062e-01 -1.557930592140547077e+01
1.330000000000000071e-01 -1.560776383673146483e+01
1.340000000000000080e-01 -1.563511802457220057e+01
1.350000000000000089e-01 -1.566137276353432739e+01
1.360000000000000098e-01 -1.568653228718485160e+01
1.370000000000000107e-01 -1.571060078479654187e+01
1.380000000000000115e-01 -1.573358240207677383e+01
1.390000000000000124e-01 -1.575548124188039267e+01
1.400000000000000133e-01 -1.577630136490695634e+01
1.410000000000000142e-01 -1.579604679038286008e+01
1.420000000000000151e-01 -1.581472149672850769e+01
1.430000000000000160e-01 -1.583232942221146899e+01
1.440000000000000169e-01 -1.584887446558508373e+01
1.449999999999999900e-01 -1.586436048671404464e+01
1.459999999999999909e-01 -1.587879130718618548e+01
1.469999999999999918e-01 -1.589217071091171718e+01
1.479999999999999927e-01 -1.590450244470959262e+01
1.489999999999999936e-01 -1.591579021888180634e+01
1.499999999999999944e-01 -1.592603770777576955e+01
1.509999999999999953e-01 -1.593524855033460241e+01
1.519999999999999962e-01 -1.594342635063692093e+01
1.529999999999999971e-01 -1.595057467842457122e+01
1.539999999999999980e-01 -1.595669706962045886e+01
1.549999999999999989e-01 -1.596179702683535773e+01
1.559999999999999998e-01 -1.596587801986456867e+01
1.570000000000000007e-01 -1.596894348617482784e+01
1.580000000000000016e-01 -1.597099683138106663e+01
1.590000000000000024e-01 -1.597204142971415664e+01
1.600000000000000033e-01 -1.597208062447903210e+01
1.610000000000000042e-01 -1.597111772850385059e+01
1.620000000000000051e-01 -1.596915602458062544e+01
1.630000000000000060e-01 -1.596619876589676323e+01
1.640000000000000069e-01 -1.596224917645860408e+01
1.650000000000000078e-01 -1.595731045150672323e+01
1.660000000000000087e-01 -1.595138575792318747e+01
1.670000000000000095e-01 -1.594447823463085179e+01
1.680000000000000104e-01 -1.593659099298535509e+01
1.690000000000000113e-01 -1.592772711715945633e+01
1.700000000000000122e-01 -1.591788966452032916e+01
1.710000000000000131e-01 -1.590708166599938700e+01
1.720000000000000140e-01 -1.589530612645577179e+01
1.730000000000000149e-01 -1.588256602503247805e+01
1.740000000000000158e-01 -1.586886431550632004e+01
1.750000000000000167e-01 -1.585420392663113454e+01
1.759999999999999898e-01 -1.583858776247520694e+01
1.769999999999999907e-01 -1.582201870275156352e+01
1.779999999999999916e-01 -1.580449960314338043e+01
1.789999999999999925e-01 -1.578603329562288593e+01
1.799999999999999933e-01 -1.576662258876455169e+01
1.809999999999999942e-01 -1.574627026805263164e+01
1.819999999999999951e-01 -1.572497909618362044e+01
1.829999999999999960e-01 -1.570275181336279857e+01
1.839999999999999969e-01 -1.567959113759589229e+01
1.849999999999999978e-01 -1.565549976497551299e+01
1.859999999999999987e-01 -1.563048036996247880e+01
1.869999999999999996e-01 -1.560453560566237030e+01
1.880000000000000004e-01 -1.557766810409712122e+01
1.890000000000000013e-01 -1.554988047647228555e+01
1.900000000000000022e-01 -1.552117531343900403e+01
1.910000000000000031e-01 -1.549155518535232900e+01
1.920000000000000040e-01 -1.546102264252445124e+01
1.930000000000000049e-01 -1.542958021547401515e+01
1.940000000000000058e-01 -1.539723041517113344e+01
1.950000000000000067e-01 -1.536397573327819188e+01
1.960000000000000075e-01 -1.532981864238657721e+01
1.970000000000000084e-01 -1.529476159624981690e+01
1.980000000000000093e-01 -1.525880703001235439e+01
1.990000000000000102e-01 -1.522195736043485326e+01
2.000000000000000111e-01 -1.518421498611568943e+01
2.010000000000000120e-01 -1.514558228770880000e+01
2.020000000000000129e-01 -1.510606162813811082e+01
2.030000000000000138e-01 -1.506565535280818047e+01
2.040000000000000147e-01 -1.502436578981170889e+01
2.050000000000000155e-01 -1.498219525013376519e+01
2.060000000000000164e-01 -1.493914602785230805e+01
2.070000000000000173e-01 -1.489522040033585171e+01
2.080000000000000182e-01 -1.485042062843815458e+01
2.089999999999999913e-01 -1.480474895668914925e+01
2.099999999999999922e-01 -1.475820761348362709e+01
2.109999999999999931e-01 -1.471079881126638611e+01
2.119999999999999940e-01 -1.466252474671495776e+01
2.129999999999999949e-01 -1.461338760091893363e+01
2.139999999999999958e-01 -1.456338953955693327e+01
2.149999999999999967e-01 -1.451253271307078663e+01
2.159999999999999976e-01 -1.446081925683670022e+01
2.169999999999999984e-01 -1.440825129133451554e+01
2.179999999999999993e-01 -1.435483092231327973e+01
2.190000000000000002e-01 -1.430056024095548395e+01
2.200000000000000011e-01 -1.424544132403785213e+01
2.210000000000000020e-01 -1.418947623409036751e+01
2.220000000000000029e-01 -1.413266701955267735e+01
2.230000000000000038e-01 -1.407501571492781878e+01
2.240000000000000047e-01 -1.401652434093422883e+01
2.250000000000000056e-01 -1.395719490465514667e+01
2.260000000000000064e-01 -1.389702939968571371e+01
2.270000000000000073e-01 -1.383602980627854961e+01
2.280000000000000082e-01 -1.377419809148610952e+01
2.290000000000000091e-01 -1.371153620930200034e+01
2.300000000000000100e-01 -1.364804610079947622e+01
2.310000000000000109e-01 -1.358372969426852350e+01
2.320000000000000118e-01 -1.351858890535063651e+01
2.330000000000000127e-01 -1.345262563717145810e+01
2.340000000000000135e-01 -1.338584178047209150e+01
2.350000000000000144e-01 -1.331823921373804964e+01
2.360000000000000153e-01 -1.324981980332629306e+01
2.370000000000000162e-01 -1.318058540359117714e+01
2.380000000000000171e-01 -1.311053785700780949e+01
2.390000000000000180e-01 -1.303967899429396127e+01
2.399999999999999911e-01 -1.296801063453045444e+01
2.409999999999999920e-01 -1.289553458527980467e+01
2.419999999999999929e-01 -1.282225264270277165e+01
2.429999999999999938e-01 -1.274816659167389687e+01
2.439999999999999947e-01 -1.267327820589526155e+01
2.449999999999999956e-01 -1.259758924800845037e+01
2.459999999999999964e-01 -1.252110146970507998e+01
2.469999999999999973e-01 -1.244381661183601295e+01
2.479999999999999982e-01 -1.236573640451895173e+01
2.489999999999999991e-01 -1.228686256724453685e+01
2.500000000000000000e-01 -1.220719680898093884e+01
2.510000000000000009e-01 -1.212674082827713562e+01
2.520000000000000018e-01 -1.204549631336513116e+01
2.530000000000000027e-01 -1.196346494225986845e+01
2.540000000000000036e-01 -1.188064838285925262e+01
2.550000000000000044e-01 -1.179704829304123237e+01
2.560000000000000053e-01 -1.171266632076071446e+01
2.570000000000000062e-01 -1.162750410414501800e+01
2.580000000000000071e-01 -1.154156327158763418e+01
2.590000000000000080e-01 -1.145484544184131437e+01
2.600000000000000089e-01 -1.136735222410941759e+01
2.610000000000000098e-01 -1.127908521813659348e+01
2.620000000000000107e-01 -1.119004601429771384e+01
2.630000000000000115e-01 -1.110023619368622860e+01
2.640000000000000124e-01 -1.100965732820116827e+01
2.650000000000000133e-01 -1.091831098063272165e+01
2.660000000000000142e-01 -1.082619870474707113e+01
2.670000000000000151e-01 -1.073332204537020829e+01
2.680000000000000160e-01 -1.063968253847052026e+01
2.690000000000000169e-01 -1.054528171124007940e+01
2.700000000000000178e-01 -1.045012108217552793e+01
2.710000000000000187e-01 -1.035420216115740288e+01
2.720000000000000195e-01 -1.025752644952865822e+01
2.730000000000000204e-01 -1.016009544017216726e+01
2.740000000000000213e-01 -1.006191061758774907e+01
2.750000000000000222e-01 -9.962973457966992186e+00
2.760000000000000231e-01 -9.863285429268653814e+00
2.770000000000000240e-01 -9.762847991292073146e+00
2.780000000000000249e-01 -9.661662595750286187e+00
2.790000000000000258e-01 -9.559730686341648465e+00
2.800000000000000266e-01 -9.457053698821372478e+00
2.810000000000000275e-01 -9.353633061071448651e+00
2.820000000000000284e-01 -9.249470193170026278e+00
2.830000000000000293e-01 -9.144566507460186955e+00
2.840000000000000302e-01 -9.038923408617684174e+00
2.850000000000000311e-01 -8.932542293717528281e+00
2.860000000000000320e-01 -8.825424552300198400e+00
2.870000000000000329e-01 -8.717571566437339214e+00
2.880000000000000338e-01 -8.608984710795784423e+00
2.889999999999999791e-01 -8.499665352701661902e+00
2.899999999999999800e-01 -8.389614852203425954e+00
2.909999999999999809e-01 -8.278834562133937425e+00
2.919999999999999818e-01 -8.167325828172184998e+00
2.929999999999999827e-01 -8.055089988904114762e+00
2.939999999999999836e-01 -7.942128375882614222e+00
2.949999999999999845e-01 -7.828442313687158816e+00
2.959999999999999853e-01 -7.714033119982499187e+00
2.969999999999999862e-01 -7.598902105576559762e+00
2.979999999999999871e-01 -7.483050574477932315e+00
2.989999999999999880e-01 -7.366479823952676753e+00
2.999999999999999889e-01 -7.249191144580429125e+00
3.009999999999999898e-01 -7.131185820309632106e+00
3.019999999999999907e-01 -7.012465128512502588e+00
3.029999999999999916e-01 -6.893030340039356219e+00
3.039999999999999925e-01 -6.772882719272040219e+00
3.049999999999999933e-01 -6.652023524176648550e+00
3.059999999999999942e-01 -6.530454006356531949e+00
3.069999999999999951e-01 -6.408175411103449903e+00
3.079999999999999960e-01 -6.285188977449383430e+00
3.089999999999999969e-01 -6.161495938216681623e+00
3.099999999999999978e-01 -6.037097520068403611e+00
3.109999999999999987e-01 -5.911994943557807858e+00
3.119999999999999996e-01 -5.786189423177184210e+00
3.130000000000000004e-01 -5.659682167406828057e+00
3.140000000000000013e-01 -5.532474378762074707e+00
3.150000000000000022e-01 -5.404567253841619845e+00
3.160000000000000031e-01 -5.275961983373626651e+00
3.170000000000000040e-01 -5.146659752262703336e+00
3.180000000000000049e-01 -5.016661739635356554e+00
3.190000000000000058e-01 -4.885969118885608253e+00
3.200000000000000067e-01 -4.754583057719663941e+00
3.210000000000000075e-01 -4.622504718200385554e+00
3.220000000000000084e-01 -4.489735256791146156e+00
3.230000000000000093e-01 -4.356275824399840957e+00
3.240000000000000102e-01 -4.222127566421065126e+00
3.250000000000000111e-01 -4.087291622778824518e+00
3.260000000000000120e-01 -3.951769127969043893e+00
3.270000000000000129e-01 -3.815561211101083927e+00
3.280000000000000138e-01 -3.678668995938451758e+00
3.290000000000000147e-01 -3.541093600940072861e+00
3.300000000000000155e-01 -3.402836139300696061e+00
3.310000000000000164e-01 -3.263897718990392605e+00
3.320000000000000173e-01 -3.124279442794112072e+00
3.330000000000000182e-01 -2.983982408351408822e+00
3.340000000000000191e-01 -2.843007708194171812e+00
3.350000000000000200e-01 -2.701356429785761293e+00
3.360000000000000209e-01 -2.559029655558362037e+00
3.370000000000000218e-01 -2.416028462950684741e+00
3.380000000000000226e-01 -2.272353924445290829e+00
3.390000000000000235e-01 -2.128007107604673820e+00
3.400000000000000244e-01 -1.982989075108712029e+00
3.410000000000000253e-01 -1.837300884789421218e+00
3.420000000000000262e-01 -1.690943589667696756e+00
3.430000000000000271e-01 -1.543918237987789155e+00
3.440000000000000280e-01 -1.396225873252859628e+00
3.450000000000000289e-01 -1.247867534258830347e+00
3.460000000000000298e-01 -1.098844255129364456e+00
3.470000000000000306e-01 -9.491570653493539567e-01
3.480000000000000315e-01 -7.988069897983081091e-01
3.490000000000000324e-01 -6.477950487840260507e-01
3.500000000000000333e-01 -4.961222580750117572e-01
3.510000000000000342e-01 -3.437896289336137556e-01
3.519999999999999796e-01 -1.907981681474240077e-01
3.529999999999999805e-01 -3.714887806190603214e-02
3.539999999999999813e-01 1.171572433880854192e-01
3.549999999999999822e-01 2.721192026473460146e-01
3.559999999999999831e-01 4.277360105089940134e-01
3.569999999999999840e-01 5.840066820840945638e-01
3.579999999999999849e-01 7.409302367707155668e-01
3.589999999999999858e-01 8.985056982244614687e-01
3.599999999999999867e-01 1.056732094328445726e+00
3.609999999999999876e-01 1.215608457163455114e+00
3.619999999999999885e-01 1.375133822979123011e+00
3.629999999999999893e-01 1.535307232164598190e+00
3.639999999999999902e-01 1.696127729220506808e+00
3.649999999999999911e-01 1.857594362729464876e+00
3.659999999999999920e-01 2.019706185329148695e+00
3.669999999999999929e-01 2.182462253683340236e+00
3.679999999999999938e-01 2.345861628455260472e+00
3.689999999999999947e-01 2.509903374279325305e+00
3.699999999999999956e-01 2.674586559734763114e+00
3.709999999999999964e-01 2.839910257318422282e+00
3.719999999999999973e-01 3.005873543418253746e+00
3.729999999999999982e-01 3.172475498287127493e+00
3.739999999999999991e-01 3.339715206016194315e+00
3.750000000000000000e-01 3.507591754509746806e+00
3.760000000000000009e-01 3.676104235459028757e+00
3.770000000000000018e-01 3.845251744317394582e+00
3.780000000000000027e-01 4.015033380274545038e+00
3.790000000000000036e-01 4.185448246232091662e+00
3.800000000000000044e-01 4.356495448778780144e+00
3.810000000000000053e-01 4.528174098165678174e+00
3.820000000000000062e-01 4.700483308282521477e+00
3.830000000000000071e-01 4.873422196633271142e+00
3.840000000000000080e-01 5.046989884312353070e+00
3.850000000000000089e-01 5.221185495981153224e+00
3.860000000000000098e-01 5.396008159844974728e+00
3.870000000000000107e-01 5.571457007629021518e+00
3.880000000000000115e-01 5.747531174556314681e+00
3.890000000000000124e-01 5.924229799324592705e+00
3.900000000000000133e-01 6.101552024083588321e+00
3.910000000000000142e-01 6.279496994413008792e+00
3.920000000000000151e-01 6.458063859300395393e+00
3.930000000000000160e-01 6.637251771118748422e+00
3.940000000000000169e-01 6.817059885605203817e+00
3.950000000000000178e-01 6.997487361839432651e+00
3.960000000000000187e-01 7.178533362221884317e+00
3.970000000000000195e-01 7.360197052453216315e+00
3.980000000000000204e-01 7.542477601512821650e+00
3.990000000000000213e-01 7.725374181637960191e+00
4.000000000000000222e-01 7.908885968303891900e+00
4.010000000000000231e-01 8.093012140202169746e+00
4.020000000000000240e-01 8.277751879221547426e+00
4.030000000000000249e-01 8.463104370427117829e+00
4.040000000000000258e-01 8.649068802040851267e+00
4.050000000000000266e-01 8.835644365421678970e+00
4.060000000000000275e-01 9.022830255045533931e+00
4.070000000000000284e-01 9.210625668486656537e+00
4.080000000000000293e-01 9.399029806397734887e+00
4.090000000000000302e-01 9.588041872491238848e+00
4.100000000000000311e-01 9.777661073520278023e+00
4.110000000000000320e-01 9.967886619259623160e+00
4.120000000000000329e-01 1.015871772248767257e+01
4.130000000000000338e-01 1.035015359896767961e+01
4.140000000000000346e-01 1.054219346742922880e+01
4.150000000000000355e-01 1.073483654955067124e+01
4.160000000000000364e-01 1.092808206994038756e+01
4.169999999999999818e-01 1.112192925611989835e+01
4.179999999999999827e-01 1.131637733850529770e+01
4.189999999999999836e-01 1.151142555039037774e+01
4.199999999999999845e-01 1.170707312792854538e+01
4.209999999999999853e-01 1.190331931011664324e+01
4.219999999999999862e-01 1.210016333877649686e+01
4.229999999999999871e-01 1.229760445853895590e+01
4.239999999999999880e-01 1.249564191682695480e+01
4.249999999999999889e-01 1.269427496383836029e+01
4.259999999999999898e-01 1.289350285253010497e+01
4.269999999999999907e-01 1.309332483860087137e+01
4.279999999999999916e-01 1.329374018047557371e+01
4.289999999999999925e-01 1.349474813928909356e+01
4.299999999999999933e-01 1.369634797887007949e+01
4.309999999999999942e-01 1.389853896572522274e+01
4.319999999999999951e-01 1.410132036902336949e+01
4.329999999999999960e-01 1.430469146057968288e+01
4.339999999999999969e-01 1.450865151484105553e+01
4.349999999999999978e-01 1.471319980886936207e+01
4.359999999999999987e-01 1.491833562232764621e+01
4.369999999999999996e-01 1.512405823746380662e+01
4.380000000000000004e-01 1.533036693909625114e+01
4.390000000000000013e-01 1.553726101459908193e+01
4.400000000000000022e-01 1.574473975388665536e+01
4.410000000000000031e-01 1.595280244939968384e+01
4.420000000000000040e-01 1.616144839609025752e+01
4.430000000000000049e-01 1.637067689140760507e+01
4.440000000000000058e-01 1.658048723528374779e+01
4.450000000000000067e-01 1.679087873011927456e+01
4.460000000000000075e-01 1.700185068076940098e+01
4.470000000000000084e-01 1.721340239452977983e+01
4.480000000000000093e-01 1.742553318112255312e+01
4.490000000000000102e-01 1.763824235268324969e+01
4.500000000000000111e-01 1.785152922374624751e+01
4.510000000000000120e-01 1.806539311123214731e+01
4.520000000000000129e-01 1.827983333443351199e+01
4.530000000000000138e-01 1.849484921500173584e+01
4.540000000000000147e-01 1.871044007693464550e+01
4.550000000000000155e-01 1.892660524656187704e+01
4.560000000000000164e-01 1.914334405253345750e+01
4.570000000000000173e-01 1.936065582580545907e+01
4.580000000000000182e-01 1.957853989962832486e+01
4.590000000000000191e-01 1.979699560953336857e+01
4.600000000000000200e-01 2.001602229332038263e+01
4.610000000000000209e-01 2.023561929104538848e+01
4.620000000000000218e-01 2.045578594500768332e+01
4.630000000000000226e-01 2.067652159973792436e+01
4.640000000000000235e-01 2.089782560198572980e+01
4.650000000000000244e-01 2.111969730070749307e+01
4.660000000000000253e-01 2.134213604705433909e+01
4.670000000000000262e-01 2.156514119436018717e+01
4.680000000000000271e-01 2.178871209812956522e+01
4.690000000000000280e-01 2.201284811602648972e+01
4.700000000000000289e-01 2.223754860786211651e+01
4.710000000000000298e-01 2.246281293558347159e+01
4.720000000000000306e-01 2.268864046326165607e+01
4.730000000000000315e-01 2.291503055708058412e+01
4.740000000000000324e-01 2.314198258532583452e+01
4.750000000000000333e-01 2.336949591837256435e+01
4.760000000000000342e-01 2.359756992867541214e+01
4.770000000000000351e-01 2.382620399075671713e+01
4.780000000000000360e-01 2.405539748119522159e+01
4.790000000000000369e-01 2.428514977861620849e+01
4.799999999999999822e-01 2.451546026367924469e+01
4.809999999999999831e-01 2.474632831906861696e+01
4.819999999999999840e-01 2.497775332948162230e+01
4.829999999999999849e-01 2.520973468161886188e+01
4.839999999999999858e-01 2.544227176417275160e+01
4.849999999999999867e-01 2.567536396781812158e+01
4.859999999999999876e-01 2.590901068520057748e+01
4.869999999999999885e-01 2.614321131092690820e+01
4.879999999999999893e-01 2.637796524155527322e+01
4.889999999999999902e-01 2.661327187558381979e+01
4.899999999999999911e-01 2.684913061344150975e+01
4.909999999999999920e-01 2.708554085747792328e+01
4.919999999999999929e-01 2.732250201195290629e+01
4.929999999999999938e-01 2.756001348302724807e+01
4.939999999999999947e-01 2.779807467875222216e+01
4.949999999999999956e-01 2.803668500906046290e+01
4.959999999999999964e-01 2.827584388575587582e+01
4.969999999999999973e-01 2.851555072250414469e+01
4.979999999999999982e-01 2.875580493482327427e+01
4.989999999999999991e-01 2.899660594007394820e+01
5.000000000000000000e-01 2.923795315745024936e+01
5.010000000000000009e-01 2.947984600797020960e+01
5.020000000000000018e-01 2.972228391446657270e+01
5.030000000000000027e-01 2.996526630157757154e+01
5.040000000000000036e-01 3.020879259573803211e+01
5.050000000000000044e-01 3.045286222516982377e+01
5.060000000000000053e-01 3.069747461987304860e+01
5.070000000000000062e-01 3.094262921161717372e+01
5.080000000000000071e-01 3.118832543393222068e+01
5.090000000000000080e-01 3.143456272209941460e+01
5.100000000000000089e-01 3.168134051314316935e+01
5.110000000000000098e-01 3.192865824582165146e+01
5.120000000000000107e-01 3.217651536061859474e+01
5.130000000000000115e-01 3.242491129973453212e+01
5.140000000000000124e-01 3.267384550707809865e+01
5.150000000000000133e-01 3.292331742825815866e+01
5.160000000000000142e-01 3.317332651057446924e+01
5.170000000000000151e-01 3.342387220301036166e+01
5.180000000000000160e-01 3.367495395622339061e+01
5.190000000000000169e-01 3.392657122253770297e+01
5.200000000000000178e-01 3.417872345593590921e+01
5.210000000000000187e-01 3.443141011205072743e+01
5.220000000000000195e-01 3.468463064815659891e+01
5.230000000000000204e-01 3.493838452316255427e+01
5.240000000000000213e-01 3.519267119760331752e+01
5.250000000000000222e-01 3.544749013363171741e+01
5.260000000000000231e-01 3.570284079501114149e+01
5.270000000000000240e-01 3.595872264710708066e+01
5.280000000000000249e-01 3.621513515687988161e+01
5.290000000000000258e-01 3.647207779287705876e+01
5.300000000000000266e-01 3.672955002522522250e+01
5.310000000000000275e-01 3.698755132562268955e+01
5.320000000000000284e-01 3.724608116733216434e+01
5.330000000000000293e-01 3.750513902517282361e+01
5.340000000000000302e-01 3.776472437551284145e+01
5.350000000000000311e-01 3.802483669626280971e+01
5.360000000000000320e-01 3.828547546686711200e+01
5.370000000000000329e-01 3.854664016829748618e+01
5.380000000000000338e-01 3.880833028304570576e+01
5.390000000000000346e-01 3.907054529511590601e+01
5.400000000000000355e-01 3.933328469001779126e+01
5.410000000000000364e-01 3.959654795475941569e+01
5.420000000000000373e-01 3.986033457784004952e+01
5.430000000000000382e-01 4.012464404924347150e+01
5.440000000000000391e-01 4.038947586043028082e+01
5.450000000000000400e-01 4.065482950433194276e+01
5.460000000000000409e-01 4.092070447534274535e+01
5.470000000000000417e-01 4.118710026931398716e+01
5.480000000000000426e-01 4.145401638354660179e+01
5.490000000000000435e-01 4.172145231678460675e+01
5.500000000000000444e-01 4.198940756920802642e+01
5.510000000000000453e-01 4.225788164242722189e+01
5.520000000000000462e-01 4.252687403947452083e+01
5.530000000000000471e-01 4.279638426479958468e+01
5.540000000000000480e-01 4.306641182426133696e+01
5.550000000000000488e-01 4.333695622512232148e+01
5.560000000000000497e-01 4.360801697604203753e+01
5.570000000000000506e-01 4.387959358706987700e+01
5.580000000000000515e-01 4.415168556964026436e+01
5.590000000000000524e-01 4.442429243656441429e+01
5.600000000000000533e-01 4.469741370202581265e+01
5.610000000000000542e-01 4.497104888157245739e+01
5.620000000000000551e-01 4.524519749211144415e+01
5.630000000000000560e-01 4.551985905190295512e+01
5.640000000000000568e-01 4.579503308055359412e+01
5.650000000000000577e-01 4.607071909901017648e+01
5.660000000000000586e-01 4.634691662955476943e+01
5.670000000000000595e-01 4.662362519579670561e+01
5.680000000000000604e-01 4.690084432266895931e+01
5.690000000000000613e-01 4.717857353641977625e+01
5.700000000000000622e-01 4.745681236460916352e+01
5.710000000000000631e-01 4.773556033610084626e+01
5.720000000000000639e-01 4.801481698105779117e+01
5.730000000000000648e-01 4.829458183093602486e+01
5.740000000000000657e-01 4.857485441847836682e+01
5.750000000000000666e-01 4.885563427770986777e+01
5.760000000000000675e-01 4.913692094393063314e+01
5.769999999999999574e-01 4.941871395371131825e+01
5.779999999999999583e-01 4.970101284488725923e+01
5.789999999999999591e-01 4.998381715655200708e+01
5.799999999999999600e-01 5.026712642905317807e+01
5.809999999999999609e-01 5.055094020398558996e+01
5.819999999999999618e-01 5.083525802418672868e+01
5.829999999999999627e-01 5.112007943373110663e+01
5.839999999999999636e-01 5.140540397792406679e+01
5.849999999999999645e-01 5.169123120329729204e+01
5.859999999999999654e-01 5.197756065760310662e+01
5.869999999999999662e-01 5.226439188980913286e+01
5.879999999999999671e-01 5.255172445009310422e+01
5.889999999999999680e-01 5.283955788983737989e+01
5.899999999999999689e-01 5.312789176162367255e+01
5.909999999999999698e-01 5.341672561922845830e+01
5.919999999999999707e-01 5.370605901761676648e+01
5.929999999999999716e-01 5.399589151293790223e+01
5.939999999999999725e-01 5.428622266252030215e+01
5.949999999999999734e-01 5.457705202486572205e+01
5.959999999999999742e-01 5.486837915964494528e+01
5.969999999999999751e-01 5.516020362769224050e+01
5.979999999999999760e-01 5.545252499100091370e+01
5.989999999999999769e-01 5.574534281271772329e+01
5.999999999999999778e-01 5.603865665713820476e+01
6.009999999999999787e-01 5.633246608970226532e+01
6.019999999999999796e-01 5.662677067698851374e+01
6.029999999999999805e-01 5.692156998670986923e+01
6.039999999999999813e-01 5.721686358770840286e+01
6.049999999999999822e-01 5.751265104995087540e+01
6.059999999999999831e-01 5.780893194452417561e+01
6.069999999999999840e-01 5.810570584362973534e+01
6.079999999999999849e-01 5.840297232058009058e+01
6.089999999999999858e-01 5.870073094979274231e+01
6.099999999999999867e-01 5.899898130678674590e+01
6.109999999999999876e-01 5.929772296817722577e+01
6.119999999999999885e-01 5.959695551167135363e+01
6.129999999999999893e-01 5.989667851606361637e+01
6.139999999999999902e-01 6.019689156123078533e+01
6.149999999999999911e-01 6.049759422812833520e+01
6.159999999999999920e-01 6.079878609878542761e+01
6.169999999999999929e-01 6.110046675629979518e+01
6.179999999999999938e-01 6.140263578483494200e+01
6.189999999999999947e-01 6.170529276961356402e+01
6.199999999999999956e-01 6.200843729691565898e+01
6.209999999999999964e-01 6.231206895407150625e+01
6.219999999999999973e-01 6.261618732945962051e+01
6.229999999999999982e-01 6.292079201250130893e+01
6.239999999999999991e-01 6.322588259365616636e+01
6.250000000000000000e-01 6.353145866441818157e+01
6.260000000000000009e-01 6.383751981731201397e+01
6.270000000000000018e-01 6.414406564588804827e+01
6.280000000000000027e-01 6.445109574471776170e+01
6.290000000000000036e-01 6.475860970939120875e+01
6.300000000000000044e-01 6.506660713651115202e+01
6.310000000000000053e-01 6.537508762368996429e+01
6.320000000000000062e-01 6.568405076954478261e+01
6.330000000000000071e-01 6.599349617369450982e+01
6.340000000000000080e-01 6.630342343675486916e+01
6.350000000000000089e-01 6.661383216033377153e+01
6.360000000000000098e-01 6.692472194702969546e+01
6.370000000000000107e-01 6.723609240042486590e+01
6.380000000000000115e-01 6.754794312508282417e+01
6.390000000000000124e-01 6.786027372654478995e+01
6.400000000000000133e-01 6.817308381132401962e+01
6.410000000000000142e-01 6.848637298690461250e+01
6.420000000000000151e-01 6.880014086173450494e+01
6.430000000000000160e-01 6.911438704522447551e+01
6.440000000000000169e-01 6.942911114774210546e+01
6.450000000000000178e-01 6.974431278060916384e+01
6.460000000000000187e-01 7.005999155609775642e+01
6.470000000000000195e-01 7.037614708742562186e+01
6.480000000000000204e-01 7.069277898875428434e+01
6.490000000000000213e-01 7.100988687518268705e+01
6.500000000000000222e-01 7.132747036274589902e+01
6.510000000000000231e-01 7.164552906841012714e+01
6.520000000000000240e-01 7.196406261006912075e+01
6.530000000000000249e-01 7.228307060654094585e+01
6.540000000000000258e-01 7.260255267756420494e+01
6.550000000000000266e-01 7.292250844379418595e+01
6.560000000000000275e-01 7.324293752679970737e+01
6.570000000000000284e-01 7.356383954905916767e+01
6.580000000000000293e-01 7.388521413395683624e+01
6.590000000000000302e-01 7.420706090577969860e+01
6.600000000000000311e-01 7.452937948971428739e+01
6.610000000000000320e-01 7.485216951184214906e+01
6.620000000000000329e-01 7.517543059913737125e+01
6.630000000000000338e-01 7.549916237946247577e+01
6.640000000000000346e-01 7.582336448156506492e+01
6.650000000000000355e-01 7.614803653507480874e+01
6.660000000000000364e-01 7.647317817049994915e+01
6.670000000000000373e-01 7.679878901922297985e+01
6.680000000000000382e-01 7.712486871349872786e+01
6.690000000000000391e-01 7.745141688645014710e+01
6.700000000000000400e-01 7.777843317206493623e+01
6.710000000000000409e-01 7.810591720519261116e+01
6.720000000000000417e-01 7.843386862154078187e+01
6.730000000000000426e-01 7.876228705767279337e+01
6.740000000000000435e-01 7.909117215100303611e+01
6.750000000000000444e-01 7.942052353979435964e+01
6.760000000000000453e-01 7.975034086315584148e+01
6.770000000000000462e-01 8.008062376103789859e+01
6.780000000000000471e-01 8.041137187423019839e+01
6.790000000000000480e-01 8.074258484435760863e+01
6.800000000000000488e-01 8.107426231387840687e+01
6.810000000000000497e-01 8.140640392607973297e+01
6.820000000000000506e-01 8.173900932507520167e+01
6.830000000000000515e-01 8.207207815580160570e+01
6.840000000000000524e-01 8.240561006401587463e+01
6.850000000000000533e-01 8.273960469629182057e+01
6.860000000000000542e-01 8.307406170001711132e+01
6.870000000000000551e-01 8.340898072339061287e+01
6.880000000000000560e-01 8.374436141541907830e+01
6.890000000000000568e-01 8.408020342591396457e+01
6.900000000000000577e-01 8.441650640548814977e+01
6.910000000000000586e-01 8.475327000555428469e+01
6.920000000000000595e-01 8.509049387831994693e+01
6.930000000000000604e-01 8.542817767678656082e+01
6.940000000000000613e-01 8.576632105474504897e+01
6.950000000000000622e-01 8.610492366677307530e+01
6.960000000000000631e-01 8.644398516823325451e+01
6.970000000000000639e-01 8.678350521526891725e+01
6.980000000000000648e-01 8.712348346480204953e+01
6.990000000000000657e-01 8.746391957452989629e+01
7.000000000000000666e-01 8.780481320292278724e+01
7.010000000000000675e-01 8.814616400922008665e+01
7.020000000000000684e-01 8.848797165342915605e+01
7.030000000000000693e-01 8.883023579632094879e+01
7.039999999999999591e-01 8.917295609942809165e+01
7.049999999999999600e-01 8.951613222504160206e+01
7.059999999999999609e-01 8.985976383620828756e+01
7.069999999999999618e-01 9.020385059672857153e+01
7.079999999999999627e-01 9.054839217115272731e+01
7.089999999999999636e-01 9.089338822477904500e+01
7.099999999999999645e-01 9.123883842365042085e+01
7.109999999999999654e-01 9.158474243455222563e+01
7.119999999999999662e-01 9.193109992500930616e+01
7.129999999999999671e-01 9.227791056328337049e+01
7.139999999999999680e-01 9.262517401837045838e+01
7.149999999999999689e-01 9.297288995999780070e+01
7.159999999999999698e-01 9.332105805862235570e+01
7.169999999999999707e-01 9.366967798542667367e+01
7.179999999999999716e-01 9.401874941231713478e+01
7.189999999999999725e-01 9.436827201192184589e+01
7.199999999999999734e-01 9.471824545758676095e+01
7.209999999999999742e-01 9.506866942337425996e+01
7.219999999999999751e-01 9.541954358406003678e+01
7.229999999999999760e-01 9.577086761513051272e+01
7.239999999999999769e-01 9.612264119278076180e+01
7.249999999999999778e-01 9.647486399391141276e+01
7.259999999999999787e-01 9.682753569612698641e+01
7.269999999999999796e-01 9.718065597773210129e+01
7.279999999999999805e-01 9.753422451773043633e+01
7.289999999999999813e-01 9.788824099582116389e+01
7.299999999999999822e-01 9.824270509239698868e+01
7.309999999999999831e-01 9.859761648854180294e+01
7.319999999999999840e-01 9.895297486602783010e+01
7.329999999999999849e-01 9.930877990731343630e+01
7.339999999999999858e-01 9.966503129554139662e+01
7.349999999999999867e-01 1.000217287145347882e+02
7.359999999999999876e-01 1.003788718487963791e+02
7.369999999999999885e-01 1.007364603835054737e+02
7.379999999999999893e-01 1.010944940045156102e+02
7.389999999999999902e-01 1.014529723983518181e+02
7.399999999999999911e-01 1.018118952522089842e+02
7.409999999999999920e-01 1.021712622539493083e+02
7.419999999999999929e-01 1.025310730920999589e+02
7.429999999999999938e-01 1.028913274558500177e+02
7.439999999999999947e-01 1.032520250350497406e+02
7.449999999999999956e-01 1.036131655202070760e+02
7.459999999999999964e-01 1.039747486024856613e+02
7.469999999999999973e-01 1.043367739737026483e+02
7.479999999999999982e-01 1.046992413263261454e+02
7.489999999999999991e-01 1.050621503534739816e+02
7.500000000000000000e-01 1.054255007489099683e+02
7.510000000000000009e-01 1.057892922070428199e+02
7.520000000000000018e-01 1.061535244229237094e+02
7.530000000000000027e-01 1.065181970922437245e+02
7.540000000000000036e-01 1.068833099113324181e+02
7.550000000000000044e-01 1.072488625771540853e+02
7.560000000000000053e-01 1.076148547873073369e+02
7.570000000000000062e-01 1.079812862400224844e+02
7.580000000000000071e-01 1.083481566341583004e+02
7.590000000000000080e-01 1.087154656692018193e+02
7.600000000000000089e-01 1.090832130452640740e+02
7.610000000000000098e-01 1.094513984630796131e+02
7.620000000000000107e-01 1.098200216240038003e+02
7.630000000000000115e-01 1.101890822300101433e+02
7.640000000000000124e-01 1.105585799836896115e+02
7.650000000000000133e-01 1.109285145882472534e+02
7.660000000000000142e-01 1.112988857475005489e+02
7.670000000000000151e-01 1.116696931658777885e+02
7.680000000000000160e-01 1.120409365484150896e+02
7.690000000000000169e-01 1.124126156007555437e+02
7.700000000000000178e-01 1.127847300291459760e+02
7.710000000000000187e-01 1.131572795404359795e+02
7.720000000000000195e-01 1.135302638420751009e+02
7.730000000000000204e-01 1.139036826421112494e+02
7.740000000000000213e-01 1.142775356491885077e+02
7.750000000000000222e-01 1.146518225725459956e+02
7.760000000000000231e-01 1.150265431220136634e+02
7.770000000000000240e-01 1.154016970080133433e+02
7.780000000000000249e-01 1.157772839415547423e+02
7.790000000000000258e-01 1.161533036342334810e+02
7.800000000000000266e-01 1.165297557982305818e+02
7.810000000000000275e-01 1.169066401463089733e+02
7.820000000000000284e-01 1.172839563918127510e+02
7.830000000000000293e-01 1.176617042486642220e+02
7.840000000000000302e-01 1.180398834313630516e+02
7.850000000000000311e-01 1.184184936549838483e+02
7.860000000000000320e-01 1.187975346351739461e+02
7.870000000000000329e-01 1.191770060881522113e+02
7.880000000000000338e-01 1.195569077307062287e+02
7.890000000000000346e-01 1.199372392801922729e+02
7.900000000000000355e-01 1.203180004545309885e+02
7.910000000000000364e-01 1.206991909722071341e+02
7.920000000000000373e-01 1.210808105522679625e+02
7.930000000000000382e-01 1.214628589143202646e+02
7.940000000000000391e-01 1.218453357785292894e+02
7.950000000000000400e-01 1.222282408656166979e+02
7.960000000000000409e-01 1.226115738968588573e+02
7.970000000000000417e-01 1.229953345940853922e+02
7.980000000000000426e-01 1.233795226796757163e+02
7.990000000000000435e-01 1.237641378765609090e+02
8.000000000000000444e-01 1.241491799082172065e+02
8.010000000000000453e-01 1.245346484986678774e+02
8.020000000000000462e-01 1.249205433724801253e+02
8.030000000000000471e-01 1.253068642547630702e+02
8.040000000000000480e-01 1.256936108711667828e+02
8.050000000000000488e-01 1.260807829478794417e+02
8.060000000000000497e-01 1.264683802116275331e+02
8.070000000000000506e-01 1.268564023896717856e+02
8.080000000000000515e-01 1.272448492098068584e+02
8.090000000000000524e-01 1.276337204003597492e+02
8.100000000000000533e-01 1.280230156901873784e+02
8.110000000000000542e-01 1.284127348086754807e+02
8.120000000000000551e-01 1.288028774857360474e+02
8.130000000000000560e-01 1.291934434518070702e+02
8.140000000000000568e-01 1.295844324378501256e+02
8.150000000000000577e-01 1.299758441753481577e+02
8.160000000000000586e-01 1.303676783963044272e+02
8.170000000000000595e-01 1.307599348332409761e+02
8.180000000000000604e-01 1.311526132191969793e+02
8.190000000000000613e-01 1.315457132877268691e+02
8.200000000000000622e-01 1.319392347728983736e+02
8.210000000000000631e-01 1.323331774092920057e+02
8.220000000000000639e-01 1.327275409319985329e+02
8.230000000000000648e-01 1.331223250766173578e+02
8.240000000000000657e-01 1.335175295792553811e+02
8.250000000000000666e-01 1.339131541765252962e+02
8.260000000000000675e-01 1.343091986055439406e+02
8.270000000000000684e-01 1.347056626039307048e+02
8.280000000000000693e-01 1.351025459098057411e+02
8.290000000000000702e-01 1.354998482617891966e+02
8.300000000000000711e-01 1.358975693989987121e+02
8.310000000000000719e-01 1.362957090610479156e+02
8.320000000000000728e-01 1.366942669880462518e+02
8.329999999999999627e-01 1.370932429205954577e+02
8.339999999999999636e-01 1.374926365997897619e+02
8.349999999999999645e-01 1.378924477672128717e+02
8.359999999999999654e-01 1.382926761649378022e+02
8.369999999999999662e-01 1.386933215355248308e+02
8.379999999999999671e-01 1.390943836220195067e+02
8.389999999999999680e-01 1.394958621679519410e+02
8.399999999999999689e-01 1.398977569173344193e+02
8.409999999999999698e-01 1.403000676146613728e+02
8.419999999999999707e-01 1.407027940049062238e+02
8.429999999999999716e-01 1.411059358335213290e+02
8.439999999999999725e-01 1.415094928464353643e+02
8.449999999999999734e-01 1.419134647900523589e+02
8.459999999999999742e-01 1.423178514112508992e+02
8.469999999999999751e-01 1.427226524573813435e+02
8.479999999999999760e-01 1.431278676762656517e+02
8.489999999999999769e-01 1.435334968161952531e+02
8.499999999999999778e-01 1.439395396259292284e+02
8.509999999999999787e-01 1.443459958546943653e+02
8.519999999999999796e-01 1.447528652521822039e+02
8.529999999999999805e-01 1.451601475685482399e+02
8.539999999999999813e-01 1.455678425544111860e+02
8.549999999999999822e-01 1.459759499608495901e+02
8.559999999999999831e-01 1.463844695394031419e+02
8.569999999999999840e-01 1.467934010420688367e+02
8.579999999999999849e-01 1.472027442213018844e+02
8.589999999999999858e-01 1.476124988300117593e+02
8.599999999999999867e-01 1.480226646215628818e+02
8.609999999999999876e-01 1.484332413497729988e+02
8.619999999999999885e-01 1.488442287689103409e+02
8.629999999999999893e-01 1.492556266336945043e+02
8.639999999999999902e-01 1.496674346992927269e+02
8.649999999999999911e-01 1.500796527213205707e+02
8.659999999999999920e-01 1.504922804558397331e+02
8.669999999999999929e-01 1.509053176593564558e+02
8.679999999999999938e-01 1.513187640888208136e+02
8.689999999999999947e-01 1.517326195016243560e+02
8.699999999999999956e-01 1.521468836556007318e+02
8.709999999999999964e-01 1.525615563090218814e+02
8.719999999999999973e-01 1.529766372205990876e+02
8.729999999999999982e-01 1.533921261494801058e+02
8.739999999999999991e-01 1.538080228552485096e+02
8.750000000000000000e-01 1.542243270979219290e+02
8.760000000000000009e-01 1.546410386379515387e+02
8.770000000000000018e-01 1.550581572362206941e+02
8.780000000000000027e-01 1.554756826540424868e+02
8.790000000000000036e-01 1.558936146531596592e+02
8.800000000000000044e-01 1.563119529957433542e+02
8.810000000000000053e-01 1.567306974443912395e+02
8.820000000000000062e-01 1.571498477621263987e+02
8.830000000000000071e-01 1.575694037123963085e+02
8.840000000000000080e-01 1.579893650590720142e+02
8.850000000000000089e-01 1.584097315664456289e+02
8.860000000000000098e-01 1.588305029992304185e+02
8.870000000000000107e-01 1.592516791225588406e+02
8.880000000000000115e-01 1.596732597019813227e+02
8.890000000000000124e-01 1.600952445034658922e+02
8.900000000000000133e-01 1.605176332933950505e+02
8.910000000000000142e-01 1.609404258385675917e+02
8.920000000000000151e-01 1.613636219061941119e+02
8.930000000000000160e-01 1.617872212638981182e+02
8.940000000000000169e-01 1.622112236797140667e+02
8.950000000000000178e-01 1.626356289220854023e+02
8.960000000000000187e-01 1.630604367598654107e+02
8.970000000000000195e-01 1.634856469623138082e+02
8.980000000000000204e-01 1.639112592990971677e+02
8.990000000000000213e-01 1.643372735402864180e+02
9.000000000000000222e-01 1.647636894563569570e+02
9.010000000000000231e-01 1.651905068181870604e+02
9.020000000000000240e-01 1.656177253970556649e+02
9.030000000000000249e-01 1.660453449646433057e+02
9.040000000000000258e-01 1.664733652930295307e+02
9.050000000000000266e-01 1.669017861546912229e+02
9.060000000000000275e-01 1.673306073225031980e+02
9.070000000000000284e-01 1.677598285697361575e+02
9.080000000000000293e-01 1.681894496700548700e+02
9.090000000000000302e-01 1.686194703975182563e+02
9.100000000000000311e-01 1.690498905265778546e+02
9.110000000000000320e-01 1.694807098320765419e+02
9.120000000000000329e-01 1.699119280892471124e+02
9.130000000000000338e-01 1.703435450737119368e+02
9.140000000000000346e-01 1.707755605614820240e+02
9.150000000000000355e-01 1.712079743289540090e+02
9.160000000000000364e-01 1.716407861529113177e+02
9.170000000000000373e-01 1.720739958105229448e+02
9.180000000000000382e-01 1.725076030793400435e+02
9.190000000000000391e-01 1.729416077372973461e+02
9.200000000000000400e-01 1.733760095627112889e+02
9.210000000000000409e-01 1.738108083342785619e+02
9.220000000000000417e-01 1.742460038310752282e+02
9.230000000000000426e-01 1.746815958325557006e+02
9.240000000000000435e-01 1.751175841185524860e+02
9.250000000000000444e-01 1.755539684692731157e+02
9.260000000000000453e-01 1.759907486653016520e+02
9.270000000000000462e-01 1.764279244875953907e+02
9.280000000000000471e-01 1.768654957174853166e+02
9.290000000000000480e-01 1.773034621366742840e+02
9.300000000000000488e-01 1.777418235272360221e+02
9.310000000000000497e-01 1.781805796716153054e+02
9.320000000000000506e-01 1.786197303526240887e+02
9.330000000000000515e-01 1.790592753534442068e+02
9.340000000000000524e-01 1.794992144576239355e+02
9.350000000000000533e-01 1.799395474490764570e+02
9.360000000000000542e-01 1.803802741120812243e+02
9.370000000000000551e-01 1.808213942312812037e+02
9.380000000000000560e-01 1.812629075916823638e+02
9.390000000000000568e-01 1.817048139786522825e+02
9.400000000000000577e-01 1.821471131779197776e+02
9.410000000000000586e-01 1.825898049755738555e+02
9.420000000000000595e-01 1.830328891580618063e+02
9.430000000000000604e-01 1.834763655121898864e+02
9.440000000000000613e-01 1.839202338251206186e+02
9.450000000000000622e-01 1.843644938843726493e+02
9.460000000000000631e-01 1.848091454778197544e+02
9.470000000000000639e-01 1.852541883936902423e+02
9.480000000000000648e-01 1.856996224205654187e+02
9.490000000000000657e-01 1.861454473473775408e+02
9.500000000000000666e-01 1.865916629634122046e+02
9.510000000000000675e-01 1.870382690583034559e+02
9.520000000000000684e-01 1.874852654220356385e+02
9.530000000000000693e-01 1.879326518449406080e+02
9.540000000000000702e-01 1.883804281176991537e+02
9.550000000000000711e-01 1.888285940313369622e+02
9.560000000000000719e-01 1.892771493772253848e+02
9.570000000000000728e-01 1.897260939470822052e+02
9.580000000000000737e-01 1.901754275329665518e+02
9.590000000000000746e-01 1.906251499272815124e+02
9.599999999999999645e-01 1.910752609227717471e+02
9.609999999999999654e-01 1.915257603125228911e+02
9.619999999999999662e-01 1.919766478899609581e+02
9.629999999999999671e-01 1.924279234488502652e+02
9.639999999999999680e-01 1.928795867832938029e+02
9.649999999999999689e-01 1.933316376877315292e+02
9.659999999999999698e-01 1.937840759569403986e+02
9.669999999999999707e-01 1.942369013860319455e+02
9.679999999999999716e-01 1.946901137704529390e+02
9.689999999999999725e-01 1.951437129059838469e+02
9.699999999999999734e-01 1.955976985887372166e+02
9.709999999999999742e-01 1.960520706151581294e+02
9.719999999999999751e-01 1.965068287820229784e+02
9.729999999999999760e-01 1.969619728864370813e+02
9.739999999999999769e-01 1.974175027258364423e+02
9.749999999999999778e-01 1.978734180979844268e+02
9.759999999999999787e-01 1.983297188009730405e+02
9.769999999999999796e-01 1.987864046332190640e+02
9.779999999999999805e-01 1.992434753934673211e+02
9.789999999999999813e-01 1.997009308807859895e+02
9.799999999999999822e-01 2.001587708945676241e+02
9.809999999999999831e-01 2.006169952345289005e+02
9.819999999999999840e-01 2.010756037007074042e+02
9.829999999999999849e-01 2.015345960934634775e+02
9.839999999999999858e-01 2.019939722134774343e+02
9.849999999999999867e-01 2.024537318617497021e+02
9.859999999999999876e-01 2.029138748396002541e+02
9.869999999999999885e-01 2.033744009486657660e+02
9.879999999999999893e-01 2.038353099909019477e+02
9.889999999999999902e-01 2.042966017685795066e+02
9.899999999999999911e-01 2.047582760842860807e+02
9.909999999999999920e-01 2.052203327409231690e+02
9.919999999999999929e-01 2.056827715417074103e+02
9.929999999999999938e-01 2.061455922901673148e+02
9.939999999999999947e-01 2.066087947901447990e+02
9.949999999999999956e-01 2.070723788457928549e+02
9.959999999999999964e-01 2.075363442615759482e+02
9.969999999999999973e-01 2.080006908422674883e+02
9.979999999999999982e-01 2.084654183929508804e+02
9.989999999999999991e-01 2.089305267190176210e+02
1.000000000000000000e+00 2.093960156261668999e+02
