0.000000000000000000e+00 0.000000000000000000e+00
1.000000000000000021e-03 1.128364520864134912e-01
2.000000000000000042e-03 -1.547618378861375169e-02
3.000000000000000062e-03 -1.828192901952762350e-01
4.000000000000000083e-03 -3.672584698987510499e-01
5.000000000000000104e-03 -5.605815623195941066e-01
6.000000000000000125e-03 -7.587658879813398149e-01
7.000000000000000146e-03 -9.595448930180228153e-01
8.000000000000000167e-03 -1.161525572588951283e+00
9.000000000000001055e-03 -1.363799872149712877e+00
1.000000000000000021e-02 -1.565750504747519090e+00
1.099999999999999936e-02 -1.766944770104700524e+00
1.200000000000000025e-02 -1.967072424291451016e+00
1.300000000000000114e-02 -2.165907349291758877e+00
1.400000000000000029e-02 -2.363282878319497016e+00
1.499999999999999944e-02 -2.559075347329353711e+00
1.600000000000000033e-02 -2.753192805555682465e+00
1.700000000000000122e-02 -2.945567072982242962e+00
1.800000000000000211e-02 -3.136148032799117136e+00
1.899999999999999953e-02 -3.324899454013779732e+00
2.000000000000000042e-02 -3.511795884687197500e+00
2.100000000000000130e-02 -3.696820308724019011e+00
2.199999999999999872e-02 -3.879962356512317356e+00
2.299999999999999961e-02 -4.061216923406471224e+00
2.400000000000000050e-02 -4.240583092622148165e+00
2.500000000000000139e-02 -4.418063288123796895e+00
2.600000000000000228e-02 -4.593662603199594407e+00
2.699999999999999969e-02 -4.767388264586744029e+00
2.800000000000000058e-02 -4.939249202133722427e+00
2.900000000000000147e-02 -5.109255701315019493e+00
2.999999999999999889e-02 -5.277419121284895986e+00
3.099999999999999978e-02 -5.443751665135593498e+00
3.200000000000000067e-02 -5.608266192004209394e+00
3.300000000000000155e-02 -5.770976062923629968e+00
3.400000000000000244e-02 -5.931895014028966351e+00
3.500000000000000333e-02 -6.091037052050123357e+00
3.600000000000000422e-02 -6.248416368043145042e+00
3.699999999999999817e-02 -6.404047266109994752e+00
3.799999999999999906e-02 -6.557944104482512415e+00
3.899999999999999994e-02 -6.710121246841402431e+00
4.000000000000000083e-02 -6.860593022134076513e+00
4.100000000000000172e-02 -7.009373691470051071e+00
4.200000000000000261e-02 -7.156477420925134503e+00
4.300000000000000350e-02 -7.301918259289848834e+00
4.399999999999999745e-02 -7.445710119962990703e+00
4.499999999999999833e-02 -7.587866766326311740e+00
4.599999999999999922e-02 -7.728401800046749592e+00
4.700000000000000011e-02 -7.867328651843224385e+00
4.800000000000000100e-02 -8.004660574329882650e+00
4.900000000000000189e-02 -8.140410636609649586e+00
5.000000000000000278e-02 -8.274591720343167367e+00
5.100000000000000366e-02 -8.407216517061128158e+00
5.200000000000000455e-02 -8.538297526523747294e+00
5.299999999999999850e-02 -8.667847055960844926e+00
5.399999999999999939e-02 -8.795877220051638190e+00
5.500000000000000028e-02 -8.922399941523863731e+00
5.600000000000000117e-02 -9.047426952270308576e+00
5.700000000000000205e-02 -9.170969794895686533e+00
5.800000000000000294e-02 -9.293039824619405920e+00
5.900000000000000383e-02 -9.413648211471233651e+00
5.999999999999999778e-02 -9.532805942725445902e+00
6.099999999999999867e-02 -9.650523825527333344e+00
6.199999999999999956e-02 -9.766812489672926034e+00
6.300000000000000044e-02 -9.881682390507654290e+00
6.400000000000000133e-02 -9.995143811915722765e+00
6.500000000000000222e-02 -1.010720686937537316e+01
6.600000000000000311e-02 -1.021788151305929304e+01
6.700000000000000400e-02 -1.032717753096215851e+01
6.800000000000000488e-02 -1.043510455204046217e+01
6.900000000000000577e-02 -1.054167204935185431e+01
7.000000000000000666e-02 -1.064688934318282243e+01
7.100000000000000755e-02 -1.075076560415605975e+01
7.200000000000000844e-02 -1.085330985630971234e+01
7.299999999999999545e-02 -1.095453098014212756e+01
7.399999999999999634e-02 -1.105443771561693467e+01
7.499999999999999722e-02 -1.115303866512419972e+01
7.599999999999999811e-02 -1.125034229639406114e+01
7.699999999999999900e-02 -1.134635694536011918e+01
7.799999999999999989e-02 -1.144109081897051539e+01
7.900000000000000078e-02 -1.153455199794489694e+01
8.000000000000000167e-02 -1.162674843947602987e+01
8.100000000000000255e-02 -1.171768797987558131e+01
8.200000000000000344e-02 -1.180737833716307428e+01
8.300000000000000433e-02 -1.189582711359819100e+01
8.400000000000000522e-02 -1.198304179815638904e+01
8.500000000000000611e-02 -1.206902976894778590e+01
8.600000000000000699e-02 -1.215379829558016667e+01
8.700000000000000788e-02 -1.223735454146625656e+01
8.799999999999999489e-02 -1.231970556607613965e+01
8.899999999999999578e-02 -1.240085832713558389e+01
8.999999999999999667e-02 -1.248081968277093701e+01
9.099999999999999756e-02 -1.255959639360185420e+01
9.199999999999999845e-02 -1.263719512478246543e+01
9.299999999999999933e-02 -1.271362244799213848e+01
9.400000000000000022e-02 -1.278888484337705655e+01
9.500000000000000111e-02 -1.286298870144332795e+01
9.600000000000000200e-02 -1.293594032490301160e+01
9.700000000000000289e-02 -1.300774593047387029e+01
9.800000000000000377e-02 -1.307841165063442368e+01
9.900000000000000466e-02 -1.314794353533471849e+01
1.000000000000000056e-01 -1.321634755366445546e+01
1.010000000000000064e-01 -1.328362959547942701e+01
1.020000000000000073e-01 -1.334979547298701874e+01
1.030000000000000082e-01 -1.341485092229240728e+01
1.040000000000000091e-01 -1.347880160490584345e+01
1.049999999999999961e-01 -1.354165310921269416e+01
1.059999999999999970e-01 -1.360341095190669591e+01
1.069999999999999979e-01 -1.366408057938764031e+01
1.079999999999999988e-01 -1.372366736912472085e+01
1.089999999999999997e-01 -1.378217663098584111e+01
1.100000000000000006e-01 -1.383961360853435174e+01
1.110000000000000014e-01 -1.389598348029413799e+01
1.120000000000000023e-01 -1.395129136098346478e+01
1.130000000000000032e-01 -1.400554230271875689e+01
1.140000000000000041e-01 -1.405874129618936763e+01
1.150000000000000050e-01 -1.411089327180341080e+01
1.160000000000000059e-01 -1.416200310080652969e+01
1.170000000000000068e-01 -1.421207559637326057e+01
1.180000000000000077e-01 -1.426111551467263538e+01
1.190000000000000085e-01 -1.430912755590794028e+01
1.199999999999999956e-01 -1.435611636533218238e+01
1.209999999999999964e-01 -1.440208653423935559e+01
1.219999999999999973e-01 -1.444704260093223702e+01
1.229999999999999982e-01 -1.449098905166771267e+01
1.239999999999999991e-01 -1.453393032157974929e+01
1.250000000000000000e-01 -1.457587079558118326e+01
1.260000000000000009e-01 -1.461681480924440990e+01
1.270000000000000018e-01 -1.465676664966180098e+01
1.280000000000000027e-01 -1.469573055628653790e+01
1.290000000000000036e-01 -1.473371072175401153e+01
1.300000000000000044e-01 -1.477071129268468042e+01
1.310000000000000053e-01 -1.480673637046871605e+01
1.320000000000000062e-01 -1.484179001203300885e+01
1.330000000000000071e-01 -1.487587623059094888e+01
1.340000000000000080e-01 -1.490899899637539860e+01
1.350000000000000089e-01 -1.494116223735547067e+01
1.360000000000000098e-01 -1.497236983993750670e+01
1.370000000000000107e-01 -1.500262564965052547e+01
1.380000000000000115e-01 -1.503193347181661288e+01
1.390000000000000124e-01 -1.506029707220701042e+01
1.400000000000000133e-01 -1.508772017768338358e+01
1.410000000000000142e-01 -1.511420647682599139e+01
1.420000000000000151e-01 -1.513975962054776758e+01
1.430000000000000160e-01 -1.516438322269552863e+01
1.440000000000000169e-01 -1.518808086063835106e+01
1.449999999999999900e-01 -1.521085607584350896e+01
1.459999999999999909e-01 -1.523271237444022752e+01
1.469999999999999918e-01 -1.525365322777156862e+01
1.479999999999999927e-01 -1.527368207293505620e+01
1.489999999999999936e-01 -1.529280231331170015e+01
1.499999999999999944e-01 -1.531101731908436747e+01
1.509999999999999953e-01 -1.532833042774537979e+01
1.519999999999999962e-01 -1.534474494459361793e+01
1.529999999999999971e-01 -1.536026414322191691e+01
1.539999999999999980e-01 -1.537489126599385791e+01
1.549999999999999989e-01 -1.538862952451177968e+01
1.559999999999999998e-01 -1.540148210007454566e+01
1.570000000000000007e-01 -1.541345214412707421e+01
1.580000000000000016e-01 -1.542454277869988033e+01
1.590000000000000024e-01 -1.543475709684099684e+01
1.600000000000000033e-01 -1.544409816303845240e+01
1.610000000000000042e-01 -1.545256901363522317e+01
1.620000000000000051e-01 -1.546017265723550338e+01
1.630000000000000060e-01 -1.546691207510328070e+01
1.640000000000000069e-01 -1.547279022155353090e+01
1.650000000000000078e-01 -1.547781002433536202e+01
1.660000000000000087e-01 -1.548197438500809753e+01
1.670000000000000095e-01 -1.548528617931024698e+01
1.680000000000000104e-01 -1.548774825752130724e+01
1.690000000000000113e-01 -1.548936344481674254e+01
1.700000000000000122e-01 -1.549013454161655545e+01
1.710000000000000131e-01 -1.549006432392699395e+01
1.720000000000000140e-01 -1.548915554367604841e+01
1.730000000000000149e-01 -1.548741092904278815e+01
1.740000000000000158e-01 -1.548483318478052695e+01
1.750000000000000167e-01 -1.548142499253390092e+01
1.759999999999999898e-01 -1.547718901115083412e+01
1.769999999999999907e-01 -1.547212787698771308e+01
1.779999999999999916e-01 -1.546624420420998725e+01
1.789999999999999925e-01 -1.545954058508704421e+01
1.799999999999999933e-01 -1.545201959028152494e+01
1.809999999999999942e-01 -1.544368376913388907e+01
1.819999999999999951e-01 -1.543453564994160665e+01
1.829999999999999960e-01 -1.542457774023358397e+01
1.839999999999999969e-01 -1.541381252703976124e+01
1.849999999999999978e-01 -1.540224247715563166e+01
1.859999999999999987e-01 -1.538987003740269621e+01
1.869999999999999996e-01 -1.537669763488407426e+01
1.880000000000000004e-01 -1.536272767723545840e+01
1.890000000000000013e-01 -1.534796255287236910e+01
1.900000000000000022e-01 -1.533240463123240538e+01
1.910000000000000031e-01 -1.531605626301414347e+01
1.920000000000000040e-01 -1.529891978041105816e+01
1.930000000000000049e-01 -1.528099749734261970e+01
1.940000000000000058e-01 -1.526229170968028903e+01
1.950000000000000067e-01 -1.524280469547063888e+01
1.960000000000000075e-01 -1.522253871515415646e+01
1.970000000000000084e-01 -1.520149601178078136e+01
1.980000000000000093e-01 -1.517967881122171825e+01
1.990000000000000102e-01 -1.515708932237770945e+01
2.000000000000000111e-01 -1.513372973738391813e+01
2.010000000000000120e-01 -1.510960223181147910e+01
2.020000000000000129e-01 -1.508470896486574375e+01
2.030000000000000138e-01 -1.505905207958134362e+01
2.040000000000000147e-01 -1.503263370301391255e+01
2.050000000000000155e-01 -1.500545594642926339e+01
2.060000000000000164e-01 -1.497752090548859982e+01
2.070000000000000173e-01 -1.494883066043176179e+01
2.080000000000000182e-01 -1.491938727625685424e+01
2.089999999999999913e-01 -1.488919280289746183e+01
2.099999999999999922e-01 -1.485824927539658624e+01
2.109999999999999931e-01 -1.482655871407866677e+01
2.119999999999999940e-01 -1.479412312471775337e+01
2.129999999999999949e-01 -1.476094449870439362e+01
2.139999999999999958e-01 -1.472702481320860457e+01
2.149999999999999967e-01 -1.469236603134144303e+01
2.159999999999999976e-01 -1.465697010231313691e+01
2.169999999999999984e-01 -1.462083896159000496e+01
2.179999999999999993e-01 -1.458397453104720576e+01
2.190000000000000002e-01 -1.454637871912108338e+01
2.200000000000000011e-01 -1.450805342095797812e+01
2.210000000000000020e-01 -1.446900051856104064e+01
2.220000000000000029e-01 -1.442922188093499791e+01
2.230000000000000038e-01 -1.438871936422881426e+01
2.240000000000000047e-01 -1.434749481187582276e+01
2.250000000000000056e-01 -1.430555005473231489e+01
2.260000000000000064e-01 -1.426288691121361296e+01
2.270000000000000073e-01 -1.421950718742853503e+01
2.280000000000000082e-01 -1.417541267731134091e+01
2.290000000000000091e-01 -1.413060516275248624e+01
2.300000000000000100e-01 -1.408508641372680614e+01
2.310000000000000109e-01 -1.403885818842009670e+01
2.320000000000000118e-01 -1.399192223335417928e+01
2.330000000000000127e-01 -1.394428028350939286e+01
2.340000000000000135e-01 -1.389593406244627261e+01
2.350000000000000144e-01 -1.384688528242463690e+01
2.360000000000000153e-01 -1.379713564452154806e+01
2.370000000000000162e-01 -1.374668683874718766e+01
2.380000000000000171e-01 -1.369554054415983124e+01
2.390000000000000180e-01 -1.364369842897784935e+01
2.399999999999999911e-01 -1.359116215069174771e+01
2.409999999999999920e-01 -1.353793335617350913e+01
2.419999999999999929e-01 -1.348401368178473092e+01
2.429999999999999938e-01 -1.342940475348333784e+01
2.439999999999999947e-01 -1.337410818692892001e+01
2.449999999999999956e-01 -1.331812558758629095e+01
2.459999999999999964e-01 -1.326145855082780045e+01
2.469999999999999973e-01 -1.320410866203440392e+01
2.479999999999999982e-01 -1.314607749669519343e+01
2.489999999999999991e-01 -1.308736662050543487e+01
2.500000000000000000e-01 -1.302797758946354456e+01
2.510000000000000009e-01 -1.296791194996668395e+01
2.520000000000000018e-01 -1.290717123890494022e+01
2.530000000000000027e-01 -1.284575698375434882e+01
2.540000000000000036e-01 -1.278367070266875238e+01
2.550000000000000044e-01 -1.272091390457037008e+01
2.560000000000000053e-01 -1.265748808923885171e+01
2.570000000000000062e-01 -1.259339474739991438e+01
2.580000000000000071e-01 -1.252863536081188833e+01
2.590000000000000080e-01 -1.246321140235209946e+01
2.600000000000000089e-01 -1.239712433610108100e+01
2.610000000000000098e-01 -1.233037561742672139e+01
2.620000000000000107e-01 -1.226296669306630349e+01
2.630000000000000115e-01 -1.219489900120859716e+01
2.640000000000000124e-01 -1.212617397157375443e+01
2.650000000000000133e-01 -1.205679302549309106e+01
2.660000000000000142e-01 -1.198675757598718583e+01
2.670000000000000151e-01 -1.191606902784375421e+01
2.680000000000000160e-01 -1.184472877769349886e+01
2.690000000000000169e-01 -1.177273821408578236e+01
2.700000000000000178e-01 -1.170009871756332842e+01
2.710000000000000187e-01 -1.162681166073552674e+01
2.720000000000000195e-01 -1.155287840835109492e+01
2.730000000000000204e-01 -1.147830031736986811e+01
2.740000000000000213e-01 -1.140307873703362063e+01
2.750000000000000222e-01 -1.132721500893602240e+01
2.760000000000000231e-01 -1.125071046709165046e+01
2.770000000000000240e-01 -1.117356643800441063e+01
2.780000000000000249e-01 -1.109578424073475844e+01
2.790000000000000258e-01 -1.101736518696618816e+01
2.800000000000000266e-01 -1.093831058107131327e+01
2.810000000000000275e-01 -1.085862172017652938e+01
2.820000000000000284e-01 -1.077829989422640011e+01
2.830000000000000293e-01 -1.069734638604675681e+01
2.840000000000000302e-01 -1.061576247140776630e+01
2.850000000000000311e-01 -1.053354941908530762e+01
2.860000000000000320e-01 -1.045070849092257959e+01
2.870000000000000329e-01 -1.036724094189013812e+01
2.880000000000000338e-01 -1.028314802014569906e+01
2.889999999999999791e-01 -1.019843096709322694e+01
2.899999999999999800e-01 -1.011309101744125627e+01
2.909999999999999809e-01 -1.002712939926014002e+01
2.919999999999999818e-01 -9.940547334039329996e+00
2.929999999999999827e-01 -9.853346036743264591e+00
2.939999999999999836e-01 -9.765526715867594021e+00
2.949999999999999845e-01 -9.677090573493369874e+00
2.959999999999999853e-01 -9.588038805341948745e+00
2.969999999999999862e-01 -9.498372600828137280e+00
2.979999999999999871e-01 -9.408093143113983814e+00
2.989999999999999880e-01 -9.317201609160392195e+00
2.999999999999999889e-01 -9.225699169779456810e+00
3.009999999999999898e-01 -9.133586989685785085e+00
3.019999999999999907e-01 -9.040866227547088130e+00
3.029999999999999916e-01 -8.947538036033733988e+00
3.039999999999999925e-01 -8.853603561869210381e+00
3.049999999999999933e-01 -8.759063945878629909e+00
3.059999999999999942e-01 -8.663920323037036297e+00
3.069999999999999951e-01 -8.568173822517113791e+00
3.079999999999999960e-01 -8.471825567737475637e+00
3.089999999999999969e-01 -8.374876676408455012e+00
3.099999999999999978e-01 -8.277328260578695307e+00
3.109999999999999987e-01 -8.179181426680965927e+00
3.119999999999999996e-01 -8.080437275577828871e+00
3.130000000000000004e-01 -7.981096902605880672e+00
3.140000000000000013e-01 -7.881161397619898423e+00
3.150000000000000022e-01 -7.780631845037422778e+00
3.160000000000000031e-01 -7.679509323881283933e+00
3.170000000000000040e-01 -7.577794907823005133e+00
3.180000000000000049e-01 -7.475489665224525737e+00
3.190000000000000058e-01 -7.372594659181267218e+00
3.200000000000000067e-01 -7.269110947562051450e+00
3.210000000000000075e-01 -7.165039583051612482e+00
3.220000000000000084e-01 -7.060381613190006789e+00
3.230000000000000093e-01 -6.955138080413789226e+00
3.240000000000000102e-01 -6.849310022094805106e+00
3.250000000000000111e-01 -6.742898470579991255e+00
3.260000000000000120e-01 -6.635904453230196509e+00
3.270000000000000129e-01 -6.528328992458693136e+00
3.280000000000000138e-01 -6.420173105769137578e+00
3.290000000000000147e-01 -6.311437805793055134e+00
3.300000000000000155e-01 -6.202124100327573331e+00
3.310000000000000164e-01 -6.092232992371929612e+00
3.320000000000000173e-01 -5.981765480164000337e+00
3.330000000000000182e-01 -5.870722557216542015e+00
3.340000000000000191e-01 -5.759105212352899628e+00
3.350000000000000200e-01 -5.646914429742331265e+00
3.360000000000000209e-01 -5.534151188934931298e+00
3.370000000000000218e-01 -5.420816464896329734e+00
3.380000000000000226e-01 -5.306911228042288542e+00
3.390000000000000235e-01 -5.192436444272047424e+00
3.400000000000000244e-01 -5.077393075002344602e+00
3.410000000000000253e-01 -4.961782077200471264e+00
3.420000000000000262e-01 -4.845604403417581807e+00
3.430000000000000271e-01 -4.728861001820433785e+00
3.440000000000000280e-01 -4.611552816224566698e+00
3.450000000000000289e-01 -4.493680786125445081e+00
3.460000000000000298e-01 -4.375245846730877020e+00
3.470000000000000306e-01 -4.256248928991471558e+00
3.480000000000000315e-01 -4.136690959632066011e+00
3.490000000000000324e-01 -4.016572861182286402e+00
3.500000000000000333e-01 -3.895895552007090146e+00
3.510000000000000342e-01 -3.774659946336711869e+00
3.519999999999999796e-01 -3.652866954296197122e+00
3.529999999999999805e-01 -3.530517481934804636e+00
3.539999999999999813e-01 -3.407612431256232810e+00
3.549999999999999822e-01 -3.284152700245993373e+00
3.559999999999999831e-01 -3.160139182901115618e+00
3.569999999999999840e-01 -3.035572769257914416e+00
3.579999999999999849e-01 -2.910454345420443900e+00
3.589999999999999858e-01 -2.784784793588059415e+00
3.599999999999999867e-01 -2.658564992082890655e+00
3.609999999999999876e-01 -2.531795815377133607e+00
3.619999999999999885e-01 -2.404478134120147104e+00
3.629999999999999893e-01 -2.276612815165250936e+00
3.639999999999999902e-01 -2.148200721595777907e+00
3.649999999999999911e-01 -2.019242712751758262e+00
3.659999999999999920e-01 -1.889739644255573836e+00
3.669999999999999929e-01 -1.759692368038187738e+00
3.679999999999999938e-01 -1.629101732363697153e+00
3.689999999999999947e-01 -1.497968581855573689e+00
3.699999999999999956e-01 -1.366293757521017227e+00
3.709999999999999964e-01 -1.234078096776094924e+00
3.719999999999999973e-01 -1.101322433469857032e+00
3.729999999999999982e-01 -9.680275979090779970e-01
3.739999999999999991e-01 -8.341944168821058270e-01
3.750000000000000000e-01 -6.998237136829175142e-01
3.760000000000000009e-01 -5.649163081343608894e-01
3.770000000000000018e-01 -4.294730166119400394e-01
3.780000000000000027e-01 -2.934946520667587322e-01
3.790000000000000036e-01 -1.569820240489505636e-01
3.800000000000000044e-01 -1.993593872962762248e-02
3.810000000000000053e-01 1.176428010755294906e-01
3.820000000000000062e-01 2.557533958849091960e-01
3.830000000000000071e-01 3.943950495280716950e-01
3.840000000000000080e-01 5.335669691241875512e-01
3.850000000000000089e-01 6.732683650599611269e-01
3.860000000000000098e-01 8.134984509685985188e-01
3.870000000000000107e-01 9.542564437079619211e-01
3.880000000000000115e-01 1.095541563339615720e+00
3.890000000000000124e-01 1.237353033107734035e+00
3.900000000000000133e-01 1.379690079418374182e+00
3.910000000000000142e-01 1.522551931819073445e+00
3.920000000000000151e-01 1.665937822978090566e+00
3.930000000000000160e-01 1.809846988664286727e+00
3.940000000000000169e-01 1.954278667727280094e+00
3.950000000000000178e-01 2.099232102077049689e+00
3.960000000000000187e-01 2.244706536664889285e+00
3.970000000000000195e-01 2.390701219463604588e+00
3.980000000000000204e-01 2.537215401447660668e+00
3.990000000000000213e-01 2.684248336574732718e+00
4.000000000000000222e-01 2.831799281766571141e+00
4.010000000000000231e-01 2.979867496889564649e+00
4.020000000000000240e-01 3.128452244736756427e+00
4.030000000000000249e-01 3.277552791008847777e+00
4.040000000000000258e-01 3.427168404296072168e+00
4.050000000000000266e-01 3.577298356059806395e+00
4.060000000000000275e-01 3.727941920614874505e+00
4.070000000000000284e-01 3.879098375111098562e+00
4.080000000000000293e-01 4.030766999515915217e+00
4.090000000000000302e-01 4.182947076596981617e+00
4.100000000000000311e-01 4.335637891904141838e+00
4.110000000000000320e-01 4.488838733752757548e+00
4.120000000000000329e-01 4.642548893206225102e+00
4.130000000000000338e-01 4.796767664058798175e+00
4.140000000000000346e-01 4.951494342819316330e+00
4.150000000000000355e-01 5.106728228694002780e+00
4.160000000000000364e-01 5.262468623570214277e+00
4.169999999999999818e-01 5.418714831999388082e+00
4.179999999999999827e-01 5.575466161181701352e+00
4.189999999999999836e-01 5.732721920949309435e+00
4.199999999999999845e-01 5.890481423750223655e+00
4.209999999999999853e-01 6.048743984632913850e+00
4.219999999999999862e-01 6.207508921230157739e+00
4.229999999999999871e-01 6.366775553743430294e+00
4.239999999999999880e-01 6.526543204927747865e+00
4.249999999999999889e-01 6.686811200075908346e+00
4.259999999999999898e-01 6.847578867003498715e+00
4.269999999999999907e-01 7.008845536033675216e+00
4.279999999999999916e-01 7.170610539982156695e+00
4.289999999999999925e-01 7.332873214142509255e+00
4.299999999999999933e-01 7.495632896271196444e+00
4.309999999999999942e-01 7.658888926573055755e+00
4.319999999999999951e-01 7.822640647686903037e+00
4.329999999999999960e-01 7.986887404670724777e+00
4.339999999999999969e-01 8.151628544988263059e+00
4.349999999999999978e-01 8.316863418493738891e+00
4.359999999999999987e-01 8.482591377418692957e+00
4.369999999999999996e-01 8.648811776357646863e+00
4.380000000000000004e-01 8.815523972254375451e+00
4.390000000000000013e-01 8.982727324388349643e+00
4.400000000000000022e-01 9.150421194360681909e+00
4.410000000000000031e-01 9.318604946081201490e+00
4.420000000000000040e-01 9.487277945755018038e+00
4.430000000000000049e-01 9.656439561868573662e+00
4.440000000000000058e-01 9.826089165177279483e+00
4.450000000000000067e-01 9.996226128691979795e+00
4.460000000000000075e-01 1.016684982766636125e+01
4.470000000000000084e-01 1.033795963958374386e+01
4.480000000000000093e-01 1.050955494414416336e+01
4.490000000000000102e-01 1.068163512325239850e+01
4.500000000000000111e-01 1.085419956100504635e+01
4.510000000000000120e-01 1.102724764367770405e+01
4.520000000000000129e-01 1.120077875971321646e+01
4.530000000000000138e-01 1.137479229970871586e+01
4.540000000000000147e-01 1.154928765640454458e+01
4.550000000000000155e-01 1.172426422467073337e+01
4.560000000000000164e-01 1.189972140149634328e+01
4.570000000000000173e-01 1.207565858597676112e+01
4.580000000000000182e-01 1.225207517930218160e+01
4.590000000000000191e-01 1.242897058474568439e+01
4.600000000000000200e-01 1.260634420765197916e+01
4.610000000000000209e-01 1.278419545542580948e+01
4.620000000000000218e-01 1.296252373752005127e+01
4.630000000000000226e-01 1.314132846542477751e+01
4.640000000000000235e-01 1.332060905265612405e+01
4.650000000000000244e-01 1.350036491474475753e+01
4.660000000000000253e-01 1.368059546922464875e+01
4.670000000000000262e-01 1.386130013562269880e+01
4.680000000000000271e-01 1.404247833544713586e+01
4.690000000000000280e-01 1.422412949217704181e+01
4.700000000000000289e-01 1.440625303125154488e+01
4.710000000000000298e-01 1.458884838005893414e+01
4.720000000000000306e-01 1.477191496792635661e+01
4.730000000000000315e-01 1.495545222610886782e+01
4.740000000000000324e-01 1.513945958777962630e+01
4.750000000000000333e-01 1.532393648801858888e+01
4.760000000000000342e-01 1.550888236380306751e+01
4.770000000000000351e-01 1.569429665399752594e+01
4.780000000000000360e-01 1.588017879934244547e+01
4.790000000000000369e-01 1.606652824244531530e+01
4.799999999999999822e-01 1.625334442777022304e+01
4.809999999999999831e-01 1.644062680162787871e+01
4.819999999999999840e-01 1.662837481216570268e+01
4.829999999999999849e-01 1.681658790935840386e+01
4.839999999999999858e-01 1.700526554499786869e+01
4.849999999999999867e-01 1.719440717268397378e+01
4.859999999999999876e-01 1.738401224781440391e+01
4.869999999999999885e-01 1.757408022757574173e+01
4.879999999999999893e-01 1.776461057093378315e+01
4.889999999999999902e-01 1.795560273862424339e+01
4.899999999999999911e-01 1.814705619314307938e+01
4.909999999999999920e-01 1.833897039873814094e+01
4.919999999999999929e-01 1.853134482139940786e+01
4.929999999999999938e-01 1.872417892884951129e+01
4.939999999999999947e-01 1.891747219053548434e+01
4.949999999999999956e-01 1.911122407761953923e+01
4.959999999999999964e-01 1.930543406297014286e+01
4.969999999999999973e-01 1.950010162115292189e+01
4.979999999999999982e-01 1.969522622842224280e+01
4.989999999999999991e-01 1.989080736271260719e+01
5.000000000000000000e-01 2.008684450362934371e+01
5.010000000000000009e-01 2.028333713244091996e+01
5.020000000000000018e-01 2.048028473206952071e+01
5.030000000000000027e-01 2.067768678708329588e+01
5.040000000000000036e-01 2.087554278368776295e+01
5.050000000000000044e-01 2.107385220971695361e+01
5.060000000000000053e-01 2.127261455462587492e+01
5.070000000000000062e-01 2.147182930948171986e+01
5.080000000000000071e-01 2.167149596695634983e+01
5.090000000000000080e-01 2.187161402131726362e+01
5.100000000000000089e-01 2.207218296842001592e+01
5.110000000000000098e-01 2.227320230570052217e+01
5.120000000000000107e-01 2.247467153216681623e+01
5.130000000000000115e-01 2.267659014839065890e+01
5.140000000000000124e-01 2.287895765650049640e+01
5.150000000000000133e-01 2.308177356017349524e+01
5.160000000000000142e-01 2.328503736462743490e+01
5.170000000000000151e-01 2.348874857661321158e+01
5.180000000000000160e-01 2.369290670440732782e+01
5.190000000000000169e-01 2.389751125780448859e+01
5.200000000000000178e-01 2.410256174810938035e+01
5.210000000000000187e-01 2.430805768812994927e+01
5.220000000000000195e-01 2.451399859216950716e+01
5.230000000000000204e-01 2.472038397601988180e+01
5.240000000000000213e-01 2.492721335695318885e+01
5.250000000000000222e-01 2.513448625371552225e+01
5.260000000000000231e-01 2.534220218651923062e+01
5.270000000000000240e-01 2.555036067703591840e+01
5.280000000000000249e-01 2.575896124838890699e+01
5.290000000000000258e-01 2.596800342514683280e+01
5.300000000000000266e-01 2.617748673331606568e+01
5.310000000000000275e-01 2.638741070033406544e+01
5.320000000000000284e-01 2.659777485506239003e+01
5.330000000000000293e-01 2.680857872777904305e+01
5.340000000000000302e-01 2.701982185017340043e+01
5.350000000000000311e-01 2.723150375533748502e+01
5.360000000000000320e-01 2.744362397776028928e+01
5.370000000000000329e-01 2.765618205332084045e+01
5.380000000000000338e-01 2.786917751928148590e+01
5.390000000000000346e-01 2.808260991428119269e+01
5.400000000000000355e-01 2.829647877832921665e+01
5.410000000000000364e-01 2.851078365279829541e+01
5.420000000000000373e-01 2.872552408041831740e+01
5.430000000000000382e-01 2.894069960526996965e+01
5.440000000000000391e-01 2.915630977277783842e+01
5.450000000000000400e-01 2.937235412970467507e+01
5.460000000000000409e-01 2.958883222414484493e+01
5.470000000000000417e-01 2.980574360551786839e+01
5.480000000000000426e-01 3.002308782456193370e+01
5.490000000000000435e-01 3.024086443332865315e+01
5.500000000000000444e-01 3.045907298517607842e+01
5.510000000000000453e-01 3.067771303476273914e+01
5.520000000000000462e-01 3.089678413804141854e+01
5.530000000000000471e-01 3.111628585225368226e+01
5.540000000000000480e-01 3.133621773592340531e+01
5.550000000000000488e-01 3.155657934885066851e+01
5.560000000000000497e-01 3.177737025210630151e+01
5.570000000000000506e-01 3.199859000802555187e+01
5.580000000000000515e-01 3.222023818020273467e+01
5.590000000000000524e-01 3.244231433348468130e+01
5.600000000000000533e-01 3.266481803396560224e+01
5.610000000000000542e-01 3.288774884898118955e+01
5.620000000000000551e-01 3.311110634710281886e+01
5.630000000000000560e-01 3.333489009813154524e+01
5.640000000000000568e-01 3.355909967309341368e+01
5.650000000000000577e-01 3.378373464423272310e+01
5.660000000000000586e-01 3.400879458500764940e+01
5.670000000000000595e-01 3.423427907008309035e+01
5.680000000000000604e-01 3.446018767532725491e+01
5.690000000000000613e-01 3.468651997780434471e+01
5.700000000000000622e-01 3.491327555577004915e+01
5.710000000000000631e-01 3.514045398866599612e+01
5.720000000000000639e-01 3.536805485711462893e+01
5.730000000000000648e-01 3.559607774291332305e+01
5.740000000000000657e-01 3.582452222902961836e+01
5.750000000000000666e-01 3.605338789959542112e+01
5.760000000000000675e-01 3.628267433990243518e+01
5.769999999999999574e-01 3.651238113639637817e+01
5.779999999999999583e-01 3.674250787667235585e+01
5.789999999999999591e-01 3.697305414946904278e+01
5.799999999999999600e-01 3.720401954466422012e+01
5.809999999999999609e-01 3.743540365326941100e+01
5.819999999999999618e-01 3.766720606742497068e+01
5.829999999999999627e-01 3.789942638039502043e+01
5.839999999999999636e-01 3.813206418656216812e+01
5.849999999999999645e-01 3.836511908142333027e+01
5.859999999999999654e-01 3.859859066158367114e+01
5.869999999999999662e-01 3.883247852475287942e+01
5.879999999999999671e-01 3.906678226973965451e+01
5.889999999999999680e-01 3.930150149644713053e+01
5.899999999999999689e-01 3.953663580586790260e+01
5.909999999999999698e-01 3.977218480007906720e+01
5.919999999999999707e-01 4.000814808223802288e+01
5.929999999999999716e-01 4.024452525657761726e+01
5.939999999999999725e-01 4.048131592840096005e+01
5.949999999999999734e-01 4.071851970407723087e+01
5.959999999999999742e-01 4.095613619103713887e+01
5.969999999999999751e-01 4.119416499776801999e+01
5.979999999999999760e-01 4.143260573380915446e+01
5.989999999999999769e-01 4.167145800974770964e+01
5.999999999999999778e-01 4.191072143721387278e+01
6.009999999999999787e-01 4.215039562887634617e+01
6.019999999999999796e-01 4.239048019843821891e+01
6.029999999999999805e-01 4.263097476063181546e+01
6.039999999999999813e-01 4.287187893121495108e+01
6.049999999999999822e-01 4.311319232696681780e+01
6.059999999999999831e-01 4.335491456568232849e+01
6.069999999999999840e-01 4.359704526616918940e+01
6.079999999999999849e-01 4.383958404824279853e+01
6.089999999999999858e-01 4.408253053272183308e+01
6.099999999999999867e-01 4.432588434142471101e+01
6.109999999999999876e-01 4.456964509716479483e+01
6.119999999999999885e-01 4.481381242374643392e+01
6.129999999999999893e-01 4.505838594596087177e+01
6.139999999999999902e-01 4.530336528958105902e+01
6.149999999999999911e-01 4.554875008135920922e+01
6.159999999999999920e-01 4.579453994902169001e+01
6.169999999999999929e-01 4.604073452126441168e+01
6.179999999999999938e-01 4.628733342775022663e+01
6.189999999999999947e-01 4.653433629910380631e+01
6.199999999999999956e-01 4.678174276690766931e+01
6.209999999999999964e-01 4.702955246369867837e+01
6.219999999999999973e-01 4.727776502296318029e+01
6.229999999999999982e-01 4.752638007913475349e+01
6.239999999999999991e-01 4.777539726758827499e+01
6.250000000000000000e-01 4.802481622463690769e+01
6.260000000000000009e-01 4.827463658752905928e+01
6.270000000000000018e-01 4.852485799444301051e+01
6.280000000000000027e-01 4.877548008448394512e+01
6.290000000000000036e-01 4.902650249767947344e+01
6.300000000000000044e-01 4.927792487497734442e+01
6.310000000000000053e-01 4.952974685823977552e+01
6.320000000000000062e-01 4.978196809024061054e+01
6.330000000000000071e-01 5.003458821466198003e+01
6.340000000000000080e-01 5.028760687608998126e+01
6.350000000000000089e-01 5.054102372001058541e+01
6.360000000000000098e-01 5.079483839280761970e+01
6.370000000000000107e-01 5.104905054175699775e+01
6.380000000000000115e-01 5.130365981502436057e+01
6.390000000000000124e-01 5.155866586166187915e+01
6.400000000000000133e-01 5.181406833160298220e+01
6.410000000000000142e-01 5.206986687566052296e+01
6.420000000000000151e-01 5.232606114552224597e+01
6.430000000000000160e-01 5.258265079374781692e+01
6.440000000000000169e-01 5.283963547376487213e+01
6.450000000000000178e-01 5.309701483986530945e+01
6.460000000000000187e-01 5.335478854720260244e+01
6.470000000000000195e-01 5.361295625178806290e+01
6.480000000000000204e-01 5.387151761048689025e+01
6.490000000000000213e-01 5.413047228101517305e+01
6.500000000000000222e-01 5.438981992193690473e+01
6.510000000000000231e-01 5.464956019265966347e+01
6.520000000000000240e-01 5.490969275343225320e+01
6.530000000000000249e-01 5.517021726534029824e+01
6.540000000000000258e-01 5.543113339030392694e+01
6.550000000000000266e-01 5.569244079107386369e+01
6.560000000000000275e-01 5.595413913122814620e+01
6.570000000000000284e-01 5.621622807516966702e+01
6.580000000000000293e-01 5.647870728812135610e+01
6.590000000000000302e-01 5.674157643612453228e+01
6.600000000000000311e-01 5.700483518603491007e+01
6.610000000000000320e-01 5.726848320551947324e+01
6.620000000000000329e-01 5.753252016305317795e+01
6.630000000000000338e-01 5.779694572791636631e+01
6.640000000000000346e-01 5.806175957019028999e+01
6.650000000000000355e-01 5.832696136075625759e+01
6.660000000000000364e-01 5.859255077129036238e+01
6.670000000000000373e-01 5.885852747426085330e+01
6.680000000000000382e-01 5.912489114292617387e+01
6.690000000000000391e-01 5.939164145133067052e+01
6.700000000000000400e-01 5.965877807430190671e+01
6.710000000000000409e-01 5.992630068744794869e+01
6.720000000000000417e-01 6.019420896715396907e+01
6.730000000000000426e-01 6.046250259057990206e+01
6.740000000000000435e-01 6.073118123565608073e+01
6.750000000000000444e-01 6.100024458108158854e+01
6.760000000000000453e-01 6.126969230632093399e+01
6.770000000000000462e-01 6.153952409160112325e+01
6.780000000000000471e-01 6.180973961790832050e+01
6.790000000000000480e-01 6.208033856698547481e+01
6.800000000000000488e-01 6.235132062132940689e+01
6.810000000000000497e-01 6.262268546418745530e+01
6.820000000000000506e-01 6.289443277955514588e+01
6.830000000000000515e-01 6.316656225217306542e+01
6.840000000000000524e-01 6.343907356752391991e+01
6.850000000000000533e-01 6.371196641183061615e+01
6.860000000000000542e-01 6.398524047205157217e+01
6.870000000000000551e-01 6.425889543588017716e+01
6.880000000000000560e-01 6.453293099174027247e+01
6.890000000000000568e-01 6.480734682878455999e+01
6.900000000000000577e-01 6.508214263689103518e+01
6.910000000000000586e-01 6.535731810666050023e+01
6.920000000000000595e-01 6.563287292941446083e+01
6.930000000000000604e-01 6.590880679719138868e+01
6.940000000000000613e-01 6.618511940274490257e+01
6.950000000000000622e-01 6.646181043954049983e+01
6.960000000000000631e-01 6.673887960175321155e+01
6.970000000000000639e-01 6.701632658426534306e+01
6.980000000000000648e-01 6.729415108266239542e+01
6.990000000000000657e-01 6.757235279323272437e+01
7.000000000000000666e-01 6.785093141296268016e+01
7.010000000000000675e-01 6.812988663953520074e+01
7.020000000000000684e-01 6.840921817132705485e+01
7.030000000000000693e-01 6.868892570740652559e+01
7.039999999999999591e-01 6.896900894753075306e+01
7.049999999999999600e-01 6.924946759214218162e+01
7.059999999999999609e-01 6.953030134236755089e+01
7.069999999999999618e-01 6.981150990001459888e+01
7.079999999999999627e-01 7.009309296756953245e+01
7.089999999999999636e-01 7.037505024819489563e+01
7.099999999999999645e-01 7.065738144572658541e+01
7.109999999999999654e-01 7.094008626467201850e+01
7.119999999999999662e-01 7.122316441020704758e+01
7.129999999999999671e-01 7.150661558817409968e+01
7.139999999999999680e-01 7.179043950507937666e+01
7.149999999999999689e-01 7.207463586809012668e+01
7.159999999999999698e-01 7.235920438503335106e+01
7.169999999999999707e-01 7.264414476439254997e+01
7.179999999999999716e-01 7.292945671530480922e+01
7.189999999999999725e-01 7.321513994756018917e+01
7.199999999999999734e-01 7.350119417159767465e+01
7.209999999999999742e-01 7.378761909850346967e+01
7.219999999999999751e-01 7.407441444000900788e+01
7.229999999999999760e-01 7.436157990848811039e+01
7.239999999999999769e-01 7.464911521695483998e+01
7.249999999999999778e-01 7.493702007906102835e+01
7.259999999999999787e-01 7.522529420909475562e+01
7.269999999999999796e-01 7.551393732197689701e+01
7.279999999999999805e-01 7.580294913326009976e+01
7.289999999999999813e-01 7.609232935912544349e+01
7.299999999999999822e-01 7.638207771638073496e+01
7.309999999999999831e-01 7.667219392245812060e+01
7.319999999999999840e-01 7.696267769541252335e+01
7.329999999999999849e-01 7.725352875391821783e+01
7.339999999999999858e-01 7.754474681726739504e+01
7.349999999999999867e-01 7.783633160536822970e+01
7.359999999999999876e-01 7.812828283874169699e+01
7.369999999999999885e-01 7.842060023852116046e+01
7.379999999999999893e-01 7.871328352644785298e+01
7.389999999999999902e-01 7.900633242487064933e+01
7.399999999999999911e-01 7.929974665674323830e+01
7.409999999999999920e-01 7.959352594562176364e+01
7.419999999999999929e-01 7.988767001566334613e+01
7.429999999999999938e-01 8.018217859162359673e+01
7.439999999999999947e-01 8.047705139885401593e+01
7.449999999999999956e-01 8.077228816330085692e+01
7.459999999999999964e-01 8.106788861150268133e+01
7.469999999999999973e-01 8.136385247058812809e+01
7.479999999999999982e-01 8.166017946827375340e+01
7.489999999999999991e-01 8.195686933286263809e+01
7.500000000000000000e-01 8.225392179324160224e+01
7.510000000000000009e-01 8.255133657887965626e+01
7.520000000000000018e-01 8.284911341982599708e+01
7.530000000000000027e-01 8.314725204670722292e+01
7.540000000000000036e-01 8.344575219072685002e+01
7.550000000000000044e-01 8.374461358366168895e+01
7.560000000000000053e-01 8.404383595786087824e+01
7.570000000000000062e-01 8.434341904624379538e+01
7.580000000000000071e-01 8.464336258229782572e+01
7.590000000000000080e-01 8.494366630007642982e+01
7.600000000000000089e-01 8.524432993419769389e+01
7.610000000000000098e-01 8.554535321984127449e+01
7.620000000000000107e-01 8.584673589274845540e+01
7.630000000000000115e-01 8.614847768921781324e+01
7.640000000000000124e-01 8.645057834610491909e+01
7.650000000000000133e-01 8.675303760082046267e+01
7.660000000000000142e-01 8.705585519132732486e+01
7.670000000000000151e-01 8.735903085613976771e+01
7.680000000000000160e-01 8.766256433432066331e+01
7.690000000000000169e-01 8.796645536548061273e+01
7.700000000000000178e-01 8.827070368977534542e+01
7.710000000000000187e-01 8.857530904790382920e+01
7.720000000000000195e-01 8.888027118110714753e+01
7.730000000000000204e-01 8.918558983116595584e+01
7.740000000000000213e-01 8.949126474039906043e+01
7.750000000000000222e-01 8.979729565166176997e+01
7.760000000000000231e-01 9.010368230834311021e+01
7.770000000000000240e-01 9.041042445436536923e+01
7.780000000000000249e-01 9.071752183418185211e+01
7.790000000000000258e-01 9.102497419277393931e+01
7.800000000000000266e-01 9.133278127565141347e+01
7.810000000000000275e-01 9.164094282884919096e+01
7.820000000000000284e-01 9.194945859892608553e+01
7.830000000000000293e-01 9.225832833296280455e+01
7.840000000000000302e-01 9.256755177856022954e+01
7.850000000000000311e-01 9.287712868383856346e+01
7.860000000000000320e-01 9.318705879743444598e+01
7.870000000000000329e-01 9.349734186849927653e+01
7.880000000000000338e-01 9.380797764669861749e+01
7.890000000000000346e-01 9.411896588220952253e+01
7.900000000000000355e-01 9.443030632571934291e+01
7.910000000000000364e-01 9.474199872842334003e+01
7.920000000000000373e-01 9.505404284202393228e+01
7.930000000000000382e-01 9.536643841872884764e+01
7.940000000000000391e-01 9.567918521124849462e+01
7.950000000000000400e-01 9.599228297279556443e+01
7.960000000000000409e-01 9.630573145708278560e+01
7.970000000000000417e-01 9.661953041832178712e+01
7.980000000000000426e-01 9.693367961122010001e+01
7.990000000000000435e-01 9.724817879098139883e+01
8.000000000000000444e-01 9.756302771330227586e+01
8.010000000000000453e-01 9.787822613437234054e+01
8.020000000000000462e-01 9.819377381087046786e+01
8.030000000000000471e-01 9.850967049996498304e+01
8.040000000000000480e-01 9.882591595931170048e+01
8.050000000000000488e-01 9.914250994705152209e+01
8.060000000000000497e-01 9.945945222181005363e+01
8.070000000000000506e-01 9.977674254269494725e+01
8.080000000000000515e-01 1.000943806692950631e+02
8.090000000000000524e-01 1.004123663616785507e+02
8.100000000000000533e-01 1.007306993803919255e+02
8.110000000000000542e-01 1.010493794864574966e+02
8.120000000000000551e-01 1.013684064413724855e+02
8.130000000000000560e-01 1.016877800071077900e+02
8.140000000000000568e-01 1.020074999461058525e+02
8.150000000000000577e-01 1.023275660212793667e+02
8.160000000000000586e-01 1.026479779960099279e+02
8.170000000000000595e-01 1.029687356341463129e+02
8.180000000000000604e-01 1.032898387000030880e+02
8.190000000000000613e-01 1.036112869583594289e+02
8.200000000000000622e-01 1.039330801744567481e+02
8.210000000000000631e-01 1.042552181139986516e+02
8.220000000000000639e-01 1.045777005431480688e+02
8.230000000000000648e-01 1.049005272285260872e+02
8.240000000000000657e-01 1.052236979372119947e+02
8.250000000000000666e-01 1.055472124367392581e+02
8.260000000000000675e-01 1.058710704950963191e+02
8.270000000000000684e-01 1.061952718807238938e+02
8.280000000000000693e-01 1.065198163625145327e+02
8.290000000000000702e-01 1.068447037098100196e+02
8.300000000000000711e-01 1.071699336924006900e+02
8.310000000000000719e-01 1.074955060805241800e+02
8.320000000000000728e-01 1.078214206448635650e+02
8.329999999999999627e-01 1.081476771565459529e+02
8.339999999999999636e-01 1.084742753871417023e+02
8.349999999999999645e-01 1.088012151086622197e+02
8.359999999999999654e-01 1.091284960935596473e+02
8.369999999999999662e-01 1.094561181147242479e+02
8.379999999999999671e-01 1.097840809454835096e+02
8.389999999999999680e-01 1.101123843596011795e+02
8.399999999999999689e-01 1.104410281312762692e+02
8.409999999999999698e-01 1.107700120351395014e+02
8.419999999999999707e-01 1.110993358462551726e+02
8.429999999999999716e-01 1.114289993401174854e+02
8.439999999999999725e-01 1.117590022926494271e+02
8.449999999999999734e-01 1.120893444802030530e+02
8.459999999999999742e-01 1.124200256795562467e+02
8.469999999999999751e-01 1.127510456679121660e+02
8.479999999999999760e-01 1.130824042228986457e+02
8.489999999999999769e-01 1.134141011225653841e+02
8.499999999999999778e-01 1.137461361453843551e+02
8.509999999999999787e-01 1.140785090702468807e+02
8.519999999999999796e-01 1.144112196764639293e+02
8.529999999999999805e-01 1.147442677437630181e+02
8.539999999999999813e-01 1.150776530522890511e+02
8.549999999999999822e-01 1.154113753826009514e+02
8.559999999999999831e-01 1.157454345156719313e+02
8.569999999999999840e-01 1.160798302328872182e+02
8.579999999999999849e-01 1.164145623160446235e+02
8.589999999999999858e-01 1.167496305473499376e+02
8.599999999999999867e-01 1.170850347094193893e+02
8.609999999999999876e-01 1.174207745852755238e+02
8.619999999999999885e-01 1.177568499583481838e+02
8.629999999999999893e-01 1.180932606124714255e+02
8.639999999999999902e-01 1.184300063318833764e+02
8.649999999999999911e-01 1.187670869012246584e+02
8.659999999999999920e-01 1.191045021055378754e+02
8.669999999999999929e-01 1.194422517302653830e+02
8.679999999999999938e-01 1.197803355612481369e+02
8.689999999999999947e-01 1.201187533847255082e+02
8.699999999999999956e-01 1.204575049873331665e+02
8.709999999999999964e-01 1.207965901561020843e+02
8.719999999999999973e-01 1.211360086784575714e+02
8.729999999999999982e-01 1.214757603422180807e+02
8.739999999999999991e-01 1.218158449355938302e+02
8.750000000000000000e-01 1.221562622471856656e+02
8.760000000000000009e-01 1.224970120659841797e+02
8.770000000000000018e-01 1.228380941813681062e+02
8.780000000000000027e-01 1.231795083831034390e+02
8.790000000000000036e-01 1.235212544613424228e+02
8.800000000000000044e-01 1.238633322066218057e+02
8.810000000000000053e-01 1.242057414098627106e+02
8.820000000000000062e-01 1.245484818623682060e+02
8.830000000000000071e-01 1.248915533558238877e+02
8.840000000000000080e-01 1.252349556822946255e+02
8.850000000000000089e-01 1.255786886342255997e+02
8.860000000000000098e-01 1.259227520044389905e+02
8.870000000000000107e-01 1.262671455861349301e+02
8.880000000000000115e-01 1.266118691728894561e+02
8.890000000000000124e-01 1.269569225586528773e+02
8.900000000000000133e-01 1.273023055377498594e+02
8.910000000000000142e-01 1.276480179048768235e+02
8.920000000000000151e-01 1.279940594551029278e+02
8.930000000000000160e-01 1.283404299838668408e+02
8.940000000000000169e-01 1.286871292869772105e+02
8.950000000000000178e-01 1.290341571606101354e+02
8.960000000000000187e-01 1.293815134013100874e+02
8.970000000000000195e-01 1.297291978059867290e+02
8.980000000000000204e-01 1.300772101719156524e+02
8.990000000000000213e-01 1.304255502967358495e+02
9.000000000000000222e-01 1.307742179784494283e+02
9.010000000000000231e-01 1.311232130154206175e+02
9.020000000000000240e-01 1.314725352063743742e+02
9.030000000000000249e-01 1.318221843503951618e+02
9.040000000000000258e-01 1.321721602469274899e+02
9.050000000000000266e-01 1.325224626957718783e+02
9.060000000000000275e-01 1.328730914970870742e+02
9.070000000000000284e-01 1.332240464513866414e+02
9.080000000000000293e-01 1.335753273595389032e+02
9.090000000000000302e-01 1.339269340227666021e+02
9.100000000000000311e-01 1.342788662426440283e+02
9.110000000000000320e-01 1.346311238210977876e+02
9.120000000000000329e-01 1.349837065604052668e+02
9.130000000000000338e-01 1.353366142631930416e+02
9.140000000000000346e-01 1.356898467324365640e+02
9.150000000000000355e-01 1.360434037714589124e+02
9.160000000000000364e-01 1.363972851839293412e+02
9.170000000000000373e-01 1.367514907738637362e+02
9.180000000000000382e-01 1.371060203456215447e+02
9.190000000000000391e-01 1.374608737039072253e+02
9.200000000000000400e-01 1.378160506537665810e+02
9.210000000000000409e-01 1.381715510005880674e+02
9.220000000000000417e-01 1.385273745501003191e+02
9.230000000000000426e-01 1.388835211083727472e+02
9.240000000000000435e-01 1.392399904818122991e+02
9.250000000000000444e-01 1.395967824771650214e+02
9.260000000000000453e-01 1.399538969015131329e+02
9.270000000000000462e-01 1.403113335622755926e+02
9.280000000000000471e-01 1.406690922672051158e+02
9.290000000000000480e-01 1.410271728243903908e+02
9.300000000000000488e-01 1.413855750422512187e+02
9.310000000000000497e-01 1.417442987295415833e+02
9.320000000000000506e-01 1.421033436953453588e+02
9.330000000000000515e-01 1.424627097490774190e+02
9.340000000000000524e-01 1.428223967004824715e+02
9.350000000000000533e-01 1.431824043596323861e+02
9.360000000000000542e-01 1.435427325369284972e+02
9.370000000000000551e-01 1.439033810430973404e+02
9.380000000000000560e-01 1.442643496891918176e+02
9.390000000000000568e-01 1.446256382865902310e+02
9.400000000000000577e-01 1.449872466469939241e+02
9.410000000000000586e-01 1.453491745824276791e+02
9.420000000000000595e-01 1.457114219052390354e+02
9.430000000000000604e-01 1.460739884280959018e+02
9.440000000000000613e-01 1.464368739639877219e+02
9.450000000000000622e-01 1.468000783262222058e+02
9.460000000000000631e-01 1.471636013284265800e+02
9.470000000000000639e-01 1.475274427845458263e+02
9.480000000000000648e-01 1.478916025088411175e+02
9.490000000000000657e-01 1.482560803158900740e+02
9.500000000000000666e-01 1.486208760205861665e+02
9.510000000000000675e-01 1.489859894381357890e+02
9.520000000000000684e-01 1.493514203840598498e+02
9.530000000000000693e-01 1.497171686741914129e+02
9.540000000000000702e-01 1.500832341246753288e+02
9.550000000000000711e-01 1.504496165519671536e+02
9.560000000000000719e-01 1.508163157728319561e+02
9.570000000000000728e-01 1.511833316043458240e+02
9.580000000000000737e-01 1.515506638638907475e+02
9.590000000000000746e-01 1.519183123691580590e+02
9.599999999999999645e-01 1.522862769381443400e+02
9.609999999999999654e-01 1.526545573891534389e+02
9.619999999999999662e-01 1.530231535407928902e+02
9.629999999999999671e-01 1.533920652119748809e+02
9.639999999999999680e-01 1.537612922219151983e+02
9.649999999999999689e-01 1.541308343901313833e+02
9.659999999999999698e-01 1.545006915364438100e+02
9.669999999999999707e-01 1.548708634809721900e+02
9.679999999999999716e-01 1.552413500441381302e+02
9.689999999999999725e-01 1.556121510466608413e+02
9.699999999999999734e-01 1.559832663095588714e+02
9.709999999999999742e-01 1.563546956541482871e+02
9.719999999999999751e-01 1.567264389020415365e+02
9.729999999999999760e-01 1.570984958751476768e+02
9.739999999999999769e-01 1.574708663956709813e+02
9.749999999999999778e-01 1.578435502861096040e+02
9.759999999999999787e-01 1.582165473692565172e+02
9.769999999999999796e-01 1.585898574681960156e+02
9.779999999999999805e-01 1.589634804063057629e+02
9.789999999999999813e-01 1.593374160072539780e+02
9.799999999999999822e-01 1.597116640950000317e+02
9.809999999999999831e-01 1.600862244937927699e+02
9.819999999999999840e-01 1.604610970281696893e+02
9.829999999999999849e-01 1.608362815229575631e+02
9.839999999999999858e-01 1.612117778032692854e+02
9.849999999999999867e-01 1.615875856945054352e+02
9.859999999999999876e-01 1.619637050223520305e+02
9.869999999999999885e-01 1.623401356127808981e+02
9.879999999999999893e-01 1.627168772920473998e+02
9.889999999999999902e-01 1.630939298866911145e+02
9.899999999999999911e-01 1.634712932235344738e+02
9.909999999999999920e-01 1.638489671296824781e+02
9.919999999999999929e-01 1.642269514325207354e+02
9.929999999999999938e-01 1.646052459597161715e+02
9.939999999999999947e-01 1.649838505392157515e+02
9.949999999999999956e-01 1.653627649992450017e+02
9.959999999999999964e-01 1.657419891683086348e+02
9.969999999999999973e-01 1.661215228751891004e+02
9.979999999999999982e-01 1.665013659489450504e+02
9.989999999999999991e-01 1.668815182189125039e+02
1.000000000000000000e+00 1.672619795147026593e+02
