0.000000000000000000e+00 0.000000000000000000e+00
1.000000000000000021e-03 8.521316797137322430e-02
2.000000000000000042e-03 -6.688205722719524349e-02
3.000000000000000062e-03 -2.561325617140804978e-01
4.000000000000000083e-03 -4.611368621116805899e-01
5.000000000000000104e-03 -6.739584497214708980e-01
6.000000000000000125e-03 -8.907468433972053345e-01
7.000000000000000146e-03 -1.109354578028396432e+00
8.000000000000000167e-03 -1.328476513972506989e+00
9.000000000000001055e-03 -1.547272413847198047e+00
1.000000000000000021e-02 -1.765179106424345168e+00
1.099999999999999936e-02 -1.981808195511405746e+00
1.200000000000000025e-02 -2.196886455115766967e+00
1.300000000000000114e-02 -2.410219214582963509e+00
1.400000000000000029e-02 -2.621666892632967816e+00
1.499999999999999944e-02 -2.831129426520176740e+00
1.600000000000000033e-02 -3.038535636150250685e+00
1.700000000000000122e-02 -3.243835778863499719e+00
1.800000000000000211e-02 -3.446996227399984125e+00
1.899999999999999953e-02 -3.647995596229157478e+00
2.000000000000000042e-02 -3.846821877500810949e+00
2.100000000000000130e-02 -4.043470294264684739e+00
2.199999999999999872e-02 -4.237941671883673322e+00
2.299999999999999961e-02 -4.430241189446004313e+00
2.400000000000000050e-02 -4.620377413578190762e+00
2.500000000000000139e-02 -4.808361544655739728e+00
2.600000000000000228e-02 -4.994206824494846764e+00
2.699999999999999969e-02 -5.177928068017412677e+00
2.800000000000000058e-02 -5.359541290938810043e+00
2.900000000000000147e-02 -5.539063412428359534e+00
2.999999999999999889e-02 -5.716512016735377344e+00
3.099999999999999978e-02 -5.891905161499609633e+00
3.200000000000000067e-02 -6.065261223246263711e+00
3.300000000000000155e-02 -6.236598772661134937e+00
3.400000000000000244e-02 -6.405936473834503708e+00
3.500000000000000333e-02 -6.573293002882972580e+00
3.600000000000000422e-02 -6.738686982300738038e+00
3.699999999999999817e-02 -6.902136928124855686e+00
3.799999999999999906e-02 -7.063661207572337730e+00
3.899999999999999994e-02 -7.223278005258933376e+00
4.000000000000000083e-02 -7.381005296466966570e+00
4.100000000000000172e-02 -7.536860826214899944e+00
4.200000000000000261e-02 -7.690862093109140041e+00
4.300000000000000350e-02 -7.843026337142193327e+00
4.399999999999999745e-02 -7.993370530749541736e+00
4.499999999999999833e-02 -8.141911372557668614e+00
4.599999999999999922e-02 -8.288665283354136548e+00
4.700000000000000011e-02 -8.433648403890014578e+00
4.800000000000000100e-02 -8.576876594191213954e+00
4.900000000000000189e-02 -8.718365434109257350e+00
5.000000000000000278e-02 -8.858130224886597404e+00
5.100000000000000366e-02 -8.996185991548507843e+00
5.200000000000000455e-02 -9.132547485964730427e+00
5.299999999999999850e-02 -9.267229190448983189e+00
5.399999999999999939e-02 -9.400245321786382391e+00
5.500000000000000028e-02 -9.531609835596231761e+00
5.600000000000000117e-02 -9.661336430952990995e+00
5.700000000000000205e-02 -9.789438555200243641e+00
5.800000000000000294e-02 -9.915929408903650710e+00
5.900000000000000383e-02 -1.004082195089747920e+01
5.999999999999999778e-02 -1.016412890338642150e+01
6.099999999999999867e-02 -1.028586275707174202e+01
6.199999999999999956e-02 -1.040603577627485876e+01
6.300000000000000044e-02 -1.052466000403729574e+01
6.400000000000000133e-02 -1.064174726717853225e+01
6.500000000000000222e-02 -1.075730918129761626e+01
6.600000000000000311e-02 -1.087135715570633998e+01
6.700000000000000400e-02 -1.098390239828458448e+01
6.800000000000000488e-02 -1.109495592025025346e+01
6.900000000000000577e-02 -1.120452854083776195e+01
7.000000000000000666e-02 -1.131263089188066928e+01
7.100000000000000755e-02 -1.141927342229517528e+01
7.200000000000000844e-02 -1.152446640246220433e+01
7.299999999999999545e-02 -1.162821992850624575e+01
7.399999999999999634e-02 -1.173054392647097899e+01
7.499999999999999722e-02 -1.183144815639061243e+01
7.599999999999999811e-02 -1.193094221625800877e+01
7.699999999999999900e-02 -1.202903554588993984e+01
7.799999999999999989e-02 -1.212573743069069643e+01
7.900000000000000078e-02 -1.222105700531557559e+01
8.000000000000000167e-02 -1.231500325723536449e+01
8.100000000000000255e-02 -1.240758503020435377e+01
8.200000000000000344e-02 -1.249881102763298202e+01
8.300000000000000433e-02 -1.258868981586778624e+01
8.400000000000000522e-02 -1.267722982738036031e+01
8.500000000000000611e-02 -1.276443936386784905e+01
8.600000000000000699e-02 -1.285032659926678100e+01
8.700000000000000788e-02 -1.293489958268275686e+01
8.799999999999999489e-02 -1.301816624123831190e+01
8.899999999999999578e-02 -1.310013438284076059e+01
8.999999999999999667e-02 -1.318081169887286386e+01
9.099999999999999756e-02 -1.326020576680793006e+01
9.199999999999999845e-02 -1.333832405275191668e+01
9.299999999999999933e-02 -1.341517391391450609e+01
9.400000000000000022e-02 -1.349076260101129066e+01
9.500000000000000111e-02 -1.356509726059925036e+01
9.600000000000000200e-02 -1.363818493734716242e+01
9.700000000000000289e-02 -1.371003257624344940e+01
9.800000000000000377e-02 -1.378064702474293668e+01
9.900000000000000466e-02 -1.385003503485472010e+01
1.000000000000000056e-01 -1.391820326517243522e+01
1.010000000000000064e-01 -1.398515828284969942e+01
1.020000000000000073e-01 -1.405090656552111561e+01
1.030000000000000082e-01 -1.411545450317177952e+01
1.040000000000000091e-01 -1.417880839995586939e+01
1.049999999999999961e-01 -1.424097447596673582e+01
1.059999999999999970e-01 -1.430195886895949542e+01
1.069999999999999979e-01 -1.436176763602746931e+01
1.079999999999999988e-01 -1.442040675523468884e+01
1.089999999999999997e-01 -1.447788212720481305e+01
1.100000000000000006e-01 -1.453419957666867468e+01
1.110000000000000014e-01 -1.458936485397108029e+01
1.120000000000000023e-01 -1.464338363653862096e+01
1.130000000000000032e-01 -1.469626153030939086e+01
1.140000000000000041e-01 -1.474800407112590861e+01
1.150000000000000050e-01 -1.479861672609226630e+01
1.160000000000000059e-01 -1.484810489489688479e+01
1.170000000000000068e-01 -1.489647391110148789e+01
1.180000000000000077e-01 -1.494372904339761732e+01
1.190000000000000085e-01 -1.498987549683169007e+01
1.199999999999999956e-01 -1.503491841399939588e+01
1.209999999999999964e-01 -1.507886287621042243e+01
1.219999999999999973e-01 -1.512171390462447462e+01
1.229999999999999982e-01 -1.516347646135926652e+01
1.239999999999999991e-01 -1.520415545057159079e+01
1.250000000000000000e-01 -1.524375571951176411e+01
1.260000000000000009e-01 -1.528228205955313257e+01
1.270000000000000018e-01 -1.531973920719619287e+01
1.280000000000000027e-01 -1.535613184504922302e+01
1.290000000000000036e-01 -1.539146460278519868e+01
1.300000000000000044e-01 -1.542574205807621368e+01
1.310000000000000053e-01 -1.545896873750591460e+01
1.320000000000000062e-01 -1.549114911746057643e+01
1.330000000000000071e-01 -1.552228762499939663e+01
1.340000000000000080e-01 -1.555238863870450672e+01
1.350000000000000089e-01 -1.558145648951179041e+01
1.360000000000000098e-01 -1.560949546152204093e+01
1.370000000000000107e-01 -1.563650979279440989e+01
1.380000000000000115e-01 -1.566250367612103389e+01
1.390000000000000124e-01 -1.568748125978494556e+01
1.400000000000000133e-01 -1.571144664830036852e+01
1.410000000000000142e-01 -1.573440390313705350e+01
1.420000000000000151e-01 -1.575635704342809618e+01
1.430000000000000160e-01 -1.577731004666233439e+01
1.440000000000000169e-01 -1.579726684936149361e+01
1.449999999999999900e-01 -1.581623134774264017e+01
1.459999999999999909e-01 -1.583420739836609670e+01
1.469999999999999918e-01 -1.585119881876948611e+01
1.479999999999999927e-01 -1.586720938808811887e+01
1.489999999999999936e-01 -1.588224284766189598e+01
1.499999999999999944e-01 -1.589630290162972770e+01
1.509999999999999953e-01 -1.590939321751110569e+01
1.519999999999999962e-01 -1.592151742677527437e+01
1.529999999999999971e-01 -1.593267912539888798e+01
1.539999999999999980e-01 -1.594288187441177662e+01
1.549999999999999989e-01 -1.595212920043144322e+01
1.559999999999999998e-01 -1.596042459618652032e+01
1.570000000000000007e-01 -1.596777152102978548e+01
1.580000000000000016e-01 -1.597417340144002473e+01
1.590000000000000024e-01 -1.597963363151440674e+01
1.600000000000000033e-01 -1.598415557345072813e+01
1.610000000000000042e-01 -1.598774255801962241e+01
1.620000000000000051e-01 -1.599039788502778592e+01
1.630000000000000060e-01 -1.599212482377154387e+01
1.640000000000000069e-01 -1.599292661348204803e+01
1.650000000000000078e-01 -1.599280646376085357e+01
1.660000000000000087e-01 -1.599176755500790748e+01
1.670000000000000095e-01 -1.598981303884035299e+01
1.680000000000000104e-01 -1.598694603850373852e+01
1.690000000000000113e-01 -1.598316964927508188e+01
1.700000000000000122e-01 -1.597848693885817895e+01
1.710000000000000131e-01 -1.597290094777159197e+01
1.720000000000000140e-01 -1.596641468972856615e+01
1.730000000000000149e-01 -1.595903115201101663e+01
1.740000000000000158e-01 -1.595075329583483636e+01
1.750000000000000167e-01 -1.594158405670984990e+01
1.759999999999999898e-01 -1.593152634479206853e+01
1.769999999999999907e-01 -1.592058304522982581e+01
1.779999999999999916e-01 -1.590875701850356272e+01
1.789999999999999925e-01 -1.589605110075889272e+01
1.799999999999999933e-01 -1.588246810413422772e+01
1.809999999999999942e-01 -1.586801081708188477e+01
1.819999999999999951e-01 -1.585268200468372690e+01
1.829999999999999960e-01 -1.583648440896079990e+01
1.839999999999999969e-01 -1.581942074917781582e+01
1.849999999999999978e-01 -1.580149372214147618e+01
1.859999999999999987e-01 -1.578270600249443412e+01
1.869999999999999996e-01 -1.576306024300330044e+01
1.880000000000000004e-01 -1.574255907484190153e+01
1.890000000000000013e-01 -1.572120510786935377e+01
1.900000000000000022e-01 -1.569900093090342352e+01
1.910000000000000031e-01 -1.567594911198934859e+01
1.920000000000000040e-01 -1.565205219866339803e+01
1.930000000000000049e-01 -1.562731271821257018e+01
1.940000000000000058e-01 -1.560173317792913039e+01
1.950000000000000067e-01 -1.557531606536160851e+01
1.960000000000000075e-01 -1.554806384856072832e+01
1.970000000000000084e-01 -1.551997897632180745e+01
1.980000000000000093e-01 -1.549106387842249966e+01
1.990000000000000102e-01 -1.546132096585704829e+01
2.000000000000000111e-01 -1.543075263106643291e+01
2.010000000000000120e-01 -1.539936124816442664e+01
2.020000000000000129e-01 -1.536714917316043483e+01
2.030000000000000138e-01 -1.533411874417801002e+01
2.040000000000000147e-01 -1.530027228167048037e+01
2.050000000000000155e-01 -1.526561208863257235e+01
2.060000000000000164e-01 -1.523014045080854828e+01
2.070000000000000173e-01 -1.519385963689729913e+01
2.080000000000000182e-01 -1.515677189875385444e+01
2.089999999999999913e-01 -1.511887947158781564e+01
2.099999999999999922e-01 -1.508018457415863445e+01
2.109999999999999931e-01 -1.504068940896738660e+01
2.119999999999999940e-01 -1.500039616244604446e+01
2.129999999999999949e-01 -1.495930700514342426e+01
2.139999999999999958e-01 -1.491742409190826812e+01
2.149999999999999967e-01 -1.487474956206967391e+01
2.159999999999999976e-01 -1.483128553961400620e+01
2.169999999999999984e-01 -1.478703413336020311e+01
2.179999999999999993e-01 -1.474199743713109179e+01
2.190000000000000002e-01 -1.469617752992328619e+01
2.200000000000000011e-01 -1.464957647607336355e+01
2.210000000000000020e-01 -1.460219632542221646e+01
2.220000000000000029e-01 -1.455403911347669066e+01
2.230000000000000038e-01 -1.450510686156879814e+01
2.240000000000000047e-01 -1.445540157701245576e+01
2.250000000000000056e-01 -1.440492525325774942e+01
2.260000000000000064e-01 -1.435367987004328860e+01
2.270000000000000073e-01 -1.430166739354596217e+01
2.280000000000000082e-01 -1.424888977652820898e+01
2.290000000000000091e-01 -1.419534895848395628e+01
2.300000000000000100e-01 -1.414104686578152936e+01
2.310000000000000109e-01 -1.408598541180475117e+01
2.320000000000000118e-01 -1.403016649709227082e+01
2.330000000000000127e-01 -1.397359200947437863e+01
2.340000000000000135e-01 -1.391626382420834851e+01
2.350000000000000144e-01 -1.385818380411111761e+01
2.360000000000000153e-01 -1.379935379969085574e+01
2.370000000000000162e-01 -1.373977564927620243e+01
2.380000000000000171e-01 -1.367945117914331732e+01
2.390000000000000180e-01 -1.361838220364208851e+01
2.399999999999999911e-01 -1.355657052531956097e+01
2.409999999999999920e-01 -1.349401793504219960e+01
2.419999999999999929e-01 -1.343072621211621254e+01
2.429999999999999938e-01 -1.336669712440614255e+01
2.439999999999999947e-01 -1.330193242845198043e+01
2.449999999999999956e-01 -1.323643386958457668e+01
2.459999999999999964e-01 -1.317020318203928220e+01
2.469999999999999973e-01 -1.310324208906838273e+01
2.479999999999999982e-01 -1.303555230305133783e+01
2.489999999999999991e-01 -1.296713552560432703e+01
2.500000000000000000e-01 -1.289799344768773715e+01
2.510000000000000009e-01 -1.282812774971226766e+01
2.520000000000000018e-01 -1.275754010164383878e+01
2.530000000000000027e-01 -1.268623216310653845e+01
2.540000000000000036e-01 -1.261420558348502752e+01
2.550000000000000044e-01 -1.254146200202469963e+01
2.560000000000000053e-01 -1.246800304793095648e+01
2.570000000000000062e-01 -1.239383034046737109e+01
2.580000000000000071e-01 -1.231894548905170517e+01
2.590000000000000080e-01 -1.224335009335174718e+01
2.600000000000000089e-01 -1.216704574337896894e+01
2.610000000000000098e-01 -1.209003401958154456e+01
2.620000000000000107e-01 -1.201231649293576709e+01
2.630000000000000115e-01 -1.193389472503656989e+01
2.640000000000000124e-01 -1.185477026818661983e+01
2.650000000000000133e-01 -1.177494466548442631e+01
2.660000000000000142e-01 -1.169441945091105950e+01
2.670000000000000151e-01 -1.161319614941633915e+01
2.680000000000000160e-01 -1.153127627700311209e+01
2.690000000000000169e-01 -1.144866134081112463e+01
2.700000000000000178e-01 -1.136535283919932127e+01
2.710000000000000187e-01 -1.128135226182748951e+01
2.720000000000000195e-01 -1.119666108973662233e+01
2.730000000000000204e-01 -1.111128079542848823e+01
2.740000000000000213e-01 -1.102521284294393666e+01
2.750000000000000222e-01 -1.093845868794028320e+01
2.760000000000000231e-01 -1.085101977776805526e+01
2.770000000000000240e-01 -1.076289755154623506e+01
2.780000000000000249e-01 -1.067409344023703710e+01
2.790000000000000258e-01 -1.058460886671935341e+01
2.800000000000000266e-01 -1.049444524586187200e+01
2.810000000000000275e-01 -1.040360398459456803e+01
2.820000000000000284e-01 -1.031208648198009570e+01
2.830000000000000293e-01 -1.021989412928335028e+01
2.840000000000000302e-01 -1.012702831004118309e+01
2.850000000000000311e-01 -1.003349040013076632e+01
2.860000000000000320e-01 -9.939281767836952497e+00
2.870000000000000329e-01 -9.844403773919289335e+00
2.880000000000000338e-01 -9.748857771677851503e+00
2.889999999999999791e-01 -9.652645107018450688e+00
2.899999999999999800e-01 -9.555767118517241698e+00
2.909999999999999809e-01 -9.458225137484021161e+00
2.919999999999999818e-01 -9.360020488025440955e+00
2.929999999999999827e-01 -9.261154487106797006e+00
2.939999999999999836e-01 -9.161628444613786115e+00
2.949999999999999845e-01 -9.061443663412983796e+00
2.959999999999999853e-01 -8.960601439411949087e+00
2.969999999999999862e-01 -8.859103061618320396e+00
2.979999999999999871e-01 -8.756949812198588035e+00
2.989999999999999880e-01 -8.654142966535896875e+00
2.999999999999999889e-01 -8.550683793287323198e+00
3.009999999999999898e-01 -8.446573554440465870e+00
3.019999999999999907e-01 -8.341813505369312765e+00
3.029999999999999916e-01 -8.236404894889371775e+00
3.039999999999999925e-01 -8.130348965312844456e+00
3.049999999999999933e-01 -8.023646952502076601e+00
3.059999999999999942e-01 -7.916300085923278829e+00
3.069999999999999951e-01 -7.808309588699280823e+00
3.079999999999999960e-01 -7.699676677661532409e+00
3.089999999999999969e-01 -7.590402563402349756e+00
3.099999999999999978e-01 -7.480488450325076144e+00
3.109999999999999987e-01 -7.369935536695439993e+00
3.119999999999999996e-01 -7.258745014690713759e+00
3.130000000000000004e-01 -7.146918070449704175e+00
3.140000000000000013e-01 -7.034455884120937696e+00
3.150000000000000022e-01 -6.921359629911638223e+00
3.160000000000000031e-01 -6.807630476134800546e+00
3.170000000000000040e-01 -6.693269585256668819e+00
3.180000000000000049e-01 -6.578278113943824223e+00
3.190000000000000058e-01 -6.462657213108705889e+00
3.200000000000000067e-01 -6.346408027955543929e+00
3.210000000000000075e-01 -6.229531698025901676e+00
3.220000000000000084e-01 -6.112029357242676042e+00
3.230000000000000093e-01 -5.993902133955270273e+00
3.240000000000000102e-01 -5.875151150982169668e+00
3.250000000000000111e-01 -5.755777525655183524e+00
3.260000000000000120e-01 -5.635782369861683350e+00
3.270000000000000129e-01 -5.515166790087555171e+00
3.280000000000000138e-01 -5.393931887458101926e+00
3.290000000000000147e-01 -5.272078757780512603e+00
3.300000000000000155e-01 -5.149608491584508840e+00
3.310000000000000164e-01 -5.026522174162540324e+00
3.320000000000000173e-01 -4.902820885610577051e+00
3.330000000000000182e-01 -4.778505700867309969e+00
3.340000000000000191e-01 -4.653577689754129665e+00
3.350000000000000200e-01 -4.528037917013051583e+00
3.360000000000000209e-01 -4.401887442346374968e+00
3.370000000000000218e-01 -4.275127320453741220e+00
3.380000000000000226e-01 -4.147758601070478335e+00
3.390000000000000235e-01 -4.019782329004826238e+00
3.400000000000000244e-01 -3.891199544174682501e+00
3.410000000000000253e-01 -3.762011281644230820e+00
3.420000000000000262e-01 -3.632218571660331463e+00
3.430000000000000271e-01 -3.501822439688034194e+00
3.440000000000000280e-01 -3.370823906446332785e+00
3.450000000000000289e-01 -3.239223987942956740e+00
3.460000000000000298e-01 -3.107023695509287364e+00
3.470000000000000306e-01 -2.974224035834691193e+00
3.480000000000000315e-01 -2.840826011000604723e+00
3.490000000000000324e-01 -2.706830618514182163e+00
3.500000000000000333e-01 -2.572238851341637655e+00
3.510000000000000342e-01 -2.437051697941384987e+00
3.519999999999999796e-01 -2.301270142296594656e+00
3.529999999999999805e-01 -2.164895163947686996e+00
3.539999999999999813e-01 -2.027927738024299487e+00
3.549999999999999822e-01 -1.890368835277019599e+00
3.559999999999999831e-01 -1.752219422108957758e+00
3.569999999999999840e-01 -1.613480460606623978e+00
3.579999999999999849e-01 -1.474152908570964371e+00
3.589999999999999858e-01 -1.334237719547839873e+00
3.599999999999999867e-01 -1.193735842857943652e+00
3.609999999999999876e-01 -1.052648223627123514e+00
3.619999999999999885e-01 -9.109758028156846876e-01
3.629999999999999893e-01 -7.687195172481686711e-01
3.639999999999999902e-01 -6.258802996417180964e-01
3.649999999999999911e-01 -4.824590786357987326e-01
3.659999999999999920e-01 -3.384567788195234073e-01
3.669999999999999929e-01 -1.938743207612212416e-01
3.679999999999999938e-01 -4.871262103516471598e-02
3.689999999999999947e-01 9.702740775001217344e-02
3.699999999999999956e-01 2.433448569240823645e-01
3.709999999999999964e-01 3.902388217279124660e-01
3.719999999999999973e-01 5.377084012868245111e-01
3.729999999999999982e-01 6.857526985836948086e-01
3.739999999999999991e-01 8.343708204327207056e-01
3.750000000000000000e-01 9.835618774531198483e-01
3.760000000000000009e-01 1.133324984042943129e+00
3.770000000000000018e-01 1.283659258354326482e+00
3.780000000000000027e-01 1.434563822266891719e+00
3.790000000000000036e-01 1.586037801363477939e+00
3.800000000000000044e-01 1.738080324904601071e+00
3.810000000000000053e-01 1.890690525803812250e+00
3.820000000000000062e-01 2.043867540603390154e+00
3.830000000000000071e-01 2.197610509450036886e+00
3.840000000000000080e-01 2.351918576070378464e+00
3.850000000000000089e-01 2.506790887747865071e+00
3.860000000000000098e-01 2.662226595298569976e+00
3.870000000000000107e-01 2.818224853047858858e+00
3.880000000000000115e-01 2.974784818807385989e+00
3.890000000000000124e-01 3.131905653852140148e+00
3.900000000000000133e-01 3.289586522897160137e+00
3.910000000000000142e-01 3.447826594075714013e+00
3.920000000000000151e-01 3.606625038916501325e+00
3.930000000000000160e-01 3.765981032321221278e+00
3.940000000000000169e-01 3.925893752543242243e+00
3.950000000000000178e-01 4.086362381165244528e+00
3.960000000000000187e-01 4.247386103078177655e+00
3.970000000000000195e-01 4.408964106459272614e+00
3.980000000000000204e-01 4.571095582751333097e+00
3.990000000000000213e-01 4.733779726641298424e+00
4.000000000000000222e-01 4.897015736040046363e+00
4.010000000000000231e-01 5.060802812061027112e+00
4.020000000000000240e-01 5.225140159000090989e+00
4.030000000000000249e-01 5.390026984315504421e+00
4.040000000000000258e-01 5.555462498607283806e+00
4.050000000000000266e-01 5.721445915597840326e+00
4.060000000000000275e-01 5.887976452111722381e+00
4.070000000000000284e-01 6.055053328056132500e+00
4.080000000000000293e-01 6.222675766401835062e+00
4.090000000000000302e-01 6.390842993163708741e+00
4.100000000000000311e-01 6.559554237381441055e+00
4.110000000000000320e-01 6.728808731100677676e+00
4.120000000000000329e-01 6.898605709354974636e+00
4.130000000000000338e-01 7.068944410145789448e+00
4.140000000000000346e-01 7.239824074425740719e+00
4.150000000000000355e-01 7.411243946078684530e+00
4.160000000000000364e-01 7.583203271902682729e+00
4.169999999999999818e-01 7.755701301591628294e+00
4.179999999999999827e-01 7.928737287717765980e+00
4.189999999999999836e-01 8.102310485713097421e+00
4.199999999999999845e-01 8.276420153853230488e+00
4.209999999999999853e-01 8.451065553238692019e+00
4.219999999999999862e-01 8.626245947778649281e+00
4.229999999999999871e-01 8.801960604173260094e+00
4.239999999999999880e-01 8.978208791897088759e+00
4.249999999999999889e-01 9.154989783181910923e+00
4.259999999999999898e-01 9.332302853000420839e+00
4.269999999999999907e-01 9.510147279049590452e+00
4.279999999999999916e-01 9.688522341734113752e+00
4.289999999999999925e-01 9.867427324150391144e+00
4.299999999999999933e-01 1.004686151207021538e+01
4.309999999999999942e-01 1.022682419392495490e+01
4.319999999999999951e-01 1.040731466078962342e+01
4.329999999999999960e-01 1.058833220636717698e+01
4.339999999999999969e-01 1.076987612697270436e+01
4.349999999999999978e-01 1.095194572151828538e+01
4.359999999999999987e-01 1.113454029149752245e+01
4.369999999999999996e-01 1.131765914097010040e+01
4.380000000000000004e-01 1.150130157654707119e+01
4.390000000000000013e-01 1.168546690737549909e+01
4.400000000000000022e-01 1.187015444512404372e+01
4.410000000000000031e-01 1.205536350396766920e+01
4.420000000000000040e-01 1.224109340057363937e+01
4.430000000000000049e-01 1.242734345408627661e+01
4.440000000000000058e-01 1.261411298611349707e+01
4.450000000000000067e-01 1.280140132071149850e+01
4.460000000000000075e-01 1.298920778437163648e+01
4.470000000000000084e-01 1.317753170600553858e+01
4.480000000000000093e-01 1.336637241693146905e+01
4.490000000000000102e-01 1.355572925086097769e+01
4.500000000000000111e-01 1.374560154388423427e+01
4.510000000000000120e-01 1.393598863445728142e+01
4.520000000000000129e-01 1.412688986338817188e+01
4.530000000000000138e-01 1.431830457382324084e+01
4.540000000000000147e-01 1.451023211123455781e+01
4.550000000000000155e-01 1.470267182340609935e+01
4.560000000000000164e-01 1.489562306042097362e+01
4.570000000000000173e-01 1.508908517464841736e+01
4.580000000000000182e-01 1.528305752073091384e+01
4.590000000000000191e-01 1.547753945557094823e+01
4.600000000000000200e-01 1.567253033831934772e+01
4.610000000000000209e-01 1.586802953036163188e+01
4.620000000000000218e-01 1.606403639530610405e+01
4.630000000000000226e-01 1.626055029897127469e+01
4.640000000000000235e-01 1.645757060937369687e+01
4.650000000000000244e-01 1.665509669671543946e+01
4.660000000000000253e-01 1.685312793337265447e+01
4.670000000000000262e-01 1.705166369388244618e+01
4.680000000000000271e-01 1.725070335493229834e+01
4.690000000000000280e-01 1.745024629534695038e+01
4.700000000000000289e-01 1.765029189607756877e+01
4.710000000000000298e-01 1.785083954018960384e+01
4.720000000000000306e-01 1.805188861285123636e+01
4.730000000000000315e-01 1.825343850132243517e+01
4.740000000000000324e-01 1.845548859494243743e+01
4.750000000000000333e-01 1.865803828511990048e+01
4.760000000000000342e-01 1.886108696532023288e+01
4.770000000000000351e-01 1.906463403105565391e+01
4.780000000000000360e-01 1.926867887987302197e+01
4.790000000000000369e-01 1.947322091134394384e+01
4.799999999999999822e-01 1.967825952705289438e+01
4.809999999999999831e-01 1.988379413058718370e+01
4.819999999999999840e-01 2.008982412752552449e+01
4.829999999999999849e-01 2.029634892542804181e+01
4.839999999999999858e-01 2.050336793382497547e+01
4.849999999999999867e-01 2.071088056420724399e+01
4.859999999999999876e-01 2.091888623001437253e+01
4.869999999999999885e-01 2.112738434662598763e+01
4.879999999999999893e-01 2.133637433135017858e+01
4.889999999999999902e-01 2.154585560341379846e+01
4.899999999999999911e-01 2.175582758395220395e+01
4.909999999999999920e-01 2.196628969599952086e+01
4.919999999999999929e-01 2.217724136447859706e+01
4.929999999999999938e-01 2.238868201619020226e+01
4.939999999999999947e-01 2.260061107980475015e+01
4.949999999999999956e-01 2.281302798585101499e+01
4.959999999999999964e-01 2.302593216670779697e+01
4.969999999999999973e-01 2.323932305659293718e+01
4.979999999999999982e-01 2.345320009155469876e+01
4.989999999999999991e-01 2.366756270946208929e+01
5.000000000000000000e-01 2.388241034999508372e+01
5.010000000000000009e-01 2.409774245463595577e+01
5.020000000000000018e-01 2.431355846665887555e+01
5.030000000000000027e-01 2.452985783112217177e+01
5.040000000000000036e-01 2.474663999485767363e+01
5.050000000000000044e-01 2.496390440646282372e+01
5.060000000000000053e-01 2.518165051629059548e+01
5.070000000000000062e-01 2.539987777644147826e+01
5.080000000000000071e-01 2.561858564075404843e+01
5.090000000000000080e-01 2.583777356479602361e+01
5.100000000000000089e-01 2.605744100585594225e+01
5.110000000000000098e-01 2.627758742293400473e+01
5.120000000000000107e-01 2.649821227673356816e+01
5.130000000000000115e-01 2.671931502965258431e+01
5.140000000000000124e-01 2.694089514577525080e+01
5.150000000000000133e-01 2.716295209086296580e+01
5.160000000000000142e-01 2.738548533234650506e+01
5.170000000000000151e-01 2.760849433931714714e+01
5.180000000000000160e-01 2.783197858251909196e+01
5.190000000000000169e-01 2.805593753434006032e+01
5.200000000000000178e-01 2.828037066880437322e+01
5.210000000000000187e-01 2.850527746156395636e+01
5.220000000000000195e-01 2.873065738989062368e+01
5.230000000000000204e-01 2.895650993266782791e+01
5.240000000000000213e-01 2.918283457038284467e+01
5.250000000000000222e-01 2.940963078511895645e+01
5.260000000000000231e-01 2.963689806054713216e+01
5.270000000000000240e-01 2.986463588191882934e+01
5.280000000000000249e-01 3.009284373605766660e+01
5.290000000000000258e-01 3.032152111135258821e+01
5.300000000000000266e-01 3.055066749774862700e+01
5.310000000000000275e-01 3.078028238674108508e+01
5.320000000000000284e-01 3.101036527136685095e+01
5.330000000000000293e-01 3.124091564619728700e+01
5.340000000000000302e-01 3.147193300733061960e+01
5.350000000000000311e-01 3.170341685238489760e+01
5.360000000000000320e-01 3.193536668048997029e+01
5.370000000000000329e-01 3.216778199228073021e+01
5.380000000000000338e-01 3.240066228988990105e+01
5.390000000000000346e-01 3.263400707694046332e+01
5.400000000000000355e-01 3.286781585853874788e+01
5.410000000000000364e-01 3.310208814126711729e+01
5.420000000000000373e-01 3.333682343317710206e+01
5.430000000000000382e-01 3.357202124378249408e+01
5.440000000000000391e-01 3.380768108405179362e+01
5.450000000000000400e-01 3.404380246640167940e+01
5.460000000000000409e-01 3.428038490469073452e+01
5.470000000000000417e-01 3.451742791421132495e+01
5.480000000000000426e-01 3.475493101168350307e+01
5.490000000000000435e-01 3.499289371524891834e+01
5.500000000000000444e-01 3.523131554446241154e+01
5.510000000000000453e-01 3.547019602028726837e+01
5.520000000000000462e-01 3.570953466508705532e+01
5.530000000000000471e-01 3.594933100261987136e+01
5.540000000000000480e-01 3.618958455803180385e+01
5.550000000000000488e-01 3.643029485785024235e+01
5.560000000000000497e-01 3.667146142997692948e+01
5.570000000000000506e-01 3.691308380368280950e+01
5.580000000000000515e-01 3.715516150960028341e+01
5.590000000000000524e-01 3.739769407971793669e+01
5.600000000000000533e-01 3.764068104737387443e+01
5.610000000000000542e-01 3.788412194724872251e+01
5.620000000000000551e-01 3.812801631536100899e+01
5.630000000000000560e-01 3.837236368905938377e+01
5.640000000000000568e-01 3.861716360701794315e+01
5.650000000000000577e-01 3.886241560922880467e+01
5.660000000000000586e-01 3.910811923699703385e+01
5.670000000000000595e-01 3.935427403293396509e+01
5.680000000000000604e-01 3.960087954095190810e+01
5.690000000000000613e-01 3.984793530625727698e+01
5.700000000000000622e-01 4.009544087534565904e+01
5.710000000000000631e-01 4.034339579599559755e+01
5.720000000000000639e-01 4.059179961726231056e+01
5.730000000000000648e-01 4.084065188947278102e+01
5.740000000000000657e-01 4.108995216421884322e+01
5.750000000000000666e-01 4.133969999435287690e+01
5.760000000000000675e-01 4.158989493398067339e+01
5.769999999999999574e-01 4.184053653845711551e+01
5.779999999999999583e-01 4.209162436437943455e+01
5.789999999999999591e-01 4.234315796958225064e+01
5.799999999999999600e-01 4.259513691313227923e+01
5.809999999999999609e-01 4.284756075532203567e+01
5.819999999999999618e-01 4.310042905766475485e+01
5.829999999999999627e-01 4.335374138288907631e+01
5.839999999999999636e-01 4.360749729493395677e+01
5.849999999999999645e-01 4.386169635894188445e+01
5.859999999999999654e-01 4.411633814125553243e+01
5.869999999999999662e-01 4.437142220941085213e+01
5.879999999999999671e-01 4.462694813213239087e+01
5.889999999999999680e-01 4.488291547932834646e+01
5.899999999999999689e-01 4.513932382208436422e+01
5.909999999999999698e-01 4.539617273266004105e+01
5.919999999999999707e-01 4.565346178448161396e+01
5.929999999999999716e-01 4.591119055213893319e+01
5.939999999999999725e-01 4.616935861137881858e+01
5.949999999999999734e-01 4.642796553910093849e+01
5.959999999999999742e-01 4.668701091335199749e+01
5.969999999999999751e-01 4.694649431332188527e+01
5.979999999999999760e-01 4.720641531933723911e+01
5.989999999999999769e-01 4.746677351285759272e+01
5.999999999999999778e-01 4.772756847647036693e+01
6.009999999999999787e-01 4.798879979388505745e+01
6.019999999999999796e-01 4.825046704993020086e+01
6.029999999999999805e-01 4.851256983054621230e+01
6.039999999999999813e-01 4.877510772278276363e+01
6.049999999999999822e-01 4.903808031479260165e+01
6.059999999999999831e-01 4.930148719582721384e+01
6.069999999999999840e-01 4.956532795623239451e+01
6.079999999999999849e-01 4.982960218744325687e+01
6.089999999999999858e-01 5.009430948197984890e+01
6.099999999999999867e-01 5.035944943344179592e+01
6.109999999999999876e-01 5.062502163650495390e+01
6.119999999999999885e-01 5.089102568691566830e+01
6.129999999999999893e-01 5.115746118148712185e+01
6.139999999999999902e-01 5.142432771809350811e+01
6.149999999999999911e-01 5.169162489566727459e+01
6.159999999999999920e-01 5.195935231419369416e+01
6.169999999999999929e-01 5.222750957470618971e+01
6.179999999999999938e-01 5.249609627928217037e+01
6.189999999999999947e-01 5.276511203103923719e+01
6.199999999999999956e-01 5.303455643412976883e+01
6.209999999999999964e-01 5.330442909373725513e+01
6.219999999999999973e-01 5.357472961607221862e+01
6.229999999999999982e-01 5.384545760836712702e+01
6.239999999999999991e-01 5.411661267887241422e+01
6.250000000000000000e-01 5.438819443685277122e+01
6.260000000000000009e-01 5.466020249258232866e+01
6.270000000000000018e-01 5.493263645734060674e+01
6.280000000000000027e-01 5.520549594340883459e+01
6.290000000000000036e-01 5.547878056406453595e+01
6.300000000000000044e-01 5.575248993357912752e+01
6.310000000000000053e-01 5.602662366721229148e+01
6.320000000000000062e-01 5.630118138120886329e+01
6.330000000000000071e-01 5.657616269279425580e+01
6.340000000000000080e-01 5.685156722017092079e+01
6.350000000000000089e-01 5.712739458251375879e+01
6.360000000000000098e-01 5.740364439996646695e+01
6.370000000000000107e-01 5.768031629363790103e+01
6.380000000000000115e-01 5.795740988559737161e+01
6.390000000000000124e-01 5.823492479887126194e+01
6.400000000000000133e-01 5.851286065743911990e+01
6.410000000000000142e-01 5.879121708622946585e+01
6.420000000000000151e-01 5.906999371111587038e+01
6.430000000000000160e-01 5.934919015891459537e+01
6.440000000000000169e-01 5.962880605737808537e+01
6.450000000000000178e-01 5.990884103519367443e+01
6.460000000000000187e-01 6.018929472197835651e+01
6.470000000000000195e-01 6.047016674827546012e+01
6.480000000000000204e-01 6.075145674555172093e+01
6.490000000000000213e-01 6.103316434619163999e+01
6.500000000000000222e-01 6.131528918349606272e+01
6.510000000000000231e-01 6.159783089167690662e+01
6.520000000000000240e-01 6.188078910585410597e+01
6.530000000000000249e-01 6.216416346205170385e+01
6.540000000000000258e-01 6.244795359719512362e+01
6.550000000000000266e-01 6.273215914910637991e+01
6.560000000000000275e-01 6.301677975650105168e+01
6.570000000000000284e-01 6.330181505898553951e+01
6.580000000000000293e-01 6.358726469705155182e+01
6.590000000000000302e-01 6.387312831207461272e+01
6.600000000000000311e-01 6.415940554630958559e+01
6.610000000000000320e-01 6.444609604288747562e+01
6.620000000000000329e-01 6.473319944581139396e+01
6.630000000000000338e-01 6.502071539995461080e+01
6.640000000000000346e-01 6.530864355105502739e+01
6.650000000000000355e-01 6.559698354571362700e+01
6.660000000000000364e-01 6.588573503139031118e+01
6.670000000000000373e-01 6.617489765640009125e+01
6.680000000000000382e-01 6.646447106991116982e+01
6.690000000000000391e-01 6.675445492193973962e+01
6.700000000000000400e-01 6.704484886334850557e+01
6.710000000000000409e-01 6.733565254584168258e+01
6.720000000000000417e-01 6.762686562196341811e+01
6.730000000000000426e-01 6.791848774509334419e+01
6.740000000000000435e-01 6.821051856944369263e+01
6.750000000000000444e-01 6.850295775005598387e+01
6.760000000000000453e-01 6.879580494279836955e+01
6.770000000000000462e-01 6.908905980436162508e+01
6.780000000000000471e-01 6.938272199225636427e+01
6.790000000000000480e-01 6.967679116481043877e+01
6.800000000000000488e-01 6.997126698116423427e+01
6.810000000000000497e-01 7.026614910126990310e+01
6.820000000000000506e-01 7.056143718588610625e+01
6.830000000000000515e-01 7.085713089657586750e+01
6.840000000000000524e-01 7.115322989570339018e+01
6.850000000000000533e-01 7.144973384643151348e+01
6.860000000000000542e-01 7.174664241271771914e+01
6.870000000000000551e-01 7.204395525931151667e+01
6.880000000000000560e-01 7.234167205175191384e+01
6.890000000000000568e-01 7.263979245636366500e+01
6.900000000000000577e-01 7.293831614025501153e+01
6.910000000000000586e-01 7.323724277131398708e+01
6.920000000000000595e-01 7.353657201820622902e+01
6.930000000000000604e-01 7.383630355037136894e+01
6.940000000000000613e-01 7.413643703802070206e+01
6.950000000000000622e-01 7.443697215213369134e+01
6.960000000000000631e-01 7.473790856445579323e+01
6.970000000000000639e-01 7.503924594749510391e+01
6.980000000000000648e-01 7.534098397451944606e+01
6.990000000000000657e-01 7.564312231955403831e+01
7.000000000000000666e-01 7.594566065737788563e+01
7.010000000000000675e-01 7.624859866352207405e+01
7.020000000000000684e-01 7.655193601426532268e+01
7.030000000000000693e-01 7.685567238663348633e+01
7.039999999999999591e-01 7.715980745839428323e+01
7.049999999999999600e-01 7.746434090805692563e+01
7.059999999999999609e-01 7.776927241486748699e+01
7.069999999999999618e-01 7.807460165880682723e+01
7.079999999999999627e-01 7.838032832058853216e+01
7.089999999999999636e-01 7.868645208165523286e+01
7.099999999999999645e-01 7.899297262417678667e+01
7.109999999999999654e-01 7.929988963104655397e+01
7.119999999999999662e-01 7.960720278588006238e+01
7.129999999999999671e-01 7.991491177301125504e+01
7.139999999999999680e-01 8.022301627749020270e+01
7.149999999999999689e-01 8.053151598508068787e+01
7.159999999999999698e-01 8.084041058225787424e+01
7.169999999999999707e-01 8.114969975620464027e+01
7.179999999999999716e-01 8.145938319481015810e+01
7.189999999999999725e-01 8.176946058666666772e+01
7.199999999999999734e-01 8.207993162106717477e+01
7.209999999999999742e-01 8.239079598800275051e+01
7.219999999999999751e-01 8.270205337816041435e+01
7.229999999999999760e-01 8.301370348291985124e+01
7.239999999999999769e-01 8.332574599435196205e+01
7.249999999999999778e-01 8.363818060521514042e+01
7.259999999999999787e-01 8.395100700895390844e+01
7.269999999999999796e-01 8.426422489969580454e+01
7.279999999999999805e-01 8.457783397224940813e+01
7.289999999999999813e-01 8.489183392210105694e+01
7.299999999999999822e-01 8.520622444541346852e+01
7.309999999999999831e-01 8.552100523902272755e+01
7.319999999999999840e-01 8.583617600043569951e+01
7.329999999999999849e-01 8.615173642782832530e+01
7.339999999999999858e-01 8.646768622004266547e+01
7.349999999999999867e-01 8.678402507658471166e+01
7.359999999999999876e-01 8.710075269762209871e+01
7.369999999999999885e-01 8.741786878398146143e+01
7.379999999999999893e-01 8.773537303714682878e+01
7.389999999999999902e-01 8.805326515925654007e+01
7.399999999999999911e-01 8.837154485310068708e+01
7.409999999999999920e-01 8.869021182212001975e+01
7.419999999999999929e-01 8.900926577040301879e+01
7.429999999999999938e-01 8.932870640268269824e+01
7.439999999999999947e-01 8.964853342433632122e+01
7.449999999999999956e-01 8.996874654138116512e+01
7.459999999999999964e-01 9.028934546047355525e+01
7.469999999999999973e-01 9.061032988890633533e+01
7.479999999999999982e-01 9.093169953460609634e+01
7.489999999999999991e-01 9.125345410613167019e+01
7.500000000000000000e-01 9.157559331267154334e+01
7.510000000000000009e-01 9.189811686404185309e+01
7.520000000000000018e-01 9.222102447068414222e+01
7.530000000000000027e-01 9.254431584366321317e+01
7.540000000000000036e-01 9.286799069466458434e+01
7.550000000000000044e-01 9.319204873599309735e+01
7.560000000000000053e-01 9.351648968057020284e+01
7.570000000000000062e-01 9.384131324193205614e+01
7.580000000000000071e-01 9.416651913422721520e+01
7.590000000000000080e-01 9.449210707221496364e+01
7.600000000000000089e-01 9.481807677126208489e+01
7.610000000000000098e-01 9.514442794734250697e+01
7.620000000000000107e-01 9.547116031703404815e+01
7.630000000000000115e-01 9.579827359751639904e+01
7.640000000000000124e-01 9.612576750656913305e+01
7.650000000000000133e-01 9.645364176257054112e+01
7.660000000000000142e-01 9.678189608449378056e+01
7.670000000000000151e-01 9.711053019190677560e+01
7.680000000000000160e-01 9.743954380496872147e+01
7.690000000000000169e-01 9.776893664442918919e+01
7.700000000000000178e-01 9.809870843162514120e+01
7.710000000000000187e-01 9.842885888847989406e+01
7.720000000000000195e-01 9.875938773750033306e+01
7.730000000000000204e-01 9.909029470177516430e+01
7.740000000000000213e-01 9.942157950497303887e+01
7.750000000000000222e-01 9.975324187134110332e+01
7.760000000000000231e-01 1.000852815257018449e+02
7.770000000000000240e-01 1.004176981934521393e+02
7.780000000000000249e-01 1.007504916005613893e+02
7.790000000000000258e-01 1.010836614735684122e+02
7.800000000000000266e-01 1.014172075395813124e+02
7.810000000000000275e-01 1.017511295262737718e+02
7.820000000000000284e-01 1.020854271618848941e+02
7.830000000000000293e-01 1.024201001752155804e+02
7.840000000000000302e-01 1.027551482956279330e+02
7.850000000000000311e-01 1.030905712530429810e+02
7.860000000000000320e-01 1.034263687779388050e+02
7.870000000000000329e-01 1.037625406013487179e+02
7.880000000000000338e-01 1.040990864548588775e+02
7.890000000000000346e-01 1.044360060706078457e+02
7.900000000000000355e-01 1.047732991812830221e+02
7.910000000000000364e-01 1.051109655201206436e+02
7.920000000000000373e-01 1.054490048209019193e+02
7.930000000000000382e-01 1.057874168179532290e+02
7.940000000000000391e-01 1.061262012461428554e+02
7.950000000000000400e-01 1.064653578408801877e+02
7.960000000000000409e-01 1.068048863381130928e+02
7.970000000000000417e-01 1.071447864743269065e+02
7.980000000000000426e-01 1.074850579865424578e+02
7.990000000000000435e-01 1.078257006123138382e+02
8.000000000000000444e-01 1.081667140897273498e+02
8.010000000000000453e-01 1.085080981573991608e+02
8.020000000000000462e-01 1.088498525544741540e+02
8.030000000000000471e-01 1.091919770206236251e+02
8.040000000000000480e-01 1.095344712960442592e+02
8.050000000000000488e-01 1.098773351214553742e+02
8.060000000000000497e-01 1.102205682380987923e+02
8.070000000000000506e-01 1.105641703877353308e+02
8.080000000000000515e-01 1.109081413126445170e+02
8.090000000000000524e-01 1.112524807556221589e+02
8.100000000000000533e-01 1.115971884599795061e+02
8.110000000000000542e-01 1.119422641695400955e+02
8.120000000000000551e-01 1.122877076286396800e+02
8.130000000000000560e-01 1.126335185821235854e+02
8.140000000000000568e-01 1.129796967753459143e+02
8.150000000000000577e-01 1.133262419541667043e+02
8.160000000000000586e-01 1.136731538649514306e+02
8.170000000000000595e-01 1.140204322545687603e+02
8.180000000000000604e-01 1.143680768703895012e+02
8.190000000000000613e-01 1.147160874602842853e+02
8.200000000000000622e-01 1.150644637726223465e+02
8.210000000000000631e-01 1.154132055562701140e+02
8.220000000000000639e-01 1.157623125605890806e+02
8.230000000000000648e-01 1.161117845354350777e+02
8.240000000000000657e-01 1.164616212311560588e+02
8.250000000000000666e-01 1.168118223985901949e+02
8.260000000000000675e-01 1.171623877890651926e+02
8.270000000000000684e-01 1.175133171543967023e+02
8.280000000000000693e-01 1.178646102468860306e+02
8.290000000000000702e-01 1.182162668193188324e+02
8.300000000000000711e-01 1.185682866249642444e+02
8.310000000000000719e-01 1.189206694175722703e+02
8.320000000000000728e-01 1.192734149513738942e+02
8.329999999999999627e-01 1.196265229810770165e+02
8.339999999999999636e-01 1.199799932618682732e+02
8.349999999999999645e-01 1.203338255494083739e+02
8.359999999999999654e-01 1.206880195998328276e+02
8.369999999999999662e-01 1.210425751697489858e+02
8.379999999999999671e-01 1.213974920162355318e+02
8.389999999999999680e-01 1.217527698968411300e+02
8.399999999999999689e-01 1.221084085695818828e+02
8.409999999999999698e-01 1.224644077929407615e+02
8.419999999999999707e-01 1.228207673258653472e+02
8.429999999999999716e-01 1.231774869277685553e+02
8.439999999999999725e-01 1.235345663585238611e+02
8.449999999999999734e-01 1.238920053784661945e+02
8.459999999999999742e-01 1.242498037483903346e+02
8.469999999999999751e-01 1.246079612295485646e+02
8.479999999999999760e-01 1.249664775836500326e+02
8.489999999999999769e-01 1.253253525728589182e+02
8.499999999999999778e-01 1.256845859597932815e+02
8.509999999999999787e-01 1.260441775075234432e+02
8.519999999999999796e-01 1.264041269795710747e+02
8.529999999999999805e-01 1.267644341399071521e+02
8.539999999999999813e-01 1.271250987529509331e+02
8.549999999999999822e-01 1.274861205835684643e+02
8.559999999999999831e-01 1.278474993970716298e+02
8.569999999999999840e-01 1.282092349592162179e+02
8.579999999999999849e-01 1.285713270362007279e+02
8.589999999999999858e-01 1.289337753946651901e+02
8.599999999999999867e-01 1.292965798016895747e+02
8.609999999999999876e-01 1.296597400247931091e+02
8.619999999999999885e-01 1.300232558319319764e+02
8.629999999999999893e-01 1.303871269914986044e+02
8.639999999999999902e-01 1.307513532723198466e+02
8.649999999999999911e-01 1.311159344436567835e+02
8.659999999999999920e-01 1.314808702752021077e+02
8.669999999999999929e-01 1.318461605370791290e+02
8.679999999999999938e-01 1.322118049998410925e+02
8.689999999999999947e-01 1.325778034344695016e+02
8.699999999999999956e-01 1.329441556123730379e+02
8.709999999999999964e-01 1.333108613053848899e+02
8.719999999999999973e-01 1.336779202857642872e+02
8.729999999999999982e-01 1.340453323261920957e+02
8.739999999999999991e-01 1.344130971997724657e+02
8.750000000000000000e-01 1.347812146800286257e+02
8.760000000000000009e-01 1.351496845409046159e+02
8.770000000000000018e-01 1.355185065567610536e+02
8.780000000000000027e-01 1.358876805023768384e+02
8.790000000000000036e-01 1.362572061529455141e+02
8.800000000000000044e-01 1.366270832840754679e+02
8.810000000000000053e-01 1.369973116717876565e+02
8.820000000000000062e-01 1.373678910925153218e+02
8.830000000000000071e-01 1.377388213231026270e+02
8.840000000000000080e-01 1.381101021408030078e+02
8.850000000000000089e-01 1.384817333232776946e+02
8.860000000000000098e-01 1.388537146485955418e+02
8.870000000000000107e-01 1.392260458952308113e+02
8.880000000000000115e-01 1.395987268420629448e+02
8.890000000000000124e-01 1.399717572683740912e+02
8.900000000000000133e-01 1.403451369538492486e+02
8.910000000000000142e-01 1.407188656785743888e+02
8.920000000000000151e-01 1.410929432230353200e+02
8.930000000000000160e-01 1.414673693681162661e+02
8.940000000000000169e-01 1.418421438950996389e+02
8.950000000000000178e-01 1.422172665856635376e+02
8.960000000000000187e-01 1.425927372218820892e+02
8.970000000000000195e-01 1.429685555862230331e+02
8.980000000000000204e-01 1.433447214615468397e+02
8.990000000000000213e-01 1.437212346311060855e+02
9.000000000000000222e-01 1.440980948785441456e+02
9.010000000000000231e-01 1.444753019878935163e+02
9.020000000000000240e-01 1.448528557435750201e+02
9.030000000000000249e-01 1.452307559303974358e+02
9.040000000000000258e-01 1.456090023335550256e+02
9.050000000000000266e-01 1.459875947386269104e+02
9.060000000000000275e-01 1.463665329315770407e+02
9.070000000000000284e-01 1.467458166987509856e+02
9.080000000000000293e-01 1.471254458268767564e+02
9.090000000000000302e-01 1.475054201030628747e+02
9.100000000000000311e-01 1.478857393147970924e+02
9.110000000000000320e-01 1.482664032499456539e+02
9.120000000000000329e-01 1.486474116967521866e+02
9.130000000000000338e-01 1.490287644438367636e+02
9.140000000000000346e-01 1.494104612801942835e+02
9.150000000000000355e-01 1.497925019951933905e+02
9.160000000000000364e-01 1.501748863785768151e+02
9.170000000000000373e-01 1.505576142204578218e+02
9.180000000000000382e-01 1.509406853113218574e+02
9.190000000000000391e-01 1.513240994420234529e+02
9.200000000000000400e-01 1.517078564037862236e+02
9.210000000000000409e-01 1.520919559882007093e+02
9.220000000000000417e-01 1.524763979872256527e+02
9.230000000000000426e-01 1.528611821931839359e+02
9.240000000000000435e-01 1.532463083987638583e+02
9.250000000000000444e-01 1.536317763970167789e+02
9.260000000000000453e-01 1.540175859813572572e+02
9.270000000000000462e-01 1.544037369455610076e+02
9.280000000000000471e-01 1.547902290837637054e+02
9.290000000000000480e-01 1.551770621904615268e+02
9.300000000000000488e-01 1.555642360605078238e+02
9.310000000000000497e-01 1.559517504891152271e+02
9.320000000000000506e-01 1.563396052718506155e+02
9.330000000000000515e-01 1.567278002046381857e+02
9.340000000000000524e-01 1.571163350837554162e+02
9.350000000000000533e-01 1.575052097058336642e+02
9.360000000000000542e-01 1.578944238678570855e+02
9.370000000000000551e-01 1.582839773671601336e+02
9.380000000000000560e-01 1.586738700014294636e+02
9.390000000000000568e-01 1.590641015686994990e+02
9.400000000000000577e-01 1.594546718673544774e+02
9.410000000000000586e-01 1.598455806961258929e+02
9.420000000000000595e-01 1.602368278540914162e+02
9.430000000000000604e-01 1.606284131406746951e+02
9.440000000000000613e-01 1.610203363556443037e+02
9.450000000000000622e-01 1.614125972991117521e+02
9.460000000000000631e-01 1.618051957715320839e+02
9.470000000000000639e-01 1.621981315737018576e+02
9.480000000000000648e-01 1.625914045067584084e+02
9.490000000000000657e-01 1.629850143721794495e+02
9.500000000000000666e-01 1.633789609717811402e+02
9.510000000000000675e-01 1.637732441077177725e+02
9.520000000000000684e-01 1.641678635824812886e+02
9.530000000000000693e-01 1.645628191988992342e+02
9.540000000000000702e-01 1.649581107601350709e+02
9.550000000000000711e-01 1.653537380696857042e+02
9.560000000000000719e-01 1.657497009313822218e+02
9.570000000000000728e-01 1.661459991493879613e+02
9.580000000000000737e-01 1.665426325281982258e+02
9.590000000000000746e-01 1.669396008726383513e+02
9.599999999999999645e-01 1.673369039878638773e+02
9.609999999999999654e-01 1.677345416793598361e+02
9.619999999999999662e-01 1.681325137529379958e+02
9.629999999999999671e-01 1.685308200147383388e+02
9.639999999999999680e-01 1.689294602712263043e+02
9.649999999999999689e-01 1.693284343291936125e+02
9.659999999999999698e-01 1.697277419957554514e+02
9.669999999999999707e-01 1.701273830783509027e+02
9.679999999999999716e-01 1.705273573847420892e+02
9.689999999999999725e-01 1.709276647230127821e+02
9.699999999999999734e-01 1.713283049015676056e+02
9.709999999999999742e-01 1.717292777291312689e+02
9.719999999999999751e-01 1.721305830147478559e+02
9.729999999999999760e-01 1.725322205677799730e+02
9.739999999999999769e-01 1.729341901979070144e+02
9.749999999999999778e-01 1.733364917151261295e+02
9.759999999999999787e-01 1.737391249297492379e+02
9.769999999999999796e-01 1.741420896524038540e+02
9.779999999999999805e-01 1.745453856940313528e+02
9.789999999999999813e-01 1.749490128658864876e+02
9.799999999999999822e-01 1.753529709795365932e+02
9.809999999999999831e-01 1.757572598468598812e+02
9.819999999999999840e-01 1.761618792800464064e+02
9.829999999999999849e-01 1.765668290915955652e+02
9.839999999999999858e-01 1.769721090943159254e+02
9.849999999999999867e-01 1.773777191013240611e+02
9.859999999999999876e-01 1.777836589260448079e+02
9.869999999999999885e-01 1.781899283822089046e+02
9.879999999999999893e-01 1.785965272838533338e+02
9.889999999999999902e-01 1.790034554453196733e+02
9.899999999999999911e-01 1.794107126812541821e+02
9.909999999999999920e-01 1.798182988066064638e+02
9.919999999999999929e-01 1.802262136366289837e+02
9.929999999999999938e-01 1.806344569868749090e+02
9.939999999999999947e-01 1.810430286731997285e+02
9.949999999999999956e-01 1.814519285117583820e+02
9.959999999999999964e-01 1.818611563190058575e+02
9.969999999999999973e-01 1.822707119116951446e+02
9.979999999999999982e-01 1.826805951068774903e+02
9.989999999999999991e-01 1.830908057219008640e+02
1.000000000000000000e+00 1.835013435744101855e+02
