0.000000000000000000e+00 0.000000000000000000e+00
1.000000000000000021e-03 8.164030627791662997e-02
2.000000000000000042e-03 -7.370932458190496139e-02
3.000000000000000062e-03 -2.660981939710234112e-01
4.000000000000000083e-03 -4.741630163024498357e-01
5.000000000000000104e-03 -6.899844979407788736e-01
6.000000000000000125e-03 -9.097219391343641659e-01
7.000000000000000146e-03 -1.131234169898895026e+00
8.000000000000000167e-03 -1.353220437338112703e+00
9.000000000000001055e-03 -1.574843735810912193e+00
1.000000000000000021e-02 -1.795543375210100212e+00
1.099999999999999936e-02 -2.014932925905467798e+00
1.200000000000000025e-02 -2.232740760740683506e+00
1.300000000000000114e-02 -2.448773536171272802e+00
1.400000000000000029e-02 -2.662892791645954382e+00
1.499999999999999944e-02 -2.874999424750378729e+00
1.600000000000000033e-02 -3.085023088601186458e+00
1.700000000000000122e-02 -3.292914771292855924e+00
1.800000000000000211e-02 -3.498641492523024255e+00
1.899999999999999953e-02 -3.702182444296616470e+00
2.000000000000000042e-02 -3.903526138126684586e+00
2.100000000000000130e-02 -4.102668267183442019e+00
2.199999999999999872e-02 -4.299610084884474936e+00
2.299999999999999961e-02 -4.494357162141305650e+00
2.400000000000000050e-02 -4.686918425963776613e+00
2.500000000000000139e-02 -4.877305409642655576e+00
2.600000000000000228e-02 -5.065531663761735359e+00
2.699999999999999969e-02 -5.251612290660405691e+00
2.800000000000000058e-02 -5.435563574495354544e+00
2.900000000000000147e-02 -5.617402685928817974e+00
2.999999999999999889e-02 -5.797147445497355278e+00
3.099999999999999978e-02 -5.974816133428703324e+00
3.200000000000000067e-02 -6.150427336445535964e+00
3.300000000000000155e-02 -6.323999824183562879e+00
3.400000000000000244e-02 -6.495552449438067200e+00
3.500000000000000333e-02 -6.665104067669050281e+00
3.600000000000000422e-02 -6.832673472134042747e+00
3.699999999999999817e-02 -6.998279341747285720e+00
3.799999999999999906e-02 -7.161940199335378843e+00
3.899999999999999994e-02 -7.323674378409138264e+00
4.000000000000000083e-02 -7.483499996927790221e+00
4.100000000000000172e-02 -7.641434936815060475e+00
4.200000000000000261e-02 -7.797496828214072195e+00
4.300000000000000350e-02 -7.951703037650293737e+00
4.399999999999999745e-02 -8.104070659419400968e+00
4.499999999999999833e-02 -8.254616509636488075e+00
4.599999999999999922e-02 -8.403357122480651142e+00
4.700000000000000011e-02 -8.550308748248259150e+00
4.800000000000000100e-02 -8.695487352894275546e+00
4.900000000000000189e-02 -8.838908618793775318e+00
5.000000000000000278e-02 -8.980587946501310981e+00
5.100000000000000366e-02 -9.120540457321476779e+00
5.200000000000000455e-02 -9.258780996535490360e+00
5.299999999999999850e-02 -9.395324137153222566e+00
5.399999999999999939e-02 -9.530184184081866405e+00
5.500000000000000028e-02 -9.663375178619787675e+00
5.600000000000000117e-02 -9.794910903199212981e+00
5.700000000000000205e-02 -9.924804886313491892e+00
5.800000000000000294e-02 -1.005307040757564252e+01
5.900000000000000383e-02 -1.017972050286334351e+01
5.999999999999999778e-02 -1.030476796951289131e+01
6.099999999999999867e-02 -1.042822537153131890e+01
6.199999999999999956e-02 -1.055010504480082822e+01
6.300000000000000044e-02 -1.067041910225421120e+01
6.400000000000000133e-02 -1.078917943900385801e+01
6.500000000000000222e-02 -1.090639773741011531e+01
6.600000000000000311e-02 -1.102208547207733247e+01
6.700000000000000400e-02 -1.113625391476838900e+01
6.800000000000000488e-02 -1.124891413923037042e+01
6.900000000000000577e-02 -1.136007702592587165e+01
7.000000000000000666e-02 -1.146975326666538564e+01
7.100000000000000755e-02 -1.157795336913785178e+01
7.200000000000000844e-02 -1.168468766133723946e+01
7.299999999999999545e-02 -1.178996629588383982e+01
7.399999999999999634e-02 -1.189379925423960493e+01
7.499999999999999722e-02 -1.199619635081775648e+01
7.599999999999999811e-02 -1.209716723698682017e+01
7.699999999999999900e-02 -1.219672140497018731e+01
7.799999999999999989e-02 -1.229486819164248601e+01
7.900000000000000078e-02 -1.239161678222389362e+01
8.000000000000000167e-02 -1.248697621387442069e+01
8.100000000000000255e-02 -1.258095537918989848e+01
8.200000000000000344e-02 -1.267356302960167724e+01
8.300000000000000433e-02 -1.276480777868219185e+01
8.400000000000000522e-02 -1.285469810535840196e+01
8.500000000000000611e-02 -1.294324235703574466e+01
8.600000000000000699e-02 -1.303044875263437241e+01
8.700000000000000788e-02 -1.311632538554025906e+01
8.799999999999999489e-02 -1.320088022647363601e+01
8.899999999999999578e-02 -1.328412112627646380e+01
8.999999999999999667e-02 -1.336605581862188608e+01
9.099999999999999756e-02 -1.344669192264757740e+01
9.199999999999999845e-02 -1.352603694551492808e+01
9.299999999999999933e-02 -1.360409828489701134e+01
9.400000000000000022e-02 -1.368088323139669882e+01
9.500000000000000111e-02 -1.375639897089733310e+01
9.600000000000000200e-02 -1.383065258684818311e+01
9.700000000000000289e-02 -1.390365106248625438e+01
9.800000000000000377e-02 -1.397540128299692519e+01
9.900000000000000466e-02 -1.404591003761477808e+01
1.000000000000000056e-01 -1.411518402166679209e+01
1.010000000000000064e-01 -1.418322983855975039e+01
1.020000000000000073e-01 -1.425005400171318826e+01
1.030000000000000082e-01 -1.431566293644014820e+01
1.040000000000000091e-01 -1.438006298177693232e+01
1.049999999999999961e-01 -1.444326039226352876e+01
1.059999999999999970e-01 -1.450526133967651887e+01
1.069999999999999979e-01 -1.456607191471539053e+01
1.079999999999999988e-01 -1.462569812864456686e+01
1.089999999999999997e-01 -1.468414591489161403e+01
1.100000000000000006e-01 -1.474142113060341686e+01
1.110000000000000014e-01 -1.479752955816203119e+01
1.120000000000000023e-01 -1.485247690666040121e+01
1.130000000000000032e-01 -1.490626881334048548e+01
1.140000000000000041e-01 -1.495891084499379176e+01
1.150000000000000050e-01 -1.501040849932614663e+01
1.160000000000000059e-01 -1.506076720628790611e+01
1.170000000000000068e-01 -1.510999232936966230e+01
1.180000000000000077e-01 -1.515808916686620478e+01
1.190000000000000085e-01 -1.520506295310783074e+01
1.199999999999999956e-01 -1.525091885966136118e+01
1.209999999999999964e-01 -1.529566199650120950e+01
1.219999999999999973e-01 -1.533929741315142792e+01
1.229999999999999982e-01 -1.538183009979965732e+01
1.239999999999999991e-01 -1.542326498838386684e+01
1.250000000000000000e-01 -1.546360695365263638e+01
1.260000000000000009e-01 -1.550286081419984896e+01
1.270000000000000018e-01 -1.554103133347414456e+01
1.280000000000000027e-01 -1.557812322076477329e+01
1.290000000000000036e-01 -1.561414113216343225e+01
1.300000000000000044e-01 -1.564908967150348573e+01
1.310000000000000053e-01 -1.568297339127740564e+01
1.320000000000000062e-01 -1.571579679353196646e+01
1.330000000000000071e-01 -1.574756433074345807e+01
1.340000000000000080e-01 -1.577828040667185938e+01
1.350000000000000089e-01 -1.580794937719582727e+01
1.360000000000000098e-01 -1.583657555112823800e+01
1.370000000000000107e-01 -1.586416319101328476e+01
1.380000000000000115e-01 -1.589071651390542073e+01
1.390000000000000124e-01 -1.591623969213084422e+01
1.400000000000000133e-01 -1.594073685403156304e+01
1.410000000000000142e-01 -1.596421208469351072e+01
1.420000000000000151e-01 -1.598666942665760615e+01
1.430000000000000160e-01 -1.600811288061588300e+01
1.440000000000000169e-01 -1.602854640609196935e+01
1.449999999999999900e-01 -1.604797392210676676e+01
1.459999999999999909e-01 -1.606639930782947800e+01
1.469999999999999918e-01 -1.608382640321498869e+01
1.479999999999999927e-01 -1.610025900962716605e+01
1.489999999999999936e-01 -1.611570089044895937e+01
1.499999999999999944e-01 -1.613015577167941217e+01
1.509999999999999953e-01 -1.614362734251825771e+01
1.519999999999999962e-01 -1.615611925593809062e+01
1.529999999999999971e-01 -1.616763512924431012e+01
1.539999999999999980e-01 -1.617817854462396099e+01
1.549999999999999989e-01 -1.618775304968251660e+01
1.559999999999999998e-01 -1.619636215797011403e+01
1.570000000000000007e-01 -1.620400934949682181e+01
1.580000000000000016e-01 -1.621069807123721063e+01
1.590000000000000024e-01 -1.621643173762501533e+01
1.600000000000000033e-01 -1.622121373103744801e+01
1.610000000000000042e-01 -1.622504740227013187e+01
1.620000000000000051e-01 -1.622793607100209812e+01
1.630000000000000060e-01 -1.622988302625206103e+01
1.640000000000000069e-01 -1.623089152682513259e+01
1.650000000000000078e-01 -1.623096480175107459e+01
1.660000000000000087e-01 -1.623010605071398516e+01
1.670000000000000095e-01 -1.622831844447308924e+01
1.680000000000000104e-01 -1.622560512527626386e+01
1.690000000000000113e-01 -1.622196920726457137e+01
1.700000000000000122e-01 -1.621741377686971930e+01
1.710000000000000131e-01 -1.621194189320394585e+01
1.720000000000000140e-01 -1.620555658844162750e+01
1.730000000000000149e-01 -1.619826086819487898e+01
1.740000000000000158e-01 -1.619005771188108866e+01
1.750000000000000167e-01 -1.618095007308402700e+01
1.759999999999999898e-01 -1.617094087990826523e+01
1.769999999999999907e-01 -1.616003303532643542e+01
1.779999999999999916e-01 -1.614822941752102281e+01
1.789999999999999925e-01 -1.613553288021905274e+01
1.799999999999999933e-01 -1.612194625302078776e+01
1.809999999999999942e-01 -1.610747234172303877e+01
1.819999999999999951e-01 -1.609211392863558032e+01
1.829999999999999960e-01 -1.607587377289273434e+01
1.839999999999999969e-01 -1.605875461075912369e+01
1.849999999999999978e-01 -1.604075915592954260e+01
1.859999999999999987e-01 -1.602189009982411250e+01
1.869999999999999996e-01 -1.600215011187768965e+01
1.880000000000000004e-01 -1.598154183982448195e+01
1.890000000000000013e-01 -1.596006790997759950e+01
1.900000000000000022e-01 -1.593773092750330456e+01
1.910000000000000031e-01 -1.591453347669157203e+01
1.920000000000000040e-01 -1.589047812122050907e+01
1.930000000000000049e-01 -1.586556740441734625e+01
1.940000000000000058e-01 -1.583980384951458475e+01
1.950000000000000067e-01 -1.581318995990146448e+01
1.960000000000000075e-01 -1.578572821937159354e+01
1.970000000000000084e-01 -1.575742109236625055e+01
1.980000000000000093e-01 -1.572827102421336143e+01
1.990000000000000102e-01 -1.569828044136280276e+01
2.000000000000000111e-01 -1.566745175161747916e+01
2.010000000000000120e-01 -1.563578734436080708e+01
2.020000000000000129e-01 -1.560328959078016631e+01
2.030000000000000138e-01 -1.556996084408683600e+01
2.040000000000000147e-01 -1.553580343973227151e+01
2.050000000000000155e-01 -1.550081969562099182e+01
2.060000000000000164e-01 -1.546501191231951822e+01
2.070000000000000173e-01 -1.542838237326259865e+01
2.080000000000000182e-01 -1.539093334495566978e+01
2.089999999999999913e-01 -1.535266707717391022e+01
2.099999999999999922e-01 -1.531358580315863982e+01
2.109999999999999931e-01 -1.527369173981016104e+01
2.119999999999999940e-01 -1.523298708787772249e+01
2.129999999999999949e-01 -1.519147403214623537e+01
2.139999999999999958e-01 -1.514915474162062914e+01
2.149999999999999967e-01 -1.510603136970652116e+01
2.159999999999999976e-01 -1.506210605438848482e+01
2.169999999999999984e-01 -1.501738091840598699e+01
2.179999999999999993e-01 -1.497185806942551878e+01
2.190000000000000002e-01 -1.492553960021098547e+01
2.200000000000000011e-01 -1.487842758879136618e+01
2.210000000000000020e-01 -1.483052409862520093e+01
2.220000000000000029e-01 -1.478183117876331565e+01
2.230000000000000038e-01 -1.473235086400848459e+01
2.240000000000000047e-01 -1.468208517507317268e+01
2.250000000000000056e-01 -1.463103611873470911e+01
2.260000000000000064e-01 -1.457920568798773608e+01
2.270000000000000073e-01 -1.452659586219520271e+01
2.280000000000000082e-01 -1.447320860723614722e+01
2.290000000000000091e-01 -1.441904587565230678e+01
2.300000000000000100e-01 -1.436410960679168802e+01
2.310000000000000109e-01 -1.430840172695048906e+01
2.320000000000000118e-01 -1.425192414951285436e+01
2.330000000000000127e-01 -1.419467877508844289e+01
2.340000000000000135e-01 -1.413666749164834791e+01
2.350000000000000144e-01 -1.407789217465869847e+01
2.360000000000000153e-01 -1.401835468721236033e+01
2.370000000000000162e-01 -1.395805688015900436e+01
2.380000000000000171e-01 -1.389700059223310902e+01
2.390000000000000180e-01 -1.383518765018009233e+01
2.399999999999999911e-01 -1.377261986888082390e+01
2.409999999999999920e-01 -1.370929905147426453e+01
2.419999999999999929e-01 -1.364522698947836155e+01
2.429999999999999938e-01 -1.358040546290942352e+01
2.439999999999999947e-01 -1.351483624039946463e+01
2.449999999999999956e-01 -1.344852107931223806e+01
2.459999999999999964e-01 -1.338146172585758897e+01
2.469999999999999973e-01 -1.331365991520421233e+01
2.479999999999999982e-01 -1.324511737159063607e+01
2.489999999999999991e-01 -1.317583580843517410e+01
2.500000000000000000e-01 -1.310581692844372625e+01
2.510000000000000009e-01 -1.303506242371677715e+01
2.520000000000000018e-01 -1.296357397585443572e+01
2.530000000000000027e-01 -1.289135325606009452e+01
2.540000000000000036e-01 -1.281840192524334299e+01
2.550000000000000044e-01 -1.274472163412039549e+01
2.560000000000000053e-01 -1.267031402331402745e+01
2.570000000000000062e-01 -1.259518072345201389e+01
2.580000000000000071e-01 -1.251932335526397821e+01
2.590000000000000080e-01 -1.244274352967711650e+01
2.600000000000000089e-01 -1.236544284791092352e+01
2.610000000000000098e-01 -1.228742290157019923e+01
2.620000000000000107e-01 -1.220868527273708537e+01
2.630000000000000115e-01 -1.212923153406189059e+01
2.640000000000000124e-01 -1.204906324885281776e+01
2.650000000000000133e-01 -1.196818197116438753e+01
2.660000000000000142e-01 -1.188658924588460408e+01
2.670000000000000151e-01 -1.180428660882126835e+01
2.680000000000000160e-01 -1.172127558678724313e+01
2.690000000000000169e-01 -1.163755769768411596e+01
2.700000000000000178e-01 -1.155313445058522603e+01
2.710000000000000187e-01 -1.146800734581781711e+01
2.720000000000000195e-01 -1.138217787504356338e+01
2.730000000000000204e-01 -1.129564752133826744e+01
2.740000000000000213e-01 -1.120841775927112138e+01
2.750000000000000222e-01 -1.112049005498222698e+01
2.760000000000000231e-01 -1.103186586625938403e+01
2.770000000000000240e-01 -1.094254664261425702e+01
2.780000000000000249e-01 -1.085253382535713484e+01
2.790000000000000258e-01 -1.076182884767077752e+01
2.800000000000000266e-01 -1.067043313468395738e+01
2.810000000000000275e-01 -1.057834810354346899e+01
2.820000000000000284e-01 -1.048557516348518703e+01
2.830000000000000293e-01 -1.039211571590497840e+01
2.840000000000000302e-01 -1.029797115442791267e+01
2.850000000000000311e-01 -1.020314286497733747e+01
2.860000000000000320e-01 -1.010763222584253995e+01
2.870000000000000329e-01 -1.001144060774600320e+01
2.880000000000000338e-01 -9.914569373909589700e+00
2.889999999999999791e-01 -9.817019880120209763e+00
2.899999999999999800e-01 -9.718793474794235721e+00
2.909999999999999809e-01 -9.619891499041838046e+00
2.919999999999999818e-01 -9.520315286729974957e+00
2.929999999999999827e-01 -9.420066164544671494e+00
2.939999999999999836e-01 -9.319145452053099632e+00
2.949999999999999845e-01 -9.217554461764269291e+00
2.959999999999999853e-01 -9.115294499189385391e+00
2.969999999999999862e-01 -9.012366862901480147e+00
2.979999999999999871e-01 -8.908772844594167850e+00
2.989999999999999880e-01 -8.804513729139834766e+00
2.999999999999999889e-01 -8.699590794647289016e+00
3.009999999999999898e-01 -8.594005312518536499e+00
3.019999999999999907e-01 -8.487758547504974160e+00
3.029999999999999916e-01 -8.380851757762723508e+00
3.039999999999999925e-01 -8.273286194908216373e+00
3.049999999999999933e-01 -8.165063104071535349e+00
3.059999999999999942e-01 -8.056183723950773867e+00
3.069999999999999951e-01 -7.946649286865248740e+00
3.079999999999999960e-01 -7.836461018807149514e+00
3.089999999999999969e-01 -7.725620139494196792e+00
3.099999999999999978e-01 -7.614127862420648540e+00
3.109999999999999987e-01 -7.501985394907904947e+00
3.119999999999999996e-01 -7.389193938154861030e+00
3.130000000000000004e-01 -7.275754687287655287e+00
3.140000000000000013e-01 -7.161668831408043445e+00
3.150000000000000022e-01 -7.046937553643086716e+00
3.160000000000000031e-01 -6.931562031191521811e+00
3.170000000000000040e-01 -6.815543435372681813e+00
3.180000000000000049e-01 -6.698882931672880403e+00
3.190000000000000058e-01 -6.581581679791483452e+00
3.200000000000000067e-01 -6.463640833687438914e+00
3.210000000000000075e-01 -6.345061541624161805e+00
3.220000000000000084e-01 -6.225844946214508013e+00
3.230000000000000093e-01 -6.105992184465772965e+00
3.240000000000000102e-01 -5.985504387823290529e+00
3.250000000000000111e-01 -5.864382682213236109e+00
3.260000000000000120e-01 -5.742628188086950303e+00
3.270000000000000129e-01 -5.620242020462615784e+00
3.280000000000000138e-01 -5.497225288967360513e+00
3.290000000000000147e-01 -5.373579097879474631e+00
3.300000000000000155e-01 -5.249304546169241803e+00
3.310000000000000164e-01 -5.124402727539557389e+00
3.320000000000000173e-01 -4.998874730466845051e+00
3.330000000000000182e-01 -4.872721638240236075e+00
3.340000000000000191e-01 -4.745944529001960177e+00
3.350000000000000200e-01 -4.618544475785750336e+00
3.360000000000000209e-01 -4.490522546555844485e+00
3.370000000000000218e-01 -4.361879804245166525e+00
3.380000000000000226e-01 -4.232617306793372336e+00
3.390000000000000235e-01 -4.102736107184171033e+00
3.400000000000000244e-01 -3.972237253482610697e+00
3.410000000000000253e-01 -3.841121788871880938e+00
3.420000000000000262e-01 -3.709390751689301879e+00
3.430000000000000271e-01 -3.577045175462810533e+00
3.440000000000000280e-01 -3.444086088946225033e+00
3.450000000000000289e-01 -3.310514516154690057e+00
3.460000000000000298e-01 -3.176331476399465004e+00
3.470000000000000306e-01 -3.041537984322687294e+00
3.480000000000000315e-01 -2.906135049931521053e+00
3.490000000000000324e-01 -2.770123678631652098e+00
3.500000000000000333e-01 -2.633504871261347802e+00
3.510000000000000342e-01 -2.496279624124483121e+00
3.519999999999999796e-01 -2.358448929023435170e+00
3.529999999999999805e-01 -2.220013773291043435e+00
3.539999999999999813e-01 -2.080975139824086995e+00
3.549999999999999822e-01 -1.941334007113610483e+00
3.559999999999999831e-01 -1.801091349277967879e+00
3.569999999999999840e-01 -1.660248136093176896e+00
3.579999999999999849e-01 -1.518805333024118909e+00
3.589999999999999858e-01 -1.376763901255234401e+00
3.599999999999999867e-01 -1.234124797721214861e+00
3.609999999999999876e-01 -1.090888975136401484e+00
3.619999999999999885e-01 -9.470573820250187680e-01
3.629999999999999893e-01 -8.026309627504950583e-01
3.639999999999999902e-01 -6.576106575450353375e-01
3.649999999999999911e-01 -5.119974025378866145e-01
3.659999999999999920e-01 -3.657921297846904451e-01
3.669999999999999929e-01 -2.189957672953006806e-01
3.679999999999999938e-01 -7.160923906211280610e-02
3.689999999999999947e-01 7.636653491194067556e-02
3.699999999999999956e-01 2.249306385859881630e-01
3.709999999999999964e-01 3.740821598540762238e-01
3.719999999999999973e-01 5.238201905176964601e-01
3.729999999999999982e-01 6.741438262594350306e-01
3.739999999999999991e-01 8.250521666161887424e-01
3.750000000000000000e-01 9.765443149526547018e-01
3.760000000000000009e-01 1.128619378435722354e+00
3.770000000000000018e-01 1.281276468008460512e+00
3.780000000000000027e-01 1.434514698364349528e+00
3.790000000000000036e-01 1.588333187922422951e+00
3.800000000000000044e-01 1.742731058801663124e+00
3.810000000000000053e-01 1.897707436796387981e+00
3.820000000000000062e-01 2.053261451351843903e+00
3.830000000000000071e-01 2.209392235539020533e+00
3.840000000000000080e-01 2.366098926031394711e+00
3.850000000000000089e-01 2.523380663080491360e+00
3.860000000000000098e-01 2.681236590492261485e+00
3.870000000000000107e-01 2.839665855602945044e+00
3.880000000000000115e-01 2.998667609257061883e+00
3.890000000000000124e-01 3.158241005782947752e+00
3.900000000000000133e-01 3.318385202970702608e+00
3.910000000000000142e-01 3.479099362049232980e+00
3.920000000000000151e-01 3.640382647663628291e+00
3.930000000000000160e-01 3.802234227853212190e+00
3.940000000000000169e-01 3.964653274029018348e+00
3.950000000000000178e-01 4.127638960952197067e+00
3.960000000000000187e-01 4.291190466712492935e+00
3.970000000000000195e-01 4.455306972706253532e+00
3.980000000000000204e-01 4.619987663615319207e+00
3.990000000000000213e-01 4.785231727386154432e+00
4.000000000000000222e-01 4.951038355208616792e+00
4.010000000000000231e-01 5.117406741495237554e+00
4.020000000000000240e-01 5.284336083860786459e+00
4.030000000000000249e-01 5.451825583101715722e+00
4.040000000000000258e-01 5.619874443176158252e+00
4.050000000000000266e-01 5.788481871183599026e+00
4.060000000000000275e-01 5.957647077345001208e+00
4.070000000000000284e-01 6.127369274983728076e+00
4.080000000000000293e-01 6.297647680505349399e+00
4.090000000000000302e-01 6.468481513378428360e+00
4.100000000000000311e-01 6.639869996115479012e+00
4.110000000000000320e-01 6.811812354253930835e+00
4.120000000000000329e-01 6.984307816337128827e+00
4.130000000000000338e-01 7.157355613895830970e+00
4.140000000000000346e-01 7.330954981429478323e+00
4.150000000000000355e-01 7.505105156387863019e+00
4.160000000000000364e-01 7.679805379153378908e+00
4.169999999999999818e-01 7.855054893021680584e+00
4.179999999999999827e-01 8.030852944185468800e+00
4.189999999999999836e-01 8.207198781715170810e+00
4.199999999999999845e-01 8.384091657542526832e+00
4.209999999999999853e-01 8.561530826442407260e+00
4.219999999999999862e-01 8.739515546015375946e+00
4.229999999999999871e-01 8.918045076671404559e+00
4.239999999999999880e-01 9.097118681611746638e+00
4.249999999999999889e-01 9.276735626813007229e+00
4.259999999999999898e-01 9.456895181009542739e+00
4.269999999999999907e-01 9.637596615677232137e+00
4.279999999999999916e-01 9.818839205017511063e+00
4.289999999999999925e-01 1.000062222593993511e+01
4.299999999999999933e-01 1.018294495804692446e+01
4.309999999999999942e-01 1.036580668361708035e+01
4.319999999999999951e-01 1.054920668758960289e+01
4.329999999999999960e-01 1.073314425754867329e+01
4.339999999999999969e-01 1.091761868370686273e+01
4.349999999999999978e-01 1.110262925889055907e+01
4.359999999999999987e-01 1.128817527852412894e+01
4.369999999999999996e-01 1.147425604061463389e+01
4.380000000000000004e-01 1.166087084573653954e+01
4.390000000000000013e-01 1.184801899701676575e+01
4.400000000000000022e-01 1.203569980012002105e+01
4.410000000000000031e-01 1.222391256323323461e+01
4.420000000000000040e-01 1.241265659705210567e+01
4.430000000000000049e-01 1.260193121476498845e+01
4.440000000000000058e-01 1.279173573203942738e+01
4.450000000000000067e-01 1.298206946700790354e+01
4.460000000000000075e-01 1.317293174025279967e+01
4.470000000000000084e-01 1.336432187479311295e+01
4.480000000000000093e-01 1.355623919606988181e+01
4.490000000000000102e-01 1.374868303193248664e+01
4.500000000000000111e-01 1.394165271262500028e+01
4.510000000000000120e-01 1.413514757077214057e+01
4.520000000000000129e-01 1.432916694136612534e+01
4.530000000000000138e-01 1.452371016175288787e+01
4.540000000000000147e-01 1.471877657161875419e+01
4.550000000000000155e-01 1.491436551297729096e+01
4.560000000000000164e-01 1.511047633015623148e+01
4.570000000000000173e-01 1.530710836978406775e+01
4.580000000000000182e-01 1.550426098077748804e+01
4.590000000000000191e-01 1.570193351432805429e+01
4.600000000000000200e-01 1.590012532389033595e+01
4.610000000000000209e-01 1.609883576516777026e+01
4.620000000000000218e-01 1.629806419610195434e+01
4.630000000000000226e-01 1.649780997685849826e+01
4.640000000000000235e-01 1.669807246981576299e+01
4.650000000000000244e-01 1.689885103955213452e+01
4.660000000000000253e-01 1.710014505283360364e+01
4.670000000000000262e-01 1.730195387860242562e+01
4.680000000000000271e-01 1.750427688796430914e+01
4.690000000000000280e-01 1.770711345417711158e+01
4.700000000000000289e-01 1.791046295263874555e+01
4.710000000000000298e-01 1.811432476087549759e+01
4.720000000000000306e-01 1.831869825853020473e+01
4.730000000000000315e-01 1.852358282735112027e+01
4.740000000000000324e-01 1.872897785118014014e+01
4.750000000000000333e-01 1.893488271594152650e+01
4.760000000000000342e-01 1.914129680963042546e+01
4.770000000000000351e-01 1.934821952230205966e+01
4.780000000000000360e-01 1.955565024605996172e+01
4.790000000000000369e-01 1.976358837504599109e+01
4.799999999999999822e-01 1.997203330542813404e+01
4.809999999999999831e-01 2.018098443539029319e+01
4.819999999999999840e-01 2.039044116512137350e+01
4.829999999999999849e-01 2.060040289680488712e+01
4.839999999999999858e-01 2.081086903460762016e+01
4.849999999999999867e-01 2.102183898466953593e+01
4.859999999999999876e-01 2.123331215509339387e+01
4.869999999999999885e-01 2.144528795593357984e+01
4.879999999999999893e-01 2.165776579918723144e+01
4.889999999999999902e-01 2.187074509878210193e+01
4.899999999999999911e-01 2.208422527056805507e+01
4.909999999999999920e-01 2.229820573230598058e+01
4.919999999999999929e-01 2.251268590365759792e+01
4.929999999999999938e-01 2.272766520617670949e+01
4.939999999999999947e-01 2.294314306329788167e+01
4.949999999999999956e-01 2.315911890032753462e+01
4.959999999999999964e-01 2.337559214443386679e+01
4.969999999999999973e-01 2.359256222463674391e+01
4.979999999999999982e-01 2.381002857179931453e+01
4.989999999999999991e-01 2.402799061861696117e+01
5.000000000000000000e-01 2.424644779960898688e+01
5.010000000000000009e-01 2.446539955110868192e+01
5.020000000000000018e-01 2.468484531125366033e+01
5.030000000000000027e-01 2.490478451997767451e+01
5.040000000000000036e-01 2.512521661899995706e+01
5.050000000000000044e-01 2.534614105181741195e+01
5.060000000000000053e-01 2.556755726369471660e+01
5.070000000000000062e-01 2.578946470165517724e+01
5.080000000000000071e-01 2.601186281447282056e+01
5.090000000000000080e-01 2.623475105266201979e+01
5.100000000000000089e-01 2.645812886847006951e+01
5.110000000000000098e-01 2.668199571586761465e+01
5.120000000000000107e-01 2.690635105053955556e+01
5.130000000000000115e-01 2.713119432987770807e+01
5.140000000000000124e-01 2.735652501297112593e+01
5.150000000000000133e-01 2.758234256059783718e+01
5.160000000000000142e-01 2.780864643521642421e+01
5.170000000000000151e-01 2.803543610095790939e+01
5.180000000000000160e-01 2.826271102361660326e+01
5.190000000000000169e-01 2.849047067064258698e+01
5.200000000000000178e-01 2.871871451113348428e+01
5.210000000000000187e-01 2.894744201582527410e+01
5.220000000000000195e-01 2.917665265708575362e+01
5.230000000000000204e-01 2.940634590890483935e+01
5.240000000000000213e-01 2.963652124688730538e+01
5.250000000000000222e-01 2.986717814824569928e+01
5.260000000000000231e-01 3.009831609179025236e+01
5.270000000000000240e-01 3.032993455792338722e+01
5.280000000000000249e-01 3.056203302863017512e+01
5.290000000000000258e-01 3.079461098747158587e+01
5.300000000000000266e-01 3.102766791957629522e+01
5.310000000000000275e-01 3.126120331163305366e+01
5.320000000000000284e-01 3.149521665188360231e+01
5.330000000000000293e-01 3.172970743011435246e+01
5.340000000000000302e-01 3.196467513764951462e+01
5.350000000000000311e-01 3.220011926734333940e+01
5.360000000000000320e-01 3.243603931357285575e+01
5.370000000000000329e-01 3.267243477223045289e+01
5.380000000000000338e-01 3.290930514071630597e+01
5.390000000000000346e-01 3.314664991793217297e+01
5.400000000000000355e-01 3.338446860427276164e+01
5.410000000000000364e-01 3.362276070161918540e+01
5.420000000000000373e-01 3.386152571333252581e+01
5.430000000000000382e-01 3.410076314424552635e+01
5.440000000000000391e-01 3.434047250065692936e+01
5.450000000000000400e-01 3.458065329032310586e+01
5.460000000000000409e-01 3.482130502245212256e+01
5.470000000000000417e-01 3.506242720769655108e+01
5.480000000000000426e-01 3.530401935814673919e+01
5.490000000000000435e-01 3.554608098732393273e+01
5.500000000000000444e-01 3.578861161017309200e+01
5.510000000000000453e-01 3.603161074305719325e+01
5.520000000000000462e-01 3.627507790374970398e+01
5.530000000000000471e-01 3.651901261142851496e+01
5.540000000000000480e-01 3.676341438666867845e+01
5.550000000000000488e-01 3.700828275143680912e+01
5.560000000000000497e-01 3.725361722908353102e+01
5.570000000000000506e-01 3.749941734433842555e+01
5.580000000000000515e-01 3.774568262330198820e+01
5.590000000000000524e-01 3.799241259344061206e+01
5.600000000000000533e-01 3.823960678357947529e+01
5.610000000000000542e-01 3.848726472389639497e+01
5.620000000000000551e-01 3.873538594591610718e+01
5.630000000000000560e-01 3.898396998250350265e+01
5.640000000000000568e-01 3.923301636785747348e+01
5.650000000000000577e-01 3.948252463750493746e+01
5.660000000000000586e-01 3.973249432829487660e+01
5.670000000000000595e-01 3.998292497839197779e+01
5.680000000000000604e-01 4.023381612727105505e+01
5.690000000000000613e-01 4.048516731571061200e+01
5.700000000000000622e-01 4.073697808578724278e+01
5.710000000000000631e-01 4.098924798086927979e+01
5.720000000000000639e-01 4.124197654561184123e+01
5.730000000000000648e-01 4.149516332594973278e+01
5.740000000000000657e-01 4.174880786909316299e+01
5.750000000000000666e-01 4.200290972352008367e+01
5.760000000000000675e-01 4.225746843897279348e+01
5.769999999999999574e-01 4.251248356645005089e+01
5.779999999999999583e-01 4.276795465820253384e+01
5.789999999999999591e-01 4.302388126772774513e+01
5.799999999999999600e-01 4.328026294976316279e+01
5.809999999999999609e-01 4.353709926028142974e+01
5.819999999999999618e-01 4.379438975648480437e+01
5.829999999999999627e-01 4.405213399679947628e+01
5.839999999999999636e-01 4.431033154087058534e+01
5.849999999999999645e-01 4.456898194955597603e+01
5.859999999999999654e-01 4.482808478492191284e+01
5.869999999999999662e-01 4.508763961023650779e+01
5.879999999999999671e-01 4.534764598996562768e+01
5.889999999999999680e-01 4.560810348976671946e+01
5.899999999999999689e-01 4.586901167648395017e+01
5.909999999999999698e-01 4.613037011814279253e+01
5.919999999999999707e-01 4.639217838394552018e+01
5.929999999999999716e-01 4.665443604426472746e+01
5.939999999999999725e-01 4.691714267063976251e+01
5.949999999999999734e-01 4.718029783576984926e+01
5.959999999999999742e-01 4.744390111351115991e+01
5.969999999999999751e-01 4.770795207887029221e+01
5.979999999999999760e-01 4.797245030799896881e+01
5.989999999999999769e-01 4.823739537819082557e+01
5.999999999999999778e-01 4.850278686787473248e+01
6.009999999999999787e-01 4.876862435661058726e+01
6.019999999999999796e-01 4.903490742508441258e+01
6.029999999999999805e-01 4.930163565510365231e+01
6.039999999999999813e-01 4.956880862959215506e+01
6.049999999999999822e-01 4.983642593258529985e+01
6.059999999999999831e-01 5.010448714922505076e+01
6.069999999999999840e-01 5.037299186575597787e+01
6.079999999999999849e-01 5.064193966951994241e+01
6.089999999999999858e-01 5.091133014895132192e+01
6.099999999999999867e-01 5.118116289357267590e+01
6.109999999999999876e-01 5.145143749399021260e+01
6.119999999999999885e-01 5.172215354188865888e+01
6.129999999999999893e-01 5.199331063002681219e+01
6.139999999999999902e-01 5.226490835223401632e+01
6.149999999999999911e-01 5.253694630340399385e+01
6.159999999999999920e-01 5.280942407949159190e+01
6.169999999999999929e-01 5.308234127750796461e+01
6.179999999999999938e-01 5.335569749551547147e+01
6.189999999999999947e-01 5.362949233262433779e+01
6.199999999999999956e-01 5.390372538898779453e+01
6.209999999999999964e-01 5.417839626579750245e+01
6.219999999999999973e-01 5.445350456527933147e+01
6.229999999999999982e-01 5.472904989068932480e+01
6.239999999999999991e-01 5.500503184630883879e+01
6.250000000000000000e-01 5.528145003744107555e+01
6.260000000000000009e-01 5.555830407040602381e+01
6.270000000000000018e-01 5.583559355253666467e+01
6.280000000000000027e-01 5.611331809217514888e+01
6.290000000000000036e-01 5.639147729866722614e+01
6.300000000000000044e-01 5.667007078235998563e+01
6.310000000000000053e-01 5.694909815459632796e+01
6.320000000000000062e-01 5.722855902771146930e+01
6.330000000000000071e-01 5.750845301502916129e+01
6.340000000000000080e-01 5.778877973085648989e+01
6.350000000000000089e-01 5.806953879048055001e+01
6.360000000000000098e-01 5.835072981016516280e+01
6.370000000000000107e-01 5.863235240714578822e+01
6.380000000000000115e-01 5.891440619962601488e+01
6.390000000000000124e-01 5.919689080677336790e+01
6.400000000000000133e-01 5.947980584871565668e+01
6.410000000000000142e-01 5.976315094653709536e+01
6.420000000000000151e-01 6.004692572227425273e+01
6.430000000000000160e-01 6.033112979891286898e+01
6.440000000000000169e-01 6.061576280038185871e+01
6.450000000000000178e-01 6.090082435155319729e+01
6.460000000000000187e-01 6.118631407823410484e+01
6.470000000000000195e-01 6.147223160716617940e+01
6.480000000000000204e-01 6.175857656602045154e+01
6.490000000000000213e-01 6.204534858339410164e+01
6.500000000000000222e-01 6.233254728880586981e+01
6.510000000000000231e-01 6.262017231269345530e+01
6.520000000000000240e-01 6.290822328640918215e+01
6.530000000000000249e-01 6.319669984221687287e+01
6.540000000000000258e-01 6.348560161328774143e+01
6.550000000000000266e-01 6.377492823369692587e+01
6.560000000000000275e-01 6.406467933841966556e+01
6.570000000000000284e-01 6.435485456332845899e+01
6.580000000000000293e-01 6.464545354518887166e+01
6.590000000000000302e-01 6.493647592165621063e+01
6.600000000000000311e-01 6.522792133127215664e+01
6.610000000000000320e-01 6.551978941346057184e+01
6.620000000000000329e-01 6.581207980852492767e+01
6.630000000000000338e-01 6.610479215764497951e+01
6.640000000000000346e-01 6.639792610287175023e+01
6.650000000000000355e-01 6.669148128712627965e+01
6.660000000000000364e-01 6.698545735419476443e+01
6.670000000000000373e-01 6.727985394872490588e+01
6.680000000000000382e-01 6.757467071622464516e+01
6.690000000000000391e-01 6.786990730305588215e+01
6.700000000000000400e-01 6.816556335643376485e+01
6.710000000000000409e-01 6.846163852442170139e+01
6.720000000000000417e-01 6.875813245592870260e+01
6.730000000000000426e-01 6.905504480070638351e+01
6.740000000000000435e-01 6.935237520934508382e+01
6.750000000000000444e-01 6.965012333327084093e+01
6.760000000000000453e-01 6.994828882474234888e+01
6.770000000000000462e-01 7.024687133684822982e+01
6.780000000000000471e-01 7.054587052350207443e+01
6.790000000000000480e-01 7.084528603944167457e+01
6.800000000000000488e-01 7.114511754022380785e+01
6.810000000000000497e-01 7.144536468222221970e+01
6.820000000000000506e-01 7.174602712262471016e+01
6.830000000000000515e-01 7.204710451942911220e+01
6.840000000000000524e-01 7.234859653144039271e+01
6.850000000000000533e-01 7.265050281826877665e+01
6.860000000000000542e-01 7.295282304032451748e+01
6.870000000000000551e-01 7.325555685881717238e+01
6.880000000000000560e-01 7.355870393575101218e+01
6.890000000000000568e-01 7.386226393392274758e+01
6.900000000000000577e-01 7.416623651691796226e+01
6.910000000000000586e-01 7.447062134910889597e+01
6.920000000000000595e-01 7.477541809565057918e+01
6.930000000000000604e-01 7.508062642247884355e+01
6.940000000000000613e-01 7.538624599630675505e+01
6.950000000000000622e-01 7.569227648462174329e+01
6.960000000000000631e-01 7.599871755568287313e+01
6.970000000000000639e-01 7.630556887851801662e+01
6.980000000000000648e-01 7.661283012292074091e+01
6.990000000000000657e-01 7.692050095944796340e+01
7.000000000000000666e-01 7.722858105941641327e+01
7.010000000000000675e-01 7.753707009489967561e+01
7.020000000000000684e-01 7.784596773872675612e+01
7.030000000000000693e-01 7.815527366447768998e+01
7.039999999999999591e-01 7.846498754648190754e+01
7.049999999999999600e-01 7.877510905981446854e+01
7.059999999999999609e-01 7.908563788029435671e+01
7.069999999999999618e-01 7.939657368448067132e+01
7.079999999999999627e-01 7.970791614967093608e+01
7.089999999999999636e-01 8.001966495389754641e+01
7.099999999999999645e-01 8.033181977592536782e+01
7.109999999999999654e-01 8.064438029524960427e+01
7.119999999999999662e-01 8.095734619209190441e+01
7.129999999999999671e-01 8.127071714739901154e+01
7.139999999999999680e-01 8.158449284283901193e+01
7.149999999999999689e-01 8.189867296079975745e+01
7.159999999999999698e-01 8.221325718438481545e+01
7.169999999999999707e-01 8.252824519741298559e+01
7.179999999999999716e-01 8.284363668441368134e+01
7.189999999999999725e-01 8.315943133062469883e+01
7.199999999999999734e-01 8.347562882199140688e+01
7.209999999999999742e-01 8.379222884516129000e+01
7.219999999999999751e-01 8.410923108748453103e+01
7.229999999999999760e-01 8.442663523700879580e+01
7.239999999999999769e-01 8.474444098247840884e+01
7.249999999999999778e-01 8.506264801333124126e+01
7.259999999999999787e-01 8.538125601969579748e+01
7.269999999999999796e-01 8.570026469238989364e+01
7.279999999999999805e-01 8.601967372291716174e+01
7.289999999999999813e-01 8.633948280346515958e+01
7.299999999999999822e-01 8.665969162690247174e+01
7.309999999999999831e-01 8.698029988677642166e+01
7.319999999999999840e-01 8.730130727731118156e+01
7.329999999999999849e-01 8.762271349340443294e+01
7.339999999999999858e-01 8.794451823062583173e+01
7.349999999999999867e-01 8.826672118521449306e+01
7.359999999999999876e-01 8.858932205407541005e+01
7.369999999999999885e-01 8.891232053477946806e+01
7.379999999999999893e-01 8.923571632555812982e+01
7.389999999999999902e-01 8.955950912530421704e+01
7.399999999999999911e-01 8.988369863356703604e+01
7.409999999999999920e-01 9.020828455055128359e+01
7.419999999999999929e-01 9.053326657711468783e+01
7.429999999999999938e-01 9.085864441476536513e+01
7.439999999999999947e-01 9.118441776566002943e+01
7.449999999999999956e-01 9.151058633260079489e+01
7.459999999999999964e-01 9.183714981903443686e+01
7.469999999999999973e-01 9.216410792904841287e+01
7.479999999999999982e-01 9.249146036736995313e+01
7.489999999999999991e-01 9.281920683936320415e+01
7.500000000000000000e-01 9.314734705102699763e+01
7.510000000000000009e-01 9.347588070899290358e+01
7.520000000000000018e-01 9.380480752052301341e+01
7.530000000000000027e-01 9.413412719350780833e+01
7.540000000000000036e-01 9.446383943646318926e+01
7.550000000000000044e-01 9.479394395852970945e+01
7.560000000000000053e-01 9.512444046946929177e+01
7.570000000000000062e-01 9.545532867966367974e+01
7.580000000000000071e-01 9.578660830011168059e+01
7.590000000000000080e-01 9.611827904242808529e+01
7.600000000000000089e-01 9.645034061884032894e+01
7.610000000000000098e-01 9.678279274218724026e+01
7.620000000000000107e-01 9.711563512591692415e+01
7.630000000000000115e-01 9.744886748408401900e+01
7.640000000000000124e-01 9.778248953134826138e+01
7.650000000000000133e-01 9.811650098297214129e+01
7.660000000000000142e-01 9.845090155481913996e+01
7.670000000000000151e-01 9.878569096335120037e+01
7.680000000000000160e-01 9.912086892562692242e+01
7.690000000000000169e-01 9.945643515930011347e+01
7.700000000000000178e-01 9.979238938261623559e+01
7.710000000000000187e-01 1.001287313144124198e+02
7.720000000000000195e-01 1.004654606741139560e+02
7.730000000000000204e-01 1.008025771817324880e+02
7.740000000000000213e-01 1.011400805578647493e+02
7.750000000000000222e-01 1.014779705236906011e+02
7.760000000000000231e-01 1.018162468009694948e+02
7.770000000000000240e-01 1.021549091120405990e+02
7.780000000000000249e-01 1.024939571798200575e+02
7.790000000000000258e-01 1.028333907277979762e+02
7.800000000000000266e-01 1.031732094800382242e+02
7.810000000000000275e-01 1.035134131611755350e+02
7.820000000000000284e-01 1.038540014964139857e+02
7.830000000000000293e-01 1.041949742115247801e+02
7.840000000000000302e-01 1.045363310328440889e+02
7.850000000000000311e-01 1.048780716872723389e+02
7.860000000000000320e-01 1.052201959022714703e+02
7.870000000000000329e-01 1.055627034058624787e+02
7.880000000000000338e-01 1.059055939266250022e+02
7.890000000000000346e-01 1.062488671936945650e+02
7.900000000000000355e-01 1.065925229367605596e+02
7.910000000000000364e-01 1.069365608860654362e+02
7.920000000000000373e-01 1.072809807724019038e+02
7.930000000000000382e-01 1.076257823271109118e+02
7.940000000000000391e-01 1.079709652820814654e+02
7.950000000000000400e-01 1.083165293697465188e+02
7.960000000000000409e-01 1.086624743230835861e+02
7.970000000000000417e-01 1.090087998756107766e+02
7.980000000000000426e-01 1.093555057613864108e+02
7.990000000000000435e-01 1.097025917150072871e+02
8.000000000000000444e-01 1.100500574716056548e+02
8.010000000000000453e-01 1.103979027668490431e+02
8.020000000000000462e-01 1.107461273369369366e+02
8.030000000000000471e-01 1.110947309186012291e+02
8.040000000000000480e-01 1.114437132491024158e+02
8.050000000000000488e-01 1.117930740662277600e+02
8.060000000000000497e-01 1.121428131082918469e+02
8.070000000000000506e-01 1.124929301141329034e+02
8.080000000000000515e-01 1.128434248231116044e+02
8.090000000000000524e-01 1.131942969751094950e+02
8.100000000000000533e-01 1.135455463105276692e+02
8.110000000000000542e-01 1.138971725702841269e+02
8.120000000000000551e-01 1.142491754958127217e+02
8.130000000000000560e-01 1.146015548290617545e+02
8.140000000000000568e-01 1.149543103124925238e+02
8.150000000000000577e-01 1.153074416890760148e+02
8.160000000000000586e-01 1.156609487022932541e+02
8.170000000000000595e-01 1.160148310961328235e+02
8.180000000000000604e-01 1.163690886150888133e+02
8.190000000000000613e-01 1.167237210041603532e+02
8.200000000000000622e-01 1.170787280088488131e+02
8.210000000000000631e-01 1.174341093751571634e+02
8.220000000000000639e-01 1.177898648495874738e+02
8.230000000000000648e-01 1.181459941791397341e+02
8.240000000000000657e-01 1.185024971113114134e+02
8.250000000000000666e-01 1.188593733940931685e+02
8.260000000000000675e-01 1.192166227759703077e+02
8.270000000000000684e-01 1.195742450059190674e+02
8.280000000000000693e-01 1.199322398334060864e+02
8.290000000000000702e-01 1.202906070083866297e+02
8.300000000000000711e-01 1.206493462813031528e+02
8.310000000000000719e-01 1.210084574030833409e+02
8.320000000000000728e-01 1.213679401251392420e+02
8.329999999999999627e-01 1.217277941993647516e+02
8.339999999999999636e-01 1.220880193781357832e+02
8.349999999999999645e-01 1.224486154143070991e+02
8.359999999999999654e-01 1.228095820612108042e+02
8.369999999999999662e-01 1.231709190726569432e+02
8.379999999999999671e-01 1.235326262029296345e+02
8.389999999999999680e-01 1.238947032067866587e+02
8.399999999999999689e-01 1.242571498394577532e+02
8.409999999999999698e-01 1.246199658566432475e+02
8.419999999999999707e-01 1.249831510145128419e+02
8.429999999999999716e-01 1.253467050697039014e+02
8.439999999999999725e-01 1.257106277793198785e+02
8.449999999999999734e-01 1.260749189009285232e+02
8.459999999999999742e-01 1.264395781925620383e+02
8.469999999999999751e-01 1.268046054127131868e+02
8.479999999999999760e-01 1.271700003203363138e+02
8.489999999999999769e-01 1.275357626748446620e+02
8.499999999999999778e-01 1.279018922361082673e+02
8.509999999999999787e-01 1.282683887644545280e+02
8.519999999999999796e-01 1.286352520206651491e+02
8.529999999999999805e-01 1.290024817659748919e+02
8.539999999999999813e-01 1.293700777620714462e+02
8.549999999999999822e-01 1.297380397710928150e+02
8.559999999999999831e-01 1.301063675556261217e+02
8.569999999999999840e-01 1.304750608787068131e+02
8.579999999999999849e-01 1.308441195038161595e+02
8.589999999999999858e-01 1.312135431948815381e+02
8.599999999999999867e-01 1.315833317162735625e+02
8.609999999999999876e-01 1.319534848328058558e+02
8.619999999999999885e-01 1.323240023097330322e+02
8.629999999999999893e-01 1.326948839127491624e+02
8.639999999999999902e-01 1.330661294079869208e+02
8.649999999999999911e-01 1.334377385620166478e+02
8.659999999999999920e-01 1.338097111418444456e+02
8.669999999999999929e-01 1.341820469149105293e+02
8.679999999999999938e-01 1.345547456490886020e+02
8.689999999999999947e-01 1.349278071126843201e+02
8.699999999999999956e-01 1.353012310744334172e+02
8.709999999999999964e-01 1.356750173035019600e+02
8.719999999999999973e-01 1.360491655694837334e+02
8.729999999999999982e-01 1.364236756423989050e+02
8.739999999999999991e-01 1.367985472926932857e+02
8.750000000000000000e-01 1.371737802912366533e+02
8.760000000000000009e-01 1.375493744093229225e+02
8.770000000000000018e-01 1.379253294186658536e+02
8.780000000000000027e-01 1.383016450914013831e+02
8.790000000000000036e-01 1.386783212000835306e+02
8.800000000000000044e-01 1.390553575176847119e+02
8.810000000000000053e-01 1.394327538175937207e+02
8.820000000000000062e-01 1.398105098736152172e+02
8.830000000000000071e-01 1.401886254599679660e+02
8.840000000000000080e-01 1.405671003512834432e+02
8.850000000000000089e-01 1.409459343226051828e+02
8.860000000000000098e-01 1.413251271493874697e+02
8.870000000000000107e-01 1.417046786074933493e+02
8.880000000000000115e-01 1.420845884731945148e+02
8.890000000000000124e-01 1.424648565231700559e+02
8.900000000000000133e-01 1.428454825345036454e+02
8.910000000000000142e-01 1.432264662846841645e+02
8.920000000000000151e-01 1.436078075516037700e+02
8.930000000000000160e-01 1.439895061135574963e+02
8.940000000000000169e-01 1.443715617492398735e+02
8.950000000000000178e-01 1.447539742377470304e+02
8.960000000000000187e-01 1.451367433585727440e+02
8.970000000000000195e-01 1.455198688916080414e+02
8.980000000000000204e-01 1.459033506171411716e+02
8.990000000000000213e-01 1.462871883158552180e+02
9.000000000000000222e-01 1.466713817688274730e+02
9.010000000000000231e-01 1.470559307575277899e+02
9.020000000000000240e-01 1.474408350638175591e+02
9.030000000000000249e-01 1.478260944699499646e+02
9.040000000000000258e-01 1.482117087585666582e+02
9.050000000000000266e-01 1.485976777126976742e+02
9.060000000000000275e-01 1.489840011157614299e+02
9.070000000000000284e-01 1.493706787515608880e+02
9.080000000000000293e-01 1.497577104042853477e+02
9.090000000000000302e-01 1.501450958585072897e+02
9.100000000000000311e-01 1.505328348991824043e+02
9.110000000000000320e-01 1.509209273116476311e+02
9.120000000000000329e-01 1.513093728816212149e+02
9.130000000000000338e-01 1.516981713952006885e+02
9.140000000000000346e-01 1.520873226388616501e+02
9.150000000000000355e-01 1.524768263994573942e+02
9.160000000000000364e-01 1.528666824642174333e+02
9.170000000000000373e-01 1.532568906207467023e+02
9.180000000000000382e-01 1.536474506570237679e+02
9.190000000000000391e-01 1.540383623614009707e+02
9.200000000000000400e-01 1.544296255226021799e+02
9.210000000000000409e-01 1.548212399297220827e+02
9.220000000000000417e-01 1.552132053722258149e+02
9.230000000000000426e-01 1.556055216399473693e+02
9.240000000000000435e-01 1.559981885230879755e+02
9.250000000000000444e-01 1.563912058122157873e+02
9.260000000000000453e-01 1.567845732982651441e+02
9.270000000000000462e-01 1.571782907725350071e+02
9.280000000000000471e-01 1.575723580266872261e+02
9.290000000000000480e-01 1.579667748527473918e+02
9.300000000000000488e-01 1.583615410431021928e+02
9.310000000000000497e-01 1.587566563904991028e+02
9.320000000000000506e-01 1.591521206880445050e+02
9.330000000000000515e-01 1.595479337292046864e+02
9.340000000000000524e-01 1.599440953078021721e+02
9.350000000000000533e-01 1.603406052180171741e+02
9.360000000000000542e-01 1.607374632543846928e+02
9.370000000000000551e-01 1.611346692117950568e+02
9.380000000000000560e-01 1.615322228854914783e+02
9.390000000000000568e-01 1.619301240710702814e+02
9.400000000000000577e-01 1.623283725644793094e+02
9.410000000000000586e-01 1.627269681620171298e+02
9.420000000000000595e-01 1.631259106603313569e+02
9.430000000000000604e-01 1.635251998564197606e+02
9.440000000000000613e-01 1.639248355476264294e+02
9.450000000000000622e-01 1.643248175316426796e+02
9.460000000000000631e-01 1.647251456065061177e+02
9.470000000000000639e-01 1.651258195705991341e+02
9.480000000000000648e-01 1.655268392226472542e+02
9.490000000000000657e-01 1.659282043617195654e+02
9.500000000000000666e-01 1.663299147872277501e+02
9.510000000000000675e-01 1.667319702989233576e+02
9.520000000000000684e-01 1.671343706968989693e+02
9.530000000000000693e-01 1.675371157815858965e+02
9.540000000000000702e-01 1.679402053537544930e+02
9.550000000000000711e-01 1.683436392145112848e+02
9.560000000000000719e-01 1.687474171653001349e+02
9.570000000000000728e-01 1.691515390079004817e+02
9.580000000000000737e-01 1.695560045444255479e+02
9.590000000000000746e-01 1.699608135773231652e+02
9.599999999999999645e-01 1.703659659093733296e+02
9.609999999999999654e-01 1.707714613436879745e+02
9.619999999999999662e-01 1.711772996837104301e+02
9.629999999999999671e-01 1.715834807332133778e+02
9.639999999999999680e-01 1.719900042962995315e+02
9.649999999999999689e-01 1.723968701773993075e+02
9.659999999999999698e-01 1.728040781812702846e+02
9.669999999999999707e-01 1.732116281129969764e+02
9.679999999999999716e-01 1.736195197779899786e+02
9.689999999999999725e-01 1.740277529819830704e+02
9.699999999999999734e-01 1.744363275310359427e+02
9.709999999999999742e-01 1.748452432315295653e+02
9.719999999999999751e-01 1.752544998901678923e+02
9.729999999999999760e-01 1.756640973139756454e+02
9.739999999999999769e-01 1.760740353102985409e+02
9.749999999999999778e-01 1.764843136868015563e+02
9.759999999999999787e-01 1.768949322514679352e+02
9.769999999999999796e-01 1.773058908125991593e+02
9.779999999999999805e-01 1.777171891788134701e+02
9.789999999999999813e-01 1.781288271590457839e+02
9.799999999999999822e-01 1.785408045625455600e+02
9.809999999999999831e-01 1.789531211988770281e+02
9.819999999999999840e-01 1.793657768779178525e+02
9.829999999999999849e-01 1.797787714098583365e+02
9.839999999999999858e-01 1.801921046052016209e+02
9.849999999999999867e-01 1.806057762747607853e+02
9.859999999999999876e-01 1.810197862296595019e+02
9.869999999999999885e-01 1.814341342813315237e+02
9.879999999999999893e-01 1.818488202415185242e+02
9.889999999999999902e-01 1.822638439222703255e+02
9.899999999999999911e-01 1.826792051359430218e+02
9.909999999999999920e-01 1.830949036952002018e+02
9.919999999999999929e-01 1.835109394130101919e+02
9.929999999999999938e-01 1.839273121026452884e+02
9.939999999999999947e-01 1.843440215776825539e+02
9.949999999999999956e-01 1.847610676520012021e+02
9.959999999999999964e-01 1.851784501397833083e+02
9.969999999999999973e-01 1.855961688555115359e+02
9.979999999999999982e-01 1.860142236139701595e+02
9.989999999999999991e-01 1.864326142302425069e+02
1.000000000000000000e+00 1.868513405197110160e+02
