0.000000000000000000e+00 0.000000000000000000e+00
1.000000000000000021e-03 3.156557139045335636e-01
2.000000000000000042e-03 3.272965906843093298e-01
3.000000000000000062e-03 2.723253584653816950e-01
4.000000000000000083e-03 1.816624567236971299e-01
5.000000000000000104e-03 6.805157574481306149e-02
6.000000000000000125e-03 -6.170559381001368415e-02
7.000000000000000146e-03 -2.034490491679871171e-01
8.000000000000000167e-03 -3.544063771652150585e-01
9.000000000000001055e-03 -5.126166252607073925e-01
1.000000000000000021e-02 -6.766306573438098937e-01
1.099999999999999936e-02 -8.453408870411889264e-01
1.200000000000000025e-02 -1.017877856055718899e+00
1.300000000000000114e-02 -1.193544048348499365e+00
1.400000000000000029e-02 -1.371769714254646555e+00
1.499999999999999944e-02 -1.552082345436152755e+00
1.600000000000000033e-02 -1.734084960207366022e+00
1.700000000000000122e-02 -1.917440269195723301e+00
1.800000000000000211e-02 -2.101858879927955392e+00
1.899999999999999953e-02 -2.287090345251665990e+00
2.000000000000000042e-02 -2.472916258010415369e+00
2.100000000000000130e-02 -2.659144846497049741e+00
2.199999999999999872e-02 -2.845606689473542339e+00
2.299999999999999961e-02 -3.032151279163193713e+00
2.400000000000000050e-02 -3.218644235348998350e+00
2.500000000000000139e-02 -3.404965025640392273e+00
2.600000000000000228e-02 -3.591005083685715693e+00
2.699999999999999969e-02 -3.776666243477189600e+00
2.800000000000000058e-02 -3.961859427107925047e+00
2.900000000000000147e-02 -4.146503537523392069e+00
2.999999999999999889e-02 -4.330524518406968504e+00
3.099999999999999978e-02 -4.513854551345671595e+00
3.200000000000000067e-02 -4.696431366534079999e+00
3.300000000000000155e-02 -4.878197647984698904e+00
3.400000000000000244e-02 -5.059100517875888769e+00
3.500000000000000333e-02 -5.239091087540058922e+00
3.600000000000000422e-02 -5.418124064864290546e+00
3.699999999999999817e-02 -5.596157409681631556e+00
3.799999999999999906e-02 -5.773152030178902550e+00
3.899999999999999994e-02 -5.949071514514541192e+00
4.000000000000000083e-02 -6.123881892787249370e+00
4.100000000000000172e-02 -6.297551425269929837e+00
4.200000000000000261e-02 -6.470050413457657967e+00
4.300000000000000350e-02 -6.641351031002051819e+00
4.399999999999999745e-02 -6.811427172038300171e+00
4.499999999999999833e-02 -6.980254314772282420e+00
4.599999999999999922e-02 -7.147809398497525279e+00
4.700000000000000011e-02 -7.314070712465429835e+00
4.800000000000000100e-02 -7.479017795246340583e+00
4.900000000000000189e-02 -7.642631343400140054e+00
5.000000000000000278e-02 -7.804893128429015725e+00
5.100000000000000366e-02 -7.965785921116239621e+00
5.200000000000000455e-02 -8.125293422467148474e+00
5.299999999999999850e-02 -8.283400200564742022e+00
5.399999999999999939e-02 -8.440091632735397198e+00
5.500000000000000028e-02 -8.595353852491612656e+00
5.600000000000000117e-02 -8.749173700780872309e+00
5.700000000000000205e-02 -8.901538681123469132e+00
5.800000000000000294e-02 -9.052436918268867316e+00
5.900000000000000383e-02 -9.201857120041321281e+00
5.999999999999999778e-02 -9.349788542080974096e+00
6.099999999999999867e-02 -9.496220955218191762e+00
6.199999999999999956e-02 -9.641144615246348692e+00
6.300000000000000044e-02 -9.784550234882683384e+00
6.400000000000000133e-02 -9.926428957728038682e+00
6.500000000000000222e-02 -1.006677233405559413e+01
6.600000000000000311e-02 -1.020557229827510426e+01
6.700000000000000400e-02 -1.034282114793440321e+01
6.800000000000000488e-02 -1.047851152413298337e+01
6.900000000000000577e-02 -1.061263639323437680e+01
7.000000000000000666e-02 -1.074518902977457202e+01
7.100000000000000755e-02 -1.087616300047322326e+01
7.200000000000000844e-02 -1.100555214926265180e+01
7.299999999999999545e-02 -1.113335058325753479e+01
7.399999999999999634e-02 -1.125955265959469997e+01
7.499999999999999722e-02 -1.138415297307863838e+01
7.599999999999999811e-02 -1.150714634457418484e+01
7.699999999999999900e-02 -1.162852781009214631e+01
7.799999999999999989e-02 -1.174829261051885787e+01
7.900000000000000078e-02 -1.186643618194433714e+01
8.000000000000000167e-02 -1.198295414654737989e+01
8.100000000000000255e-02 -1.209784230399952420e+01
8.200000000000000344e-02 -1.221109662335260282e+01
8.300000000000000433e-02 -1.232271323537761631e+01
8.400000000000000522e-02 -1.243268842532489771e+01
8.500000000000000611e-02 -1.254101862607809181e+01
8.600000000000000699e-02 -1.264770041167647463e+01
8.700000000000000788e-02 -1.275273049118191260e+01
8.799999999999999489e-02 -1.285610570286883814e+01
8.899999999999999578e-02 -1.295782300871685955e+01
8.999999999999999667e-02 -1.305787948918733044e+01
9.099999999999999756e-02 -1.315627233826642772e+01
9.199999999999999845e-02 -1.325299885875872974e+01
9.299999999999999933e-02 -1.334805645781606032e+01
9.400000000000000022e-02 -1.344144264268772559e+01
9.500000000000000111e-02 -1.353315501667916010e+01
9.600000000000000200e-02 -1.362319127530680163e+01
9.700000000000000289e-02 -1.371154920263789556e+01
9.800000000000000377e-02 -1.379822666780468765e+01
9.900000000000000466e-02 -1.388322162168314478e+01
1.000000000000000056e-01 -1.396653209372702520e+01
1.010000000000000064e-01 -1.404815618894861373e+01
1.020000000000000073e-01 -1.412809208503811753e+01
1.030000000000000082e-01 -1.420633802961429737e+01
1.040000000000000091e-01 -1.428289233759892518e+01
1.049999999999999961e-01 -1.435775338870888440e+01
1.059999999999999970e-01 -1.443091962505933346e+01
1.069999999999999979e-01 -1.450238954887228537e+01
1.079999999999999988e-01 -1.457216172028511281e+01
1.089999999999999997e-01 -1.464023475525374884e+01
1.100000000000000006e-01 -1.470660732354582123e+01
1.110000000000000014e-01 -1.477127814681911566e+01
1.120000000000000023e-01 -1.483424599678115996e+01
1.130000000000000032e-01 -1.489550969342570674e+01
1.140000000000000041e-01 -1.495506810334259917e+01
1.150000000000000050e-01 -1.501292013809713133e+01
1.160000000000000059e-01 -1.506906475267571821e+01
1.170000000000000068e-01 -1.512350094399469569e+01
1.180000000000000077e-01 -1.517622774946894637e+01
1.190000000000000085e-01 -1.522724424563800660e+01
1.199999999999999956e-01 -1.527654954684640920e+01
1.209999999999999964e-01 -1.532414280397619422e+01
1.219999999999999973e-01 -1.537002320322879712e+01
1.229999999999999982e-01 -1.541418996495435145e+01
1.239999999999999991e-01 -1.545664234252604174e+01
1.250000000000000000e-01 -1.549737962125749391e+01
1.260000000000000009e-01 -1.553640111736133278e+01
1.270000000000000018e-01 -1.557370617694713744e+01
1.280000000000000027e-01 -1.560929417505674266e+01
1.290000000000000036e-01 -1.564316451473563596e+01
1.300000000000000044e-01 -1.567531662613862764e+01
1.310000000000000053e-01 -1.570574996566834791e+01
1.320000000000000062e-01 -1.573446401514518911e+01
1.330000000000000071e-01 -1.576145828100742285e+01
1.340000000000000080e-01 -1.578673229353999119e+01
1.350000000000000089e-01 -1.581028560613101064e+01
1.360000000000000098e-01 -1.583211779455468005e+01
1.370000000000000107e-01 -1.585222845627956012e+01
1.380000000000000115e-01 -1.587061720980108603e+01
1.390000000000000124e-01 -1.588728369399744622e+01
1.400000000000000133e-01 -1.590222756750783795e+01
1.410000000000000142e-01 -1.591544850813208178e+01
1.420000000000000151e-01 -1.592694621225083118e+01
1.430000000000000160e-01 -1.593672039426569320e+01
1.440000000000000169e-01 -1.594477078605807741e+01
1.449999999999999900e-01 -1.595109713646652772e+01
1.459999999999999909e-01 -1.595569921078131692e+01
1.469999999999999918e-01 -1.595857679025614750e+01
1.479999999999999927e-01 -1.595972967163575973e+01
1.489999999999999936e-01 -1.595915766669924629e+01
1.499999999999999944e-01 -1.595686060181838606e+01
1.509999999999999953e-01 -1.595283831753018156e+01
1.519999999999999962e-01 -1.594709066812339948e+01
1.529999999999999971e-01 -1.593961752123834330e+01
1.539999999999999980e-01 -1.593041875747955061e+01
1.549999999999999989e-01 -1.591949427004078288e+01
1.559999999999999998e-01 -1.590684396434185288e+01
1.570000000000000007e-01 -1.589246775767709252e+01
1.580000000000000016e-01 -1.587636557887466537e+01
1.590000000000000024e-01 -1.585853736796659774e+01
1.600000000000000033e-01 -1.583898307586915166e+01
1.610000000000000042e-01 -1.581770266407292169e+01
1.620000000000000051e-01 -1.579469610434264482e+01
1.630000000000000060e-01 -1.576996337842599871e+01
1.640000000000000069e-01 -1.574350447777154827e+01
1.650000000000000078e-01 -1.571531940325498056e+01
1.660000000000000087e-01 -1.568540816491371359e+01
1.670000000000000095e-01 -1.565377078168963365e+01
1.680000000000000104e-01 -1.562040728117917610e+01
1.690000000000000113e-01 -1.558531769939123990e+01
1.700000000000000122e-01 -1.554850208051203353e+01
1.710000000000000131e-01 -1.550996047667682376e+01
1.720000000000000140e-01 -1.546969294774867265e+01
1.730000000000000149e-01 -1.542769956110330654e+01
1.740000000000000158e-01 -1.538398039142049711e+01
1.750000000000000167e-01 -1.533853552048132940e+01
1.759999999999999898e-01 -1.529136503697147020e+01
1.769999999999999907e-01 -1.524246903628995398e+01
1.779999999999999916e-01 -1.519184762036353220e+01
1.789999999999999925e-01 -1.513950089746629857e+01
1.799999999999999933e-01 -1.508542898204438032e+01
1.809999999999999942e-01 -1.502963199454565668e+01
1.819999999999999951e-01 -1.497211006125429122e+01
1.829999999999999960e-01 -1.491286331412976196e+01
1.839999999999999969e-01 -1.485189189065060233e+01
1.849999999999999978e-01 -1.478919593366231311e+01
1.859999999999999987e-01 -1.472477559122954105e+01
1.869999999999999996e-01 -1.465863101649240718e+01
1.880000000000000004e-01 -1.459076236752667199e+01
1.890000000000000013e-01 -1.452116980720788320e+01
1.900000000000000022e-01 -1.444985350307907979e+01
1.910000000000000031e-01 -1.437681362722215539e+01
1.920000000000000040e-01 -1.430205035613276721e+01
1.930000000000000049e-01 -1.422556387059854899e+01
1.940000000000000058e-01 -1.414735435558064580e+01
1.950000000000000067e-01 -1.406742200009833610e+01
1.960000000000000075e-01 -1.398576699711692584e+01
1.970000000000000084e-01 -1.390238954343839239e+01
1.980000000000000093e-01 -1.381728983959515844e+01
1.990000000000000102e-01 -1.373046808974653032e+01
2.000000000000000111e-01 -1.364192450157783654e+01
2.010000000000000120e-01 -1.355165928620240479e+01
2.020000000000000129e-01 -1.345967265806592650e+01
2.030000000000000138e-01 -1.336596483485335440e+01
2.040000000000000147e-01 -1.327053603739836163e+01
2.050000000000000155e-01 -1.317338648959492176e+01
2.060000000000000164e-01 -1.307451641831139710e+01
2.070000000000000173e-01 -1.297392605330660587e+01
2.080000000000000182e-01 -1.287161562714835128e+01
2.089999999999999913e-01 -1.276758537513377689e+01
2.099999999999999922e-01 -1.266183553521183569e+01
2.109999999999999931e-01 -1.255436634790784112e+01
2.119999999999999940e-01 -1.244517805624976958e+01
2.129999999999999949e-01 -1.233427090569651341e+01
2.139999999999999958e-01 -1.222164514406803093e+01
2.149999999999999967e-01 -1.210730102147703491e+01
2.159999999999999976e-01 -1.199123879026265982e+01
2.169999999999999984e-01 -1.187345870492558220e+01
2.179999999999999993e-01 -1.175396102206492088e+01
2.190000000000000002e-01 -1.163274600031649086e+01
2.200000000000000011e-01 -1.150981390029300400e+01
2.210000000000000020e-01 -1.138516498452517567e+01
2.220000000000000029e-01 -1.125879951740482809e+01
2.230000000000000038e-01 -1.113071776512911981e+01
2.240000000000000047e-01 -1.100091999564610390e+01
2.250000000000000056e-01 -1.086940647860192755e+01
2.260000000000000064e-01 -1.073617748528884874e+01
2.270000000000000073e-01 -1.060123328859509684e+01
2.280000000000000082e-01 -1.046457416295534060e+01
2.290000000000000091e-01 -1.032620038430298948e+01
2.300000000000000100e-01 -1.018611223002313437e+01
2.310000000000000109e-01 -1.004430997890688104e+01
2.320000000000000118e-01 -9.900793911106831047e+00
2.330000000000000127e-01 -9.755564308093475745e+00
2.340000000000000135e-01 -9.608621452612638336e+00
2.350000000000000144e-01 -9.459965628644226854e+00
2.360000000000000153e-01 -9.309597121361605332e+00
2.370000000000000162e-01 -9.157516217092236843e+00
2.380000000000000171e-01 -9.003723203278873655e+00
2.390000000000000180e-01 -8.848218368442267945e+00
2.399999999999999911e-01 -8.691002002144244898e+00
2.409999999999999920e-01 -8.532074394951806084e+00
2.419999999999999929e-01 -8.371435838402355500e+00
2.429999999999999938e-01 -8.209086624969145873e+00
2.439999999999999947e-01 -8.045027048028330796e+00
2.449999999999999956e-01 -7.879257401826116336e+00
2.459999999999999964e-01 -7.711777981446942931e+00
2.469999999999999973e-01 -7.542589082782633625e+00
2.479999999999999982e-01 -7.371691002501854939e+00
2.489999999999999991e-01 -7.199084038020636456e+00
2.500000000000000000e-01 -7.024768487473252776e+00
2.510000000000000009e-01 -6.848744649684277874e+00
2.520000000000000018e-01 -6.671012824140753139e+00
2.530000000000000027e-01 -6.491573310965307542e+00
2.540000000000000036e-01 -6.310426410889910187e+00
2.550000000000000044e-01 -6.127572425230141562e+00
2.560000000000000053e-01 -5.943011655860054532e+00
2.570000000000000062e-01 -5.756744405187653513e+00
2.580000000000000071e-01 -5.568770976131013128e+00
2.590000000000000080e-01 -5.379091672094922671e+00
2.600000000000000089e-01 -5.187706796947821886e+00
2.610000000000000098e-01 -4.994616654999752825e+00
2.620000000000000107e-01 -4.799821550980375662e+00
2.630000000000000115e-01 -4.603321790017751880e+00
2.640000000000000124e-01 -4.405117677617468530e+00
2.650000000000000133e-01 -4.205209519642458815e+00
2.660000000000000142e-01 -4.003597622292943470e+00
2.670000000000000151e-01 -3.800282292087189262e+00
2.680000000000000160e-01 -3.595263835842480660e+00
2.690000000000000169e-01 -3.388542560656702562e+00
2.700000000000000178e-01 -3.180118773890043826e+00
2.710000000000000187e-01 -2.969992783147546334e+00
2.720000000000000195e-01 -2.758164896261767751e+00
2.730000000000000204e-01 -2.544635421275863507e+00
2.740000000000000213e-01 -2.329404666427137727e+00
2.750000000000000222e-01 -2.112472940131006283e+00
2.760000000000000231e-01 -1.893840550965144587e+00
2.770000000000000240e-01 -1.673507807654154078e+00
2.780000000000000249e-01 -1.451475019054662141e+00
2.790000000000000258e-01 -1.227742494140507290e+00
2.800000000000000266e-01 -1.002310541988443049e+00
2.810000000000000275e-01 -7.751794717641828925e-01
2.820000000000000284e-01 -5.463495927086867709e-01
2.830000000000000293e-01 -3.158212141246821147e-01
2.840000000000000302e-01 -8.359464536386695954e-02
2.850000000000000311e-01 1.503298041860929857e-01
2.860000000000000320e-01 3.859518251139490985e-01
2.870000000000000329e-01 6.232711079970485457e-01
2.880000000000000338e-01 8.622873434132003467e-01
2.889999999999999791e-01 1.103000221952363802e+00
2.899999999999999800e-01 1.345409434227974543e+00
2.909999999999999809e-01 1.589514670888036107e+00
2.919999999999999818e-01 1.835315622625948606e+00
2.929999999999999827e-01 2.082811980191117129e+00
2.939999999999999836e-01 2.332003434399283037e+00
2.949999999999999845e-01 2.582889676142698931e+00
2.959999999999999853e-01 2.835470396399799142e+00
2.969999999999999862e-01 3.089745286245161537e+00
2.979999999999999871e-01 3.345714036858545626e+00
2.989999999999999880e-01 3.603376339534378303e+00
2.999999999999999889e-01 3.862731885690664058e+00
3.009999999999999898e-01 4.123780366877689119e+00
3.019999999999999907e-01 4.386521474786654551e+00
3.029999999999999916e-01 4.650954901258032237e+00
3.039999999999999925e-01 4.917080338289785857e+00
3.049999999999999933e-01 5.184897478045151331e+00
3.059999999999999942e-01 5.454406012860758324e+00
3.069999999999999951e-01 5.725605635254041204e+00
3.079999999999999960e-01 5.998496037930493685e+00
3.089999999999999969e-01 6.273076913791406639e+00
3.099999999999999978e-01 6.549347955940397981e+00
3.109999999999999987e-01 6.827308857690830735e+00
3.119999999999999996e-01 7.106959312572215026e+00
3.130000000000000004e-01 7.388299014336908499e+00
3.140000000000000013e-01 7.671327656966610675e+00
3.150000000000000022e-01 7.956044934678480729e+00
3.160000000000000031e-01 8.242450541931454211e+00
3.170000000000000040e-01 8.530544173432147659e+00
3.180000000000000049e-01 8.820325524140663731e+00
3.190000000000000058e-01 9.111794289276247127e+00
3.200000000000000067e-01 9.404950164322968931e+00
3.210000000000000075e-01 9.699792845035105415e+00
3.220000000000000084e-01 9.996322027442239744e+00
3.230000000000000093e-01 1.029453740785472604e+01
3.240000000000000102e-01 1.059443868286858503e+01
3.250000000000000111e-01 1.089602554937030021e+01
3.260000000000000120e-01 1.119929770454167084e+01
3.270000000000000129e-01 1.150425484586465785e+01
3.280000000000000138e-01 1.181089667112570396e+01
3.290000000000000147e-01 1.211922287842016743e+01
3.300000000000000155e-01 1.242923316615684115e+01
3.310000000000000164e-01 1.274092723306202402e+01
3.320000000000000173e-01 1.305430477818359236e+01
3.330000000000000182e-01 1.336936550089513531e+01
3.340000000000000191e-01 1.368610910089975619e+01
3.350000000000000200e-01 1.400453527823390232e+01
3.360000000000000209e-01 1.432464373327102436e+01
3.370000000000000218e-01 1.464643416672528531e+01
3.380000000000000226e-01 1.496990627965492848e+01
3.390000000000000235e-01 1.529505977346580892e+01
3.400000000000000244e-01 1.562189434991469739e+01
3.410000000000000253e-01 1.595040971111242811e+01
3.420000000000000262e-01 1.628060555952721700e+01
3.430000000000000271e-01 1.661248159798754642e+01
3.440000000000000280e-01 1.694603752968526322e+01
3.450000000000000289e-01 1.728127305817850612e+01
3.460000000000000298e-01 1.761818788739433472e+01
3.470000000000000306e-01 1.795678172163177067e+01
3.480000000000000315e-01 1.829705426556419923e+01
3.490000000000000324e-01 1.863900522424210493e+01
3.500000000000000333e-01 1.898263430309555844e+01
3.510000000000000342e-01 1.932794120793658976e+01
3.519999999999999796e-01 1.967492564496171781e+01
3.529999999999999805e-01 2.002358732075416015e+01
3.539999999999999813e-01 2.037392594228603571e+01
3.549999999999999822e-01 2.072594121692056035e+01
3.559999999999999831e-01 2.107963285241429219e+01
3.569999999999999840e-01 2.143500055691885109e+01
3.579999999999999849e-01 2.179204403898350506e+01
3.589999999999999858e-01 2.215076300755625027e+01
3.599999999999999867e-01 2.251115717198636901e+01
3.609999999999999876e-01 2.287322624202600707e+01
3.619999999999999885e-01 2.323696992783177961e+01
3.629999999999999893e-01 2.360238793996667539e+01
3.639999999999999902e-01 2.396947998940152047e+01
3.649999999999999911e-01 2.433824578751675460e+01
3.659999999999999920e-01 2.470868504610369598e+01
3.669999999999999929e-01 2.508079747736631759e+01
3.679999999999999938e-01 2.545458279392239831e+01
3.689999999999999947e-01 2.583004070880511449e+01
3.699999999999999956e-01 2.620717093546419107e+01
3.709999999999999964e-01 2.658597318776730845e+01
3.719999999999999973e-01 2.696644718000142404e+01
3.729999999999999982e-01 2.734859262687356818e+01
3.739999999999999991e-01 2.773240924351243564e+01
3.750000000000000000e-01 2.811789674546936624e+01
3.760000000000000009e-01 2.850505484871908379e+01
3.770000000000000018e-01 2.889388326966125931e+01
3.780000000000000027e-01 2.928438172512095150e+01
3.790000000000000036e-01 2.967654993234995686e+01
3.800000000000000044e-01 3.007038760902743491e+01
3.810000000000000053e-01 3.046589447326088873e+01
3.820000000000000062e-01 3.086307024358694662e+01
3.830000000000000071e-01 3.126191463897212941e+01
3.840000000000000080e-01 3.166242737881357527e+01
3.850000000000000089e-01 3.206460818293993498e+01
3.860000000000000098e-01 3.246845677161175558e+01
3.870000000000000107e-01 3.287397286552224784e+01
3.880000000000000115e-01 3.328115618579801094e+01
3.890000000000000124e-01 3.369000645399940197e+01
3.900000000000000133e-01 3.410052339212123229e+01
3.910000000000000142e-01 3.451270672259319383e+01
3.920000000000000151e-01 3.492655616828035647e+01
3.930000000000000160e-01 3.534207145248363702e+01
3.940000000000000169e-01 3.575925229894018287e+01
3.950000000000000178e-01 3.617809843182379836e+01
3.960000000000000187e-01 3.659860957574528584e+01
3.970000000000000195e-01 3.702078545575272983e+01
3.980000000000000204e-01 3.744462579733203711e+01
3.990000000000000213e-01 3.787013032640670929e+01
4.000000000000000222e-01 3.829729876933882338e+01
4.010000000000000231e-01 3.872613085292852020e+01
4.020000000000000240e-01 3.915662630441470071e+01
4.030000000000000249e-01 3.958878485147508286e+01
4.040000000000000258e-01 4.002260622222622999e+01
4.050000000000000266e-01 4.045809014522387770e+01
4.060000000000000275e-01 4.089523634946284858e+01
4.070000000000000284e-01 4.133404456437725116e+01
4.080000000000000293e-01 4.177451451984060782e+01
4.090000000000000302e-01 4.221664594616567001e+01
4.100000000000000311e-01 4.266043857410470252e+01
4.110000000000000320e-01 4.310589213484928450e+01
4.120000000000000329e-01 4.355300636003050840e+01
4.130000000000000338e-01 4.400178098171853946e+01
4.140000000000000346e-01 4.445221573242307045e+01
4.150000000000000355e-01 4.490431034509289532e+01
4.160000000000000364e-01 4.535806455311583818e+01
4.169999999999999818e-01 4.581347809031875329e+01
4.179999999999999827e-01 4.627055069096746820e+01
4.189999999999999836e-01 4.672928208976628639e+01
4.199999999999999845e-01 4.718967202185820042e+01
4.209999999999999853e-01 4.765172022282447983e+01
4.219999999999999862e-01 4.811542642868464270e+01
4.229999999999999871e-01 4.858079037589600091e+01
4.239999999999999880e-01 4.904781180135366014e+01
4.249999999999999889e-01 4.951649044239005093e+01
4.259999999999999898e-01 4.998682603677504233e+01
4.269999999999999907e-01 5.045881832271513190e+01
4.279999999999999916e-01 5.093246703885355942e+01
4.289999999999999925e-01 5.140777192426989473e+01
4.299999999999999933e-01 5.188473271847976775e+01
4.309999999999999942e-01 5.236334916143430007e+01
4.319999999999999951e-01 5.284362099351997699e+01
4.329999999999999960e-01 5.332554795555844862e+01
4.339999999999999969e-01 5.380912978880557773e+01
4.349999999999999978e-01 5.429436623495176661e+01
4.359999999999999987e-01 5.478125703612097652e+01
4.369999999999999996e-01 5.526980193487085558e+01
4.380000000000000004e-01 5.576000067419168715e+01
4.390000000000000013e-01 5.625185299750647516e+01
4.400000000000000022e-01 5.674535864867038981e+01
4.410000000000000031e-01 5.724051737197022760e+01
4.420000000000000040e-01 5.773732891212384288e+01
4.430000000000000049e-01 5.823579301428000576e+01
4.440000000000000058e-01 5.873590942401756365e+01
4.450000000000000067e-01 5.923767788734522810e+01
4.460000000000000075e-01 5.974109815070085006e+01
4.470000000000000084e-01 6.024616996095116406e+01
4.480000000000000093e-01 6.075289306539097822e+01
4.490000000000000102e-01 6.126126721174279055e+01
4.500000000000000111e-01 6.177129214815637681e+01
4.510000000000000120e-01 6.228296762320790947e+01
4.520000000000000129e-01 6.279629338589982979e+01
4.530000000000000138e-01 6.331126918565985306e+01
4.540000000000000147e-01 6.382789477234076969e+01
4.550000000000000155e-01 6.434616989621966354e+01
4.560000000000000164e-01 6.486609430799724407e+01
4.570000000000000173e-01 6.538766775879757631e+01
4.580000000000000182e-01 6.591089000016710031e+01
4.590000000000000191e-01 6.643576078407426166e+01
4.600000000000000200e-01 6.696227986290888623e+01
4.610000000000000209e-01 6.749044698948148380e+01
4.620000000000000218e-01 6.802026191702266544e+01
4.630000000000000226e-01 6.855172439918246141e+01
4.640000000000000235e-01 6.908483419002965320e+01
4.650000000000000244e-01 6.961959104405129040e+01
4.660000000000000253e-01 7.015599471615192328e+01
4.670000000000000262e-01 7.069404496165297758e+01
4.680000000000000271e-01 7.123374153629191596e+01
4.690000000000000280e-01 7.177508419622196811e+01
4.700000000000000289e-01 7.231807269801103644e+01
4.710000000000000298e-01 7.286270679864125555e+01
4.720000000000000306e-01 7.340898625550822487e+01
4.730000000000000315e-01 7.395691082642034075e+01
4.740000000000000324e-01 7.450648026959827064e+01
4.750000000000000333e-01 7.505769434367381621e+01
4.760000000000000342e-01 7.561055280768974285e+01
4.770000000000000351e-01 7.616505542109868543e+01
4.780000000000000360e-01 7.672120194376257984e+01
4.790000000000000369e-01 7.727899213595189565e+01
4.799999999999999822e-01 7.783842575834505340e+01
4.809999999999999831e-01 7.839950257202771411e+01
4.819999999999999840e-01 7.896222233849168504e+01
4.829999999999999849e-01 7.952658481963459280e+01
4.839999999999999858e-01 8.009258977775903077e+01
4.849999999999999867e-01 8.066023697557182004e+01
4.859999999999999876e-01 8.122952617618324211e+01
4.869999999999999885e-01 8.180045714310618621e+01
4.879999999999999893e-01 8.237302964025568031e+01
4.889999999999999902e-01 8.294724343194795324e+01
4.899999999999999911e-01 8.352309828289953941e+01
4.909999999999999920e-01 8.410059395822706563e+01
4.919999999999999929e-01 8.467973022344583001e+01
4.929999999999999938e-01 8.526050684446938988e+01
4.939999999999999947e-01 8.584292358760886543e+01
4.949999999999999956e-01 8.642698021957187393e+01
4.959999999999999964e-01 8.701267650746217441e+01
4.969999999999999973e-01 8.760001221877843136e+01
4.979999999999999982e-01 8.818898712141388785e+01
4.989999999999999991e-01 8.877960098365529973e+01
5.000000000000000000e-01 8.937185357418221088e+01
5.010000000000000009e-01 8.996574466206624265e+01
5.020000000000000018e-01 9.056127401677036914e+01
5.030000000000000027e-01 9.115844140814789398e+01
5.040000000000000036e-01 9.175724660644193875e+01
5.050000000000000044e-01 9.235768938228450509e+01
5.060000000000000053e-01 9.295976950669574990e+01
5.070000000000000062e-01 9.356348675108306168e+01
5.080000000000000071e-01 9.416884088724061996e+01
5.090000000000000080e-01 9.477583168734808794e+01
5.100000000000000089e-01 9.538445892397031400e+01
5.110000000000000098e-01 9.599472237005613806e+01
5.120000000000000107e-01 9.660662179893805046e+01
5.130000000000000115e-01 9.722015698433094144e+01
5.140000000000000124e-01 9.783532770033139059e+01
5.150000000000000133e-01 9.845213372141735420e+01
5.160000000000000142e-01 9.907057482244655944e+01
5.170000000000000151e-01 9.969065077865634805e+01
5.180000000000000160e-01 1.003123613656627100e+02
5.190000000000000169e-01 1.009357063594593740e+02
5.200000000000000178e-01 1.015606855364170258e+02
5.210000000000000187e-01 1.021872986732825836e+02
5.220000000000000195e-01 1.028155455471783029e+02
5.230000000000000204e-01 1.034454259356012216e+02
5.240000000000000213e-01 1.040769396164219245e+02
5.250000000000000222e-01 1.047100863678841307e+02
5.260000000000000231e-01 1.053448659686037843e+02
5.270000000000000240e-01 1.059812781975680025e+02
5.280000000000000249e-01 1.066193228341347208e+02
5.290000000000000258e-01 1.072589996580314704e+02
5.300000000000000266e-01 1.079003084493548243e+02
5.310000000000000275e-01 1.085432489885694025e+02
5.320000000000000284e-01 1.091878210565075165e+02
5.330000000000000293e-01 1.098340244343675067e+02
5.340000000000000302e-01 1.104818589037139418e+02
5.350000000000000311e-01 1.111313242464759412e+02
5.360000000000000320e-01 1.117824202449471045e+02
5.370000000000000329e-01 1.124351466817840901e+02
5.380000000000000338e-01 1.130895033400061891e+02
5.390000000000000346e-01 1.137454900029945009e+02
5.400000000000000355e-01 1.144031064544908247e+02
5.410000000000000364e-01 1.150623524785973473e+02
5.420000000000000373e-01 1.157232278597752213e+02
5.430000000000000382e-01 1.163857323828444521e+02
5.440000000000000391e-01 1.170498658329825048e+02
5.450000000000000400e-01 1.177156279957238212e+02
5.460000000000000409e-01 1.183830186569589671e+02
5.470000000000000417e-01 1.190520376029337797e+02
5.480000000000000426e-01 1.197226846202486001e+02
5.490000000000000435e-01 1.203949594958573925e+02
5.500000000000000444e-01 1.210688620170671470e+02
5.510000000000000453e-01 1.217443919715367713e+02
5.520000000000000462e-01 1.224215491472766359e+02
5.530000000000000471e-01 1.231003333326476081e+02
5.540000000000000480e-01 1.237807443163600283e+02
5.550000000000000488e-01 1.244627818874733691e+02
5.560000000000000497e-01 1.251464458353950988e+02
5.570000000000000506e-01 1.258317359498799988e+02
5.580000000000000515e-01 1.265186520210295384e+02
5.590000000000000524e-01 1.272071938392906247e+02
5.600000000000000533e-01 1.278973611954552609e+02
5.610000000000000542e-01 1.285891538806595520e+02
5.620000000000000551e-01 1.292825716863829371e+02
5.630000000000000560e-01 1.299776144044474506e+02
5.640000000000000568e-01 1.306742818270168414e+02
5.650000000000000577e-01 1.313725737465959185e+02
5.660000000000000586e-01 1.320724899560294716e+02
5.670000000000000595e-01 1.327740302485019583e+02
5.680000000000000604e-01 1.334771944175363387e+02
5.690000000000000613e-01 1.341819822569933649e+02
5.700000000000000622e-01 1.348883935610707852e+02
5.710000000000000631e-01 1.355964281243028040e+02
5.720000000000000639e-01 1.363060857415589737e+02
5.730000000000000648e-01 1.370173662080436543e+02
5.740000000000000657e-01 1.377302693192949619e+02
5.750000000000000666e-01 1.384447948711842002e+02
5.760000000000000675e-01 1.391609426599152073e+02
5.769999999999999574e-01 1.398787124820233032e+02
5.779999999999999583e-01 1.405981041343745517e+02
5.789999999999999591e-01 1.413191174141652766e+02
5.799999999999999600e-01 1.420417521189208401e+02
5.809999999999999609e-01 1.427660080464951591e+02
5.819999999999999618e-01 1.434918849950701372e+02
5.829999999999999627e-01 1.442193827631543002e+02
5.839999999999999636e-01 1.449485011495825688e+02
5.849999999999999645e-01 1.456792399535150935e+02
5.859999999999999654e-01 1.464115989744371120e+02
5.869999999999999662e-01 1.471455780121572730e+02
5.879999999999999671e-01 1.478811768668076922e+02
5.889999999999999680e-01 1.486183953388427881e+02
5.899999999999999689e-01 1.493572332290385987e+02
5.909999999999999698e-01 1.500976903384919581e+02
5.919999999999999707e-01 1.508397664686198141e+02
5.929999999999999716e-01 1.515834614211587450e+02
5.939999999999999725e-01 1.523287749981634818e+02
5.949999999999999734e-01 1.530757070020069932e+02
5.959999999999999742e-01 1.538242572353790081e+02
5.969999999999999751e-01 1.545744255012860435e+02
5.979999999999999760e-01 1.553262116030497282e+02
5.989999999999999769e-01 1.560796153443068590e+02
5.999999999999999778e-01 1.568346365290083213e+02
6.009999999999999787e-01 1.575912749614181791e+02
6.019999999999999796e-01 1.583495304461133344e+02
6.029999999999999805e-01 1.591094027879824466e+02
6.039999999999999813e-01 1.598708917922254500e+02
6.049999999999999822e-01 1.606339972643523879e+02
6.059999999999999831e-01 1.613987190101833846e+02
6.069999999999999840e-01 1.621650568358472526e+02
6.079999999999999849e-01 1.629330105477809809e+02
6.089999999999999858e-01 1.637025799527291099e+02
6.099999999999999867e-01 1.644737648577429354e+02
6.109999999999999876e-01 1.652465650701798268e+02
6.119999999999999885e-01 1.660209803977021465e+02
6.129999999999999893e-01 1.667970106482771655e+02
6.139999999999999902e-01 1.675746556301759824e+02
6.149999999999999911e-01 1.683539151519724157e+02
6.159999999999999920e-01 1.691347890225431172e+02
6.169999999999999929e-01 1.699172770510661508e+02
6.179999999999999938e-01 1.707013790470207653e+02
6.189999999999999947e-01 1.714870948201860585e+02
6.199999999999999956e-01 1.722744241806412049e+02
6.209999999999999964e-01 1.730633669387637212e+02
6.219999999999999973e-01 1.738539229052294388e+02
6.229999999999999982e-01 1.746460918910115652e+02
6.239999999999999991e-01 1.754398737073800021e+02
6.250000000000000000e-01 1.762352681659006350e+02
6.260000000000000009e-01 1.770322750784344805e+02
6.270000000000000018e-01 1.778308942571372882e+02
6.280000000000000027e-01 1.786311255144588586e+02
6.290000000000000036e-01 1.794329686631415939e+02
6.300000000000000044e-01 1.802364235162208956e+02
6.310000000000000053e-01 1.810414898870237153e+02
6.320000000000000062e-01 1.818481675891681846e+02
6.330000000000000071e-01 1.826564564365627632e+02
6.340000000000000080e-01 1.834663562434056132e+02
6.350000000000000089e-01 1.842778668241840023e+02
6.360000000000000098e-01 1.850909879936731954e+02
6.370000000000000107e-01 1.859057195669364262e+02
6.380000000000000115e-01 1.867220613593238170e+02
6.390000000000000124e-01 1.875400131864716684e+02
6.400000000000000133e-01 1.883595748643019476e+02
6.410000000000000142e-01 1.891807462090213505e+02
6.420000000000000151e-01 1.900035270371211311e+02
6.430000000000000160e-01 1.908279171653755952e+02
6.440000000000000169e-01 1.916539164108424131e+02
6.450000000000000178e-01 1.924815245908611416e+02
6.460000000000000187e-01 1.933107415230529966e+02
6.470000000000000195e-01 1.941415670253200574e+02
6.480000000000000204e-01 1.949740009158444991e+02
6.490000000000000213e-01 1.958080430130881382e+02
6.500000000000000222e-01 1.966436931357915228e+02
6.510000000000000231e-01 1.974809511029734210e+02
6.520000000000000240e-01 1.983198167339302245e+02
6.530000000000000249e-01 1.991602898482351520e+02
6.540000000000000258e-01 2.000023702657375964e+02
6.550000000000000266e-01 2.008460578065624702e+02
6.560000000000000275e-01 2.016913522911098084e+02
6.570000000000000284e-01 2.025382535400535744e+02
6.580000000000000293e-01 2.033867613743414609e+02
6.590000000000000302e-01 2.042368756151943217e+02
6.600000000000000311e-01 2.050885960841049211e+02
6.610000000000000320e-01 2.059419226028379626e+02
6.620000000000000329e-01 2.067968549934291218e+02
6.630000000000000338e-01 2.076533930781842514e+02
6.640000000000000346e-01 2.085115366796791250e+02
6.650000000000000355e-01 2.093712856207584139e+02
6.660000000000000364e-01 2.102326397245355167e+02
6.670000000000000373e-01 2.110955988143914226e+02
6.680000000000000382e-01 2.119601627139742561e+02
6.690000000000000391e-01 2.128263312471988229e+02
6.700000000000000400e-01 2.136941042382456999e+02
6.710000000000000409e-01 2.145634815115608944e+02
6.720000000000000417e-01 2.154344628918548210e+02
6.730000000000000426e-01 2.163070482041022444e+02
6.740000000000000435e-01 2.171812372735410008e+02
6.750000000000000444e-01 2.180570299256719693e+02
6.760000000000000453e-01 2.189344259862579918e+02
6.770000000000000462e-01 2.198134252813234752e+02
6.780000000000000471e-01 2.206940276371538232e+02
6.790000000000000480e-01 2.215762328802947252e+02
6.800000000000000488e-01 2.224600408375513894e+02
6.810000000000000497e-01 2.233454513359882014e+02
6.820000000000000506e-01 2.242324642029280710e+02
6.830000000000000515e-01 2.251210792659516926e+02
6.840000000000000524e-01 2.260112963528969487e+02
6.850000000000000533e-01 2.269031152918583985e+02
6.860000000000000542e-01 2.277965359111866803e+02
6.870000000000000551e-01 2.286915580394876315e+02
6.880000000000000560e-01 2.295881815056222308e+02
6.890000000000000568e-01 2.304864061387053766e+02
6.900000000000000577e-01 2.313862317681059153e+02
6.910000000000000586e-01 2.322876582234453053e+02
6.920000000000000595e-01 2.331906853345976742e+02
6.930000000000000604e-01 2.340953129316890511e+02
6.940000000000000613e-01 2.350015408450965424e+02
6.950000000000000622e-01 2.359093689054479626e+02
6.960000000000000631e-01 2.368187969436212086e+02
6.970000000000000639e-01 2.377298247907436632e+02
6.980000000000000648e-01 2.386424522781914561e+02
6.990000000000000657e-01 2.395566792375891794e+02
7.000000000000000666e-01 2.404725055008092056e+02
7.010000000000000675e-01 2.413899308999707500e+02
7.020000000000000684e-01 2.423089552674398703e+02
7.030000000000000693e-01 2.432295784358285005e+02
7.039999999999999591e-01 2.441518002379939105e+02
7.049999999999999600e-01 2.450756205070384510e+02
7.059999999999999609e-01 2.460010390763083592e+02
7.069999999999999618e-01 2.469280557793938442e+02
7.079999999999999627e-01 2.478566704501283198e+02
7.089999999999999636e-01 2.487868829225871821e+02
7.099999999999999645e-01 2.497186930310885487e+02
7.109999999999999654e-01 2.506521006101914679e+02
7.119999999999999662e-01 2.515871054946959191e+02
7.129999999999999671e-01 2.525237075196423575e+02
7.139999999999999680e-01 2.534619065203105777e+02
7.149999999999999689e-01 2.544017023322202817e+02
7.159999999999999698e-01 2.553430947911289479e+02
7.169999999999999707e-01 2.562860837330325126e+02
7.179999999999999716e-01 2.572306689941644890e+02
7.189999999999999725e-01 2.581768504109952573e+02
7.199999999999999734e-01 2.591246278202313533e+02
7.209999999999999742e-01 2.600740010588157247e+02
7.219999999999999751e-01 2.610249699639259688e+02
7.229999999999999760e-01 2.619775343729750716e+02
7.239999999999999769e-01 2.629316941236095317e+02
7.249999999999999778e-01 2.638874490537102702e+02
7.259999999999999787e-01 2.648447990013908111e+02
7.269999999999999796e-01 2.658037438049972820e+02
7.279999999999999805e-01 2.667642833031083001e+02
7.289999999999999813e-01 2.677264173345333802e+02
7.299999999999999822e-01 2.686901457383135039e+02
7.309999999999999831e-01 2.696554683537199253e+02
7.319999999999999840e-01 2.706223850202535459e+02
7.329999999999999849e-01 2.715908955776453126e+02
7.339999999999999858e-01 2.725609998658540007e+02
7.349999999999999867e-01 2.735326977250676919e+02
7.359999999999999876e-01 2.745059889957018413e+02
7.369999999999999885e-01 2.754808735183992212e+02
7.379999999999999893e-01 2.764573511340291248e+02
7.389999999999999902e-01 2.774354216836873093e+02
7.399999999999999911e-01 2.784150850086952573e+02
7.409999999999999920e-01 2.793963409505995514e+02
7.419999999999999929e-01 2.803791893511710782e+02
7.429999999999999938e-01 2.813636300524059379e+02
7.439999999999999947e-01 2.823496628965223181e+02
7.449999999999999956e-01 2.833372877259628240e+02
7.459999999999999964e-01 2.843265043833921482e+02
7.469999999999999973e-01 2.853173127116969567e+02
7.479999999999999982e-01 2.863097125539858325e+02
7.489999999999999991e-01 2.873037037535881382e+02
7.500000000000000000e-01 2.882992861540540162e+02
7.510000000000000009e-01 2.892964595991534793e+02
7.520000000000000018e-01 2.902952239328762971e+02
7.530000000000000027e-01 2.912955789994310862e+02
7.540000000000000036e-01 2.922975246432454242e+02
7.550000000000000044e-01 2.933010607089644282e+02
7.560000000000000053e-01 2.943061870414510395e+02
7.570000000000000062e-01 2.953129034857853412e+02
7.580000000000000071e-01 2.963212098872637057e+02
7.590000000000000080e-01 2.973311060913990218e+02
7.600000000000000089e-01 2.983425919439192739e+02
7.610000000000000098e-01 2.993556672907679967e+02
7.620000000000000107e-01 3.003703319781030814e+02
7.630000000000000115e-01 3.013865858522964913e+02
7.640000000000000124e-01 3.024044287599338077e+02
7.650000000000000133e-01 3.034238605478141153e+02
7.660000000000000142e-01 3.044448810629486388e+02
7.670000000000000151e-01 3.054674901525612540e+02
7.680000000000000160e-01 3.064916876640872374e+02
7.690000000000000169e-01 3.075174734451731524e+02
7.700000000000000178e-01 3.085448473436763948e+02
7.710000000000000187e-01 3.095738092076644534e+02
7.720000000000000195e-01 3.106043588854149675e+02
7.730000000000000204e-01 3.116364962254141346e+02
7.740000000000000213e-01 3.126702210763580183e+02
7.750000000000000222e-01 3.137055332871502742e+02
7.760000000000000231e-01 3.147424327069027754e+02
7.770000000000000240e-01 3.157809191849347599e+02
7.780000000000000249e-01 3.168209925707724324e+02
7.790000000000000258e-01 3.178626527141485667e+02
7.800000000000000266e-01 3.189058994650017667e+02
7.810000000000000275e-01 3.199507326734765797e+02
7.820000000000000284e-01 3.209971521899222466e+02
7.830000000000000293e-01 3.220451578648928717e+02
7.840000000000000302e-01 3.230947495491468544e+02
7.850000000000000311e-01 3.241459270936460939e+02
7.860000000000000320e-01 3.251986903495557613e+02
7.870000000000000329e-01 3.262530391682441291e+02
7.880000000000000338e-01 3.273089734012816052e+02
7.890000000000000346e-01 3.283664929004404485e+02
7.900000000000000355e-01 3.294255975176945412e+02
7.910000000000000364e-01 3.304862871052188780e+02
7.920000000000000373e-01 3.315485615153887125e+02
7.930000000000000382e-01 3.326124206007796147e+02
7.940000000000000391e-01 3.336778642141666751e+02
7.950000000000000400e-01 3.347448922085244476e+02
7.960000000000000409e-01 3.358135044370259266e+02
7.970000000000000417e-01 3.368837007530427172e+02
7.980000000000000426e-01 3.379554810101442399e+02
7.990000000000000435e-01 3.390288450620975027e+02
8.000000000000000444e-01 3.401037927628661350e+02
8.010000000000000453e-01 3.411803239666105583e+02
8.020000000000000462e-01 3.422584385276877583e+02
8.030000000000000471e-01 3.433381363006496940e+02
8.040000000000000480e-01 3.444194171402440361e+02
8.050000000000000488e-01 3.455022809014131440e+02
8.060000000000000497e-01 3.465867274392940658e+02
8.070000000000000506e-01 3.476727566092172879e+02
8.080000000000000515e-01 3.487603682667073599e+02
8.090000000000000524e-01 3.498495622674817582e+02
8.100000000000000533e-01 3.509403384674506015e+02
8.110000000000000542e-01 3.520326967227163095e+02
8.120000000000000551e-01 3.531266368895731489e+02
8.130000000000000560e-01 3.542221588245070620e+02
8.140000000000000568e-01 3.553192623841943600e+02
8.150000000000000577e-01 3.564179474255026321e+02
8.160000000000000586e-01 3.575182138054892675e+02
8.170000000000000595e-01 3.586200613814015128e+02
8.180000000000000604e-01 3.597234900106756754e+02
8.190000000000000613e-01 3.608284995509373516e+02
8.200000000000000622e-01 3.619350898600006303e+02
8.210000000000000631e-01 3.630432607958672406e+02
8.220000000000000639e-01 3.641530122167270065e+02
8.230000000000000648e-01 3.652643439809569372e+02
8.240000000000000657e-01 3.663772559471207728e+02
8.250000000000000666e-01 3.674917479739688133e+02
8.260000000000000675e-01 3.686078199204370094e+02
8.270000000000000684e-01 3.697254716456478718e+02
8.280000000000000693e-01 3.708447030089079703e+02
8.290000000000000702e-01 3.719655138697096390e+02
8.300000000000000711e-01 3.730879040877291573e+02
8.310000000000000719e-01 3.742118735228267496e+02
8.320000000000000728e-01 3.753374220350466430e+02
8.329999999999999627e-01 3.764645494846157590e+02
8.339999999999999636e-01 3.775932557319443958e+02
8.349999999999999645e-01 3.787235406376250353e+02
8.359999999999999654e-01 3.798554040624320578e+02
8.369999999999999662e-01 3.809888458673215155e+02
8.379999999999999671e-01 3.821238659134308477e+02
8.389999999999999680e-01 3.832604640620782561e+02
8.399999999999999689e-01 3.843986401747623063e+02
8.409999999999999698e-01 3.855383941131617576e+02
8.419999999999999707e-01 3.866797257391349945e+02
8.429999999999999716e-01 3.878226349147196288e+02
8.439999999999999725e-01 3.889671215021323292e+02
8.449999999999999734e-01 3.901131853637680820e+02
8.459999999999999742e-01 3.912608263622000209e+02
8.469999999999999751e-01 3.924100443601792563e+02
8.479999999999999760e-01 3.935608392206339659e+02
8.489999999999999769e-01 3.947132108066693377e+02
8.499999999999999778e-01 3.958671589815675134e+02
8.509999999999999787e-01 3.970226836087864513e+02
8.519999999999999796e-01 3.981797845519600969e+02
8.529999999999999805e-01 3.993384616748977578e+02
8.539999999999999813e-01 4.004987148415841034e+02
8.549999999999999822e-01 4.016605439161780282e+02
8.559999999999999831e-01 4.028239487630134477e+02
8.569999999999999840e-01 4.039889292465976496e+02
8.579999999999999849e-01 4.051554852316117490e+02
8.589999999999999858e-01 4.063236165829101765e+02
8.599999999999999867e-01 4.074933231655197687e+02
8.609999999999999876e-01 4.086646048446405644e+02
8.619999999999999885e-01 4.098374614856439848e+02
8.629999999999999893e-01 4.110118929540739146e+02
8.639999999999999902e-01 4.121878991156448819e+02
8.649999999999999911e-01 4.133654798362431961e+02
8.659999999999999920e-01 4.145446349819250145e+02
8.669999999999999929e-01 4.157253644189173656e+02
8.679999999999999938e-01 4.169076680136170694e+02
8.689999999999999947e-01 4.180915456325905097e+02
8.699999999999999956e-01 4.192769971425731228e+02
8.709999999999999964e-01 4.204640224104693971e+02
8.719999999999999973e-01 4.216526213033522481e+02
8.729999999999999982e-01 4.228427936884629617e+02
8.739999999999999991e-01 4.240345394332098294e+02
8.750000000000000000e-01 4.252278584051694565e+02
8.760000000000000009e-01 4.264227504720852835e+02
8.770000000000000018e-01 4.276192155018670178e+02
8.780000000000000027e-01 4.288172533625913729e+02
8.790000000000000036e-01 4.300168639225007610e+02
8.800000000000000044e-01 4.312180470500028378e+02
8.810000000000000053e-01 4.324208026136717535e+02
8.820000000000000062e-01 4.336251304822454244e+02
8.830000000000000071e-01 4.348310305246269536e+02
8.840000000000000080e-01 4.360385026098837784e+02
8.850000000000000089e-01 4.372475466072469317e+02
8.860000000000000098e-01 4.384581623861113258e+02
8.870000000000000107e-01 4.396703498160350705e+02
8.880000000000000115e-01 4.408841087667393595e+02
8.890000000000000124e-01 4.420994391081073331e+02
8.900000000000000133e-01 4.433163407101851021e+02
8.910000000000000142e-01 4.445348134431802123e+02
8.920000000000000151e-01 4.457548571774616448e+02
8.930000000000000160e-01 4.469764717835602710e+02
8.940000000000000169e-01 4.481996571321670899e+02
8.950000000000000178e-01 4.494244130941339677e+02
8.960000000000000187e-01 4.506507395404731824e+02
8.970000000000000195e-01 4.518786363423562875e+02
8.980000000000000204e-01 4.531081033711147370e+02
8.990000000000000213e-01 4.543391404982396580e+02
9.000000000000000222e-01 4.555717475953803728e+02
9.010000000000000231e-01 4.568059245343446264e+02
9.020000000000000240e-01 4.580416711870993254e+02
9.030000000000000249e-01 4.592789874257683209e+02
9.040000000000000258e-01 4.605178731226332616e+02
9.050000000000000266e-01 4.617583281501334795e+02
9.060000000000000275e-01 4.630003523808645696e+02
9.070000000000000284e-01 4.642439456875794122e+02
9.080000000000000293e-01 4.654891079431864114e+02
9.090000000000000302e-01 4.667358390207505181e+02
9.100000000000000311e-01 4.679841387934919794e+02
9.110000000000000320e-01 4.692340071347865091e+02
9.120000000000000329e-01 4.704854439181645489e+02
9.130000000000000338e-01 4.717384490173117229e+02
9.140000000000000346e-01 4.729930223060673029e+02
9.150000000000000355e-01 4.742491636584251182e+02
9.160000000000000364e-01 4.755068729485324184e+02
9.170000000000000373e-01 4.767661500506901575e+02
9.180000000000000382e-01 4.780269948393519712e+02
9.190000000000000391e-01 4.792894071891246881e+02
9.200000000000000400e-01 4.805533869747669655e+02
9.210000000000000409e-01 4.818189340711905402e+02
9.220000000000000417e-01 4.830860483534581817e+02
9.230000000000000426e-01 4.843547296967844318e+02
9.240000000000000435e-01 4.856249779765349786e+02
9.250000000000000444e-01 4.868967930682267706e+02
9.260000000000000453e-01 4.881701748475267664e+02
9.270000000000000462e-01 4.894451231902526729e+02
9.280000000000000471e-01 4.907216379723720365e+02
9.290000000000000480e-01 4.919997190700021292e+02
9.300000000000000488e-01 4.932793663594093800e+02
9.310000000000000497e-01 4.945605797170096594e+02
9.320000000000000506e-01 4.958433590193670852e+02
9.330000000000000515e-01 4.971277041431949328e+02
9.340000000000000524e-01 4.984136149653540997e+02
9.350000000000000533e-01 4.997010913628533331e+02
9.360000000000000542e-01 5.009901332128492868e+02
9.370000000000000551e-01 5.022807403926456118e+02
9.380000000000000560e-01 5.035729127796933540e+02
9.390000000000000568e-01 5.048666502515893058e+02
9.400000000000000577e-01 5.061619526860780525e+02
9.410000000000000586e-01 5.074588199610487322e+02
9.420000000000000595e-01 5.087572519545373666e+02
9.430000000000000604e-01 5.100572485447246436e+02
9.440000000000000613e-01 5.113588096099375093e+02
9.450000000000000622e-01 5.126619350286466670e+02
9.460000000000000631e-01 5.139666246794681683e+02
9.470000000000000639e-01 5.152728784411624474e+02
9.480000000000000648e-01 5.165806961926333543e+02
9.490000000000000657e-01 5.178900778129288938e+02
9.500000000000000666e-01 5.192010231812404299e+02
9.510000000000000675e-01 5.205135321769030270e+02
9.520000000000000684e-01 5.218276046793937439e+02
9.530000000000000693e-01 5.231432405683326579e+02
9.540000000000000702e-01 5.244604397234821818e+02
9.550000000000000711e-01 5.257792020247467235e+02
9.560000000000000719e-01 5.270995273521726858e+02
9.570000000000000728e-01 5.284214155859472157e+02
9.580000000000000737e-01 5.297448666063996825e+02
9.590000000000000746e-01 5.310698802939994039e+02
9.599999999999999645e-01 5.323964565293567830e+02
9.609999999999999654e-01 5.337245951932225125e+02
9.619999999999999662e-01 5.350542961664875747e+02
9.629999999999999671e-01 5.363855593301818772e+02
9.639999999999999680e-01 5.377183845654762990e+02
9.649999999999999689e-01 5.390527717536793944e+02
9.659999999999999698e-01 5.403887207762395519e+02
9.669999999999999707e-01 5.417262315147437448e+02
9.679999999999999716e-01 5.430653038509169619e+02
9.689999999999999725e-01 5.444059376666232311e+02
9.699999999999999734e-01 5.457481328438632318e+02
9.709999999999999742e-01 5.470918892647761140e+02
9.719999999999999751e-01 5.484372068116380206e+02
9.729999999999999760e-01 5.497840853668620866e+02
9.739999999999999769e-01 5.511325248129983265e+02
9.749999999999999778e-01 5.524825250327330650e+02
9.759999999999999787e-01 5.538340859088895058e+02
9.769999999999999796e-01 5.551872073244257990e+02
9.779999999999999805e-01 5.565418891624367461e+02
9.789999999999999813e-01 5.578981313061519813e+02
9.799999999999999822e-01 5.592559336389363125e+02
9.809999999999999831e-01 5.606152960442900621e+02
9.819999999999999840e-01 5.619762184058473622e+02
9.829999999999999849e-01 5.633387006073772909e+02
9.839999999999999858e-01 5.647027425327830770e+02
9.849999999999999867e-01 5.660683440661013037e+02
9.859999999999999876e-01 5.674355050915022503e+02
9.869999999999999885e-01 5.688042254932902324e+02
9.879999999999999893e-01 5.701745051559016702e+02
9.889999999999999902e-01 5.715463439639065655e+02
9.899999999999999911e-01 5.729197418020067971e+02
9.909999999999999920e-01 5.742946985550369163e+02
9.919999999999999929e-01 5.756712141079636922e+02
9.929999999999999938e-01 5.770492883458850883e+02
9.939999999999999947e-01 5.784289211540312863e+02
9.949999999999999956e-01 5.798101124177630936e+02
9.959999999999999964e-01 5.811928620225728537e+02
9.969999999999999973e-01 5.825771698540833086e+02
9.979999999999999982e-01 5.839630357980477129e+02
9.989999999999999991e-01 5.853504597403499474e+02
1.000000000000000000e+00 5.867394415670032686e+02
